Apibacter_GCF_002964915.1_spacer_0	virome_phage_898	85.714	28	4	0	9	36	6022	5995	0.021	33.3
Apibacter_GCF_002964915.1_spacer_0	virome_phage_10	91.304	23	2	0	16	38	91436	91414	0.063	31.7
Apibacter_GCF_002964915.1_spacer_0	virome_phage_878	80.000	30	6	0	3	32	16285	16314	0.19	30.1
Apibacter_GCF_002964915.1_spacer_0	virome_phage_2380	75.000	36	9	0	1	36	16627	16592	0.19	30.1
Apibacter_GCF_002964915.1_spacer_0	virome_phage_2335	78.125	32	7	0	1	32	20589	20620	0.19	30.1
Apibacter_GCF_002964915.1_spacer_0	virome_phage_2322	76.471	34	8	0	3	36	2120	2153	0.19	30.1
Apibacter_GCF_002964915.1_spacer_0	virome_phage_2322	76.471	34	8	0	3	36	3202	3235	0.19	30.1
Apibacter_GCF_002964915.1_spacer_0	virome_phage_2310	78.125	32	7	0	1	32	16996	16965	0.19	30.1
Apibacter_GCF_002964915.1_spacer_0	total_phage_735	78.125	32	7	0	1	32	25486	25517	0.19	30.1
Apibacter_GCF_002964915.1_spacer_0	total_phage_451	78.125	32	7	0	8	39	8338	8307	0.19	30.1
Apibacter_GCF_002964915.1_spacer_0	total_phage_237	78.125	32	7	0	8	39	3193	3162	0.19	30.1
Apibacter_GCF_002964915.1_spacer_0	total_phage_231	73.684	38	10	0	1	38	109023	108986	0.19	30.1
Apibacter_GCF_002964915.1_spacer_0	total_phage_231	86.957	23	3	0	17	39	48545	48523	0.57	28.5
Apibacter_GCF_002964915.1_spacer_0	total_phage_231	77.419	31	7	0	1	31	51644	51614	0.57	28.5
Apibacter_GCF_002964915.1_spacer_0	virome_phage_82	86.957	23	3	0	17	39	26023	26001	0.57	28.5
Apibacter_GCF_002964915.1_spacer_0	virome_phage_817	79.310	29	6	0	7	35	31159	31187	0.57	28.5
Apibacter_GCF_002964915.1_spacer_0	virome_phage_817	90.476	21	2	0	9	29	31182	31162	0.57	28.5
Apibacter_GCF_002964915.1_spacer_0	virome_phage_764	74.286	35	9	0	5	39	22799	22765	0.57	28.5
Apibacter_GCF_002964915.1_spacer_0	virome_phage_759	86.957	23	3	0	17	39	8796	8818	0.57	28.5
Apibacter_GCF_002964915.1_spacer_0	virome_phage_759	86.957	23	3	0	17	39	58103	58125	0.57	28.5
Apibacter_GCF_002964915.1_spacer_0	virome_phage_750	90.476	21	2	0	2	22	101	81	0.57	28.5
Apibacter_GCF_002964915.1_spacer_0	virome_phage_748	86.957	23	3	0	14	36	4058	4036	0.57	28.5
Apibacter_GCF_002964915.1_spacer_0	virome_phage_747	90.476	21	2	0	2	22	74329	74349	0.57	28.5
Apibacter_GCF_002964915.1_spacer_0	virome_phage_745	81.481	27	5	0	9	35	56951	56977	0.57	28.5
Apibacter_GCF_002964915.1_spacer_0	virome_phage_743	77.419	31	7	0	1	31	53314	53284	0.57	28.5
Apibacter_GCF_002964915.1_spacer_0	virome_phage_739	90.476	21	2	0	10	30	8988	8968	0.57	28.5
Apibacter_GCF_002964915.1_spacer_0	virome_phage_738	74.286	35	9	0	5	39	48079	48113	0.57	28.5
Apibacter_GCF_002964915.1_spacer_0	virome_phage_738	86.957	23	3	0	17	39	120762	120784	0.57	28.5
Apibacter_GCF_002964915.1_spacer_0	virome_phage_734	81.481	27	5	0	9	35	219415	219441	0.57	28.5
Apibacter_GCF_002964915.1_spacer_0	virome_phage_734	77.419	31	7	0	7	37	258442	258472	0.57	28.5
Apibacter_GCF_002964915.1_spacer_0	virome_phage_66	86.957	23	3	0	6	28	14143	14165	0.57	28.5
Apibacter_GCF_002964915.1_spacer_0	virome_phage_4	77.419	31	7	0	6	36	3790	3820	0.57	28.5
Apibacter_GCF_002964915.1_spacer_0	virome_phage_4	77.419	31	7	0	5	35	137333	137363	0.57	28.5
Apibacter_GCF_002964915.1_spacer_0	virome_phage_318	75.758	33	8	0	4	36	6770	6738	0.57	28.5
Apibacter_GCF_002964915.1_spacer_0	virome_phage_2407	75.758	33	8	0	4	36	14294	14262	0.57	28.5
Apibacter_GCF_002964915.1_spacer_0	virome_phage_2254	81.481	27	5	0	6	32	65905	65931	0.57	28.5
Apibacter_GCF_002964915.1_spacer_0	virome_phage_2238	81.481	27	5	0	6	32	47419	47445	0.57	28.5
Apibacter_GCF_002964915.1_spacer_0	virome_phage_18	90.476	21	2	0	2	22	42527	42547	0.57	28.5
Apibacter_GCF_002964915.1_spacer_0	total_phage_92	81.481	27	5	0	6	32	148842	148868	0.57	28.5
Apibacter_GCF_002964915.1_spacer_0	total_phage_729	79.310	29	6	0	3	31	4234	4262	0.57	28.5
Apibacter_GCF_002964915.1_spacer_0	total_phage_666	81.481	27	5	0	6	32	13720	13694	0.57	28.5
Apibacter_GCF_002964915.1_spacer_0	total_phage_664	75.758	33	8	0	1	33	4036	4068	0.57	28.5
Apibacter_GCF_002964915.1_spacer_0	total_phage_639	81.481	27	5	0	6	32	10301	10327	0.57	28.5
Apibacter_GCF_002964915.1_spacer_0	total_phage_500	81.481	27	5	0	6	32	60538	60512	0.57	28.5
Apibacter_GCF_002964915.1_spacer_1	virome_phage_8	85.185	27	4	0	3	29	89037	89063	0.063	31.7
Apibacter_GCF_002964915.1_spacer_1	virome_phage_8	81.481	27	5	0	3	29	102441	102467	0.57	28.5
Apibacter_GCF_002964915.1_spacer_1	virome_phage_2322	87.500	24	3	0	3	26	20449	20426	0.19	30.1
Apibacter_GCF_002964915.1_spacer_1	virome_phage_183	81.481	27	5	0	6	32	1702	1728	0.57	28.5
Apibacter_GCF_002964915.1_spacer_1	total_phage_803	94.737	19	1	0	9	27	13974	13956	0.57	28.5
Apibacter_GCF_002964915.1_spacer_1	total_phage_783	94.737	19	1	0	9	27	13703	13685	0.57	28.5
Apibacter_GCF_002964915.1_spacer_2	virome_phage_974	86.207	29	4	0	2	30	3742	3770	0.007	34.9
Apibacter_GCF_002964915.1_spacer_2	total_phage_636	85.185	27	4	0	2	28	39368	39342	0.063	31.7
Apibacter_GCF_002964915.1_spacer_2	virome_phage_2275	84.615	26	4	0	12	37	61009	60984	0.19	30.1
Apibacter_GCF_002964915.1_spacer_2	virome_phage_908	71.795	39	11	0	1	39	6474	6436	0.57	28.5
Apibacter_GCF_002964915.1_spacer_2	virome_phage_8	100.000	17	0	0	19	35	75483	75499	0.57	28.5
Apibacter_GCF_002964915.1_spacer_2	virome_phage_734	72.973	37	10	0	2	38	84658	84694	0.57	28.5
Apibacter_GCF_002964915.1_spacer_2	virome_phage_2411	77.419	31	7	0	9	39	4929	4899	0.57	28.5
Apibacter_GCF_002964915.1_spacer_2	virome_phage_2260	77.419	31	7	0	7	37	2933	2963	0.57	28.5
Apibacter_GCF_002964915.1_spacer_2	virome_phage_2	90.476	21	2	0	9	29	18720	18700	0.57	28.5
Apibacter_GCF_002964915.1_spacer_2	virome_phage_176	77.419	31	7	0	9	39	4830	4800	0.57	28.5
Apibacter_GCF_002964915.1_spacer_2	total_phage_92	75.758	33	8	0	3	35	45253	45221	0.57	28.5
Apibacter_GCF_002964915.1_spacer_2	total_phage_92	77.419	31	7	0	8	38	115731	115701	0.57	28.5
Apibacter_GCF_002964915.1_spacer_2	total_phage_417	100.000	17	0	0	4	20	21300	21316	0.57	28.5
Apibacter_GCF_002964915.1_spacer_2	total_phage_102	84.000	25	4	0	4	28	36500	36524	0.57	28.5
Apibacter_GCF_002964915.1_spacer_3	virome_phage_69	78.378	37	8	0	3	39	32180	32216	0.007	34.9
Apibacter_GCF_002964915.1_spacer_3	virome_phage_69	90.909	22	2	0	15	36	209	188	0.19	30.1
Apibacter_GCF_002964915.1_spacer_3	virome_phage_69	79.310	29	6	0	2	30	870	898	0.57	28.5
Apibacter_GCF_002964915.1_spacer_3	virome_phage_2342	86.207	29	4	0	3	31	10081	10109	0.007	34.9
Apibacter_GCF_002964915.1_spacer_3	total_phage_727	81.250	32	6	0	3	34	29501	29532	0.021	33.3
Apibacter_GCF_002964915.1_spacer_3	total_phage_518	81.250	32	6	0	3	34	41711	41742	0.021	33.3
Apibacter_GCF_002964915.1_spacer_3	total_phage_443	100.000	20	0	0	13	32	931	950	0.021	33.3
Apibacter_GCF_002964915.1_spacer_3	total_phage_176	100.000	20	0	0	13	32	2939	2958	0.021	33.3
Apibacter_GCF_002964915.1_spacer_3	virome_phage_8	85.185	27	4	0	3	29	102441	102467	0.063	31.7
Apibacter_GCF_002964915.1_spacer_3	virome_phage_8	76.471	34	8	0	6	39	30710	30677	0.19	30.1
Apibacter_GCF_002964915.1_spacer_3	virome_phage_748	77.143	35	8	0	1	35	70275	70309	0.063	31.7
Apibacter_GCF_002964915.1_spacer_3	total_phage_795	91.304	23	2	0	15	37	14722	14744	0.063	31.7
Apibacter_GCF_002964915.1_spacer_3	total_phage_636	85.185	27	4	0	5	31	173	199	0.063	31.7
Apibacter_GCF_002964915.1_spacer_3	total_phage_232	80.645	31	6	0	4	34	74516	74486	0.063	31.7
Apibacter_GCF_002964915.1_spacer_3	total_phage_232	88.000	25	3	0	6	30	74490	74514	0.063	31.7
Apibacter_GCF_002964915.1_spacer_3	total_phage_232	74.286	35	9	0	4	38	74583	74617	0.57	28.5
Apibacter_GCF_002964915.1_spacer_3	virome_phage_903	82.143	28	5	0	10	37	4282	4309	0.19	30.1
Apibacter_GCF_002964915.1_spacer_3	virome_phage_868	80.000	30	6	0	7	36	30309	30338	0.19	30.1
Apibacter_GCF_002964915.1_spacer_3	virome_phage_861	95.000	20	1	0	15	34	7065	7046	0.19	30.1
Apibacter_GCF_002964915.1_spacer_3	virome_phage_823	100.000	18	0	0	13	30	13064	13081	0.19	30.1
Apibacter_GCF_002964915.1_spacer_3	virome_phage_778	87.500	24	3	0	8	31	30059	30036	0.19	30.1
Apibacter_GCF_002964915.1_spacer_3	virome_phage_734	80.000	30	6	0	6	35	123911	123882	0.19	30.1
Apibacter_GCF_002964915.1_spacer_3	virome_phage_734	74.286	35	9	0	5	39	24409	24443	0.57	28.5
Apibacter_GCF_002964915.1_spacer_3	virome_phage_734	74.286	35	9	0	1	35	32101	32135	0.57	28.5
Apibacter_GCF_002964915.1_spacer_3	virome_phage_7	84.615	26	4	0	12	37	61214	61189	0.19	30.1
Apibacter_GCF_002964915.1_spacer_3	virome_phage_7	84.615	26	4	0	12	37	131364	131339	0.19	30.1
Apibacter_GCF_002964915.1_spacer_3	virome_phage_2353	80.000	30	6	0	6	35	12978	13007	0.19	30.1
Apibacter_GCF_002964915.1_spacer_3	virome_phage_2300	76.471	34	8	0	3	36	3195	3228	0.19	30.1
Apibacter_GCF_002964915.1_spacer_3	virome_phage_127	80.000	30	6	0	6	35	3840	3869	0.19	30.1
Apibacter_GCF_002964915.1_spacer_3	total_phage_804	80.000	30	6	0	6	35	16784	16813	0.19	30.1
Apibacter_GCF_002964915.1_spacer_3	total_phage_604	82.143	28	5	0	4	31	15048	15075	0.19	30.1
Apibacter_GCF_002964915.1_spacer_3	total_phage_525	82.143	28	5	0	4	31	4355	4382	0.19	30.1
Apibacter_GCF_002964915.1_spacer_3	total_phage_524	75.000	36	9	0	3	38	18136	18101	0.19	30.1
Apibacter_GCF_002964915.1_spacer_3	total_phage_417	87.500	24	3	0	14	37	18742	18719	0.19	30.1
Apibacter_GCF_002964915.1_spacer_3	total_phage_246	80.000	30	6	0	3	32	26090	26119	0.19	30.1
Apibacter_GCF_002964915.1_spacer_3	total_phage_231	82.143	28	5	0	7	34	56364	56391	0.19	30.1
Apibacter_GCF_002964915.1_spacer_3	virome_phage_925	90.476	21	2	0	1	21	20273	20293	0.57	28.5
Apibacter_GCF_002964915.1_spacer_3	virome_phage_844	72.973	37	10	0	3	39	5394	5430	0.57	28.5
Apibacter_GCF_002964915.1_spacer_3	virome_phage_764	74.286	35	9	0	5	39	22799	22765	0.57	28.5
Apibacter_GCF_002964915.1_spacer_3	virome_phage_759	75.758	33	8	0	1	33	3742	3710	0.57	28.5
Apibacter_GCF_002964915.1_spacer_3	virome_phage_747	74.286	35	9	0	3	37	17096	17130	0.57	28.5
Apibacter_GCF_002964915.1_spacer_3	virome_phage_33	75.758	33	8	0	3	35	23672	23640	0.57	28.5
Apibacter_GCF_002964915.1_spacer_3	virome_phage_2424	90.476	21	2	0	6	26	8789	8769	0.57	28.5
Apibacter_GCF_002964915.1_spacer_3	virome_phage_239	90.476	21	2	0	6	26	6901	6881	0.57	28.5
Apibacter_GCF_002964915.1_spacer_3	virome_phage_2322	86.957	23	3	0	3	25	20449	20427	0.57	28.5
Apibacter_GCF_002964915.1_spacer_3	virome_phage_2294	79.310	29	6	0	10	38	22803	22831	0.57	28.5
Apibacter_GCF_002964915.1_spacer_3	virome_phage_2286	81.481	27	5	0	7	33	4486	4460	0.57	28.5
Apibacter_GCF_002964915.1_spacer_3	virome_phage_1117	77.419	31	7	0	4	34	392	362	0.57	28.5
Apibacter_GCF_002964915.1_spacer_3	virome_phage_1	94.737	19	1	0	10	28	189054	189036	0.57	28.5
Apibacter_GCF_002964915.1_spacer_3	total_phage_92	75.758	33	8	0	6	38	13566	13598	0.57	28.5
Apibacter_GCF_002964915.1_spacer_3	total_phage_92	75.758	33	8	0	6	38	100975	101007	0.57	28.5
Apibacter_GCF_002964915.1_spacer_3	total_phage_711	100.000	17	0	0	11	27	2600	2584	0.57	28.5
Apibacter_GCF_002964915.1_spacer_3	total_phage_663	79.310	29	6	0	3	31	1729	1701	0.57	28.5
Apibacter_GCF_002964915.1_spacer_3	total_phage_650	100.000	17	0	0	11	27	2623	2607	0.57	28.5
Apibacter_GCF_002964915.1_spacer_3	total_phage_451	94.737	19	1	0	2	20	16295	16313	0.57	28.5
Apibacter_GCF_002964915.1_spacer_3	total_phage_237	94.737	19	1	0	2	20	8122	8140	0.57	28.5
Apibacter_GCF_002964915.1_spacer_3	total_phage_1	81.481	27	5	0	7	33	1903	1877	0.57	28.5
Apibacter_GCF_002964915.1_spacer_4	virome_phage_2322	91.304	23	2	0	3	25	20449	20427	0.063	31.7
Apibacter_GCF_002964915.1_spacer_4	virome_phage_8	84.000	25	4	0	1	25	33079	33103	0.57	28.5
Apibacter_GCF_002964915.1_spacer_4	virome_phage_8	86.957	23	3	0	3	25	102441	102463	0.57	28.5
Apibacter_GCF_002964915.1_spacer_4	virome_phage_776	86.957	23	3	0	3	25	27516	27538	0.57	28.5
Apibacter_GCF_002964915.1_spacer_4	virome_phage_764	74.286	35	9	0	5	39	22799	22765	0.57	28.5
Apibacter_GCF_002964915.1_spacer_4	virome_phage_742	79.310	29	6	0	6	34	31388	31416	0.57	28.5
Apibacter_GCF_002964915.1_spacer_4	virome_phage_738	90.476	21	2	0	12	32	74872	74852	0.57	28.5
Apibacter_GCF_002964915.1_spacer_4	total_phage_803	79.310	29	6	0	6	34	11014	10986	0.57	28.5
Apibacter_GCF_002964915.1_spacer_4	total_phage_803	100.000	17	0	0	9	25	13974	13958	0.57	28.5
Apibacter_GCF_002964915.1_spacer_4	total_phage_783	100.000	17	0	0	9	25	13703	13687	0.57	28.5
Apibacter_GCF_002964915.1_spacer_4	total_phage_730	90.476	21	2	0	12	32	45043	45023	0.57	28.5
Apibacter_GCF_002964915.1_spacer_4	total_phage_694	86.957	23	3	0	13	35	16094	16116	0.57	28.5
Apibacter_GCF_002964915.1_spacer_4	total_phage_666	90.476	21	2	0	18	38	7022	7002	0.57	28.5
Apibacter_GCF_002964915.1_spacer_4	total_phage_639	90.476	21	2	0	18	38	16999	17019	0.57	28.5
Apibacter_GCF_002964915.1_spacer_4	total_phage_231	84.000	25	4	0	10	34	39095	39119	0.57	28.5
Apibacter_GCF_002964915.1_spacer_5	virome_phage_2322	91.304	23	2	0	3	25	20449	20427	0.063	31.7
Apibacter_GCF_002964915.1_spacer_5	virome_phage_8	84.000	25	4	0	1	25	33079	33103	0.57	28.5
Apibacter_GCF_002964915.1_spacer_5	virome_phage_8	86.957	23	3	0	3	25	102441	102463	0.57	28.5
Apibacter_GCF_002964915.1_spacer_5	virome_phage_776	86.957	23	3	0	3	25	27516	27538	0.57	28.5
Apibacter_GCF_002964915.1_spacer_5	virome_phage_764	74.286	35	9	0	5	39	22799	22765	0.57	28.5
Apibacter_GCF_002964915.1_spacer_5	virome_phage_742	79.310	29	6	0	6	34	31388	31416	0.57	28.5
Apibacter_GCF_002964915.1_spacer_5	virome_phage_738	90.476	21	2	0	12	32	74872	74852	0.57	28.5
Apibacter_GCF_002964915.1_spacer_5	total_phage_803	79.310	29	6	0	6	34	11014	10986	0.57	28.5
Apibacter_GCF_002964915.1_spacer_5	total_phage_803	100.000	17	0	0	9	25	13974	13958	0.57	28.5
Apibacter_GCF_002964915.1_spacer_5	total_phage_783	100.000	17	0	0	9	25	13703	13687	0.57	28.5
Apibacter_GCF_002964915.1_spacer_5	total_phage_730	90.476	21	2	0	12	32	45043	45023	0.57	28.5
Apibacter_GCF_002964915.1_spacer_5	total_phage_694	86.957	23	3	0	13	35	16094	16116	0.57	28.5
Apibacter_GCF_002964915.1_spacer_5	total_phage_666	90.476	21	2	0	18	38	7022	7002	0.57	28.5
Apibacter_GCF_002964915.1_spacer_5	total_phage_639	90.476	21	2	0	18	38	16999	17019	0.57	28.5
Apibacter_GCF_002964915.1_spacer_5	total_phage_231	84.000	25	4	0	10	34	39095	39119	0.57	28.5
Apibacter_GCF_002964915.1_spacer_6	virome_phage_2314	82.143	28	5	0	10	37	14214	14241	0.19	30.1
Apibacter_GCF_002964915.1_spacer_6	total_phage_413	76.471	34	8	0	4	37	106774	106807	0.19	30.1
Apibacter_GCF_002964915.1_spacer_6	total_phage_413	81.481	27	5	0	4	30	141099	141125	0.57	28.5
Apibacter_GCF_002964915.1_spacer_6	total_phage_232	76.471	34	8	0	1	34	78891	78924	0.19	30.1
Apibacter_GCF_002964915.1_spacer_6	virome_phage_8	84.615	26	4	0	8	33	86176	86151	0.19	30.1
Apibacter_GCF_002964915.1_spacer_6	virome_phage_8	72.973	37	10	0	3	39	30334	30298	0.57	28.5
Apibacter_GCF_002964915.1_spacer_6	virome_phage_913	81.481	27	5	0	3	29	8129	8155	0.57	28.5
Apibacter_GCF_002964915.1_spacer_6	virome_phage_857	81.481	27	5	0	5	31	19254	19280	0.57	28.5
Apibacter_GCF_002964915.1_spacer_6	virome_phage_745	77.419	31	7	0	6	36	14515	14545	0.57	28.5
Apibacter_GCF_002964915.1_spacer_6	virome_phage_4	81.481	27	5	0	6	32	9980	10006	0.57	28.5
Apibacter_GCF_002964915.1_spacer_6	virome_phage_2304	77.419	31	7	0	1	31	16860	16890	0.57	28.5
Apibacter_GCF_002964915.1_spacer_6	total_phage_799	75.758	33	8	0	2	34	29054	29086	0.57	28.5
Apibacter_GCF_002964915.1_spacer_6	total_phage_783	77.419	31	7	0	1	31	6029	6059	0.57	28.5
Apibacter_GCF_002964915.1_spacer_6	total_phage_500	77.419	31	7	0	4	34	29740	29770	0.57	28.5
Apibacter_GCF_002964915.1_spacer_6	total_phage_304	77.419	31	7	0	9	39	27593	27623	0.57	28.5
Apibacter_GCF_002964915.1_spacer_6	virome_phage_742	71.795	39	11	0	1	39	81733	81695	0.57	28.5
Apibacter_GCF_002964915.1_spacer_6	virome_phage_66	84.000	25	4	0	13	37	14163	14139	0.57	28.5
Apibacter_GCF_002964915.1_spacer_6	virome_phage_2254	77.419	31	7	0	4	34	96705	96675	0.57	28.5
Apibacter_GCF_002964915.1_spacer_6	virome_phage_2238	77.419	31	7	0	4	34	78217	78187	0.57	28.5
Apibacter_GCF_002964915.1_spacer_6	virome_phage_14	75.758	33	8	0	7	39	65206	65174	0.57	28.5
Apibacter_GCF_002964915.1_spacer_6	total_phage_299	86.957	23	3	0	4	26	3045	3023	0.57	28.5
Apibacter_GCF_002964915.1_spacer_7	virome_phage_2314	88.462	26	3	0	12	37	11823	11848	0.021	33.3
Apibacter_GCF_002964915.1_spacer_7	virome_phage_2407	78.125	32	7	0	1	32	2310	2341	0.19	30.1
Apibacter_GCF_002964915.1_spacer_7	total_phage_730	76.471	34	8	0	4	37	17046	17079	0.19	30.1
Apibacter_GCF_002964915.1_spacer_7	virome_phage_82	100.000	17	0	0	21	37	30783	30799	0.57	28.5
Apibacter_GCF_002964915.1_spacer_7	total_phage_231	74.286	35	9	0	1	35	3222	3256	0.57	28.5
Apibacter_GCF_002964915.1_spacer_7	virome_phage_759	100.000	17	0	0	21	37	53346	53330	0.57	28.5
Apibacter_GCF_002964915.1_spacer_7	virome_phage_743	79.310	29	6	0	5	33	67993	67965	0.57	28.5
Apibacter_GCF_002964915.1_spacer_7	virome_phage_69	79.310	29	6	0	9	37	15819	15791	0.57	28.5
Apibacter_GCF_002964915.1_spacer_8	virome_phage_745	82.759	29	5	0	6	34	14515	14543	0.063	31.7
Apibacter_GCF_002964915.1_spacer_8	total_phage_305	80.645	31	6	0	9	39	13206	13176	0.063	31.7
Apibacter_GCF_002964915.1_spacer_8	total_phage_729	84.615	26	4	0	13	38	189839	189864	0.19	30.1
Apibacter_GCF_002964915.1_spacer_8	virome_phage_913	81.481	27	5	0	9	35	9949	9975	0.57	28.5
Apibacter_GCF_002964915.1_spacer_8	virome_phage_875	81.481	27	5	0	12	38	15653	15679	0.57	28.5
Apibacter_GCF_002964915.1_spacer_8	virome_phage_824	100.000	17	0	0	14	30	29999	30015	0.57	28.5
Apibacter_GCF_002964915.1_spacer_8	virome_phage_746	77.419	31	7	0	2	32	48959	48989	0.57	28.5
Apibacter_GCF_002964915.1_spacer_8	total_phage_92	81.481	27	5	0	7	33	16110	16136	0.57	28.5
Apibacter_GCF_002964915.1_spacer_8	total_phage_361	84.000	25	4	0	14	38	7488	7512	0.57	28.5
Apibacter_GCF_002964915.1_spacer_8	virome_phage_908	84.000	25	4	0	13	37	21718	21694	0.57	28.5
Apibacter_GCF_002964915.1_spacer_8	virome_phage_807	77.419	31	7	0	9	39	30530	30500	0.57	28.5
Apibacter_GCF_002964915.1_spacer_8	total_phage_791	84.000	25	4	0	14	38	38414	38390	0.57	28.5
Apibacter_GCF_002964915.1_spacer_8	total_phage_232	84.000	25	4	0	3	27	32355	32331	0.57	28.5
Apibacter_GCF_002964915.1_spacer_9	virome_phage_1	77.778	36	8	0	3	38	137912	137947	0.021	33.3
Apibacter_GCF_002964915.1_spacer_9	virome_phage_736	78.125	32	7	0	1	32	10225	10256	0.19	30.1
Apibacter_GCF_002964915.1_spacer_9	virome_phage_3	78.125	32	7	0	1	32	75583	75614	0.19	30.1
Apibacter_GCF_002964915.1_spacer_9	total_phage_12	87.500	24	3	0	6	29	4612	4635	0.19	30.1
Apibacter_GCF_002964915.1_spacer_9	virome_phage_908	82.143	28	5	0	5	32	6860	6833	0.19	30.1
Apibacter_GCF_002964915.1_spacer_9	virome_phage_749	80.000	30	6	0	2	31	23015	22986	0.19	30.1
Apibacter_GCF_002964915.1_spacer_9	virome_phage_776	84.000	25	4	0	2	26	16376	16400	0.57	28.5
Apibacter_GCF_002964915.1_spacer_9	virome_phage_745	77.419	31	7	0	6	36	14515	14545	0.57	28.5
Apibacter_GCF_002964915.1_spacer_9	virome_phage_745	84.000	25	4	0	14	38	22149	22173	0.57	28.5
Apibacter_GCF_002964915.1_spacer_9	virome_phage_739	81.481	27	5	0	1	27	40112	40138	0.57	28.5
Apibacter_GCF_002964915.1_spacer_9	virome_phage_183	75.758	33	8	0	3	35	10518	10550	0.57	28.5
Apibacter_GCF_002964915.1_spacer_9	virome_phage_118	84.000	25	4	0	10	34	12096	12120	0.57	28.5
Apibacter_GCF_002964915.1_spacer_9	virome_phage_1033	75.758	33	8	0	3	35	10367	10399	0.57	28.5
Apibacter_GCF_002964915.1_spacer_9	total_phage_934	77.419	31	7	0	1	31	25045	25075	0.57	28.5
Apibacter_GCF_002964915.1_spacer_9	total_phage_795	86.957	23	3	0	6	28	24418	24440	0.57	28.5
Apibacter_GCF_002964915.1_spacer_9	virome_phage_894	86.957	23	3	0	10	32	4163	4141	0.57	28.5
Apibacter_GCF_002964915.1_spacer_9	virome_phage_7	79.310	29	6	0	10	38	105138	105110	0.57	28.5
Apibacter_GCF_002964915.1_spacer_9	total_phage_730	81.481	27	5	0	3	29	55722	55696	0.57	28.5
Apibacter_GCF_002964915.1_spacer_9	total_phage_232	79.310	29	6	0	7	35	82957	82929	0.57	28.5
