Bacillus_GCF_002562085.1_spacer_0	total_phage_935	87.500	24	3	0	1	24	10623	10646	0.084	30.1
Bacillus_GCF_002562085.1_spacer_0	total_phage_636	81.481	27	5	0	3	29	10227	10201	0.25	28.5
Bacillus_GCF_002562085.1_spacer_0	virome_phage_91	86.364	22	3	0	11	32	17445	17424	0.76	26.9
Bacillus_GCF_002562085.1_spacer_0	virome_phage_817	76.667	30	7	0	1	30	340	311	0.76	26.9
Bacillus_GCF_002562085.1_spacer_0	virome_phage_2235	94.444	18	1	0	11	28	29885	29868	0.76	26.9
Bacillus_GCF_002562085.1_spacer_0	total_phage_106	80.769	26	5	0	7	32	8560	8535	0.76	26.9
Bacillus_GCF_002562085.1_spacer_0	virome_phage_841	94.444	18	1	0	11	28	45	62	0.76	26.9
Bacillus_GCF_002562085.1_spacer_0	virome_phage_841	94.444	18	1	0	11	28	35089	35106	0.76	26.9
Bacillus_GCF_002562085.1_spacer_0	virome_phage_742	100.000	16	0	0	1	16	37518	37533	0.76	26.9
Bacillus_GCF_002562085.1_spacer_0	virome_phage_2368	83.333	24	4	0	5	28	206	229	0.76	26.9
Bacillus_GCF_002562085.1_spacer_0	total_phage_4	83.333	24	4	0	2	25	11372	11395	0.76	26.9
Bacillus_GCF_002562085.1_spacer_1	virome_phage_783	81.481	27	5	0	3	29	33103	33077	0.25	28.5
Bacillus_GCF_002562085.1_spacer_1	virome_phage_7	80.769	26	5	0	8	33	34713	34688	0.76	26.9
Bacillus_GCF_002562085.1_spacer_3	virome_phage_4	78.125	32	7	0	2	33	126824	126793	0.084	30.1
Bacillus_GCF_002562085.1_spacer_3	total_phage_929	82.143	28	5	0	5	32	6549	6522	0.084	30.1
Bacillus_GCF_002562085.1_spacer_3	virome_phage_738	78.125	32	7	0	2	33	115632	115663	0.084	30.1
Bacillus_GCF_002562085.1_spacer_3	virome_phage_848	79.310	29	6	0	5	33	20278	20306	0.25	28.5
Bacillus_GCF_002562085.1_spacer_3	virome_phage_834	81.481	27	5	0	6	32	34120	34146	0.25	28.5
Bacillus_GCF_002562085.1_spacer_3	virome_phage_752	75.758	33	8	0	1	33	19615	19647	0.25	28.5
Bacillus_GCF_002562085.1_spacer_3	virome_phage_734	84.000	25	4	0	6	30	244265	244289	0.25	28.5
Bacillus_GCF_002562085.1_spacer_3	virome_phage_734	76.667	30	7	0	4	33	125564	125535	0.76	26.9
Bacillus_GCF_002562085.1_spacer_3	virome_phage_2357	81.481	27	5	0	6	32	5741	5767	0.25	28.5
Bacillus_GCF_002562085.1_spacer_3	virome_phage_840	78.571	28	6	0	5	32	13753	13726	0.76	26.9
Bacillus_GCF_002562085.1_spacer_3	virome_phage_749	86.364	22	3	0	5	26	16636	16615	0.76	26.9
Bacillus_GCF_002562085.1_spacer_3	virome_phage_2294	90.000	20	2	0	10	29	38640	38621	0.76	26.9
Bacillus_GCF_002562085.1_spacer_3	virome_phage_145	86.364	22	3	0	8	29	2122	2101	0.76	26.9
Bacillus_GCF_002562085.1_spacer_3	total_phage_92	100.000	16	0	0	1	16	152213	152198	0.76	26.9
Bacillus_GCF_002562085.1_spacer_3	total_phage_807	100.000	16	0	0	4	19	1103	1088	0.76	26.9
Bacillus_GCF_002562085.1_spacer_3	total_phage_500	80.769	26	5	0	4	29	75143	75118	0.76	26.9
Bacillus_GCF_002562085.1_spacer_3	total_phage_416	86.364	22	3	0	1	22	23759	23738	0.76	26.9
Bacillus_GCF_002562085.1_spacer_3	total_phage_231	100.000	16	0	0	1	16	130570	130555	0.76	26.9
Bacillus_GCF_002562085.1_spacer_3	total_phage_11	86.364	22	3	0	1	22	24477	24456	0.76	26.9
Bacillus_GCF_002562085.1_spacer_3	virome_phage_92	90.000	20	2	0	10	29	32630	32649	0.76	26.9
Bacillus_GCF_002562085.1_spacer_3	virome_phage_8	83.333	24	4	0	6	29	107301	107324	0.76	26.9
Bacillus_GCF_002562085.1_spacer_3	virome_phage_771	80.769	26	5	0	8	33	24802	24827	0.76	26.9
Bacillus_GCF_002562085.1_spacer_3	virome_phage_2327	94.444	18	1	0	2	19	91	108	0.76	26.9
Bacillus_GCF_002562085.1_spacer_3	virome_phage_2260	94.444	18	1	0	15	32	6262	6279	0.76	26.9
Bacillus_GCF_002562085.1_spacer_3	virome_phage_2238	80.769	26	5	0	4	29	32814	32839	0.76	26.9
Bacillus_GCF_002562085.1_spacer_3	virome_phage_115	80.769	26	5	0	8	33	8506	8531	0.76	26.9
Bacillus_GCF_002562085.1_spacer_3	total_phage_734	76.667	30	7	0	1	30	17244	17273	0.76	26.9
Bacillus_GCF_002562085.1_spacer_3	total_phage_664	86.364	22	3	0	6	27	4903	4924	0.76	26.9
Bacillus_GCF_002562085.1_spacer_3	total_phage_232	76.667	30	7	0	4	33	29441	29470	0.76	26.9
Bacillus_GCF_002562085.1_spacer_4	virome_phage_738	86.957	23	3	0	11	33	4031	4009	0.38	28.5
Bacillus_GCF_002562085.1_spacer_4	virome_phage_4	86.957	23	3	0	11	33	93137	93159	0.38	28.5
Bacillus_GCF_002562085.1_spacer_5	virome_phage_2301	88.462	26	3	0	1	26	449	474	0.009	33.3
Bacillus_GCF_002562085.1_spacer_5	virome_phage_864	78.125	32	7	0	1	32	18262	18231	0.084	30.1
Bacillus_GCF_002562085.1_spacer_5	virome_phage_736	79.310	29	6	0	5	33	178516	178488	0.25	28.5
Bacillus_GCF_002562085.1_spacer_5	virome_phage_58	86.957	23	3	0	6	28	4108	4086	0.25	28.5
Bacillus_GCF_002562085.1_spacer_5	virome_phage_2407	94.737	19	1	0	1	19	6210	6192	0.25	28.5
Bacillus_GCF_002562085.1_spacer_5	virome_phage_51	83.333	24	4	0	7	30	12983	13006	0.76	26.9
Bacillus_GCF_002562085.1_spacer_5	virome_phage_116	86.364	22	3	0	9	30	17696	17717	0.76	26.9
Bacillus_GCF_002562085.1_spacer_5	total_phage_92	83.333	24	4	0	5	28	108883	108906	0.76	26.9
Bacillus_GCF_002562085.1_spacer_5	total_phage_692	94.444	18	1	0	3	20	42653	42670	0.76	26.9
Bacillus_GCF_002562085.1_spacer_5	total_phage_239	80.769	26	5	0	8	33	9347	9372	0.76	26.9
Bacillus_GCF_002562085.1_spacer_5	virome_phage_2308	86.364	22	3	0	11	32	25186	25165	0.76	26.9
Bacillus_GCF_002562085.1_spacer_5	total_phage_929	86.364	22	3	0	3	24	10728	10707	0.76	26.9
Bacillus_GCF_002562085.1_spacer_5	total_phage_658	94.444	18	1	0	3	20	3249	3232	0.76	26.9
Bacillus_GCF_002562085.1_spacer_6	virome_phage_748	90.000	20	2	0	7	26	15336	15317	0.94	26.9
Bacillus_GCF_002562085.1_spacer_6	total_phage_361	90.000	20	2	0	2	21	41676	41657	0.94	26.9
Bacillus_GCF_002562085.1_spacer_6	virome_phage_795	80.769	26	5	0	1	26	9324	9349	0.94	26.9
Bacillus_GCF_002562085.1_spacer_6	total_phage_92	86.364	22	3	0	2	23	111309	111330	0.94	26.9
Bacillus_GCF_002562085.1_spacer_7	virome_phage_2243	85.714	28	4	0	5	32	16889	16916	0.014	33.3
Bacillus_GCF_002562085.1_spacer_7	total_phage_644	85.714	28	4	0	5	32	16778	16805	0.014	33.3
Bacillus_GCF_002562085.1_spacer_7	virome_phage_2237	85.714	28	4	0	5	32	896	869	0.014	33.3
Bacillus_GCF_002562085.1_spacer_7	virome_phage_47	81.481	27	5	0	9	35	3031	3057	0.38	28.5
Bacillus_GCF_002562085.1_spacer_7	virome_phage_41	86.957	23	3	0	6	28	13915	13937	0.38	28.5
Bacillus_GCF_002562085.1_spacer_7	total_phage_368	84.000	25	4	0	8	32	13063	13087	0.38	28.5
Bacillus_GCF_002562085.1_spacer_7	total_phage_358	84.000	25	4	0	5	29	17776	17800	0.38	28.5
Bacillus_GCF_002562085.1_spacer_7	virome_phage_913	86.957	23	3	0	6	28	19544	19522	0.38	28.5
Bacillus_GCF_002562085.1_spacer_7	total_phage_415	84.000	25	4	0	8	32	29931	29907	0.38	28.5
Bacillus_GCF_002562085.1_spacer_7	total_phage_297	90.476	21	2	0	7	27	40988	40968	0.38	28.5
Bacillus_GCF_002562085.1_spacer_7	total_phage_122	84.000	25	4	0	8	32	7233	7209	0.38	28.5
Bacillus_GCF_002562085.1_spacer_8	virome_phage_743	88.000	25	3	0	10	34	28415	28439	0.042	31.7
Bacillus_GCF_002562085.1_spacer_8	virome_phage_3	84.615	26	4	0	7	32	42633	42658	0.13	30.1
Bacillus_GCF_002562085.1_spacer_8	virome_phage_738	81.481	27	5	0	7	33	44530	44556	0.38	28.5
Bacillus_GCF_002562085.1_spacer_8	virome_phage_734	90.476	21	2	0	2	22	37624	37604	0.38	28.5
Bacillus_GCF_002562085.1_spacer_8	total_phage_794	86.957	23	3	0	8	30	276	298	0.38	28.5
Bacillus_GCF_002562085.1_spacer_8	total_phage_729	86.957	23	3	0	10	32	79999	80021	0.38	28.5
Bacillus_GCF_002562085.1_spacer_9	total_phage_366	79.310	29	6	0	5	33	13116	13088	0.38	28.5
Bacillus_GCF_002562085.1_spacer_9	virome_phage_1	90.476	21	2	0	12	32	128303	128323	0.38	28.5
Bacillus_GCF_002562085.1_spacer_10	total_phage_925	84.615	26	4	0	1	26	4723	4698	0.084	30.1
Bacillus_GCF_002562085.1_spacer_10	total_phage_520	86.364	22	3	0	10	31	9805	9784	0.76	26.9
Bacillus_GCF_002562085.1_spacer_10	virome_phage_83	83.333	24	4	0	1	24	17028	17051	0.76	26.9
Bacillus_GCF_002562085.1_spacer_10	virome_phage_749	90.000	20	2	0	14	33	33077	33096	0.76	26.9
Bacillus_GCF_002562085.1_spacer_10	total_phage_696	86.364	22	3	0	10	31	10864	10885	0.76	26.9
Bacillus_GCF_002562085.1_spacer_10	total_phage_655	86.364	22	3	0	10	31	23299	23320	0.76	26.9
Bacillus_GCF_002562085.1_spacer_10	total_phage_600	86.364	22	3	0	10	31	15629	15650	0.76	26.9
Bacillus_GCF_002562085.1_spacer_11	virome_phage_2308	82.759	29	5	0	3	31	25341	25369	0.035	31.7
Bacillus_GCF_002562085.1_spacer_11	virome_phage_744	83.333	24	4	0	5	28	60738	60761	0.94	26.9
Bacillus_GCF_002562085.1_spacer_11	virome_phage_1006	94.444	18	1	0	1	18	6553	6570	0.94	26.9
Bacillus_GCF_002562085.1_spacer_11	total_phage_92	94.444	18	1	0	2	19	21057	21074	0.94	26.9
Bacillus_GCF_002562085.1_spacer_11	total_phage_787	86.364	22	3	0	5	26	20263	20284	0.94	26.9
Bacillus_GCF_002562085.1_spacer_11	virome_phage_792	86.364	22	3	0	6	27	2181	2160	0.94	26.9
Bacillus_GCF_002562085.1_spacer_11	total_phage_357	86.364	22	3	0	5	26	3569	3548	0.94	26.9
Bacillus_GCF_002562085.1_spacer_12	total_phage_727	85.714	28	4	0	7	34	19939	19966	0.014	33.3
Bacillus_GCF_002562085.1_spacer_12	total_phage_518	85.714	28	4	0	7	34	32149	32176	0.014	33.3
Bacillus_GCF_002562085.1_spacer_12	virome_phage_14	94.737	19	1	0	8	26	69023	69041	0.38	28.5
Bacillus_GCF_002562085.1_spacer_13	virome_phage_795	87.500	24	3	0	3	26	1119	1096	0.13	30.1
Bacillus_GCF_002562085.1_spacer_13	total_phage_99	84.615	26	4	0	6	31	28383	28358	0.13	30.1
Bacillus_GCF_002562085.1_spacer_13	total_phage_98	84.615	26	4	0	6	31	3804	3829	0.13	30.1
Bacillus_GCF_002562085.1_spacer_13	total_phage_122	84.615	26	4	0	7	32	15560	15535	0.13	30.1
Bacillus_GCF_002562085.1_spacer_13	virome_phage_759	77.419	31	7	0	5	35	39498	39528	0.38	28.5
Bacillus_GCF_002562085.1_spacer_13	virome_phage_38	86.957	23	3	0	4	26	40413	40435	0.38	28.5
Bacillus_GCF_002562085.1_spacer_13	virome_phage_32	86.957	23	3	0	11	33	1043	1065	0.38	28.5
