Bacillus_GCA_002559205.1_spacer_0	total_phage_935	87.500	24	3	0	1	24	10623	10646	0.084	30.1
Bacillus_GCA_002559205.1_spacer_0	total_phage_636	81.481	27	5	0	3	29	10227	10201	0.25	28.5
Bacillus_GCA_002559205.1_spacer_0	virome_phage_91	86.364	22	3	0	11	32	17445	17424	0.76	26.9
Bacillus_GCA_002559205.1_spacer_0	virome_phage_817	76.667	30	7	0	1	30	340	311	0.76	26.9
Bacillus_GCA_002559205.1_spacer_0	virome_phage_2235	94.444	18	1	0	11	28	29885	29868	0.76	26.9
Bacillus_GCA_002559205.1_spacer_0	total_phage_106	80.769	26	5	0	7	32	8560	8535	0.76	26.9
Bacillus_GCA_002559205.1_spacer_0	virome_phage_841	94.444	18	1	0	11	28	45	62	0.76	26.9
Bacillus_GCA_002559205.1_spacer_0	virome_phage_841	94.444	18	1	0	11	28	35089	35106	0.76	26.9
Bacillus_GCA_002559205.1_spacer_0	virome_phage_742	100.000	16	0	0	1	16	37518	37533	0.76	26.9
Bacillus_GCA_002559205.1_spacer_0	virome_phage_2368	83.333	24	4	0	5	28	206	229	0.76	26.9
Bacillus_GCA_002559205.1_spacer_0	total_phage_4	83.333	24	4	0	2	25	11372	11395	0.76	26.9
Bacillus_GCA_002559205.1_spacer_1	virome_phage_783	81.481	27	5	0	3	29	33103	33077	0.25	28.5
Bacillus_GCA_002559205.1_spacer_1	virome_phage_7	80.769	26	5	0	8	33	34713	34688	0.76	26.9
Bacillus_GCA_002559205.1_spacer_3	virome_phage_734	79.310	29	6	0	7	35	87956	87928	0.38	28.5
Bacillus_GCA_002559205.1_spacer_3	virome_phage_65	79.310	29	6	0	5	33	17963	17935	0.38	28.5
Bacillus_GCA_002559205.1_spacer_3	virome_phage_890	79.310	29	6	0	5	33	22499	22527	0.38	28.5
Bacillus_GCA_002559205.1_spacer_3	total_phage_745	79.310	29	6	0	5	33	2611	2639	0.38	28.5
Bacillus_GCA_002559205.1_spacer_3	total_phage_443	94.737	19	1	0	13	31	11224	11242	0.38	28.5
Bacillus_GCA_002559205.1_spacer_3	total_phage_296	79.310	29	6	0	5	33	4570	4598	0.38	28.5
Bacillus_GCA_002559205.1_spacer_3	total_phage_233	79.310	29	6	0	5	33	4793	4821	0.38	28.5
Bacillus_GCA_002559205.1_spacer_4	virome_phage_4	78.125	32	7	0	2	33	126824	126793	0.084	30.1
Bacillus_GCA_002559205.1_spacer_4	total_phage_929	82.143	28	5	0	5	32	6549	6522	0.084	30.1
Bacillus_GCA_002559205.1_spacer_4	virome_phage_738	78.125	32	7	0	2	33	115632	115663	0.084	30.1
Bacillus_GCA_002559205.1_spacer_4	virome_phage_848	79.310	29	6	0	5	33	20278	20306	0.25	28.5
Bacillus_GCA_002559205.1_spacer_4	virome_phage_834	81.481	27	5	0	6	32	34120	34146	0.25	28.5
Bacillus_GCA_002559205.1_spacer_4	virome_phage_752	75.758	33	8	0	1	33	19615	19647	0.25	28.5
Bacillus_GCA_002559205.1_spacer_4	virome_phage_734	84.000	25	4	0	6	30	244265	244289	0.25	28.5
Bacillus_GCA_002559205.1_spacer_4	virome_phage_734	76.667	30	7	0	4	33	125564	125535	0.76	26.9
Bacillus_GCA_002559205.1_spacer_4	virome_phage_2357	81.481	27	5	0	6	32	5741	5767	0.25	28.5
Bacillus_GCA_002559205.1_spacer_4	virome_phage_840	78.571	28	6	0	5	32	13753	13726	0.76	26.9
Bacillus_GCA_002559205.1_spacer_4	virome_phage_749	86.364	22	3	0	5	26	16636	16615	0.76	26.9
Bacillus_GCA_002559205.1_spacer_4	virome_phage_2294	90.000	20	2	0	10	29	38640	38621	0.76	26.9
Bacillus_GCA_002559205.1_spacer_4	virome_phage_145	86.364	22	3	0	8	29	2122	2101	0.76	26.9
Bacillus_GCA_002559205.1_spacer_4	total_phage_92	100.000	16	0	0	1	16	152213	152198	0.76	26.9
Bacillus_GCA_002559205.1_spacer_4	total_phage_807	100.000	16	0	0	4	19	1103	1088	0.76	26.9
Bacillus_GCA_002559205.1_spacer_4	total_phage_500	80.769	26	5	0	4	29	75143	75118	0.76	26.9
Bacillus_GCA_002559205.1_spacer_4	total_phage_416	86.364	22	3	0	1	22	23759	23738	0.76	26.9
Bacillus_GCA_002559205.1_spacer_4	total_phage_231	100.000	16	0	0	1	16	130570	130555	0.76	26.9
Bacillus_GCA_002559205.1_spacer_4	total_phage_11	86.364	22	3	0	1	22	24477	24456	0.76	26.9
Bacillus_GCA_002559205.1_spacer_4	virome_phage_92	90.000	20	2	0	10	29	32630	32649	0.76	26.9
Bacillus_GCA_002559205.1_spacer_4	virome_phage_8	83.333	24	4	0	6	29	107301	107324	0.76	26.9
Bacillus_GCA_002559205.1_spacer_4	virome_phage_771	80.769	26	5	0	8	33	24802	24827	0.76	26.9
Bacillus_GCA_002559205.1_spacer_4	virome_phage_2327	94.444	18	1	0	2	19	91	108	0.76	26.9
Bacillus_GCA_002559205.1_spacer_4	virome_phage_2260	94.444	18	1	0	15	32	6262	6279	0.76	26.9
Bacillus_GCA_002559205.1_spacer_4	virome_phage_2238	80.769	26	5	0	4	29	32814	32839	0.76	26.9
Bacillus_GCA_002559205.1_spacer_4	virome_phage_115	80.769	26	5	0	8	33	8506	8531	0.76	26.9
Bacillus_GCA_002559205.1_spacer_4	total_phage_734	76.667	30	7	0	1	30	17244	17273	0.76	26.9
Bacillus_GCA_002559205.1_spacer_4	total_phage_664	86.364	22	3	0	6	27	4903	4924	0.76	26.9
Bacillus_GCA_002559205.1_spacer_4	total_phage_232	76.667	30	7	0	4	33	29441	29470	0.76	26.9
Bacillus_GCA_002559205.1_spacer_5	virome_phage_738	86.957	23	3	0	11	33	4031	4009	0.38	28.5
Bacillus_GCA_002559205.1_spacer_5	virome_phage_4	86.957	23	3	0	11	33	93137	93159	0.38	28.5
Bacillus_GCA_002559205.1_spacer_6	virome_phage_2301	88.462	26	3	0	1	26	449	474	0.009	33.3
Bacillus_GCA_002559205.1_spacer_6	virome_phage_864	78.125	32	7	0	1	32	18262	18231	0.084	30.1
Bacillus_GCA_002559205.1_spacer_6	virome_phage_736	79.310	29	6	0	5	33	178516	178488	0.25	28.5
Bacillus_GCA_002559205.1_spacer_6	virome_phage_58	86.957	23	3	0	6	28	4108	4086	0.25	28.5
Bacillus_GCA_002559205.1_spacer_6	virome_phage_2407	94.737	19	1	0	1	19	6210	6192	0.25	28.5
Bacillus_GCA_002559205.1_spacer_6	virome_phage_51	83.333	24	4	0	7	30	12983	13006	0.76	26.9
Bacillus_GCA_002559205.1_spacer_6	virome_phage_116	86.364	22	3	0	9	30	17696	17717	0.76	26.9
Bacillus_GCA_002559205.1_spacer_6	total_phage_92	83.333	24	4	0	5	28	108883	108906	0.76	26.9
Bacillus_GCA_002559205.1_spacer_6	total_phage_692	94.444	18	1	0	3	20	42653	42670	0.76	26.9
Bacillus_GCA_002559205.1_spacer_6	total_phage_239	80.769	26	5	0	8	33	9347	9372	0.76	26.9
Bacillus_GCA_002559205.1_spacer_6	virome_phage_2308	86.364	22	3	0	11	32	25186	25165	0.76	26.9
Bacillus_GCA_002559205.1_spacer_6	total_phage_929	86.364	22	3	0	3	24	10728	10707	0.76	26.9
Bacillus_GCA_002559205.1_spacer_6	total_phage_658	94.444	18	1	0	3	20	3249	3232	0.76	26.9
Bacillus_GCA_002559205.1_spacer_7	virome_phage_748	90.000	20	2	0	7	26	15336	15317	0.94	26.9
Bacillus_GCA_002559205.1_spacer_7	total_phage_361	90.000	20	2	0	2	21	41676	41657	0.94	26.9
Bacillus_GCA_002559205.1_spacer_7	virome_phage_795	80.769	26	5	0	1	26	9324	9349	0.94	26.9
Bacillus_GCA_002559205.1_spacer_7	total_phage_92	86.364	22	3	0	2	23	111309	111330	0.94	26.9
Bacillus_GCA_002559205.1_spacer_8	virome_phage_2243	85.714	28	4	0	5	32	16889	16916	0.014	33.3
Bacillus_GCA_002559205.1_spacer_8	total_phage_644	85.714	28	4	0	5	32	16778	16805	0.014	33.3
Bacillus_GCA_002559205.1_spacer_8	virome_phage_2237	85.714	28	4	0	5	32	896	869	0.014	33.3
Bacillus_GCA_002559205.1_spacer_8	virome_phage_47	81.481	27	5	0	9	35	3031	3057	0.38	28.5
Bacillus_GCA_002559205.1_spacer_8	virome_phage_41	86.957	23	3	0	6	28	13915	13937	0.38	28.5
Bacillus_GCA_002559205.1_spacer_8	total_phage_368	84.000	25	4	0	8	32	13063	13087	0.38	28.5
Bacillus_GCA_002559205.1_spacer_8	total_phage_358	84.000	25	4	0	5	29	17776	17800	0.38	28.5
Bacillus_GCA_002559205.1_spacer_8	virome_phage_913	86.957	23	3	0	6	28	19544	19522	0.38	28.5
Bacillus_GCA_002559205.1_spacer_8	total_phage_415	84.000	25	4	0	8	32	29931	29907	0.38	28.5
Bacillus_GCA_002559205.1_spacer_8	total_phage_297	90.476	21	2	0	7	27	40988	40968	0.38	28.5
Bacillus_GCA_002559205.1_spacer_8	total_phage_122	84.000	25	4	0	8	32	7233	7209	0.38	28.5
Bacillus_GCA_002559205.1_spacer_9	total_phage_738	87.500	24	3	0	1	24	10283	10260	0.13	30.1
Bacillus_GCA_002559205.1_spacer_10	virome_phage_826	77.143	35	8	0	1	35	33068	33034	0.042	31.7
Bacillus_GCA_002559205.1_spacer_10	virome_phage_739	78.125	32	7	0	1	32	116556	116525	0.13	30.1
Bacillus_GCA_002559205.1_spacer_10	virome_phage_2263	87.500	24	3	0	12	35	676	653	0.13	30.1
Bacillus_GCA_002559205.1_spacer_10	total_phage_611	87.500	24	3	0	12	35	850	827	0.13	30.1
Bacillus_GCA_002559205.1_spacer_10	virome_phage_734	81.481	27	5	0	7	33	111671	111697	0.38	28.5
Bacillus_GCA_002559205.1_spacer_10	virome_phage_7	79.310	29	6	0	7	35	108504	108532	0.38	28.5
Bacillus_GCA_002559205.1_spacer_10	virome_phage_28	79.310	29	6	0	1	29	11965	11937	0.38	28.5
Bacillus_GCA_002559205.1_spacer_10	virome_phage_2411	90.476	21	2	0	13	33	8388	8368	0.38	28.5
Bacillus_GCA_002559205.1_spacer_10	virome_phage_176	90.476	21	2	0	13	33	8289	8269	0.38	28.5
Bacillus_GCA_002559205.1_spacer_10	virome_phage_124	84.000	25	4	0	6	30	14869	14893	0.38	28.5
Bacillus_GCA_002559205.1_spacer_10	total_phage_307	86.957	23	3	0	12	34	26909	26931	0.38	28.5
Bacillus_GCA_002559205.1_spacer_10	total_phage_188	75.758	33	8	0	3	35	7133	7101	0.38	28.5
Bacillus_GCA_002559205.1_spacer_12	virome_phage_856	94.737	19	1	0	10	28	13185	13167	0.25	28.5
Bacillus_GCA_002559205.1_spacer_12	virome_phage_2269	84.000	25	4	0	8	32	221210	221186	0.25	28.5
Bacillus_GCA_002559205.1_spacer_12	virome_phage_75	86.364	22	3	0	9	30	10300	10321	0.76	26.9
Bacillus_GCA_002559205.1_spacer_12	total_phage_446	76.667	30	7	0	1	30	4857	4828	0.76	26.9
Bacillus_GCA_002559205.1_spacer_13	virome_phage_8	84.000	25	4	0	10	34	111214	111190	0.31	28.5
Bacillus_GCA_002559205.1_spacer_13	virome_phage_747	75.758	33	8	0	2	34	44409	44441	0.31	28.5
Bacillus_GCA_002559205.1_spacer_13	virome_phage_2239	77.419	31	7	0	1	31	29062	29092	0.31	28.5
Bacillus_GCA_002559205.1_spacer_13	total_phage_727	86.957	23	3	0	3	25	11018	10996	0.31	28.5
Bacillus_GCA_002559205.1_spacer_13	total_phage_518	86.957	23	3	0	3	25	23228	23206	0.31	28.5
Bacillus_GCA_002559205.1_spacer_13	total_phage_483	77.419	31	7	0	1	31	759	729	0.31	28.5
Bacillus_GCA_002559205.1_spacer_13	total_phage_454	77.419	31	7	0	1	31	23088	23118	0.31	28.5
Bacillus_GCA_002559205.1_spacer_13	total_phage_176	79.310	29	6	0	2	30	2747	2775	0.31	28.5
Bacillus_GCA_002559205.1_spacer_13	virome_phage_979	78.571	28	6	0	7	34	3753	3726	0.94	26.9
Bacillus_GCA_002559205.1_spacer_13	virome_phage_939	94.444	18	1	0	17	34	15437	15454	0.94	26.9
Bacillus_GCA_002559205.1_spacer_13	virome_phage_891	86.364	22	3	0	2	23	14040	14019	0.94	26.9
Bacillus_GCA_002559205.1_spacer_13	virome_phage_842	76.667	30	7	0	2	31	17780	17751	0.94	26.9
Bacillus_GCA_002559205.1_spacer_13	virome_phage_835	75.000	32	8	0	1	32	10502	10533	0.94	26.9
Bacillus_GCA_002559205.1_spacer_13	virome_phage_807	86.364	22	3	0	1	22	31162	31141	0.94	26.9
Bacillus_GCA_002559205.1_spacer_13	virome_phage_764	83.333	24	4	0	10	33	36633	36656	0.94	26.9
Bacillus_GCA_002559205.1_spacer_13	virome_phage_745	78.571	28	6	0	5	32	16541	16568	0.94	26.9
Bacillus_GCA_002559205.1_spacer_13	virome_phage_738	76.667	30	7	0	2	31	121227	121256	0.94	26.9
Bacillus_GCA_002559205.1_spacer_13	virome_phage_734	75.000	32	8	0	3	34	286466	286435	0.94	26.9
Bacillus_GCA_002559205.1_spacer_13	virome_phage_1109	83.333	24	4	0	10	33	2586	2609	0.94	26.9
Bacillus_GCA_002559205.1_spacer_13	total_phage_692	90.000	20	2	0	15	34	1408	1427	0.94	26.9
Bacillus_GCA_002559205.1_spacer_13	total_phage_658	90.000	20	2	0	15	34	44494	44475	0.94	26.9
Bacillus_GCA_002559205.1_spacer_13	total_phage_600	94.444	18	1	0	13	30	126	143	0.94	26.9
Bacillus_GCA_002559205.1_spacer_13	total_phage_305	86.364	22	3	0	1	22	13838	13817	0.94	26.9
Bacillus_GCA_002559205.1_spacer_13	total_phage_3	76.667	30	7	0	2	31	18157	18186	0.94	26.9
Bacillus_GCA_002559205.1_spacer_13	total_phage_189	86.364	22	3	0	2	23	9712	9733	0.94	26.9
Bacillus_GCA_002559205.1_spacer_13	total_phage_12	86.364	22	3	0	1	22	13101	13122	0.94	26.9
Bacillus_GCA_002559205.1_spacer_13	total_phage_114	86.364	22	3	0	1	22	11681	11660	0.94	26.9
Bacillus_GCA_002559205.1_spacer_14	virome_phage_2385	79.310	29	6	0	1	29	17586	17558	0.31	28.5
Bacillus_GCA_002559205.1_spacer_14	total_phage_524	94.444	18	1	0	15	32	32521	32538	0.94	26.9
Bacillus_GCA_002559205.1_spacer_14	virome_phage_974	73.529	34	9	0	1	34	16506	16473	0.94	26.9
Bacillus_GCA_002559205.1_spacer_14	virome_phage_28	76.667	30	7	0	1	30	15552	15523	0.94	26.9
Bacillus_GCA_002559205.1_spacer_15	virome_phage_2254	100.000	16	0	0	10	25	74200	74215	0.94	26.9
Bacillus_GCA_002559205.1_spacer_15	virome_phage_2238	100.000	16	0	0	10	25	55714	55729	0.94	26.9
Bacillus_GCA_002559205.1_spacer_15	virome_phage_1217	86.364	22	3	0	11	32	3870	3891	0.94	26.9
Bacillus_GCA_002559205.1_spacer_15	total_phage_500	100.000	16	0	0	10	25	52243	52228	0.94	26.9
Bacillus_GCA_002559205.1_spacer_16	virome_phage_752	78.125	32	7	0	1	32	22149	22180	0.10	30.1
Bacillus_GCA_002559205.1_spacer_16	total_phage_111	84.000	25	4	0	10	34	4699	4723	0.31	28.5
Bacillus_GCA_002559205.1_spacer_16	virome_phage_751	77.419	31	7	0	4	34	11228	11198	0.31	28.5
Bacillus_GCA_002559205.1_spacer_16	virome_phage_28	90.476	21	2	0	2	22	15764	15744	0.31	28.5
Bacillus_GCA_002559205.1_spacer_16	total_phage_92	75.758	33	8	0	2	34	113333	113301	0.31	28.5
Bacillus_GCA_002559205.1_spacer_16	total_phage_731	84.000	25	4	0	2	26	64777	64753	0.31	28.5
Bacillus_GCA_002559205.1_spacer_16	total_phage_636	79.310	29	6	0	4	32	19304	19276	0.31	28.5
Bacillus_GCA_002559205.1_spacer_16	total_phage_370	77.419	31	7	0	3	33	26599	26569	0.31	28.5
Bacillus_GCA_002559205.1_spacer_16	virome_phage_925	80.769	26	5	0	2	27	16841	16866	0.94	26.9
Bacillus_GCA_002559205.1_spacer_16	virome_phage_841	90.000	20	2	0	2	21	32590	32609	0.94	26.9
Bacillus_GCA_002559205.1_spacer_16	virome_phage_82	90.000	20	2	0	2	21	36405	36424	0.94	26.9
Bacillus_GCA_002559205.1_spacer_16	virome_phage_8	73.529	34	9	0	1	34	113647	113680	0.94	26.9
Bacillus_GCA_002559205.1_spacer_16	virome_phage_745	90.000	20	2	0	7	26	29781	29800	0.94	26.9
Bacillus_GCA_002559205.1_spacer_16	virome_phage_2368	80.769	26	5	0	3	28	3863	3888	0.94	26.9
Bacillus_GCA_002559205.1_spacer_16	virome_phage_2280	78.571	28	6	0	6	33	12519	12546	0.94	26.9
Bacillus_GCA_002559205.1_spacer_16	total_phage_737	80.769	26	5	0	2	27	896	921	0.94	26.9
Bacillus_GCA_002559205.1_spacer_16	total_phage_727	90.000	20	2	0	14	33	33575	33594	0.94	26.9
Bacillus_GCA_002559205.1_spacer_16	total_phage_518	90.000	20	2	0	14	33	45785	45804	0.94	26.9
Bacillus_GCA_002559205.1_spacer_16	virome_phage_9	90.000	20	2	0	15	34	4432	4413	0.94	26.9
Bacillus_GCA_002559205.1_spacer_16	virome_phage_778	80.769	26	5	0	2	27	42892	42867	0.94	26.9
Bacillus_GCA_002559205.1_spacer_16	virome_phage_759	90.000	20	2	0	2	21	47724	47705	0.94	26.9
Bacillus_GCA_002559205.1_spacer_16	virome_phage_738	86.364	22	3	0	4	25	92593	92572	0.94	26.9
Bacillus_GCA_002559205.1_spacer_16	virome_phage_4	80.769	26	5	0	2	27	2152	2127	0.94	26.9
Bacillus_GCA_002559205.1_spacer_16	virome_phage_2359	83.333	24	4	0	2	25	19010	18987	0.94	26.9
Bacillus_GCA_002559205.1_spacer_16	virome_phage_145	80.769	26	5	0	3	28	17089	17064	0.94	26.9
Bacillus_GCA_002559205.1_spacer_16	total_phage_745	80.769	26	5	0	1	26	5874	5849	0.94	26.9
Bacillus_GCA_002559205.1_spacer_16	total_phage_655	94.444	18	1	0	4	21	6774	6757	0.94	26.9
Bacillus_GCA_002559205.1_spacer_16	total_phage_296	80.769	26	5	0	1	26	7833	7808	0.94	26.9
Bacillus_GCA_002559205.1_spacer_16	total_phage_245	78.571	28	6	0	1	28	7483	7456	0.94	26.9
Bacillus_GCA_002559205.1_spacer_17	virome_phage_2270	80.000	30	6	0	2	31	181573	181544	0.10	30.1
Bacillus_GCA_002559205.1_spacer_18	total_phage_231	82.759	29	5	0	6	34	41350	41378	0.035	31.7
Bacillus_GCA_002559205.1_spacer_18	virome_phage_734	88.000	25	3	0	10	34	31096	31072	0.035	31.7
Bacillus_GCA_002559205.1_spacer_18	virome_phage_866	90.476	21	2	0	8	28	23961	23981	0.31	28.5
Bacillus_GCA_002559205.1_spacer_18	virome_phage_7	100.000	17	0	0	12	28	117919	117935	0.31	28.5
Bacillus_GCA_002559205.1_spacer_18	virome_phage_7	94.444	18	1	0	6	23	4317	4300	0.94	26.9
Bacillus_GCA_002559205.1_spacer_18	virome_phage_25	86.957	23	3	0	9	31	16466	16444	0.31	28.5
Bacillus_GCA_002559205.1_spacer_18	virome_phage_993	94.444	18	1	0	15	32	15893	15910	0.94	26.9
Bacillus_GCA_002559205.1_spacer_18	virome_phage_743	83.333	24	4	0	11	34	44422	44445	0.94	26.9
Bacillus_GCA_002559205.1_spacer_18	virome_phage_127	83.333	24	4	0	6	29	7177	7200	0.94	26.9
Bacillus_GCA_002559205.1_spacer_18	total_phage_188	94.444	18	1	0	6	23	13209	13226	0.94	26.9
Bacillus_GCA_002559205.1_spacer_18	total_phage_18	78.571	28	6	0	5	32	16077	16104	0.94	26.9
Bacillus_GCA_002559205.1_spacer_18	total_phage_176	83.333	24	4	0	11	34	9768	9791	0.94	26.9
Bacillus_GCA_002559205.1_spacer_18	virome_phage_59	83.333	24	4	0	1	24	23681	23658	0.94	26.9
Bacillus_GCA_002559205.1_spacer_18	virome_phage_2368	86.364	22	3	0	6	27	21121	21100	0.94	26.9
Bacillus_GCA_002559205.1_spacer_18	total_phage_927	80.769	26	5	0	5	30	154129	154104	0.94	26.9
Bacillus_GCA_002559205.1_spacer_18	total_phage_453	78.571	28	6	0	7	34	19465	19438	0.94	26.9
Bacillus_GCA_002559205.1_spacer_18	total_phage_445	78.571	28	6	0	6	33	26541	26514	0.94	26.9
Bacillus_GCA_002559205.1_spacer_19	virome_phage_840	90.909	22	2	0	13	34	18340	18319	0.10	30.1
Bacillus_GCA_002559205.1_spacer_19	virome_phage_2235	84.615	26	4	0	6	31	3000	3025	0.10	30.1
Bacillus_GCA_002559205.1_spacer_19	virome_phage_738	79.310	29	6	0	1	29	8307	8279	0.31	28.5
Bacillus_GCA_002559205.1_spacer_19	virome_phage_848	94.737	19	1	0	5	23	29279	29297	0.31	28.5
Bacillus_GCA_002559205.1_spacer_19	virome_phage_741	86.364	22	3	0	8	29	27664	27643	0.94	26.9
Bacillus_GCA_002559205.1_spacer_19	virome_phage_4	83.333	24	4	0	1	24	88861	88884	0.94	26.9
Bacillus_GCA_002559205.1_spacer_19	virome_phage_2306	86.364	22	3	0	2	23	12239	12260	0.94	26.9
Bacillus_GCA_002559205.1_spacer_19	virome_phage_15	86.364	22	3	0	13	34	86403	86424	0.94	26.9
Bacillus_GCA_002559205.1_spacer_19	total_phage_794	76.667	30	7	0	5	34	9861	9890	0.94	26.9
Bacillus_GCA_002559205.1_spacer_19	total_phage_242	76.667	30	7	0	5	34	24467	24496	0.94	26.9
Bacillus_GCA_002559205.1_spacer_20	virome_phage_768	84.000	25	4	0	10	34	8082	8106	0.31	28.5
Bacillus_GCA_002559205.1_spacer_20	virome_phage_75	84.000	25	4	0	7	31	35565	35589	0.31	28.5
Bacillus_GCA_002559205.1_spacer_20	virome_phage_14	78.571	28	6	0	4	31	23242	23215	0.94	26.9
Bacillus_GCA_002559205.1_spacer_20	total_phage_604	94.444	18	1	0	10	27	34392	34409	0.94	26.9
Bacillus_GCA_002559205.1_spacer_21	virome_phage_748	90.000	20	2	0	1	20	57289	57308	0.76	26.9
Bacillus_GCA_002559205.1_spacer_21	virome_phage_739	76.667	30	7	0	4	33	82816	82845	0.76	26.9
Bacillus_GCA_002559205.1_spacer_21	virome_phage_22	90.000	20	2	0	7	26	31655	31674	0.76	26.9
Bacillus_GCA_002559205.1_spacer_21	virome_phage_78	94.444	18	1	0	10	27	20834	20817	0.76	26.9
Bacillus_GCA_002559205.1_spacer_22	virome_phage_2368	90.909	22	2	0	1	22	17705	17726	0.13	30.1
Bacillus_GCA_002559205.1_spacer_22	virome_phage_145	90.909	22	2	0	1	22	3663	3642	0.13	30.1
Bacillus_GCA_002559205.1_spacer_22	virome_phage_734	84.000	25	4	0	1	25	187153	187177	0.38	28.5
Bacillus_GCA_002559205.1_spacer_22	virome_phage_747	84.000	25	4	0	4	28	25143	25119	0.38	28.5
Bacillus_GCA_002559205.1_spacer_22	virome_phage_2269	90.476	21	2	0	8	28	97234	97214	0.38	28.5
Bacillus_GCA_002559205.1_spacer_22	total_phage_524	84.000	25	4	0	1	25	37494	37470	0.38	28.5
Bacillus_GCA_002559205.1_spacer_23	virome_phage_792	94.444	18	1	0	14	31	16563	16546	0.94	26.9
Bacillus_GCA_002559205.1_spacer_23	virome_phage_116	80.769	26	5	0	8	33	7199	7174	0.94	26.9
Bacillus_GCA_002559205.1_spacer_24	virome_phage_840	100.000	16	0	0	4	19	24277	24262	0.76	26.9
Bacillus_GCA_002559205.1_spacer_24	virome_phage_739	90.000	20	2	0	14	33	82826	82845	0.76	26.9
Bacillus_GCA_002559205.1_spacer_24	virome_phage_2254	90.000	20	2	0	1	20	17213	17194	0.76	26.9
Bacillus_GCA_002559205.1_spacer_24	virome_phage_1033	90.000	20	2	0	1	20	13221	13240	0.76	26.9
Bacillus_GCA_002559205.1_spacer_24	virome_phage_10	80.769	26	5	0	3	28	57197	57222	0.76	26.9
Bacillus_GCA_002559205.1_spacer_24	virome_phage_10	75.000	32	8	0	2	33	65198	65229	0.76	26.9
Bacillus_GCA_002559205.1_spacer_24	total_phage_730	75.000	32	8	0	2	33	121530	121499	0.76	26.9
Bacillus_GCA_002559205.1_spacer_24	total_phage_730	80.769	26	5	0	3	28	129531	129506	0.76	26.9
Bacillus_GCA_002559205.1_spacer_25	virome_phage_734	84.000	25	4	0	3	27	200046	200022	0.25	28.5
Bacillus_GCA_002559205.1_spacer_25	virome_phage_47	84.000	25	4	0	8	32	36136	36112	0.25	28.5
Bacillus_GCA_002559205.1_spacer_25	total_phage_795	81.481	27	5	0	1	27	31707	31681	0.25	28.5
Bacillus_GCA_002559205.1_spacer_25	virome_phage_2368	80.769	26	5	0	2	27	7443	7468	0.76	26.9
Bacillus_GCA_002559205.1_spacer_25	virome_phage_2274	83.333	24	4	0	2	25	185	162	0.76	26.9
Bacillus_GCA_002559205.1_spacer_25	virome_phage_2254	76.667	30	7	0	2	31	12352	12381	0.76	26.9
Bacillus_GCA_002559205.1_spacer_25	virome_phage_19	94.444	18	1	0	14	31	45153	45170	0.76	26.9
Bacillus_GCA_002559205.1_spacer_25	total_phage_793	78.571	28	6	0	5	32	34078	34051	0.76	26.9
Bacillus_GCA_002559205.1_spacer_25	total_phage_731	86.364	22	3	0	7	28	111371	111350	0.76	26.9
Bacillus_GCA_002559205.1_spacer_25	total_phage_694	100.000	16	0	0	17	32	12888	12903	0.76	26.9
Bacillus_GCA_002559205.1_spacer_25	total_phage_413	80.769	26	5	0	2	27	54959	54934	0.76	26.9
Bacillus_GCA_002559205.1_spacer_25	total_phage_233	78.571	28	6	0	5	32	66420	66393	0.76	26.9
Bacillus_GCA_002559205.1_spacer_25	total_phage_231	83.333	24	4	0	5	28	57796	57819	0.76	26.9
Bacillus_GCA_002559205.1_spacer_25	total_phage_18	80.769	26	5	0	4	29	597	572	0.76	26.9
Bacillus_GCA_002559205.1_spacer_26	virome_phage_738	82.759	29	5	0	1	29	8307	8279	0.035	31.7
Bacillus_GCA_002559205.1_spacer_26	virome_phage_840	90.909	22	2	0	13	34	18340	18319	0.10	30.1
Bacillus_GCA_002559205.1_spacer_26	virome_phage_4	87.500	24	3	0	1	24	88861	88884	0.10	30.1
Bacillus_GCA_002559205.1_spacer_26	total_phage_364	78.125	32	7	0	1	32	28399	28368	0.10	30.1
Bacillus_GCA_002559205.1_spacer_26	virome_phage_26	75.758	33	8	0	1	33	55908	55876	0.31	28.5
Bacillus_GCA_002559205.1_spacer_26	virome_phage_2269	75.758	33	8	0	2	34	283121	283153	0.31	28.5
Bacillus_GCA_002559205.1_spacer_26	virome_phage_783	78.571	28	6	0	7	34	9777	9804	0.94	26.9
Bacillus_GCA_002559205.1_spacer_26	virome_phage_2235	86.364	22	3	0	10	31	3004	3025	0.94	26.9
Bacillus_GCA_002559205.1_spacer_26	virome_phage_15	86.364	22	3	0	13	34	86403	86424	0.94	26.9
Bacillus_GCA_002559205.1_spacer_27	total_phage_795	87.500	24	3	0	1	24	36309	36286	0.10	30.1
Bacillus_GCA_002559205.1_spacer_27	virome_phage_2281	81.481	27	5	0	1	27	4050	4076	0.31	28.5
Bacillus_GCA_002559205.1_spacer_27	virome_phage_912	83.333	24	4	0	5	28	2432	2409	0.94	26.9
Bacillus_GCA_002559205.1_spacer_27	virome_phage_2304	83.333	24	4	0	5	28	21027	21004	0.94	26.9
Bacillus_GCA_002559205.1_spacer_27	virome_phage_2300	100.000	16	0	0	14	29	25457	25442	0.94	26.9
Bacillus_GCA_002559205.1_spacer_28	total_phage_786	80.769	26	5	0	4	29	6389	6364	0.94	26.9
Bacillus_GCA_002559205.1_spacer_28	total_phage_3	86.364	22	3	0	4	25	11540	11519	0.94	26.9
Bacillus_GCA_002559205.1_spacer_28	total_phage_232	90.000	20	2	0	4	23	6115	6134	0.94	26.9
Bacillus_GCA_002559205.1_spacer_29	virome_phage_739	83.333	24	4	0	1	24	116238	116261	0.76	26.9
Bacillus_GCA_002559205.1_spacer_30	virome_phage_8	85.185	27	4	0	2	28	118646	118672	0.035	31.7
Bacillus_GCA_002559205.1_spacer_30	virome_phage_878	80.000	30	6	0	2	31	24927	24898	0.10	30.1
Bacillus_GCA_002559205.1_spacer_30	virome_phage_7	84.615	26	4	0	4	29	57277	57302	0.10	30.1
Bacillus_GCA_002559205.1_spacer_30	virome_phage_1	95.000	20	1	0	1	20	28834	28853	0.10	30.1
Bacillus_GCA_002559205.1_spacer_30	virome_phage_739	81.481	27	5	0	3	29	109303	109277	0.31	28.5
Bacillus_GCA_002559205.1_spacer_30	virome_phage_739	100.000	16	0	0	4	19	20674	20689	0.94	26.9
Bacillus_GCA_002559205.1_spacer_30	virome_phage_734	81.481	27	5	0	2	28	141144	141118	0.31	28.5
Bacillus_GCA_002559205.1_spacer_30	virome_phage_734	83.333	24	4	0	2	25	230425	230448	0.94	26.9
Bacillus_GCA_002559205.1_spacer_30	virome_phage_2325	81.481	27	5	0	8	34	9668	9642	0.31	28.5
Bacillus_GCA_002559205.1_spacer_30	virome_phage_2239	84.000	25	4	0	1	25	27030	27006	0.31	28.5
Bacillus_GCA_002559205.1_spacer_30	total_phage_692	84.000	25	4	0	1	25	29663	29639	0.31	28.5
Bacillus_GCA_002559205.1_spacer_30	total_phage_454	84.000	25	4	0	1	25	21056	21032	0.31	28.5
Bacillus_GCA_002559205.1_spacer_30	virome_phage_744	79.310	29	6	0	4	32	525	553	0.31	28.5
Bacillus_GCA_002559205.1_spacer_30	virome_phage_2254	86.957	23	3	0	7	29	13608	13630	0.31	28.5
Bacillus_GCA_002559205.1_spacer_30	total_phage_658	84.000	25	4	0	1	25	16239	16263	0.31	28.5
Bacillus_GCA_002559205.1_spacer_30	total_phage_501	84.000	25	4	0	1	25	615	639	0.31	28.5
Bacillus_GCA_002559205.1_spacer_30	total_phage_117	81.481	27	5	0	2	28	26872	26898	0.31	28.5
Bacillus_GCA_002559205.1_spacer_30	virome_phage_742	90.000	20	2	0	4	23	38591	38572	0.94	26.9
Bacillus_GCA_002559205.1_spacer_30	virome_phage_2286	100.000	16	0	0	11	26	25840	25825	0.94	26.9
Bacillus_GCA_002559205.1_spacer_30	virome_phage_145	94.444	18	1	0	9	26	2405	2388	0.94	26.9
Bacillus_GCA_002559205.1_spacer_30	total_phage_738	86.364	22	3	0	7	28	9214	9193	0.94	26.9
Bacillus_GCA_002559205.1_spacer_30	total_phage_730	90.000	20	2	0	4	23	16154	16135	0.94	26.9
Bacillus_GCA_002559205.1_spacer_30	total_phage_696	90.000	20	2	0	2	21	459	440	0.94	26.9
Bacillus_GCA_002559205.1_spacer_30	total_phage_696	90.000	20	2	0	2	21	5775	5756	0.94	26.9
Bacillus_GCA_002559205.1_spacer_30	total_phage_655	90.000	20	2	0	2	21	12207	12188	0.94	26.9
Bacillus_GCA_002559205.1_spacer_30	total_phage_655	90.000	20	2	0	2	21	18210	18191	0.94	26.9
Bacillus_GCA_002559205.1_spacer_30	total_phage_600	90.000	20	2	0	2	21	11226	11207	0.94	26.9
Bacillus_GCA_002559205.1_spacer_30	virome_phage_925	90.000	20	2	0	2	21	1510	1529	0.94	26.9
Bacillus_GCA_002559205.1_spacer_30	virome_phage_816	83.333	24	4	0	11	34	38225	38248	0.94	26.9
Bacillus_GCA_002559205.1_spacer_30	virome_phage_10	90.000	20	2	0	4	23	22709	22728	0.94	26.9
Bacillus_GCA_002559205.1_spacer_30	total_phage_664	90.000	20	2	0	1	20	2413	2432	0.94	26.9
Bacillus_GCA_002559205.1_spacer_30	total_phage_604	83.333	24	4	0	2	25	7626	7649	0.94	26.9
Bacillus_GCA_002559205.1_spacer_30	total_phage_520	90.000	20	2	0	2	21	14895	14914	0.94	26.9
Bacillus_GCA_002559205.1_spacer_31	virome_phage_738	74.286	35	9	0	1	35	79534	79568	0.38	28.5
Bacillus_GCA_002559205.1_spacer_32	virome_phage_17	86.207	29	4	0	1	29	80621	80593	0.003	34.9
Bacillus_GCA_002559205.1_spacer_32	virome_phage_778	75.758	33	8	0	1	33	29717	29749	0.25	28.5
Bacillus_GCA_002559205.1_spacer_32	virome_phage_738	75.758	33	8	0	1	33	118538	118570	0.25	28.5
Bacillus_GCA_002559205.1_spacer_32	total_phage_730	75.758	33	8	0	1	33	85275	85307	0.25	28.5
Bacillus_GCA_002559205.1_spacer_32	virome_phage_914	90.476	21	2	0	1	21	15436	15416	0.25	28.5
Bacillus_GCA_002559205.1_spacer_32	virome_phage_4	75.758	33	8	0	1	33	123915	123883	0.25	28.5
Bacillus_GCA_002559205.1_spacer_32	virome_phage_903	94.444	18	1	0	2	19	4321	4338	0.76	26.9
Bacillus_GCA_002559205.1_spacer_32	virome_phage_817	75.000	32	8	0	2	33	38188	38219	0.76	26.9
Bacillus_GCA_002559205.1_spacer_32	virome_phage_7	90.000	20	2	0	14	33	10982	11001	0.76	26.9
Bacillus_GCA_002559205.1_spacer_32	virome_phage_2254	76.667	30	7	0	4	33	111544	111573	0.76	26.9
Bacillus_GCA_002559205.1_spacer_32	total_phage_2	78.571	28	6	0	1	28	29183	29210	0.76	26.9
Bacillus_GCA_002559205.1_spacer_32	virome_phage_844	90.000	20	2	0	14	33	3562	3543	0.76	26.9
Bacillus_GCA_002559205.1_spacer_32	virome_phage_2285	100.000	16	0	0	15	30	5325	5310	0.76	26.9
Bacillus_GCA_002559205.1_spacer_32	total_phage_92	80.769	26	5	0	4	29	45246	45221	0.76	26.9
Bacillus_GCA_002559205.1_spacer_33	virome_phage_3	90.000	20	2	0	6	25	85850	85869	0.94	26.9
Bacillus_GCA_002559205.1_spacer_33	total_phage_370	94.444	18	1	0	15	32	5910	5927	0.94	26.9
Bacillus_GCA_002559205.1_spacer_33	virome_phage_856	78.571	28	6	0	1	28	8410	8383	0.94	26.9
Bacillus_GCA_002559205.1_spacer_35	virome_phage_97	84.615	26	4	0	3	28	22195	22220	0.084	30.1
Bacillus_GCA_002559205.1_spacer_35	virome_phage_4	79.310	29	6	0	5	33	5472	5500	0.25	28.5
Bacillus_GCA_002559205.1_spacer_35	virome_phage_28	81.481	27	5	0	7	33	1389	1363	0.25	28.5
Bacillus_GCA_002559205.1_spacer_35	virome_phage_815	83.333	24	4	0	10	33	10773	10796	0.76	26.9
Bacillus_GCA_002559205.1_spacer_35	virome_phage_769	83.333	24	4	0	7	30	27580	27557	0.76	26.9
Bacillus_GCA_002559205.1_spacer_35	virome_phage_759	86.364	22	3	0	7	28	3210	3231	0.76	26.9
Bacillus_GCA_002559205.1_spacer_35	virome_phage_69	94.444	18	1	0	3	20	5102	5085	0.76	26.9
Bacillus_GCA_002559205.1_spacer_35	virome_phage_2357	90.000	20	2	0	1	20	10380	10361	0.76	26.9
Bacillus_GCA_002559205.1_spacer_35	virome_phage_2343	83.333	24	4	0	1	24	14545	14522	0.76	26.9
Bacillus_GCA_002559205.1_spacer_35	virome_phage_118	83.333	24	4	0	1	24	21288	21265	0.76	26.9
Bacillus_GCA_002559205.1_spacer_35	total_phage_111	83.333	24	4	0	10	33	13676	13699	0.76	26.9
Bacillus_GCA_002559205.1_spacer_35	total_phage_111	83.333	24	4	0	10	33	53918	53941	0.76	26.9
Bacillus_GCA_002559205.1_spacer_36	virome_phage_745	81.481	27	5	0	9	35	23905	23931	0.38	28.5
Bacillus_GCA_002559205.1_spacer_36	virome_phage_28	81.481	27	5	0	7	33	23455	23481	0.38	28.5
Bacillus_GCA_002559205.1_spacer_36	virome_phage_2272	81.481	27	5	0	5	31	16131	16157	0.38	28.5
Bacillus_GCA_002559205.1_spacer_37	virome_phage_746	81.481	27	5	0	7	33	52343	52369	0.38	28.5
Bacillus_GCA_002559205.1_spacer_38	total_phage_731	90.000	20	2	0	13	32	42712	42731	0.94	26.9
Bacillus_GCA_002559205.1_spacer_38	total_phage_497	90.000	20	2	0	14	33	30198	30217	0.94	26.9
Bacillus_GCA_002559205.1_spacer_38	total_phage_478	90.000	20	2	0	14	33	25523	25542	0.94	26.9
Bacillus_GCA_002559205.1_spacer_38	total_phage_4	90.000	20	2	0	1	20	4608	4589	0.94	26.9
