Bacillus_GCF_002569845.1_spacer_0	virome_phage_824	86.364	22	3	0	3	24	11339	11318	0.94	26.9
Bacillus_GCF_002569845.1_spacer_0	virome_phage_903	83.333	24	4	0	11	34	10713	10736	0.94	26.9
Bacillus_GCF_002569845.1_spacer_0	virome_phage_2280	80.769	26	5	0	2	27	17551	17576	0.94	26.9
Bacillus_GCF_002569845.1_spacer_1	virome_phage_740	82.143	28	5	0	3	30	81925	81952	0.13	30.1
Bacillus_GCF_002569845.1_spacer_2	virome_phage_925	86.957	23	3	0	12	34	19951	19929	0.38	28.5
Bacillus_GCF_002569845.1_spacer_2	virome_phage_5	94.737	19	1	0	5	23	42381	42399	0.38	28.5
Bacillus_GCF_002569845.1_spacer_3	total_phage_733	83.333	24	4	0	2	25	2554	2577	0.94	26.9
Bacillus_GCF_002569845.1_spacer_4	virome_phage_792	78.571	28	6	0	5	32	41222	41195	0.94	26.9
Bacillus_GCF_002569845.1_spacer_4	virome_phage_734	83.333	24	4	0	10	33	313511	313488	0.94	26.9
Bacillus_GCF_002569845.1_spacer_4	virome_phage_27	86.364	22	3	0	1	22	46850	46829	0.94	26.9
Bacillus_GCF_002569845.1_spacer_4	virome_phage_2342	94.444	18	1	0	10	27	15509	15526	0.94	26.9
Bacillus_GCF_002569845.1_spacer_4	virome_phage_2327	94.444	18	1	0	16	33	18116	18133	0.94	26.9
Bacillus_GCF_002569845.1_spacer_4	total_phage_927	83.333	24	4	0	11	34	197518	197495	0.94	26.9
Bacillus_GCF_002569845.1_spacer_4	total_phage_416	94.444	18	1	0	16	33	34379	34362	0.94	26.9
Bacillus_GCF_002569845.1_spacer_4	total_phage_188	94.444	18	1	0	16	33	8566	8583	0.94	26.9
Bacillus_GCF_002569845.1_spacer_4	total_phage_112	86.364	22	3	0	1	22	50518	50539	0.94	26.9
Bacillus_GCF_002569845.1_spacer_5	virome_phage_3	77.419	31	7	0	2	32	33691	33721	0.38	28.5
Bacillus_GCF_002569845.1_spacer_5	total_phage_794	79.310	29	6	0	6	34	13643	13671	0.38	28.5
Bacillus_GCF_002569845.1_spacer_5	virome_phage_826	79.310	29	6	0	2	30	2964	2936	0.38	28.5
Bacillus_GCF_002569845.1_spacer_5	virome_phage_748	74.286	35	9	0	1	35	43585	43551	0.38	28.5
Bacillus_GCF_002569845.1_spacer_5	virome_phage_734	79.310	29	6	0	1	29	90101	90073	0.38	28.5
Bacillus_GCF_002569845.1_spacer_6	virome_phage_832	94.737	19	1	0	12	30	29051	29069	0.31	28.5
Bacillus_GCF_002569845.1_spacer_7	virome_phage_807	75.000	36	9	0	1	36	18057	18092	0.13	30.1
Bacillus_GCF_002569845.1_spacer_7	virome_phage_739	90.909	22	2	0	14	35	122243	122222	0.13	30.1
Bacillus_GCF_002569845.1_spacer_7	virome_phage_2314	82.143	28	5	0	7	34	3668	3695	0.13	30.1
Bacillus_GCF_002569845.1_spacer_7	total_phage_305	75.000	36	9	0	1	36	733	768	0.13	30.1
Bacillus_GCF_002569845.1_spacer_7	total_phage_233	84.000	25	4	0	12	36	7907	7883	0.38	28.5
Bacillus_GCF_002569845.1_spacer_7	total_phage_231	75.758	33	8	0	4	36	18443	18475	0.38	28.5
Bacillus_GCF_002569845.1_spacer_8	virome_phage_12	85.185	27	4	0	8	34	94907	94881	0.042	31.7
Bacillus_GCF_002569845.1_spacer_8	virome_phage_96	84.000	25	4	0	2	26	1426	1450	0.38	28.5
Bacillus_GCF_002569845.1_spacer_9	virome_phage_9	84.615	26	4	0	7	32	1832	1857	0.10	30.1
Bacillus_GCF_002569845.1_spacer_9	virome_phage_738	78.125	32	7	0	3	34	103400	103431	0.10	30.1
Bacillus_GCF_002569845.1_spacer_9	virome_phage_738	94.444	18	1	0	1	18	121048	121065	0.94	26.9
Bacillus_GCF_002569845.1_spacer_9	virome_phage_69	76.471	34	8	0	1	34	18058	18025	0.10	30.1
Bacillus_GCF_002569845.1_spacer_9	total_phage_804	80.000	30	6	0	5	34	15509	15480	0.10	30.1
Bacillus_GCF_002569845.1_spacer_9	total_phage_363	84.615	26	4	0	9	34	29421	29396	0.10	30.1
Bacillus_GCF_002569845.1_spacer_9	total_phage_242	90.909	22	2	0	7	28	34533	34512	0.10	30.1
Bacillus_GCF_002569845.1_spacer_9	virome_phage_7	100.000	17	0	0	18	34	1359	1375	0.31	28.5
Bacillus_GCF_002569845.1_spacer_9	total_phage_734	81.481	27	5	0	3	29	17247	17273	0.31	28.5
Bacillus_GCF_002569845.1_spacer_9	total_phage_418	94.737	19	1	0	11	29	25026	25044	0.31	28.5
Bacillus_GCF_002569845.1_spacer_9	total_phage_418	80.769	26	5	0	9	34	29095	29120	0.94	26.9
Bacillus_GCF_002569845.1_spacer_9	virome_phage_908	83.333	24	4	0	8	31	20864	20841	0.94	26.9
Bacillus_GCF_002569845.1_spacer_9	virome_phage_891	86.364	22	3	0	1	22	13867	13846	0.94	26.9
Bacillus_GCF_002569845.1_spacer_9	virome_phage_864	86.364	22	3	0	8	29	7814	7835	0.94	26.9
Bacillus_GCF_002569845.1_spacer_9	virome_phage_864	86.364	22	3	0	12	33	30106	30085	0.94	26.9
Bacillus_GCF_002569845.1_spacer_9	virome_phage_858	83.333	24	4	0	7	30	17364	17387	0.94	26.9
Bacillus_GCF_002569845.1_spacer_9	virome_phage_841	86.364	22	3	0	8	29	5245	5266	0.94	26.9
Bacillus_GCF_002569845.1_spacer_9	virome_phage_4	80.769	26	5	0	4	29	13035	13060	0.94	26.9
Bacillus_GCF_002569845.1_spacer_9	virome_phage_28	86.364	22	3	0	12	33	47685	47706	0.94	26.9
Bacillus_GCF_002569845.1_spacer_9	virome_phage_2297	83.333	24	4	0	7	30	41903	41880	0.94	26.9
Bacillus_GCF_002569845.1_spacer_9	virome_phage_2254	90.000	20	2	0	15	34	100530	100511	0.94	26.9
Bacillus_GCF_002569845.1_spacer_9	virome_phage_2239	86.364	22	3	0	12	33	652	673	0.94	26.9
Bacillus_GCF_002569845.1_spacer_9	virome_phage_16	90.000	20	2	0	11	30	47564	47545	0.94	26.9
Bacillus_GCF_002569845.1_spacer_9	total_phage_733	86.364	22	3	0	1	22	11912	11933	0.94	26.9
Bacillus_GCF_002569845.1_spacer_9	total_phage_524	75.000	32	8	0	1	32	11001	10970	0.94	26.9
Bacillus_GCF_002569845.1_spacer_9	total_phage_453	78.571	28	6	0	2	29	3138	3111	0.94	26.9
Bacillus_GCF_002569845.1_spacer_9	total_phage_453	90.000	20	2	0	10	29	23037	23018	0.94	26.9
Bacillus_GCF_002569845.1_spacer_9	total_phage_414	83.333	24	4	0	11	34	49221	49198	0.94	26.9
Bacillus_GCF_002569845.1_spacer_9	total_phage_366	75.000	32	8	0	2	33	3470	3439	0.94	26.9
Bacillus_GCF_002569845.1_spacer_9	total_phage_232	86.364	22	3	0	10	31	1779	1800	0.94	26.9
Bacillus_GCF_002569845.1_spacer_9	total_phage_189	86.364	22	3	0	1	22	9885	9906	0.94	26.9
Bacillus_GCF_002569845.1_spacer_9	total_phage_106	83.333	24	4	0	6	29	36885	36862	0.94	26.9
Bacillus_GCF_002569845.1_spacer_9	total_phage_105	73.529	34	9	0	1	34	15138	15105	0.94	26.9
Bacillus_GCF_002569845.1_spacer_10	virome_phage_759	85.185	27	4	0	9	35	27689	27715	0.042	31.7
Bacillus_GCF_002569845.1_spacer_10	virome_phage_62	77.143	35	8	0	1	35	1008	1042	0.042	31.7
Bacillus_GCF_002569845.1_spacer_10	virome_phage_82	85.185	27	4	0	9	35	7298	7272	0.042	31.7
Bacillus_GCF_002569845.1_spacer_11	total_phage_731	80.000	30	6	0	4	33	286	315	0.13	30.1
Bacillus_GCF_002569845.1_spacer_11	total_phage_111	76.471	34	8	0	3	36	49684	49651	0.13	30.1
Bacillus_GCF_002569845.1_spacer_11	virome_phage_903	90.476	21	2	0	12	32	9785	9805	0.38	28.5
Bacillus_GCF_002569845.1_spacer_13	virome_phage_745	84.615	26	4	0	6	31	46120	46145	0.13	30.1
Bacillus_GCF_002569845.1_spacer_13	virome_phage_963	90.476	21	2	0	6	26	452	472	0.38	28.5
Bacillus_GCF_002569845.1_spacer_13	virome_phage_91	77.419	31	7	0	4	34	32883	32853	0.38	28.5
Bacillus_GCF_002569845.1_spacer_13	total_phage_696	84.000	25	4	0	1	25	13207	13183	0.38	28.5
Bacillus_GCF_002569845.1_spacer_13	total_phage_655	84.000	25	4	0	1	25	25642	25618	0.38	28.5
Bacillus_GCF_002569845.1_spacer_13	total_phage_600	84.000	25	4	0	1	25	17972	17948	0.38	28.5
Bacillus_GCF_002569845.1_spacer_13	total_phage_520	84.000	25	4	0	1	25	7462	7486	0.38	28.5
Bacillus_GCF_002569845.1_spacer_14	virome_phage_59	86.957	23	3	0	5	27	10330	10308	0.31	28.5
Bacillus_GCF_002569845.1_spacer_15	virome_phage_32	95.455	22	1	0	7	28	30104	30083	0.014	33.3
Bacillus_GCF_002569845.1_spacer_15	virome_phage_799	84.000	25	4	0	12	36	8125	8101	0.38	28.5
Bacillus_GCF_002569845.1_spacer_16	virome_phage_92	90.476	21	2	0	2	22	166	186	0.38	28.5
Bacillus_GCF_002569845.1_spacer_17	virome_phage_736	79.310	29	6	0	6	34	31244	31216	0.38	28.5
Bacillus_GCF_002569845.1_spacer_18	virome_phage_1	82.143	28	5	0	2	29	52334	52361	0.13	30.1
Bacillus_GCF_002569845.1_spacer_18	virome_phage_911	75.758	33	8	0	3	35	22894	22926	0.38	28.5
Bacillus_GCF_002569845.1_spacer_18	total_phage_172	84.000	25	4	0	10	34	8514	8538	0.38	28.5
Bacillus_GCF_002569845.1_spacer_19	total_phage_231	80.645	31	6	0	6	36	47017	47047	0.042	31.7
Bacillus_GCF_002569845.1_spacer_20	virome_phage_2319	80.000	30	6	0	5	34	21125	21096	0.10	30.1
Bacillus_GCF_002569845.1_spacer_20	total_phage_297	87.500	24	3	0	3	26	9326	9303	0.10	30.1
Bacillus_GCF_002569845.1_spacer_20	total_phage_806	81.481	27	5	0	3	29	6215	6189	0.31	28.5
Bacillus_GCF_002569845.1_spacer_20	total_phage_797	81.481	27	5	0	8	34	14133	14159	0.31	28.5
Bacillus_GCF_002569845.1_spacer_20	total_phage_371	81.481	27	5	0	8	34	11589	11563	0.31	28.5
Bacillus_GCF_002569845.1_spacer_20	total_phage_360	81.481	27	5	0	8	34	19573	19599	0.31	28.5
Bacillus_GCF_002569845.1_spacer_20	total_phage_245	81.481	27	5	0	8	34	15042	15016	0.31	28.5
Bacillus_GCF_002569845.1_spacer_20	total_phage_175	81.481	27	5	0	3	29	24543	24517	0.31	28.5
Bacillus_GCF_002569845.1_spacer_20	virome_phage_932	94.444	18	1	0	5	22	13908	13925	0.94	26.9
Bacillus_GCF_002569845.1_spacer_20	virome_phage_894	83.333	24	4	0	7	30	13761	13784	0.94	26.9
Bacillus_GCF_002569845.1_spacer_20	virome_phage_88	80.769	26	5	0	1	26	10693	10668	0.94	26.9
Bacillus_GCF_002569845.1_spacer_20	virome_phage_818	80.769	26	5	0	9	34	32509	32484	0.94	26.9
Bacillus_GCF_002569845.1_spacer_20	virome_phage_817	76.667	30	7	0	1	30	29066	29095	0.94	26.9
Bacillus_GCF_002569845.1_spacer_20	virome_phage_800	80.769	26	5	0	1	26	9770	9745	0.94	26.9
Bacillus_GCF_002569845.1_spacer_20	virome_phage_734	86.364	22	3	0	3	24	273096	273075	0.94	26.9
Bacillus_GCF_002569845.1_spacer_20	virome_phage_54	83.333	24	4	0	8	31	2894	2917	0.94	26.9
Bacillus_GCF_002569845.1_spacer_20	virome_phage_27	78.571	28	6	0	5	32	36977	36950	0.94	26.9
Bacillus_GCF_002569845.1_spacer_20	total_phage_803	76.667	30	7	0	1	30	28800	28771	0.94	26.9
Bacillus_GCF_002569845.1_spacer_20	total_phage_796	80.769	26	5	0	1	26	4015	4040	0.94	26.9
Bacillus_GCF_002569845.1_spacer_20	total_phage_114	90.000	20	2	0	1	20	23591	23610	0.94	26.9
Bacillus_GCF_002569845.1_spacer_21	virome_phage_82	91.667	24	2	0	9	32	7570	7547	0.014	33.3
Bacillus_GCF_002569845.1_spacer_21	virome_phage_759	91.667	24	2	0	9	32	27417	27440	0.014	33.3
Bacillus_GCF_002569845.1_spacer_21	virome_phage_57	90.909	22	2	0	5	26	20370	20349	0.13	30.1
Bacillus_GCF_002569845.1_spacer_22	virome_phage_822	79.310	29	6	0	2	30	17567	17539	0.31	28.5
Bacillus_GCF_002569845.1_spacer_22	virome_phage_819	79.310	29	6	0	2	30	19643	19671	0.31	28.5
Bacillus_GCF_002569845.1_spacer_22	virome_phage_81	79.310	29	6	0	2	30	17748	17720	0.31	28.5
Bacillus_GCF_002569845.1_spacer_22	virome_phage_2356	79.310	29	6	0	2	30	7124	7152	0.31	28.5
Bacillus_GCF_002569845.1_spacer_22	total_phage_731	86.957	23	3	0	1	23	128580	128558	0.31	28.5
Bacillus_GCF_002569845.1_spacer_23	total_phage_413	81.481	27	5	0	1	27	89236	89210	0.38	28.5
Bacillus_GCF_002569845.1_spacer_24	virome_phage_864	74.286	35	9	0	1	35	27857	27823	0.38	28.5
Bacillus_GCF_002569845.1_spacer_25	virome_phage_912	85.714	28	4	0	1	28	21347	21374	0.014	33.3
Bacillus_GCF_002569845.1_spacer_25	virome_phage_2304	85.714	28	4	0	1	28	40496	40523	0.014	33.3
Bacillus_GCF_002569845.1_spacer_25	virome_phage_859	86.957	23	3	0	12	34	8961	8983	0.38	28.5
Bacillus_GCF_002569845.1_spacer_25	virome_phage_2333	84.000	25	4	0	10	34	3915	3891	0.38	28.5
Bacillus_GCF_002569845.1_spacer_25	total_phage_653	81.481	27	5	0	1	27	5807	5833	0.38	28.5
Bacillus_GCF_002569845.1_spacer_25	total_phage_308	86.957	23	3	0	4	26	11309	11331	0.38	28.5
