Bacillus_GCF_022637375.1_spacer_0	virome_phage_824	80.435	46	9	0	1	46	11776	11821	5.33e-06	46.0
Bacillus_GCF_022637375.1_spacer_0	virome_phage_824	78.788	33	7	0	1	33	11812	11844	0.10	31.7
Bacillus_GCF_022637375.1_spacer_0	virome_phage_2368	71.739	46	13	0	1	46	3345	3390	0.035	33.3
Bacillus_GCF_022637375.1_spacer_0	virome_phage_2368	71.429	42	12	0	1	42	1401	1442	0.31	30.1
Bacillus_GCF_022637375.1_spacer_0	virome_phage_2368	71.795	39	11	0	1	39	3276	3314	0.94	28.5
Bacillus_GCF_022637375.1_spacer_0	virome_phage_145	71.739	46	13	0	1	46	17607	17562	0.035	33.3
Bacillus_GCF_022637375.1_spacer_0	virome_phage_145	74.359	39	10	0	1	39	17676	17638	0.10	31.7
Bacillus_GCF_022637375.1_spacer_0	virome_phage_145	86.957	23	3	0	20	42	19532	19510	0.94	28.5
Bacillus_GCF_022637375.1_spacer_0	virome_phage_14	72.500	40	11	0	2	41	31439	31478	0.31	30.1
Bacillus_GCF_022637375.1_spacer_0	virome_phage_2411	69.565	46	14	0	1	46	6069	6024	0.31	30.1
Bacillus_GCF_022637375.1_spacer_0	virome_phage_176	69.565	46	14	0	1	46	5970	5925	0.31	30.1
Bacillus_GCF_022637375.1_spacer_0	virome_phage_864	79.310	29	6	0	17	45	4352	4380	0.94	28.5
Bacillus_GCF_022637375.1_spacer_0	virome_phage_2282	68.889	45	14	0	1	45	37832	37788	0.94	28.5
Bacillus_GCF_022637375.1_spacer_1	virome_phage_824	79.167	48	10	0	26	73	11774	11821	1.42e-05	46.0
Bacillus_GCF_022637375.1_spacer_1	virome_phage_824	77.551	49	11	0	2	50	11786	11834	4.27e-05	44.4
Bacillus_GCF_022637375.1_spacer_1	virome_phage_824	67.857	56	18	0	11	66	11849	11904	0.093	33.3
Bacillus_GCF_022637375.1_spacer_1	virome_phage_145	75.510	49	12	0	11	59	17588	17540	3.84e-04	41.2
Bacillus_GCF_022637375.1_spacer_1	virome_phage_145	71.429	56	16	0	11	66	19532	19477	0.001	39.6
Bacillus_GCF_022637375.1_spacer_1	virome_phage_145	75.556	45	11	0	29	73	17606	17562	0.003	38.0
Bacillus_GCF_022637375.1_spacer_1	virome_phage_145	68.519	54	17	0	20	73	18332	18279	0.093	33.3
Bacillus_GCF_022637375.1_spacer_1	virome_phage_145	72.500	40	11	0	20	59	19754	19715	0.84	30.1
Bacillus_GCF_022637375.1_spacer_1	virome_phage_2368	71.429	56	16	0	11	66	1420	1475	0.001	39.6
Bacillus_GCF_022637375.1_spacer_1	virome_phage_2368	75.556	45	11	0	29	73	3346	3390	0.003	38.0
Bacillus_GCF_022637375.1_spacer_1	virome_phage_2368	73.469	49	13	0	11	59	3364	3412	0.003	38.0
Bacillus_GCF_022637375.1_spacer_1	virome_phage_2368	66.667	54	18	0	20	73	2620	2673	0.84	30.1
Bacillus_GCF_022637375.1_spacer_1	virome_phage_5	68.254	63	20	0	11	73	28111	28173	0.003	38.0
Bacillus_GCF_022637375.1_spacer_1	virome_phage_5	86.667	30	4	0	19	48	28155	28184	0.010	36.5
Bacillus_GCF_022637375.1_spacer_1	virome_phage_5	75.000	40	10	0	18	57	29090	29129	0.093	33.3
Bacillus_GCF_022637375.1_spacer_1	virome_phage_5	65.574	61	21	0	11	71	29884	29944	0.28	31.7
Bacillus_GCF_022637375.1_spacer_1	virome_phage_52	72.917	48	13	0	11	58	44065	44112	0.010	36.5
Bacillus_GCF_022637375.1_spacer_1	virome_phage_52	72.340	47	13	0	26	72	44179	44225	0.031	34.9
Bacillus_GCF_022637375.1_spacer_1	virome_phage_876	66.667	63	21	0	10	72	21215	21153	0.031	34.9
Bacillus_GCF_022637375.1_spacer_1	virome_phage_2282	72.340	47	13	0	11	57	37867	37821	0.031	34.9
Bacillus_GCF_022637375.1_spacer_1	virome_phage_2282	80.000	30	6	0	43	72	37817	37788	0.84	30.1
Bacillus_GCF_022637375.1_spacer_1	virome_phage_1	70.833	48	14	0	6	53	219906	219859	0.093	33.3
Bacillus_GCF_022637375.1_spacer_1	virome_phage_1	71.111	45	13	0	29	73	219919	219875	0.28	31.7
Bacillus_GCF_022637375.1_spacer_1	virome_phage_1	66.667	57	19	0	11	67	221026	220970	0.28	31.7
Bacillus_GCF_022637375.1_spacer_1	virome_phage_1	68.000	50	16	0	20	69	220981	220932	0.84	30.1
Bacillus_GCF_022637375.1_spacer_1	virome_phage_786	67.273	55	18	0	19	73	34961	35015	0.28	31.7
Bacillus_GCF_022637375.1_spacer_1	virome_phage_152	63.014	73	27	0	1	73	6514	6586	0.28	31.7
Bacillus_GCF_022637375.1_spacer_1	virome_phage_803	68.627	51	16	0	19	69	35333	35283	0.28	31.7
Bacillus_GCF_022637375.1_spacer_1	virome_phage_803	80.000	30	6	0	11	40	35305	35276	0.84	30.1
Bacillus_GCF_022637375.1_spacer_1	virome_phage_780	66.667	57	19	0	1	57	21418	21362	0.28	31.7
Bacillus_GCF_022637375.1_spacer_2	virome_phage_824	77.778	36	8	0	1	36	11785	11820	0.016	33.3
Bacillus_GCF_022637375.1_spacer_2	virome_phage_5	81.250	32	6	0	2	33	29101	29132	0.016	33.3
Bacillus_GCF_022637375.1_spacer_2	virome_phage_5	77.143	35	8	0	1	35	28389	28423	0.049	31.7
Bacillus_GCF_022637375.1_spacer_2	virome_phage_2368	82.143	28	5	0	9	36	3362	3389	0.15	30.1
Bacillus_GCF_022637375.1_spacer_2	virome_phage_2368	75.758	33	8	0	1	33	1410	1442	0.44	28.5
Bacillus_GCF_022637375.1_spacer_2	virome_phage_14	78.125	32	7	0	1	32	31447	31478	0.15	30.1
Bacillus_GCF_022637375.1_spacer_2	virome_phage_145	82.143	28	5	0	9	36	17590	17563	0.15	30.1
Bacillus_GCF_022637375.1_spacer_2	virome_phage_145	75.758	33	8	0	1	33	19542	19510	0.44	28.5
Bacillus_GCF_022637375.1_spacer_2	virome_phage_2282	77.419	31	7	0	7	37	37817	37787	0.44	28.5
Bacillus_GCF_022637375.1_spacer_3	virome_phage_847	74.359	39	10	0	4	42	30892	30854	0.16	31.7
Bacillus_GCF_022637375.1_spacer_3	virome_phage_80	84.615	26	4	0	20	45	7191	7216	0.48	30.1
Bacillus_GCF_022637375.1_spacer_4	virome_phage_824	80.435	46	9	0	1	46	11776	11821	5.33e-06	46.0
Bacillus_GCF_022637375.1_spacer_4	virome_phage_824	78.788	33	7	0	1	33	11812	11844	0.10	31.7
Bacillus_GCF_022637375.1_spacer_4	virome_phage_2368	71.739	46	13	0	1	46	3345	3390	0.035	33.3
Bacillus_GCF_022637375.1_spacer_4	virome_phage_2368	71.429	42	12	0	1	42	1401	1442	0.31	30.1
Bacillus_GCF_022637375.1_spacer_4	virome_phage_2368	71.795	39	11	0	1	39	3276	3314	0.94	28.5
Bacillus_GCF_022637375.1_spacer_4	virome_phage_145	71.739	46	13	0	1	46	17607	17562	0.035	33.3
Bacillus_GCF_022637375.1_spacer_4	virome_phage_145	74.359	39	10	0	1	39	17676	17638	0.10	31.7
Bacillus_GCF_022637375.1_spacer_4	virome_phage_145	86.957	23	3	0	20	42	19532	19510	0.94	28.5
Bacillus_GCF_022637375.1_spacer_4	virome_phage_14	72.500	40	11	0	2	41	31439	31478	0.31	30.1
Bacillus_GCF_022637375.1_spacer_4	virome_phage_2411	69.565	46	14	0	1	46	6069	6024	0.31	30.1
Bacillus_GCF_022637375.1_spacer_4	virome_phage_176	69.565	46	14	0	1	46	5970	5925	0.31	30.1
Bacillus_GCF_022637375.1_spacer_4	virome_phage_864	79.310	29	6	0	17	45	4352	4380	0.94	28.5
Bacillus_GCF_022637375.1_spacer_4	virome_phage_2282	68.889	45	14	0	1	45	37832	37788	0.94	28.5
Bacillus_GCF_022637375.1_spacer_5	virome_phage_824	80.556	36	7	0	1	36	11776	11811	0.002	36.5
Bacillus_GCF_022637375.1_spacer_5	virome_phage_824	78.788	33	7	0	1	33	11812	11844	0.049	31.7
Bacillus_GCF_022637375.1_spacer_5	virome_phage_145	72.973	37	10	0	1	37	17676	17640	0.44	28.5
Bacillus_GCF_022637375.1_spacer_6	virome_phage_824	78.571	42	9	0	1	42	11776	11817	4.32e-04	39.6
Bacillus_GCF_022637375.1_spacer_6	virome_phage_824	75.758	33	8	0	1	33	11812	11844	0.94	28.5
Bacillus_GCF_022637375.1_spacer_6	virome_phage_2368	73.810	42	11	0	1	42	3345	3386	0.035	33.3
Bacillus_GCF_022637375.1_spacer_6	virome_phage_2368	86.957	23	3	0	20	42	1420	1442	0.94	28.5
Bacillus_GCF_022637375.1_spacer_6	virome_phage_2368	71.795	39	11	0	1	39	3276	3314	0.94	28.5
Bacillus_GCF_022637375.1_spacer_6	virome_phage_145	73.810	42	11	0	1	42	17607	17566	0.035	33.3
Bacillus_GCF_022637375.1_spacer_6	virome_phage_145	74.359	39	10	0	1	39	17676	17638	0.10	31.7
Bacillus_GCF_022637375.1_spacer_6	virome_phage_145	86.957	23	3	0	20	42	19532	19510	0.94	28.5
Bacillus_GCF_022637375.1_spacer_6	virome_phage_1	72.500	40	11	0	1	40	217097	217058	0.31	30.1
Bacillus_GCF_022637375.1_spacer_6	virome_phage_1	70.732	41	12	0	1	41	219920	219880	0.94	28.5
Bacillus_GCF_022637375.1_spacer_6	virome_phage_11	84.000	25	4	0	10	34	99939	99963	0.94	28.5
Bacillus_GCF_022637375.1_spacer_7	virome_phage_784	94.444	18	1	0	6	23	23088	23071	0.76	26.9
Bacillus_GCF_022637375.1_spacer_8	virome_phage_824	78.261	46	10	0	1	46	11776	11821	4.80e-05	42.8
Bacillus_GCF_022637375.1_spacer_8	virome_phage_824	81.818	33	6	0	1	33	11812	11844	0.012	34.9
Bacillus_GCF_022637375.1_spacer_8	virome_phage_5	78.049	41	9	0	6	46	29096	29136	0.001	38.0
Bacillus_GCF_022637375.1_spacer_8	virome_phage_2411	71.739	46	13	0	1	46	6069	6024	0.035	33.3
Bacillus_GCF_022637375.1_spacer_8	virome_phage_2368	71.739	46	13	0	1	46	3345	3390	0.035	33.3
Bacillus_GCF_022637375.1_spacer_8	virome_phage_2368	71.795	39	11	0	1	39	3276	3314	0.94	28.5
Bacillus_GCF_022637375.1_spacer_8	virome_phage_176	71.739	46	13	0	1	46	5970	5925	0.035	33.3
Bacillus_GCF_022637375.1_spacer_8	virome_phage_145	71.739	46	13	0	1	46	17607	17562	0.035	33.3
Bacillus_GCF_022637375.1_spacer_8	virome_phage_145	74.359	39	10	0	1	39	17676	17638	0.10	31.7
Bacillus_GCF_022637375.1_spacer_8	virome_phage_1	72.500	40	11	0	1	40	217097	217058	0.31	30.1
Bacillus_GCF_022637375.1_spacer_8	virome_phage_786	75.758	33	8	0	1	33	34622	34654	0.94	28.5
Bacillus_GCF_022637375.1_spacer_8	virome_phage_2402	86.957	23	3	0	19	41	5167	5189	0.94	28.5
Bacillus_GCF_022637375.1_spacer_8	virome_phage_2382	69.767	43	13	0	2	44	7538	7580	0.94	28.5
Bacillus_GCF_022637375.1_spacer_9	virome_phage_5	80.769	26	5	0	2	27	29101	29126	0.76	26.9
Bacillus_GCF_022637375.1_spacer_10	virome_phage_824	80.435	46	9	0	1	46	11776	11821	5.33e-06	46.0
Bacillus_GCF_022637375.1_spacer_10	virome_phage_824	78.788	33	7	0	1	33	11812	11844	0.10	31.7
Bacillus_GCF_022637375.1_spacer_10	virome_phage_2368	76.087	46	11	0	1	46	3345	3390	4.32e-04	39.6
Bacillus_GCF_022637375.1_spacer_10	virome_phage_2368	74.359	39	10	0	1	39	3276	3314	0.10	31.7
Bacillus_GCF_022637375.1_spacer_10	virome_phage_2368	80.000	30	6	0	1	30	1089	1118	0.31	30.1
Bacillus_GCF_022637375.1_spacer_10	virome_phage_2368	71.429	42	12	0	1	42	1401	1442	0.31	30.1
Bacillus_GCF_022637375.1_spacer_10	virome_phage_145	76.087	46	11	0	1	46	17607	17562	4.32e-04	39.6
Bacillus_GCF_022637375.1_spacer_10	virome_phage_145	76.923	39	9	0	1	39	17676	17638	0.012	34.9
Bacillus_GCF_022637375.1_spacer_10	virome_phage_145	72.500	40	11	0	1	40	20088	20049	0.31	30.1
Bacillus_GCF_022637375.1_spacer_10	virome_phage_145	86.957	23	3	0	20	42	19532	19510	0.94	28.5
Bacillus_GCF_022637375.1_spacer_10	virome_phage_1	73.171	41	11	0	1	41	219920	219880	0.10	31.7
Bacillus_GCF_022637375.1_spacer_10	virome_phage_1	72.500	40	11	0	1	40	217097	217058	0.31	30.1
Bacillus_GCF_022637375.1_spacer_10	virome_phage_865	73.684	38	10	0	4	41	31074	31037	0.31	30.1
Bacillus_GCF_022637375.1_spacer_10	virome_phage_14	76.471	34	8	0	1	34	31465	31498	0.31	30.1
Bacillus_GCF_022637375.1_spacer_10	virome_phage_741	94.737	19	1	0	1	19	6318	6300	0.94	28.5
Bacillus_GCF_022637375.1_spacer_11	virome_phage_5	81.250	32	6	0	2	33	29101	29132	0.016	33.3
Bacillus_GCF_022637375.1_spacer_11	virome_phage_2368	85.185	27	4	0	11	37	3364	3390	0.049	31.7
Bacillus_GCF_022637375.1_spacer_11	virome_phage_145	85.185	27	4	0	11	37	17588	17562	0.049	31.7
Bacillus_GCF_022637375.1_spacer_11	virome_phage_824	75.000	36	9	0	2	37	11786	11821	0.15	30.1
Bacillus_GCF_022637375.1_spacer_11	virome_phage_52	74.286	35	9	0	1	35	44406	44440	0.44	28.5
Bacillus_GCF_022637375.1_spacer_11	virome_phage_2402	86.957	23	3	0	10	32	5167	5189	0.44	28.5
Bacillus_GCF_022637375.1_spacer_11	virome_phage_1	90.476	21	2	0	11	31	217078	217058	0.44	28.5
Bacillus_GCF_022637375.1_spacer_12	virome_phage_786	78.788	33	7	0	1	33	34622	34654	0.049	31.7
Bacillus_GCF_022637375.1_spacer_12	virome_phage_152	77.143	35	8	0	2	36	7328	7362	0.049	31.7
Bacillus_GCF_022637375.1_spacer_12	virome_phage_906	79.310	29	6	0	3	31	6582	6554	0.44	28.5
Bacillus_GCF_022637375.1_spacer_12	virome_phage_824	75.758	33	8	0	1	33	11812	11844	0.44	28.5
Bacillus_GCF_022637375.1_spacer_12	virome_phage_772	86.957	23	3	0	14	36	37090	37112	0.44	28.5
Bacillus_GCF_022637375.1_spacer_13	virome_phage_824	78.261	46	10	0	1	46	11776	11821	4.80e-05	42.8
Bacillus_GCF_022637375.1_spacer_13	virome_phage_824	81.818	33	6	0	1	33	11812	11844	0.012	34.9
Bacillus_GCF_022637375.1_spacer_13	virome_phage_5	78.049	41	9	0	6	46	29096	29136	0.001	38.0
Bacillus_GCF_022637375.1_spacer_13	virome_phage_2411	71.739	46	13	0	1	46	6069	6024	0.035	33.3
Bacillus_GCF_022637375.1_spacer_13	virome_phage_2368	71.739	46	13	0	1	46	3345	3390	0.035	33.3
Bacillus_GCF_022637375.1_spacer_13	virome_phage_2368	71.795	39	11	0	1	39	3276	3314	0.94	28.5
Bacillus_GCF_022637375.1_spacer_13	virome_phage_176	71.739	46	13	0	1	46	5970	5925	0.035	33.3
Bacillus_GCF_022637375.1_spacer_13	virome_phage_145	71.739	46	13	0	1	46	17607	17562	0.035	33.3
Bacillus_GCF_022637375.1_spacer_13	virome_phage_145	74.359	39	10	0	1	39	17676	17638	0.10	31.7
Bacillus_GCF_022637375.1_spacer_13	virome_phage_1	72.500	40	11	0	1	40	217097	217058	0.31	30.1
Bacillus_GCF_022637375.1_spacer_13	virome_phage_786	75.758	33	8	0	1	33	34622	34654	0.94	28.5
Bacillus_GCF_022637375.1_spacer_13	virome_phage_2402	86.957	23	3	0	19	41	5167	5189	0.94	28.5
Bacillus_GCF_022637375.1_spacer_13	virome_phage_2382	69.767	43	13	0	2	44	7538	7580	0.94	28.5
Bacillus_GCF_022637375.1_spacer_14	virome_phage_5	80.769	26	5	0	2	27	29101	29126	0.76	26.9
Bacillus_GCF_022637375.1_spacer_15	virome_phage_824	80.435	46	9	0	1	46	11776	11821	5.33e-06	46.0
Bacillus_GCF_022637375.1_spacer_15	virome_phage_824	78.788	33	7	0	1	33	11812	11844	0.10	31.7
Bacillus_GCF_022637375.1_spacer_15	virome_phage_2368	76.087	46	11	0	1	46	3345	3390	4.32e-04	39.6
Bacillus_GCF_022637375.1_spacer_15	virome_phage_2368	74.359	39	10	0	1	39	3276	3314	0.10	31.7
Bacillus_GCF_022637375.1_spacer_15	virome_phage_2368	80.000	30	6	0	1	30	1089	1118	0.31	30.1
Bacillus_GCF_022637375.1_spacer_15	virome_phage_2368	71.429	42	12	0	1	42	1401	1442	0.31	30.1
Bacillus_GCF_022637375.1_spacer_15	virome_phage_145	76.087	46	11	0	1	46	17607	17562	4.32e-04	39.6
Bacillus_GCF_022637375.1_spacer_15	virome_phage_145	76.923	39	9	0	1	39	17676	17638	0.012	34.9
Bacillus_GCF_022637375.1_spacer_15	virome_phage_145	72.500	40	11	0	1	40	20088	20049	0.31	30.1
Bacillus_GCF_022637375.1_spacer_15	virome_phage_145	86.957	23	3	0	20	42	19532	19510	0.94	28.5
Bacillus_GCF_022637375.1_spacer_15	virome_phage_1	73.171	41	11	0	1	41	219920	219880	0.10	31.7
Bacillus_GCF_022637375.1_spacer_15	virome_phage_1	72.500	40	11	0	1	40	217097	217058	0.31	30.1
Bacillus_GCF_022637375.1_spacer_15	virome_phage_865	73.684	38	10	0	4	41	31074	31037	0.31	30.1
Bacillus_GCF_022637375.1_spacer_15	virome_phage_14	76.471	34	8	0	1	34	31465	31498	0.31	30.1
Bacillus_GCF_022637375.1_spacer_15	virome_phage_741	94.737	19	1	0	1	19	6318	6300	0.94	28.5
Bacillus_GCF_022637375.1_spacer_16	virome_phage_5	77.778	36	8	0	2	37	29101	29136	0.016	33.3
Bacillus_GCF_022637375.1_spacer_16	virome_phage_772	86.957	23	3	0	5	27	37090	37112	0.44	28.5
Bacillus_GCF_022637375.1_spacer_17	virome_phage_824	78.788	33	7	0	1	33	11812	11844	0.049	31.7
Bacillus_GCF_022637375.1_spacer_17	virome_phage_824	75.000	36	9	0	1	36	11776	11811	0.15	30.1
Bacillus_GCF_022637375.1_spacer_17	virome_phage_786	75.758	33	8	0	1	33	34622	34654	0.44	28.5
Bacillus_GCF_022637375.1_spacer_17	virome_phage_772	86.957	23	3	0	14	36	37090	37112	0.44	28.5
Bacillus_GCF_022637375.1_spacer_17	virome_phage_152	74.286	35	9	0	2	36	7328	7362	0.44	28.5
Bacillus_GCF_022637375.1_spacer_17	virome_phage_741	94.737	19	1	0	1	19	6318	6300	0.44	28.5
Bacillus_GCF_022637375.1_spacer_18	virome_phage_772	86.957	23	3	0	5	27	37090	37112	0.25	28.5
Bacillus_GCF_022637375.1_spacer_18	virome_phage_2295	100.000	16	0	0	7	22	21817	21832	0.76	26.9
Bacillus_GCF_022637375.1_spacer_19	virome_phage_824	86.957	23	3	0	1	23	11776	11798	0.25	28.5
Bacillus_GCF_022637375.1_spacer_19	virome_phage_824	86.957	23	3	0	1	23	11812	11834	0.25	28.5
Bacillus_GCF_022637375.1_spacer_19	virome_phage_145	83.333	24	4	0	1	24	17490	17467	0.76	26.9
Bacillus_GCF_022637375.1_spacer_19	virome_phage_145	78.571	28	6	0	1	28	19470	19443	0.76	26.9
Bacillus_GCF_022637375.1_spacer_19	virome_phage_46	90.000	20	2	0	9	28	44802	44821	0.76	26.9
Bacillus_GCF_022637375.1_spacer_19	virome_phage_2368	78.571	28	6	0	1	28	1482	1509	0.76	26.9
Bacillus_GCF_022637375.1_spacer_19	virome_phage_2368	83.333	24	4	0	1	24	3462	3485	0.76	26.9
Bacillus_GCF_022637375.1_spacer_20	virome_phage_772	86.957	23	3	0	5	27	37090	37112	0.25	28.5
Bacillus_GCF_022637375.1_spacer_20	virome_phage_2295	100.000	16	0	0	7	22	21817	21832	0.76	26.9
Bacillus_GCF_022637375.1_spacer_21	virome_phage_2368	73.913	46	12	0	10	55	1428	1473	0.006	36.5
Bacillus_GCF_022637375.1_spacer_21	virome_phage_2368	66.667	54	18	0	2	55	1117	1170	0.48	30.1
Bacillus_GCF_022637375.1_spacer_21	virome_phage_2368	69.565	46	14	0	10	55	1464	1509	0.48	30.1
Bacillus_GCF_022637375.1_spacer_21	virome_phage_2368	71.429	42	12	0	9	50	3371	3412	0.48	30.1
Bacillus_GCF_022637375.1_spacer_21	virome_phage_145	73.913	46	12	0	10	55	19524	19479	0.006	36.5
Bacillus_GCF_022637375.1_spacer_21	virome_phage_145	73.810	42	11	0	9	50	17581	17540	0.054	33.3
Bacillus_GCF_022637375.1_spacer_21	virome_phage_145	69.565	46	14	0	10	55	19488	19443	0.48	30.1
Bacillus_GCF_022637375.1_spacer_21	virome_phage_52	81.818	33	6	0	1	33	44064	44096	0.018	34.9
Bacillus_GCF_022637375.1_spacer_21	virome_phage_52	82.143	28	5	0	16	43	44439	44466	0.48	30.1
Bacillus_GCF_022637375.1_spacer_21	virome_phage_5	76.923	39	9	0	2	40	28435	28473	0.018	34.9
Bacillus_GCF_022637375.1_spacer_21	virome_phage_5	73.810	42	11	0	10	51	29118	29159	0.054	33.3
Bacillus_GCF_022637375.1_spacer_21	virome_phage_5	69.388	49	15	0	2	50	28963	29011	0.16	31.7
Bacillus_GCF_022637375.1_spacer_21	virome_phage_824	79.412	34	7	0	17	50	11765	11798	0.054	33.3
Bacillus_GCF_022637375.1_spacer_21	virome_phage_2342	71.739	46	13	0	10	55	19665	19620	0.054	33.3
Bacillus_GCF_022637375.1_spacer_21	virome_phage_1	69.231	52	16	0	3	54	220278	220227	0.054	33.3
Bacillus_GCF_022637375.1_spacer_21	virome_phage_865	85.185	27	4	0	20	46	26329	26303	0.16	31.7
Bacillus_GCF_022637375.1_spacer_22	virome_phage_772	86.957	23	3	0	5	27	37090	37112	0.25	28.5
Bacillus_GCF_022637375.1_spacer_22	virome_phage_2295	100.000	16	0	0	7	22	21817	21832	0.76	26.9
Bacillus_GCF_022637375.1_spacer_23	virome_phage_5	80.769	26	5	0	2	27	29101	29126	0.76	26.9
Bacillus_GCF_022637375.1_spacer_24	virome_phage_52	84.211	38	6	0	2	39	44065	44102	7.36e-05	42.8
Bacillus_GCF_022637375.1_spacer_24	virome_phage_52	72.727	44	12	0	10	53	44307	44350	0.054	33.3
Bacillus_GCF_022637375.1_spacer_24	virome_phage_906	75.000	40	10	0	10	49	6593	6554	0.054	33.3
Bacillus_GCF_022637375.1_spacer_24	virome_phage_786	81.250	32	6	0	20	51	34623	34654	0.054	33.3
Bacillus_GCF_022637375.1_spacer_24	virome_phage_153	70.000	50	15	0	2	51	5526	5575	0.054	33.3
Bacillus_GCF_022637375.1_spacer_24	virome_phage_2382	67.925	53	17	0	2	54	7130	7182	0.16	31.7
Bacillus_GCF_022637375.1_spacer_24	virome_phage_2382	70.455	44	13	0	11	54	6896	6939	0.48	30.1
Bacillus_GCF_022637375.1_spacer_24	virome_phage_2382	72.500	40	11	0	11	50	6959	6998	0.48	30.1
Bacillus_GCF_022637375.1_spacer_24	virome_phage_5	66.667	54	18	0	1	54	28398	28451	0.48	30.1
Bacillus_GCF_022637375.1_spacer_25	virome_phage_772	86.957	23	3	0	5	27	37090	37112	0.25	28.5
Bacillus_GCF_022637375.1_spacer_25	virome_phage_2295	100.000	16	0	0	7	22	21817	21832	0.76	26.9
