Bacillus_GCF_016758535.1_spacer_0	virome_phage_858	81.481	27	5	0	2	28	22208	22182	0.63	28.5
Bacillus_GCF_016758535.1_spacer_0	virome_phage_736	84.000	25	4	0	1	25	172715	172691	0.63	28.5
Bacillus_GCF_016758535.1_spacer_0	virome_phage_2297	81.481	27	5	0	2	28	37059	37085	0.63	28.5
Bacillus_GCF_016758535.1_spacer_0	virome_phage_2281	86.957	23	3	0	15	37	12304	12282	0.63	28.5
Bacillus_GCF_016758535.1_spacer_0	total_phage_239	81.481	27	5	0	2	28	95	69	0.63	28.5
Bacillus_GCF_016758535.1_spacer_0	total_phage_233	81.481	27	5	0	2	28	52049	52075	0.63	28.5
Bacillus_GCF_016758535.1_spacer_1	virome_phage_2323	91.304	23	2	0	19	41	21293	21315	0.070	31.7
Bacillus_GCF_016758535.1_spacer_1	virome_phage_840	87.500	24	3	0	12	35	30817	30794	0.21	30.1
Bacillus_GCF_016758535.1_spacer_2	virome_phage_5	81.818	33	6	0	5	37	28978	29010	0.016	34.9
Bacillus_GCF_016758535.1_spacer_2	virome_phage_2368	81.818	33	6	0	5	37	1471	1503	0.016	34.9
Bacillus_GCF_016758535.1_spacer_2	virome_phage_145	81.818	33	6	0	5	37	19481	19449	0.016	34.9
Bacillus_GCF_016758535.1_spacer_2	virome_phage_824	81.250	32	6	0	7	38	11758	11789	0.047	33.3
Bacillus_GCF_016758535.1_spacer_2	virome_phage_824	80.000	30	6	0	8	37	11804	11833	0.42	30.1
Bacillus_GCF_016758535.1_spacer_2	virome_phage_94	74.359	39	10	0	14	52	5393	5431	0.14	31.7
Bacillus_GCF_016758535.1_spacer_2	virome_phage_94	74.359	39	10	0	14	52	5402	5440	0.14	31.7
Bacillus_GCF_016758535.1_spacer_2	virome_phage_94	74.359	39	10	0	14	52	5411	5449	0.14	31.7
Bacillus_GCF_016758535.1_spacer_2	virome_phage_94	74.359	39	10	0	14	52	5420	5458	0.14	31.7
Bacillus_GCF_016758535.1_spacer_2	virome_phage_94	74.359	39	10	0	14	52	5429	5467	0.14	31.7
Bacillus_GCF_016758535.1_spacer_2	virome_phage_94	74.359	39	10	0	14	52	5438	5476	0.14	31.7
Bacillus_GCF_016758535.1_spacer_2	virome_phage_94	80.645	31	6	0	14	44	5456	5486	0.14	31.7
Bacillus_GCF_016758535.1_spacer_2	virome_phage_906	74.359	39	10	0	14	52	19729	19767	0.14	31.7
Bacillus_GCF_016758535.1_spacer_2	virome_phage_906	74.359	39	10	0	14	52	19738	19776	0.14	31.7
Bacillus_GCF_016758535.1_spacer_2	virome_phage_906	74.359	39	10	0	14	52	19747	19785	0.14	31.7
Bacillus_GCF_016758535.1_spacer_2	virome_phage_906	74.359	39	10	0	14	52	19756	19794	0.14	31.7
Bacillus_GCF_016758535.1_spacer_2	virome_phage_906	74.359	39	10	0	14	52	19765	19803	0.14	31.7
Bacillus_GCF_016758535.1_spacer_2	virome_phage_906	74.359	39	10	0	14	52	19807	19845	0.14	31.7
Bacillus_GCF_016758535.1_spacer_2	virome_phage_906	74.359	39	10	0	14	52	19816	19854	0.14	31.7
Bacillus_GCF_016758535.1_spacer_2	virome_phage_906	74.359	39	10	0	14	52	19825	19863	0.14	31.7
Bacillus_GCF_016758535.1_spacer_2	virome_phage_906	74.359	39	10	0	14	52	19834	19872	0.14	31.7
Bacillus_GCF_016758535.1_spacer_2	virome_phage_906	74.359	39	10	0	14	52	21906	21944	0.14	31.7
Bacillus_GCF_016758535.1_spacer_2	virome_phage_906	74.359	39	10	0	14	52	21915	21953	0.14	31.7
Bacillus_GCF_016758535.1_spacer_2	virome_phage_906	74.359	39	10	0	14	52	21924	21962	0.14	31.7
Bacillus_GCF_016758535.1_spacer_2	virome_phage_906	74.359	39	10	0	14	52	21933	21971	0.14	31.7
Bacillus_GCF_016758535.1_spacer_2	virome_phage_906	84.615	26	4	0	14	39	19783	19808	0.42	30.1
Bacillus_GCF_016758535.1_spacer_2	virome_phage_906	84.615	26	4	0	14	39	21951	21976	0.42	30.1
Bacillus_GCF_016758535.1_spacer_2	virome_phage_81	87.500	24	3	0	13	36	22693	22670	0.42	30.1
Bacillus_GCF_016758535.1_spacer_2	virome_phage_786	84.615	26	4	0	4	29	39203	39178	0.42	30.1
Bacillus_GCF_016758535.1_spacer_2	virome_phage_55	73.684	38	10	0	1	38	4234	4197	0.42	30.1
Bacillus_GCF_016758535.1_spacer_2	virome_phage_52	87.500	24	3	0	8	31	44047	44070	0.42	30.1
Bacillus_GCF_016758535.1_spacer_2	virome_phage_2274	87.500	24	3	0	13	36	14735	14758	0.42	30.1
Bacillus_GCF_016758535.1_spacer_3	virome_phage_5	81.818	33	6	0	5	37	28978	29010	0.016	34.9
Bacillus_GCF_016758535.1_spacer_3	virome_phage_2368	81.818	33	6	0	5	37	1471	1503	0.016	34.9
Bacillus_GCF_016758535.1_spacer_3	virome_phage_145	81.818	33	6	0	5	37	19481	19449	0.016	34.9
Bacillus_GCF_016758535.1_spacer_3	virome_phage_824	81.250	32	6	0	7	38	11758	11789	0.047	33.3
Bacillus_GCF_016758535.1_spacer_3	virome_phage_824	80.000	30	6	0	8	37	11804	11833	0.42	30.1
Bacillus_GCF_016758535.1_spacer_3	virome_phage_94	74.359	39	10	0	14	52	5393	5431	0.14	31.7
Bacillus_GCF_016758535.1_spacer_3	virome_phage_94	74.359	39	10	0	14	52	5402	5440	0.14	31.7
Bacillus_GCF_016758535.1_spacer_3	virome_phage_94	74.359	39	10	0	14	52	5411	5449	0.14	31.7
Bacillus_GCF_016758535.1_spacer_3	virome_phage_94	74.359	39	10	0	14	52	5420	5458	0.14	31.7
Bacillus_GCF_016758535.1_spacer_3	virome_phage_94	74.359	39	10	0	14	52	5429	5467	0.14	31.7
Bacillus_GCF_016758535.1_spacer_3	virome_phage_94	74.359	39	10	0	14	52	5438	5476	0.14	31.7
Bacillus_GCF_016758535.1_spacer_3	virome_phage_94	80.645	31	6	0	14	44	5456	5486	0.14	31.7
Bacillus_GCF_016758535.1_spacer_3	virome_phage_906	74.359	39	10	0	14	52	19729	19767	0.14	31.7
Bacillus_GCF_016758535.1_spacer_3	virome_phage_906	74.359	39	10	0	14	52	19738	19776	0.14	31.7
Bacillus_GCF_016758535.1_spacer_3	virome_phage_906	74.359	39	10	0	14	52	19747	19785	0.14	31.7
Bacillus_GCF_016758535.1_spacer_3	virome_phage_906	74.359	39	10	0	14	52	19756	19794	0.14	31.7
Bacillus_GCF_016758535.1_spacer_3	virome_phage_906	74.359	39	10	0	14	52	19765	19803	0.14	31.7
Bacillus_GCF_016758535.1_spacer_3	virome_phage_906	74.359	39	10	0	14	52	19807	19845	0.14	31.7
Bacillus_GCF_016758535.1_spacer_3	virome_phage_906	74.359	39	10	0	14	52	19816	19854	0.14	31.7
Bacillus_GCF_016758535.1_spacer_3	virome_phage_906	74.359	39	10	0	14	52	19825	19863	0.14	31.7
Bacillus_GCF_016758535.1_spacer_3	virome_phage_906	74.359	39	10	0	14	52	19834	19872	0.14	31.7
Bacillus_GCF_016758535.1_spacer_3	virome_phage_906	74.359	39	10	0	14	52	21906	21944	0.14	31.7
Bacillus_GCF_016758535.1_spacer_3	virome_phage_906	74.359	39	10	0	14	52	21915	21953	0.14	31.7
Bacillus_GCF_016758535.1_spacer_3	virome_phage_906	74.359	39	10	0	14	52	21924	21962	0.14	31.7
Bacillus_GCF_016758535.1_spacer_3	virome_phage_906	74.359	39	10	0	14	52	21933	21971	0.14	31.7
Bacillus_GCF_016758535.1_spacer_3	virome_phage_906	84.615	26	4	0	14	39	19783	19808	0.42	30.1
Bacillus_GCF_016758535.1_spacer_3	virome_phage_906	84.615	26	4	0	14	39	21951	21976	0.42	30.1
Bacillus_GCF_016758535.1_spacer_3	virome_phage_81	87.500	24	3	0	13	36	22693	22670	0.42	30.1
Bacillus_GCF_016758535.1_spacer_3	virome_phage_786	84.615	26	4	0	4	29	39203	39178	0.42	30.1
Bacillus_GCF_016758535.1_spacer_3	virome_phage_55	73.684	38	10	0	1	38	4234	4197	0.42	30.1
Bacillus_GCF_016758535.1_spacer_3	virome_phage_52	87.500	24	3	0	8	31	44047	44070	0.42	30.1
Bacillus_GCF_016758535.1_spacer_3	virome_phage_2274	87.500	24	3	0	13	36	14735	14758	0.42	30.1
Bacillus_GCF_016758535.1_spacer_4	virome_phage_145	82.051	39	7	0	8	46	17588	17550	1.92e-04	41.2
Bacillus_GCF_016758535.1_spacer_4	virome_phage_145	78.049	41	9	0	5	45	19535	19495	0.002	38.0
Bacillus_GCF_016758535.1_spacer_4	virome_phage_2368	78.049	41	9	0	5	45	1417	1457	0.002	38.0
Bacillus_GCF_016758535.1_spacer_4	virome_phage_2368	89.655	29	3	0	8	36	3364	3392	0.002	38.0
Bacillus_GCF_016758535.1_spacer_4	virome_phage_52	76.923	39	9	0	8	46	44065	44103	0.016	34.9
Bacillus_GCF_016758535.1_spacer_4	virome_phage_1	76.923	39	9	0	8	46	220603	220565	0.016	34.9
Bacillus_GCF_016758535.1_spacer_4	virome_phage_1	74.359	39	10	0	8	46	221440	221402	0.14	31.7
Bacillus_GCF_016758535.1_spacer_4	virome_phage_1	90.909	22	2	0	7	28	217079	217058	0.42	30.1
Bacillus_GCF_016758535.1_spacer_4	virome_phage_911	91.304	23	2	0	9	31	6249	6271	0.14	31.7
Bacillus_GCF_016758535.1_spacer_4	virome_phage_5	95.238	21	1	0	7	27	29883	29903	0.14	31.7
Bacillus_GCF_016758535.1_spacer_4	virome_phage_5	71.429	42	12	0	5	46	27904	27945	0.42	30.1
Bacillus_GCF_016758535.1_spacer_4	virome_phage_824	95.000	20	1	0	8	27	11732	11751	0.42	30.1
Bacillus_GCF_016758535.1_spacer_4	virome_phage_2402	78.125	32	7	0	5	36	5165	5196	0.42	30.1
Bacillus_GCF_016758535.1_spacer_5	virome_phage_824	78.049	41	9	0	7	47	11749	11789	0.002	38.0
Bacillus_GCF_016758535.1_spacer_5	virome_phage_824	76.923	39	9	0	8	46	11795	11833	0.022	34.9
Bacillus_GCF_016758535.1_spacer_5	virome_phage_145	76.190	42	10	0	5	46	19535	19494	0.007	36.5
Bacillus_GCF_016758535.1_spacer_5	virome_phage_145	72.917	48	13	0	7	54	20070	20023	0.007	36.5
Bacillus_GCF_016758535.1_spacer_5	virome_phage_145	65.517	58	20	0	4	61	17574	17517	0.59	30.1
Bacillus_GCF_016758535.1_spacer_5	virome_phage_145	73.684	38	10	0	8	45	17588	17551	0.59	30.1
Bacillus_GCF_016758535.1_spacer_5	virome_phage_145	71.429	42	12	0	4	45	19362	19321	0.59	30.1
Bacillus_GCF_016758535.1_spacer_5	virome_phage_145	80.000	30	6	0	17	46	19478	19449	0.59	30.1
Bacillus_GCF_016758535.1_spacer_5	virome_phage_2368	76.190	42	10	0	5	46	1417	1458	0.007	36.5
Bacillus_GCF_016758535.1_spacer_5	virome_phage_2368	80.000	30	6	0	17	46	1474	1503	0.59	30.1
Bacillus_GCF_016758535.1_spacer_5	virome_phage_2368	71.429	42	12	0	4	45	1590	1631	0.59	30.1
Bacillus_GCF_016758535.1_spacer_5	virome_phage_52	81.818	33	6	0	8	40	44038	44070	0.022	34.9
Bacillus_GCF_016758535.1_spacer_5	virome_phage_5	83.333	30	5	0	17	46	28981	29010	0.065	33.3
Bacillus_GCF_016758535.1_spacer_5	virome_phage_760	71.111	45	13	0	10	54	35950	35906	0.20	31.7
Bacillus_GCF_016758535.1_spacer_5	virome_phage_63	95.238	21	1	0	9	29	4296	4276	0.20	31.7
Bacillus_GCF_016758535.1_spacer_5	virome_phage_2342	78.788	33	7	0	25	57	19755	19723	0.20	31.7
Bacillus_GCF_016758535.1_spacer_5	virome_phage_2282	82.759	29	5	0	8	36	37813	37785	0.20	31.7
Bacillus_GCF_016758535.1_spacer_5	virome_phage_2282	71.429	42	12	0	4	45	37871	37830	0.59	30.1
Bacillus_GCF_016758535.1_spacer_5	virome_phage_55	73.171	41	11	0	3	43	32341	32381	0.20	31.7
Bacillus_GCF_016758535.1_spacer_5	virome_phage_34	72.093	43	12	0	13	55	33430	33472	0.20	31.7
Bacillus_GCF_016758535.1_spacer_5	virome_phage_810	87.500	24	3	0	1	24	32297	32274	0.59	30.1
Bacillus_GCF_016758535.1_spacer_5	virome_phage_81	87.500	24	3	0	22	45	22693	22670	0.59	30.1
Bacillus_GCF_016758535.1_spacer_5	virome_phage_808	84.615	26	4	0	2	27	21254	21229	0.59	30.1
Bacillus_GCF_016758535.1_spacer_5	virome_phage_42	80.000	30	6	0	26	55	12662	12633	0.59	30.1
Bacillus_GCF_016758535.1_spacer_5	virome_phage_1	72.500	40	11	0	7	46	221663	221624	0.59	30.1
Bacillus_GCF_016758535.1_spacer_5	virome_phage_94	84.615	26	4	0	23	48	5393	5418	0.59	30.1
Bacillus_GCF_016758535.1_spacer_5	virome_phage_94	84.615	26	4	0	23	48	5402	5427	0.59	30.1
Bacillus_GCF_016758535.1_spacer_5	virome_phage_94	84.615	26	4	0	23	48	5411	5436	0.59	30.1
Bacillus_GCF_016758535.1_spacer_5	virome_phage_94	84.615	26	4	0	23	48	5420	5445	0.59	30.1
Bacillus_GCF_016758535.1_spacer_5	virome_phage_94	84.615	26	4	0	23	48	5429	5454	0.59	30.1
Bacillus_GCF_016758535.1_spacer_5	virome_phage_94	84.615	26	4	0	23	48	5438	5463	0.59	30.1
Bacillus_GCF_016758535.1_spacer_5	virome_phage_94	84.615	26	4	0	23	48	5447	5472	0.59	30.1
Bacillus_GCF_016758535.1_spacer_5	virome_phage_94	84.615	26	4	0	23	48	5456	5481	0.59	30.1
Bacillus_GCF_016758535.1_spacer_5	virome_phage_906	84.615	26	4	0	23	48	19729	19754	0.59	30.1
Bacillus_GCF_016758535.1_spacer_5	virome_phage_906	84.615	26	4	0	23	48	19738	19763	0.59	30.1
Bacillus_GCF_016758535.1_spacer_5	virome_phage_906	84.615	26	4	0	23	48	19747	19772	0.59	30.1
Bacillus_GCF_016758535.1_spacer_5	virome_phage_906	84.615	26	4	0	23	48	19756	19781	0.59	30.1
Bacillus_GCF_016758535.1_spacer_5	virome_phage_906	84.615	26	4	0	23	48	19765	19790	0.59	30.1
Bacillus_GCF_016758535.1_spacer_5	virome_phage_906	84.615	26	4	0	23	48	19774	19799	0.59	30.1
Bacillus_GCF_016758535.1_spacer_5	virome_phage_906	84.615	26	4	0	23	48	19783	19808	0.59	30.1
Bacillus_GCF_016758535.1_spacer_5	virome_phage_906	84.615	26	4	0	23	48	19807	19832	0.59	30.1
Bacillus_GCF_016758535.1_spacer_5	virome_phage_906	84.615	26	4	0	23	48	19816	19841	0.59	30.1
Bacillus_GCF_016758535.1_spacer_5	virome_phage_906	84.615	26	4	0	23	48	19825	19850	0.59	30.1
Bacillus_GCF_016758535.1_spacer_5	virome_phage_906	84.615	26	4	0	23	48	19834	19859	0.59	30.1
Bacillus_GCF_016758535.1_spacer_5	virome_phage_906	84.615	26	4	0	23	48	21906	21931	0.59	30.1
Bacillus_GCF_016758535.1_spacer_5	virome_phage_906	84.615	26	4	0	23	48	21915	21940	0.59	30.1
Bacillus_GCF_016758535.1_spacer_5	virome_phage_906	84.615	26	4	0	23	48	21924	21949	0.59	30.1
Bacillus_GCF_016758535.1_spacer_5	virome_phage_906	84.615	26	4	0	23	48	21933	21958	0.59	30.1
Bacillus_GCF_016758535.1_spacer_5	virome_phage_906	84.615	26	4	0	23	48	21942	21967	0.59	30.1
Bacillus_GCF_016758535.1_spacer_5	virome_phage_906	84.615	26	4	0	23	48	21951	21976	0.59	30.1
Bacillus_GCF_016758535.1_spacer_5	virome_phage_2274	87.500	24	3	0	22	45	14735	14758	0.59	30.1
Bacillus_GCF_016758535.1_spacer_5	virome_phage_107	75.000	36	9	0	22	57	2644	2679	0.59	30.1
Bacillus_GCF_016758535.1_spacer_6	virome_phage_2368	75.610	41	10	0	5	45	1417	1457	0.016	34.9
Bacillus_GCF_016758535.1_spacer_6	virome_phage_2368	74.359	39	10	0	8	46	3472	3510	0.14	31.7
Bacillus_GCF_016758535.1_spacer_6	virome_phage_2368	73.684	38	10	0	8	45	1465	1502	0.42	30.1
Bacillus_GCF_016758535.1_spacer_6	virome_phage_2282	86.207	29	4	0	8	36	37813	37785	0.016	34.9
Bacillus_GCF_016758535.1_spacer_6	virome_phage_145	75.610	41	10	0	5	45	19535	19495	0.016	34.9
Bacillus_GCF_016758535.1_spacer_6	virome_phage_145	74.359	39	10	0	8	46	17480	17442	0.14	31.7
Bacillus_GCF_016758535.1_spacer_6	virome_phage_145	73.684	38	10	0	8	45	19487	19450	0.42	30.1
Bacillus_GCF_016758535.1_spacer_6	virome_phage_145	73.684	38	10	0	8	45	20069	20032	0.42	30.1
Bacillus_GCF_016758535.1_spacer_6	virome_phage_94	77.778	36	8	0	13	48	5392	5427	0.047	33.3
Bacillus_GCF_016758535.1_spacer_6	virome_phage_94	77.778	36	8	0	13	48	5401	5436	0.047	33.3
Bacillus_GCF_016758535.1_spacer_6	virome_phage_94	77.778	36	8	0	13	48	5410	5445	0.047	33.3
Bacillus_GCF_016758535.1_spacer_6	virome_phage_94	77.778	36	8	0	13	48	5419	5454	0.047	33.3
Bacillus_GCF_016758535.1_spacer_6	virome_phage_94	77.778	36	8	0	13	48	5428	5463	0.047	33.3
Bacillus_GCF_016758535.1_spacer_6	virome_phage_94	77.778	36	8	0	13	48	5437	5472	0.047	33.3
Bacillus_GCF_016758535.1_spacer_6	virome_phage_94	77.778	36	8	0	13	48	5446	5481	0.047	33.3
Bacillus_GCF_016758535.1_spacer_6	virome_phage_906	77.778	36	8	0	13	48	19728	19763	0.047	33.3
Bacillus_GCF_016758535.1_spacer_6	virome_phage_906	77.778	36	8	0	13	48	19737	19772	0.047	33.3
Bacillus_GCF_016758535.1_spacer_6	virome_phage_906	77.778	36	8	0	13	48	19746	19781	0.047	33.3
Bacillus_GCF_016758535.1_spacer_6	virome_phage_906	77.778	36	8	0	13	48	19755	19790	0.047	33.3
Bacillus_GCF_016758535.1_spacer_6	virome_phage_906	77.778	36	8	0	13	48	19764	19799	0.047	33.3
Bacillus_GCF_016758535.1_spacer_6	virome_phage_906	77.778	36	8	0	13	48	19773	19808	0.047	33.3
Bacillus_GCF_016758535.1_spacer_6	virome_phage_906	77.778	36	8	0	13	48	19806	19841	0.047	33.3
Bacillus_GCF_016758535.1_spacer_6	virome_phage_906	77.778	36	8	0	13	48	19815	19850	0.047	33.3
Bacillus_GCF_016758535.1_spacer_6	virome_phage_906	77.778	36	8	0	13	48	19824	19859	0.047	33.3
Bacillus_GCF_016758535.1_spacer_6	virome_phage_906	77.778	36	8	0	13	48	21905	21940	0.047	33.3
Bacillus_GCF_016758535.1_spacer_6	virome_phage_906	77.778	36	8	0	13	48	21914	21949	0.047	33.3
Bacillus_GCF_016758535.1_spacer_6	virome_phage_906	77.778	36	8	0	13	48	21923	21958	0.047	33.3
Bacillus_GCF_016758535.1_spacer_6	virome_phage_906	77.778	36	8	0	13	48	21932	21967	0.047	33.3
Bacillus_GCF_016758535.1_spacer_6	virome_phage_906	77.778	36	8	0	13	48	21941	21976	0.047	33.3
Bacillus_GCF_016758535.1_spacer_6	virome_phage_906	78.788	33	7	0	13	45	19833	19865	0.14	31.7
Bacillus_GCF_016758535.1_spacer_6	virome_phage_824	76.316	38	9	0	8	45	11750	11787	0.047	33.3
Bacillus_GCF_016758535.1_spacer_6	virome_phage_824	81.250	32	6	0	8	39	11795	11826	0.047	33.3
Bacillus_GCF_016758535.1_spacer_6	virome_phage_760	79.412	34	7	0	10	43	35950	35917	0.047	33.3
Bacillus_GCF_016758535.1_spacer_6	virome_phage_7	73.171	41	11	0	8	48	31067	31027	0.14	31.7
Bacillus_GCF_016758535.1_spacer_6	virome_phage_63	95.238	21	1	0	9	29	4296	4276	0.14	31.7
Bacillus_GCF_016758535.1_spacer_6	virome_phage_61	69.388	49	15	0	1	49	41160	41112	0.14	31.7
Bacillus_GCF_016758535.1_spacer_6	virome_phage_52	78.788	33	7	0	8	40	44038	44070	0.14	31.7
Bacillus_GCF_016758535.1_spacer_6	virome_phage_5	82.759	29	5	0	17	45	28981	29009	0.14	31.7
Bacillus_GCF_016758535.1_spacer_6	virome_phage_876	78.125	32	7	0	5	36	21217	21186	0.42	30.1
Bacillus_GCF_016758535.1_spacer_6	virome_phage_81	87.500	24	3	0	22	45	22693	22670	0.42	30.1
Bacillus_GCF_016758535.1_spacer_6	virome_phage_808	84.615	26	4	0	2	27	21254	21229	0.42	30.1
Bacillus_GCF_016758535.1_spacer_6	virome_phage_58	82.143	28	5	0	5	32	241	214	0.42	30.1
Bacillus_GCF_016758535.1_spacer_6	virome_phage_2274	87.500	24	3	0	22	45	14735	14758	0.42	30.1
Bacillus_GCF_016758535.1_spacer_7	virome_phage_2368	76.596	47	11	0	17	63	1456	1502	3.55e-04	41.2
Bacillus_GCF_016758535.1_spacer_7	virome_phage_2368	74.468	47	12	0	17	63	1411	1457	0.003	38.0
Bacillus_GCF_016758535.1_spacer_7	virome_phage_2368	72.917	48	13	0	2	49	3280	3327	0.010	36.5
Bacillus_GCF_016758535.1_spacer_7	virome_phage_2368	82.353	34	6	0	21	54	3359	3392	0.010	36.5
Bacillus_GCF_016758535.1_spacer_7	virome_phage_2368	67.213	61	20	0	3	63	3413	3473	0.029	34.9
Bacillus_GCF_016758535.1_spacer_7	virome_phage_2368	68.519	54	17	0	17	70	1639	1692	0.086	33.3
Bacillus_GCF_016758535.1_spacer_7	virome_phage_2368	72.093	43	12	0	6	48	1637	1679	0.26	31.7
Bacillus_GCF_016758535.1_spacer_7	virome_phage_145	76.596	47	11	0	17	63	19496	19450	3.55e-04	41.2
Bacillus_GCF_016758535.1_spacer_7	virome_phage_145	77.273	44	10	0	21	64	17593	17550	0.001	39.6
Bacillus_GCF_016758535.1_spacer_7	virome_phage_145	73.469	49	13	0	1	49	17673	17625	0.003	38.0
Bacillus_GCF_016758535.1_spacer_7	virome_phage_145	74.468	47	12	0	17	63	19541	19495	0.003	38.0
Bacillus_GCF_016758535.1_spacer_7	virome_phage_145	67.213	61	20	0	3	63	17539	17479	0.029	34.9
Bacillus_GCF_016758535.1_spacer_7	virome_phage_145	68.519	54	17	0	17	70	19313	19260	0.086	33.3
Bacillus_GCF_016758535.1_spacer_7	virome_phage_145	72.093	43	12	0	6	48	19315	19273	0.26	31.7
Bacillus_GCF_016758535.1_spacer_7	virome_phage_145	76.471	34	8	0	3	36	19795	19762	0.78	30.1
Bacillus_GCF_016758535.1_spacer_7	virome_phage_824	74.468	47	12	0	17	63	11732	11778	0.003	38.0
Bacillus_GCF_016758535.1_spacer_7	virome_phage_824	72.340	47	13	0	17	63	11741	11787	0.029	34.9
Bacillus_GCF_016758535.1_spacer_7	virome_phage_824	64.062	64	23	0	1	64	11779	11842	0.78	30.1
Bacillus_GCF_016758535.1_spacer_7	virome_phage_824	68.750	48	15	0	17	64	11840	11887	0.78	30.1
Bacillus_GCF_016758535.1_spacer_7	virome_phage_5	84.848	33	5	0	7	39	29874	29906	0.003	38.0
Bacillus_GCF_016758535.1_spacer_7	virome_phage_5	68.421	57	18	0	8	64	27898	27954	0.029	34.9
Bacillus_GCF_016758535.1_spacer_7	virome_phage_5	72.340	47	13	0	17	63	28138	28184	0.029	34.9
Bacillus_GCF_016758535.1_spacer_7	virome_phage_5	67.241	58	19	0	6	63	28730	28787	0.086	33.3
Bacillus_GCF_016758535.1_spacer_7	virome_phage_5	76.316	38	9	0	26	63	29929	29966	0.086	33.3
Bacillus_GCF_016758535.1_spacer_7	virome_phage_5	66.667	57	19	0	14	70	28423	28479	0.26	31.7
Bacillus_GCF_016758535.1_spacer_7	virome_phage_1	73.469	49	13	0	6	54	221451	221403	0.003	38.0
Bacillus_GCF_016758535.1_spacer_7	virome_phage_1	85.714	28	4	0	16	43	217079	217052	0.086	33.3
Bacillus_GCF_016758535.1_spacer_7	virome_phage_1	68.750	48	15	0	17	64	220603	220556	0.78	30.1
Bacillus_GCF_016758535.1_spacer_7	virome_phage_52	77.500	40	9	0	17	56	44416	44455	0.010	36.5
Bacillus_GCF_016758535.1_spacer_7	virome_phage_52	80.645	31	6	0	34	64	44073	44103	0.26	31.7
Bacillus_GCF_016758535.1_spacer_7	virome_phage_52	73.684	38	10	0	26	63	44200	44237	0.78	30.1
Bacillus_GCF_016758535.1_spacer_7	virome_phage_2282	86.667	30	4	0	25	54	37814	37785	0.010	36.5
Bacillus_GCF_016758535.1_spacer_7	virome_phage_58	72.340	47	13	0	17	63	292	246	0.029	34.9
Bacillus_GCF_016758535.1_spacer_7	virome_phage_2342	68.519	54	17	0	1	54	19761	19708	0.086	33.3
Bacillus_GCF_016758535.1_spacer_7	virome_phage_2342	69.565	46	14	0	25	70	20953	20908	0.78	30.1
Bacillus_GCF_016758535.1_spacer_7	virome_phage_2342	80.000	30	6	0	25	54	21774	21745	0.78	30.1
Bacillus_GCF_016758535.1_spacer_7	total_phage_361	83.333	30	5	0	9	38	34271	34242	0.086	33.3
Bacillus_GCF_016758535.1_spacer_7	virome_phage_773	80.645	31	6	0	1	31	33300	33330	0.26	31.7
Bacillus_GCF_016758535.1_spacer_7	virome_phage_43	88.000	25	3	0	31	55	9491	9515	0.26	31.7
Bacillus_GCF_016758535.1_spacer_7	virome_phage_2389	73.171	41	11	0	5	45	6768	6808	0.26	31.7
Bacillus_GCF_016758535.1_spacer_7	virome_phage_876	82.759	29	5	0	26	54	21214	21186	0.26	31.7
Bacillus_GCF_016758535.1_spacer_7	virome_phage_219	76.471	34	8	0	14	47	11780	11747	0.78	30.1
Bacillus_GCF_016758535.1_spacer_8	virome_phage_773	80.645	31	6	0	1	31	33300	33330	0.035	31.7
Bacillus_GCF_016758535.1_spacer_8	virome_phage_5	82.143	28	5	0	7	34	29874	29901	0.10	30.1
Bacillus_GCF_016758535.1_spacer_8	total_phage_731	79.310	29	6	0	4	32	60349	60321	0.31	28.5
Bacillus_GCF_016758535.1_spacer_8	virome_phage_741	83.333	24	4	0	1	24	50882	50859	0.94	26.9
Bacillus_GCF_016758535.1_spacer_8	virome_phage_145	78.571	28	6	0	3	30	17539	17512	0.94	26.9
Bacillus_GCF_016758535.1_spacer_8	virome_phage_145	78.571	28	6	0	4	31	19371	19344	0.94	26.9
Bacillus_GCF_016758535.1_spacer_8	virome_phage_145	75.000	32	8	0	3	34	19795	19764	0.94	26.9
Bacillus_GCF_016758535.1_spacer_8	virome_phage_1	94.444	18	1	0	16	33	217079	217062	0.94	26.9
Bacillus_GCF_016758535.1_spacer_8	total_phage_361	80.769	26	5	0	9	34	34271	34246	0.94	26.9
Bacillus_GCF_016758535.1_spacer_8	virome_phage_824	100.000	16	0	0	17	32	11732	11747	0.94	26.9
Bacillus_GCF_016758535.1_spacer_8	virome_phage_2368	78.571	28	6	0	4	31	1581	1608	0.94	26.9
Bacillus_GCF_016758535.1_spacer_8	virome_phage_2368	78.571	28	6	0	3	30	3413	3440	0.94	26.9
Bacillus_GCF_016758535.1_spacer_8	virome_phage_22	76.667	30	7	0	4	33	27579	27608	0.94	26.9
Bacillus_GCF_016758535.1_spacer_8	virome_phage_14	78.571	28	6	0	4	31	31471	31498	0.94	26.9
Bacillus_GCF_016758535.1_spacer_8	total_phage_11	78.571	28	6	0	1	28	15943	15970	0.94	26.9
Bacillus_GCF_016758535.1_spacer_9	virome_phage_824	70.370	54	16	0	7	60	11758	11811	0.007	36.5
Bacillus_GCF_016758535.1_spacer_9	virome_phage_824	68.000	50	16	0	8	57	11804	11853	0.59	30.1
Bacillus_GCF_016758535.1_spacer_9	virome_phage_153	69.643	56	17	0	2	57	5700	5755	0.007	36.5
Bacillus_GCF_016758535.1_spacer_9	virome_phage_14	80.556	36	7	0	23	58	31463	31498	0.007	36.5
Bacillus_GCF_016758535.1_spacer_9	virome_phage_145	75.610	41	10	0	18	58	19384	19344	0.022	34.9
Bacillus_GCF_016758535.1_spacer_9	virome_phage_145	83.333	30	5	0	8	37	19523	19494	0.065	33.3
Bacillus_GCF_016758535.1_spacer_9	virome_phage_145	67.857	56	18	0	5	60	19571	19516	0.065	33.3
Bacillus_GCF_016758535.1_spacer_9	virome_phage_145	67.925	53	17	0	8	60	17579	17527	0.20	31.7
Bacillus_GCF_016758535.1_spacer_9	virome_phage_145	73.171	41	11	0	5	45	19298	19258	0.20	31.7
Bacillus_GCF_016758535.1_spacer_9	virome_phage_145	78.788	33	7	0	5	37	19481	19449	0.20	31.7
Bacillus_GCF_016758535.1_spacer_9	virome_phage_2342	72.727	44	12	0	2	45	19733	19690	0.065	33.3
Bacillus_GCF_016758535.1_spacer_9	virome_phage_2342	77.778	36	8	0	13	48	19758	19723	0.065	33.3
Bacillus_GCF_016758535.1_spacer_9	virome_phage_2368	83.333	30	5	0	8	37	1429	1458	0.065	33.3
Bacillus_GCF_016758535.1_spacer_9	virome_phage_2368	78.788	33	7	0	5	37	1471	1503	0.20	31.7
Bacillus_GCF_016758535.1_spacer_9	virome_phage_2368	73.171	41	11	0	5	45	1654	1694	0.20	31.7
Bacillus_GCF_016758535.1_spacer_9	virome_phage_2368	71.429	42	12	0	17	58	1144	1185	0.59	30.1
Bacillus_GCF_016758535.1_spacer_9	virome_phage_2368	66.071	56	19	0	5	60	1381	1436	0.59	30.1
Bacillus_GCF_016758535.1_spacer_9	virome_phage_2368	82.143	28	5	0	31	58	1581	1608	0.59	30.1
Bacillus_GCF_016758535.1_spacer_9	virome_phage_2368	66.667	54	18	0	8	61	3373	3426	0.59	30.1
Bacillus_GCF_016758535.1_spacer_9	virome_phage_58	67.925	53	17	0	5	57	277	225	0.20	31.7
Bacillus_GCF_016758535.1_spacer_9	virome_phage_1	67.925	53	17	0	8	60	220594	220542	0.20	31.7
Bacillus_GCF_016758535.1_spacer_9	total_phage_927	77.143	35	8	0	24	58	215670	215636	0.20	31.7
Bacillus_GCF_016758535.1_spacer_9	total_phage_927	77.143	35	8	0	24	58	216851	216817	0.20	31.7
Bacillus_GCF_016758535.1_spacer_9	virome_phage_52	68.627	51	16	0	7	57	44073	44123	0.20	31.7
Bacillus_GCF_016758535.1_spacer_9	virome_phage_52	77.143	35	8	0	4	38	44430	44464	0.20	31.7
Bacillus_GCF_016758535.1_spacer_9	virome_phage_43	85.185	27	4	0	2	28	9489	9515	0.20	31.7
Bacillus_GCF_016758535.1_spacer_9	virome_phage_34	71.111	45	13	0	8	52	33434	33478	0.20	31.7
Bacillus_GCF_016758535.1_spacer_9	virome_phage_810	87.500	24	3	0	34	57	32300	32277	0.59	30.1
Bacillus_GCF_016758535.1_spacer_9	virome_phage_60	82.143	28	5	0	1	28	11943	11916	0.59	30.1
Bacillus_GCF_016758535.1_spacer_9	virome_phage_42	80.000	30	6	0	17	46	12662	12633	0.59	30.1
Bacillus_GCF_016758535.1_spacer_9	virome_phage_773	76.471	34	8	0	25	58	33297	33330	0.59	30.1
Bacillus_GCF_016758535.1_spacer_9	virome_phage_5	78.125	32	7	0	5	36	28153	28184	0.59	30.1
Bacillus_GCF_016758535.1_spacer_9	virome_phage_5	70.455	44	13	0	5	48	28468	28511	0.59	30.1
Bacillus_GCF_016758535.1_spacer_10	virome_phage_58	71.429	63	18	0	8	70	292	230	3.95e-05	44.4
Bacillus_GCF_016758535.1_spacer_10	virome_phage_2368	77.083	48	11	0	8	55	1456	1503	1.18e-04	42.8
Bacillus_GCF_016758535.1_spacer_10	virome_phage_2368	75.000	48	12	0	8	55	1411	1458	0.001	39.6
Bacillus_GCF_016758535.1_spacer_10	virome_phage_2368	67.742	62	20	0	5	66	1417	1478	0.010	36.5
Bacillus_GCF_016758535.1_spacer_10	virome_phage_2368	67.742	62	20	0	5	66	3424	3485	0.010	36.5
Bacillus_GCF_016758535.1_spacer_10	virome_phage_2368	67.857	56	18	0	13	68	1452	1507	0.086	33.3
Bacillus_GCF_016758535.1_spacer_10	virome_phage_2368	79.412	34	7	0	12	45	3359	3392	0.086	33.3
Bacillus_GCF_016758535.1_spacer_10	virome_phage_2368	82.759	29	5	0	12	40	3299	3327	0.26	31.7
Bacillus_GCF_016758535.1_spacer_10	virome_phage_145	77.083	48	11	0	8	55	19496	19449	1.18e-04	42.8
Bacillus_GCF_016758535.1_spacer_10	virome_phage_145	75.000	48	12	0	8	55	19541	19494	0.001	39.6
Bacillus_GCF_016758535.1_spacer_10	virome_phage_145	67.742	62	20	0	5	66	17528	17467	0.010	36.5
Bacillus_GCF_016758535.1_spacer_10	virome_phage_145	67.742	62	20	0	5	66	19535	19474	0.010	36.5
Bacillus_GCF_016758535.1_spacer_10	virome_phage_145	74.419	43	11	0	12	54	17593	17551	0.029	34.9
Bacillus_GCF_016758535.1_spacer_10	virome_phage_145	67.857	56	18	0	13	68	19500	19445	0.086	33.3
Bacillus_GCF_016758535.1_spacer_10	virome_phage_145	82.759	29	5	0	12	40	17653	17625	0.26	31.7
Bacillus_GCF_016758535.1_spacer_10	virome_phage_145	70.455	44	13	0	7	50	20070	20027	0.78	30.1
Bacillus_GCF_016758535.1_spacer_10	virome_phage_52	75.510	49	12	0	8	56	44416	44464	3.55e-04	41.2
Bacillus_GCF_016758535.1_spacer_10	virome_phage_52	73.684	38	10	0	17	54	44200	44237	0.78	30.1
Bacillus_GCF_016758535.1_spacer_10	virome_phage_2282	90.323	31	3	0	15	45	37815	37785	3.55e-04	41.2
Bacillus_GCF_016758535.1_spacer_10	virome_phage_824	73.469	49	13	0	8	56	11741	11789	0.003	38.0
Bacillus_GCF_016758535.1_spacer_10	virome_phage_824	70.213	47	14	0	8	54	11732	11778	0.26	31.7
Bacillus_GCF_016758535.1_spacer_10	virome_phage_824	65.000	60	21	0	4	63	11719	11778	0.78	30.1
Bacillus_GCF_016758535.1_spacer_10	virome_phage_824	65.000	60	21	0	7	66	11749	11808	0.78	30.1
Bacillus_GCF_016758535.1_spacer_10	virome_phage_876	69.492	59	18	0	5	63	21127	21069	0.003	38.0
Bacillus_GCF_016758535.1_spacer_10	virome_phage_876	70.000	50	15	0	17	66	21214	21165	0.086	33.3
Bacillus_GCF_016758535.1_spacer_10	virome_phage_876	73.684	38	10	0	8	45	21187	21150	0.78	30.1
Bacillus_GCF_016758535.1_spacer_10	virome_phage_5	72.340	47	13	0	8	54	28138	28184	0.029	34.9
Bacillus_GCF_016758535.1_spacer_10	virome_phage_5	75.000	40	10	0	16	55	28749	28788	0.086	33.3
Bacillus_GCF_016758535.1_spacer_10	virome_phage_5	66.102	59	20	0	5	63	28423	28481	0.26	31.7
Bacillus_GCF_016758535.1_spacer_10	virome_phage_5	74.359	39	10	0	17	55	29929	29967	0.26	31.7
Bacillus_GCF_016758535.1_spacer_10	virome_phage_5	66.667	54	18	0	1	54	26952	27005	0.78	30.1
Bacillus_GCF_016758535.1_spacer_10	virome_phage_5	87.500	24	3	0	7	30	29883	29906	0.78	30.1
Bacillus_GCF_016758535.1_spacer_10	virome_phage_739	72.340	47	13	0	14	60	103594	103548	0.029	34.9
Bacillus_GCF_016758535.1_spacer_10	virome_phage_1	72.340	47	13	0	8	54	220612	220566	0.029	34.9
Bacillus_GCF_016758535.1_spacer_10	virome_phage_1	69.388	49	15	0	8	56	221440	221392	0.26	31.7
Bacillus_GCF_016758535.1_spacer_10	virome_phage_1	82.143	28	5	0	7	34	217079	217052	0.78	30.1
Bacillus_GCF_016758535.1_spacer_10	virome_phage_2389	68.000	50	16	0	17	66	6691	6740	0.78	30.1
Bacillus_GCF_016758535.1_spacer_10	virome_phage_2356	75.000	36	9	0	11	46	1915	1950	0.78	30.1
Bacillus_GCF_016758535.1_spacer_10	virome_phage_153	64.062	64	23	0	1	64	6114	6177	0.78	30.1
Bacillus_GCF_016758535.1_spacer_10	virome_phage_152	67.308	52	17	0	15	66	6657	6708	0.78	30.1
Bacillus_GCF_016758535.1_spacer_10	virome_phage_219	76.471	34	8	0	5	38	11780	11747	0.78	30.1
Bacillus_GCF_016758535.1_spacer_10	virome_phage_1541	75.000	36	9	0	7	42	3619	3584	0.78	30.1
Bacillus_GCF_016758535.1_spacer_11	virome_phage_824	76.923	39	9	0	7	45	11749	11787	0.016	34.9
Bacillus_GCF_016758535.1_spacer_11	virome_phage_824	81.250	32	6	0	8	39	11795	11826	0.047	33.3
Bacillus_GCF_016758535.1_spacer_11	virome_phage_2368	75.610	41	10	0	5	45	1417	1457	0.016	34.9
Bacillus_GCF_016758535.1_spacer_11	virome_phage_2368	74.359	39	10	0	8	46	3472	3510	0.14	31.7
Bacillus_GCF_016758535.1_spacer_11	virome_phage_2368	73.684	38	10	0	8	45	1465	1502	0.42	30.1
Bacillus_GCF_016758535.1_spacer_11	virome_phage_2282	86.207	29	4	0	8	36	37813	37785	0.016	34.9
Bacillus_GCF_016758535.1_spacer_11	virome_phage_145	75.610	41	10	0	5	45	19535	19495	0.016	34.9
Bacillus_GCF_016758535.1_spacer_11	virome_phage_145	74.359	39	10	0	8	46	17480	17442	0.14	31.7
Bacillus_GCF_016758535.1_spacer_11	virome_phage_145	74.359	39	10	0	7	45	20070	20032	0.14	31.7
Bacillus_GCF_016758535.1_spacer_11	virome_phage_145	73.684	38	10	0	8	45	19487	19450	0.42	30.1
Bacillus_GCF_016758535.1_spacer_11	virome_phage_94	77.778	36	8	0	13	48	5392	5427	0.047	33.3
Bacillus_GCF_016758535.1_spacer_11	virome_phage_94	77.778	36	8	0	13	48	5401	5436	0.047	33.3
Bacillus_GCF_016758535.1_spacer_11	virome_phage_94	77.778	36	8	0	13	48	5410	5445	0.047	33.3
Bacillus_GCF_016758535.1_spacer_11	virome_phage_94	77.778	36	8	0	13	48	5419	5454	0.047	33.3
Bacillus_GCF_016758535.1_spacer_11	virome_phage_94	77.778	36	8	0	13	48	5428	5463	0.047	33.3
Bacillus_GCF_016758535.1_spacer_11	virome_phage_94	77.778	36	8	0	13	48	5437	5472	0.047	33.3
Bacillus_GCF_016758535.1_spacer_11	virome_phage_94	77.778	36	8	0	13	48	5446	5481	0.047	33.3
Bacillus_GCF_016758535.1_spacer_11	virome_phage_906	77.778	36	8	0	13	48	19728	19763	0.047	33.3
Bacillus_GCF_016758535.1_spacer_11	virome_phage_906	77.778	36	8	0	13	48	19737	19772	0.047	33.3
Bacillus_GCF_016758535.1_spacer_11	virome_phage_906	77.778	36	8	0	13	48	19746	19781	0.047	33.3
Bacillus_GCF_016758535.1_spacer_11	virome_phage_906	77.778	36	8	0	13	48	19755	19790	0.047	33.3
Bacillus_GCF_016758535.1_spacer_11	virome_phage_906	77.778	36	8	0	13	48	19764	19799	0.047	33.3
Bacillus_GCF_016758535.1_spacer_11	virome_phage_906	77.778	36	8	0	13	48	19773	19808	0.047	33.3
Bacillus_GCF_016758535.1_spacer_11	virome_phage_906	77.778	36	8	0	13	48	19806	19841	0.047	33.3
Bacillus_GCF_016758535.1_spacer_11	virome_phage_906	77.778	36	8	0	13	48	19815	19850	0.047	33.3
Bacillus_GCF_016758535.1_spacer_11	virome_phage_906	77.778	36	8	0	13	48	19824	19859	0.047	33.3
Bacillus_GCF_016758535.1_spacer_11	virome_phage_906	77.778	36	8	0	13	48	21905	21940	0.047	33.3
Bacillus_GCF_016758535.1_spacer_11	virome_phage_906	77.778	36	8	0	13	48	21914	21949	0.047	33.3
Bacillus_GCF_016758535.1_spacer_11	virome_phage_906	77.778	36	8	0	13	48	21923	21958	0.047	33.3
Bacillus_GCF_016758535.1_spacer_11	virome_phage_906	77.778	36	8	0	13	48	21932	21967	0.047	33.3
Bacillus_GCF_016758535.1_spacer_11	virome_phage_906	77.778	36	8	0	13	48	21941	21976	0.047	33.3
Bacillus_GCF_016758535.1_spacer_11	virome_phage_906	78.788	33	7	0	13	45	19833	19865	0.14	31.7
Bacillus_GCF_016758535.1_spacer_11	virome_phage_808	88.462	26	3	0	2	27	21254	21229	0.047	33.3
Bacillus_GCF_016758535.1_spacer_11	virome_phage_760	79.412	34	7	0	10	43	35950	35917	0.047	33.3
Bacillus_GCF_016758535.1_spacer_11	virome_phage_7	73.171	41	11	0	8	48	31067	31027	0.14	31.7
Bacillus_GCF_016758535.1_spacer_11	virome_phage_63	95.238	21	1	0	9	29	4296	4276	0.14	31.7
Bacillus_GCF_016758535.1_spacer_11	virome_phage_55	73.171	41	11	0	3	43	32341	32381	0.14	31.7
Bacillus_GCF_016758535.1_spacer_11	virome_phage_52	78.788	33	7	0	8	40	44038	44070	0.14	31.7
Bacillus_GCF_016758535.1_spacer_11	virome_phage_5	82.759	29	5	0	17	45	28981	29009	0.14	31.7
Bacillus_GCF_016758535.1_spacer_11	virome_phage_81	87.500	24	3	0	22	45	22693	22670	0.42	30.1
Bacillus_GCF_016758535.1_spacer_11	virome_phage_2274	87.500	24	3	0	22	45	14735	14758	0.42	30.1
Bacillus_GCF_016758535.1_spacer_11	total_phage_446	90.909	22	2	0	2	23	10898	10919	0.42	30.1
Bacillus_GCF_016758535.1_spacer_12	virome_phage_2282	87.500	32	4	0	24	55	37815	37784	0.001	39.6
Bacillus_GCF_016758535.1_spacer_12	virome_phage_876	71.698	53	15	0	17	69	21187	21135	0.003	38.0
Bacillus_GCF_016758535.1_spacer_12	virome_phage_876	76.190	42	10	0	13	54	21128	21087	0.010	36.5
Bacillus_GCF_016758535.1_spacer_12	virome_phage_876	78.788	33	7	0	7	39	20796	20764	0.26	31.7
Bacillus_GCF_016758535.1_spacer_12	virome_phage_824	74.468	47	12	0	17	63	11732	11778	0.003	38.0
Bacillus_GCF_016758535.1_spacer_12	virome_phage_5	79.487	39	8	0	17	55	28138	28176	0.003	38.0
Bacillus_GCF_016758535.1_spacer_12	virome_phage_5	70.000	50	15	0	17	66	27862	27911	0.086	33.3
Bacillus_GCF_016758535.1_spacer_12	virome_phage_5	66.667	57	19	0	14	70	27904	27960	0.26	31.7
Bacillus_GCF_016758535.1_spacer_12	virome_phage_5	80.645	31	6	0	25	55	28749	28779	0.26	31.7
Bacillus_GCF_016758535.1_spacer_12	virome_phage_5	68.627	51	16	0	16	66	29883	29933	0.26	31.7
Bacillus_GCF_016758535.1_spacer_12	virome_phage_145	82.353	34	6	0	21	54	17593	17560	0.010	36.5
Bacillus_GCF_016758535.1_spacer_12	virome_phage_145	71.154	52	15	0	1	52	17673	17622	0.010	36.5
Bacillus_GCF_016758535.1_spacer_12	virome_phage_145	65.079	63	22	0	1	63	20085	20023	0.26	31.7
Bacillus_GCF_016758535.1_spacer_12	virome_phage_145	68.000	50	16	0	14	63	19307	19258	0.78	30.1
Bacillus_GCF_016758535.1_spacer_12	virome_phage_145	67.308	52	17	0	3	54	19546	19495	0.78	30.1
Bacillus_GCF_016758535.1_spacer_12	virome_phage_52	75.000	44	11	0	17	60	44416	44459	0.010	36.5
Bacillus_GCF_016758535.1_spacer_12	virome_phage_52	66.071	56	19	0	2	57	44320	44375	0.78	30.1
Bacillus_GCF_016758535.1_spacer_12	virome_phage_2368	82.353	34	6	0	21	54	3359	3392	0.010	36.5
Bacillus_GCF_016758535.1_spacer_12	virome_phage_2368	70.588	51	15	0	2	52	3280	3330	0.029	34.9
Bacillus_GCF_016758535.1_spacer_12	virome_phage_2368	67.308	52	17	0	3	54	1406	1457	0.78	30.1
Bacillus_GCF_016758535.1_spacer_12	virome_phage_2368	68.000	50	16	0	14	63	1645	1694	0.78	30.1
Bacillus_GCF_016758535.1_spacer_12	virome_phage_1	76.923	39	9	0	17	55	221440	221402	0.029	34.9
Bacillus_GCF_016758535.1_spacer_12	virome_phage_1	74.359	39	10	0	17	55	220612	220574	0.26	31.7
Bacillus_GCF_016758535.1_spacer_12	virome_phage_1	82.143	28	5	0	16	43	217079	217052	0.78	30.1
Bacillus_GCF_016758535.1_spacer_12	virome_phage_1	78.125	32	7	0	34	65	219893	219862	0.78	30.1
Bacillus_GCF_016758535.1_spacer_12	virome_phage_1541	76.316	38	9	0	16	53	3619	3582	0.086	33.3
Bacillus_GCF_016758535.1_spacer_12	virome_phage_42	78.788	33	7	0	1	33	17316	17348	0.26	31.7
Bacillus_GCF_016758535.1_spacer_12	virome_phage_2356	77.143	35	8	0	20	54	1915	1949	0.26	31.7
Bacillus_GCF_016758535.1_spacer_12	virome_phage_153	73.171	41	11	0	26	66	5706	5746	0.26	31.7
Bacillus_GCF_016758535.1_spacer_12	virome_phage_153	73.171	41	11	0	5	45	5829	5869	0.26	31.7
Bacillus_GCF_016758535.1_spacer_12	virome_phage_814	73.684	38	10	0	8	45	26498	26461	0.78	30.1
Bacillus_GCF_016758535.1_spacer_12	virome_phage_803	68.750	48	15	0	17	64	35314	35267	0.78	30.1
Bacillus_GCF_016758535.1_spacer_12	virome_phage_762	76.471	34	8	0	10	43	48834	48801	0.78	30.1
Bacillus_GCF_016758535.1_spacer_12	virome_phage_58	87.500	24	3	0	17	40	292	269	0.78	30.1
Bacillus_GCF_016758535.1_spacer_12	virome_phage_2342	66.071	56	19	0	8	63	19691	19636	0.78	30.1
Bacillus_GCF_016758535.1_spacer_12	virome_phage_2342	63.636	66	24	0	1	66	19761	19696	0.78	30.1
Bacillus_GCF_016758535.1_spacer_12	virome_phage_219	76.471	34	8	0	14	47	11780	11747	0.78	30.1
Bacillus_GCF_016758535.1_spacer_12	virome_phage_14	82.143	28	5	0	4	31	31471	31498	0.78	30.1
Bacillus_GCF_016758535.1_spacer_13	virome_phage_145	80.000	45	9	0	17	61	19496	19452	2.99e-05	44.4
Bacillus_GCF_016758535.1_spacer_13	virome_phage_145	71.930	57	16	0	1	57	19548	19492	2.69e-04	41.2
Bacillus_GCF_016758535.1_spacer_13	virome_phage_145	73.077	52	14	0	6	57	19315	19264	8.06e-04	39.6
Bacillus_GCF_016758535.1_spacer_13	virome_phage_145	70.175	57	17	0	1	57	19779	19723	0.002	38.0
Bacillus_GCF_016758535.1_spacer_13	virome_phage_145	84.375	32	5	0	25	56	17589	17558	0.007	36.5
Bacillus_GCF_016758535.1_spacer_13	virome_phage_145	78.378	37	8	0	21	57	17653	17617	0.022	34.9
Bacillus_GCF_016758535.1_spacer_13	virome_phage_145	80.645	31	6	0	6	36	19792	19762	0.20	31.7
Bacillus_GCF_016758535.1_spacer_13	virome_phage_145	73.171	41	11	0	16	56	20070	20030	0.20	31.7
Bacillus_GCF_016758535.1_spacer_13	virome_phage_145	80.000	30	6	0	17	46	19223	19194	0.59	30.1
Bacillus_GCF_016758535.1_spacer_13	virome_phage_145	72.500	40	11	0	17	56	19622	19583	0.59	30.1
Bacillus_GCF_016758535.1_spacer_13	virome_phage_2368	80.000	45	9	0	17	61	1456	1500	2.99e-05	44.4
Bacillus_GCF_016758535.1_spacer_13	virome_phage_2368	71.930	57	16	0	1	57	1404	1460	2.69e-04	41.2
Bacillus_GCF_016758535.1_spacer_13	virome_phage_2368	73.077	52	14	0	6	57	1637	1688	8.06e-04	39.6
Bacillus_GCF_016758535.1_spacer_13	virome_phage_2368	70.175	57	17	0	1	57	1173	1229	0.002	38.0
Bacillus_GCF_016758535.1_spacer_13	virome_phage_2368	84.375	32	5	0	25	56	3363	3394	0.007	36.5
Bacillus_GCF_016758535.1_spacer_13	virome_phage_2368	78.378	37	8	0	21	57	3299	3335	0.022	34.9
Bacillus_GCF_016758535.1_spacer_13	virome_phage_2368	75.000	36	9	0	1	36	1155	1190	0.59	30.1
Bacillus_GCF_016758535.1_spacer_13	virome_phage_2368	68.000	50	16	0	7	56	1197	1246	0.59	30.1
Bacillus_GCF_016758535.1_spacer_13	virome_phage_2368	80.000	30	6	0	17	46	1729	1758	0.59	30.1
Bacillus_GCF_016758535.1_spacer_13	virome_phage_5	77.778	45	10	0	17	61	28138	28182	2.69e-04	41.2
Bacillus_GCF_016758535.1_spacer_13	virome_phage_5	71.429	49	14	0	6	54	28730	28778	0.022	34.9
Bacillus_GCF_016758535.1_spacer_13	virome_phage_5	76.923	39	9	0	1	39	29868	29906	0.022	34.9
Bacillus_GCF_016758535.1_spacer_13	virome_phage_5	67.308	52	17	0	3	54	27893	27944	0.59	30.1
Bacillus_GCF_016758535.1_spacer_13	virome_phage_2282	83.333	36	6	0	24	59	37815	37780	8.06e-04	39.6
Bacillus_GCF_016758535.1_spacer_13	virome_phage_2282	73.684	38	10	0	8	45	59578	59541	0.59	30.1
Bacillus_GCF_016758535.1_spacer_13	virome_phage_824	70.909	55	16	0	1	55	11734	11788	0.002	38.0
Bacillus_GCF_016758535.1_spacer_13	virome_phage_824	73.684	38	10	0	17	54	11732	11769	0.59	30.1
Bacillus_GCF_016758535.1_spacer_13	virome_phage_2342	80.556	36	7	0	24	59	21775	21740	0.007	36.5
Bacillus_GCF_016758535.1_spacer_13	virome_phage_2342	72.727	44	12	0	14	57	19685	19642	0.065	33.3
Bacillus_GCF_016758535.1_spacer_13	virome_phage_2342	70.000	50	15	0	7	56	19755	19706	0.065	33.3
Bacillus_GCF_016758535.1_spacer_13	virome_phage_2342	70.455	44	13	0	14	57	19703	19660	0.59	30.1
Bacillus_GCF_016758535.1_spacer_13	virome_phage_2342	70.455	44	13	0	14	57	21758	21715	0.59	30.1
Bacillus_GCF_016758535.1_spacer_13	virome_phage_52	78.947	38	8	0	17	54	44416	44453	0.007	36.5
Bacillus_GCF_016758535.1_spacer_13	virome_phage_52	73.171	41	11	0	14	54	44197	44237	0.20	31.7
Bacillus_GCF_016758535.1_spacer_13	virome_phage_1	83.333	30	5	0	25	54	221432	221403	0.065	33.3
Bacillus_GCF_016758535.1_spacer_13	total_phage_361	83.333	30	5	0	7	36	34255	34226	0.065	33.3
Bacillus_GCF_016758535.1_spacer_13	total_phage_361	83.333	30	5	0	9	38	34271	34242	0.065	33.3
Bacillus_GCF_016758535.1_spacer_13	total_phage_361	78.125	32	7	0	26	57	34263	34232	0.59	30.1
Bacillus_GCF_016758535.1_spacer_13	virome_phage_876	80.645	31	6	0	26	56	21214	21184	0.20	31.7
Bacillus_GCF_016758535.1_spacer_13	virome_phage_803	68.627	51	16	0	8	58	35350	35300	0.20	31.7
Bacillus_GCF_016758535.1_spacer_13	virome_phage_803	73.684	38	10	0	17	54	35314	35277	0.59	30.1
Bacillus_GCF_016758535.1_spacer_13	virome_phage_810	87.500	24	3	0	7	30	32300	32277	0.59	30.1
Bacillus_GCF_016758535.1_spacer_13	virome_phage_808	80.000	30	6	0	11	40	21254	21225	0.59	30.1
Bacillus_GCF_016758535.1_spacer_13	virome_phage_80	68.000	50	16	0	11	60	31759	31710	0.59	30.1
Bacillus_GCF_016758535.1_spacer_13	virome_phage_51	76.471	34	8	0	11	44	20146	20113	0.59	30.1
Bacillus_GCF_016758535.1_spacer_13	virome_phage_219	76.471	34	8	0	14	47	11780	11747	0.59	30.1
Bacillus_GCF_016758535.1_spacer_13	total_phage_116	76.471	34	8	0	6	39	2705	2672	0.59	30.1
Bacillus_GCF_016758535.1_spacer_13	virome_phage_870	71.429	42	12	0	17	58	11237	11278	0.59	30.1
Bacillus_GCF_016758535.1_spacer_13	virome_phage_22	87.500	24	3	0	9	32	38711	38734	0.59	30.1
Bacillus_GCF_016758535.1_spacer_13	total_phage_369	76.471	34	8	0	6	39	9389	9422	0.59	30.1
Bacillus_GCF_016758535.1_spacer_13	total_phage_115	76.471	34	8	0	6	39	23673	23706	0.59	30.1
