Bacillus_GCA_030268125.1_spacer_0	virome_phage_826	86.957	23	3	0	5	27	24256	24278	0.38	28.5
Bacillus_GCA_030268125.1_spacer_1	virome_phage_835	90.476	21	2	0	10	30	3603	3623	0.38	28.5
Bacillus_GCA_030268125.1_spacer_2	virome_phage_803	75.000	32	8	0	3	34	8046	8077	0.94	26.9
Bacillus_GCA_030268125.1_spacer_2	virome_phage_744	94.444	18	1	0	17	34	74359	74376	0.94	26.9
Bacillus_GCA_030268125.1_spacer_2	total_phage_929	86.364	22	3	0	11	32	7216	7195	0.94	26.9
Bacillus_GCA_030268125.1_spacer_3	total_phage_636	94.737	19	1	0	2	20	4922	4904	0.31	28.5
Bacillus_GCA_030268125.1_spacer_3	virome_phage_902	83.333	24	4	0	2	25	14742	14765	0.94	26.9
Bacillus_GCA_030268125.1_spacer_3	virome_phage_2407	80.769	26	5	0	3	28	17835	17810	0.94	26.9
Bacillus_GCA_030268125.1_spacer_3	virome_phage_2280	90.000	20	2	0	2	21	45276	45257	0.94	26.9
Bacillus_GCA_030268125.1_spacer_3	total_phage_727	80.769	26	5	0	2	27	30412	30437	0.94	26.9
Bacillus_GCA_030268125.1_spacer_3	total_phage_518	80.769	26	5	0	2	27	42622	42647	0.94	26.9
Bacillus_GCA_030268125.1_spacer_3	total_phage_3	86.364	22	3	0	12	33	19408	19429	0.94	26.9
Bacillus_GCA_030268125.1_spacer_4	virome_phage_46	90.476	21	2	0	7	27	2417	2437	0.25	28.5
Bacillus_GCA_030268125.1_spacer_4	virome_phage_58	94.444	18	1	0	5	22	37626	37643	0.76	26.9
Bacillus_GCA_030268125.1_spacer_4	total_phage_692	90.000	20	2	0	1	20	11340	11359	0.76	26.9
Bacillus_GCA_030268125.1_spacer_4	virome_phage_855	90.000	20	2	0	1	20	23164	23145	0.76	26.9
Bacillus_GCA_030268125.1_spacer_4	total_phage_658	90.000	20	2	0	1	20	34562	34543	0.76	26.9
Bacillus_GCA_030268125.1_spacer_5	virome_phage_3	76.667	30	7	0	1	30	146221	146250	0.94	26.9
Bacillus_GCA_030268125.1_spacer_6	virome_phage_828	94.444	18	1	0	17	34	8654	8637	0.94	26.9
Bacillus_GCA_030268125.1_spacer_6	virome_phage_778	94.444	18	1	0	17	34	34931	34914	0.94	26.9
Bacillus_GCA_030268125.1_spacer_6	virome_phage_856	76.667	30	7	0	3	32	33004	33033	0.94	26.9
Bacillus_GCA_030268125.1_spacer_6	total_phage_737	94.444	18	1	0	17	34	8659	8676	0.94	26.9
Bacillus_GCA_030268125.1_spacer_6	total_phage_188	94.444	18	1	0	17	34	9801	9818	0.94	26.9
Bacillus_GCA_030268125.1_spacer_7	virome_phage_28	88.889	27	3	0	4	30	42400	42374	0.003	34.9
Bacillus_GCA_030268125.1_spacer_7	virome_phage_2357	88.000	25	3	0	2	26	17328	17304	0.028	31.7
Bacillus_GCA_030268125.1_spacer_7	total_phage_304	88.000	25	3	0	2	26	16855	16831	0.028	31.7
Bacillus_GCA_030268125.1_spacer_7	total_phage_304	80.769	26	5	0	6	31	5379	5354	0.76	26.9
Bacillus_GCA_030268125.1_spacer_7	virome_phage_795	90.909	22	2	0	3	24	33238	33217	0.084	30.1
Bacillus_GCA_030268125.1_spacer_7	virome_phage_79	77.419	31	7	0	3	33	34590	34620	0.25	28.5
Bacillus_GCA_030268125.1_spacer_7	total_phage_413	86.957	23	3	0	4	26	120656	120634	0.25	28.5
Bacillus_GCA_030268125.1_spacer_7	virome_phage_881	94.444	18	1	0	8	25	22518	22535	0.76	26.9
Bacillus_GCA_030268125.1_spacer_7	virome_phage_804	83.333	24	4	0	8	31	26000	26023	0.76	26.9
Bacillus_GCA_030268125.1_spacer_7	virome_phage_66	86.364	22	3	0	1	22	25195	25216	0.76	26.9
Bacillus_GCA_030268125.1_spacer_7	virome_phage_66	90.000	20	2	0	6	25	1009	990	0.76	26.9
Bacillus_GCA_030268125.1_spacer_7	virome_phage_62	80.769	26	5	0	4	29	37162	37187	0.76	26.9
Bacillus_GCA_030268125.1_spacer_7	virome_phage_3	90.000	20	2	0	14	33	109756	109775	0.76	26.9
Bacillus_GCA_030268125.1_spacer_7	virome_phage_2322	94.444	18	1	0	12	29	4362	4379	0.76	26.9
Bacillus_GCA_030268125.1_spacer_7	virome_phage_2322	78.571	28	6	0	4	31	30943	30970	0.76	26.9
Bacillus_GCA_030268125.1_spacer_7	virome_phage_2305	90.000	20	2	0	9	28	18090	18109	0.76	26.9
Bacillus_GCA_030268125.1_spacer_7	virome_phage_2272	83.333	24	4	0	8	31	42739	42762	0.76	26.9
Bacillus_GCA_030268125.1_spacer_7	virome_phage_895	86.364	22	3	0	3	24	3942	3921	0.76	26.9
Bacillus_GCA_030268125.1_spacer_7	virome_phage_840	90.000	20	2	0	3	22	13332	13313	0.76	26.9
Bacillus_GCA_030268125.1_spacer_7	virome_phage_759	94.444	18	1	0	13	30	43918	43901	0.76	26.9
Bacillus_GCA_030268125.1_spacer_7	virome_phage_748	76.667	30	7	0	4	33	65821	65792	0.76	26.9
Bacillus_GCA_030268125.1_spacer_7	virome_phage_742	78.571	28	6	0	4	31	31386	31359	0.76	26.9
Bacillus_GCA_030268125.1_spacer_7	total_phage_92	86.364	22	3	0	4	25	34087	34066	0.76	26.9
Bacillus_GCA_030268125.1_spacer_7	total_phage_636	80.769	26	5	0	1	26	7071	7046	0.76	26.9
Bacillus_GCA_030268125.1_spacer_7	total_phage_232	94.444	18	1	0	4	21	71080	71063	0.76	26.9
Bacillus_GCA_030268125.1_spacer_8	total_phage_788	83.333	24	4	0	2	25	1995	1972	0.76	26.9
Bacillus_GCA_030268125.1_spacer_8	total_phage_739	94.444	18	1	0	9	26	25575	25592	0.76	26.9
Bacillus_GCA_030268125.1_spacer_8	total_phage_123	90.000	20	2	0	7	26	2128	2147	0.76	26.9
Bacillus_GCA_030268125.1_spacer_9	virome_phage_875	84.000	25	4	0	9	33	17413	17389	0.44	28.5
Bacillus_GCA_030268125.1_spacer_9	virome_phage_760	84.000	25	4	0	11	35	33112	33136	0.44	28.5
Bacillus_GCA_030268125.1_spacer_10	virome_phage_761	90.476	21	2	0	4	24	44468	44488	0.38	28.5
Bacillus_GCA_030268125.1_spacer_10	virome_phage_17	81.481	27	5	0	5	31	11339	11313	0.38	28.5
Bacillus_GCA_030268125.1_spacer_11	virome_phage_913	84.000	25	4	0	11	35	21913	21937	0.38	28.5
Bacillus_GCA_030268125.1_spacer_12	virome_phage_17	80.000	30	6	0	4	33	58729	58758	0.084	30.1
Bacillus_GCA_030268125.1_spacer_12	virome_phage_734	86.957	23	3	0	2	24	217513	217535	0.25	28.5
Bacillus_GCA_030268125.1_spacer_12	virome_phage_734	80.769	26	5	0	4	29	91624	91649	0.76	26.9
Bacillus_GCA_030268125.1_spacer_12	virome_phage_739	84.000	25	4	0	9	33	109823	109799	0.25	28.5
Bacillus_GCA_030268125.1_spacer_12	virome_phage_739	83.333	24	4	0	1	24	92342	92319	0.76	26.9
Bacillus_GCA_030268125.1_spacer_12	virome_phage_2411	90.000	20	2	0	7	26	5217	5236	0.76	26.9
Bacillus_GCA_030268125.1_spacer_12	virome_phage_176	90.000	20	2	0	7	26	5118	5137	0.76	26.9
Bacillus_GCA_030268125.1_spacer_12	virome_phage_1446	78.571	28	6	0	2	29	534	561	0.76	26.9
Bacillus_GCA_030268125.1_spacer_12	total_phage_794	83.333	24	4	0	10	33	4856	4879	0.76	26.9
Bacillus_GCA_030268125.1_spacer_12	total_phage_500	78.571	28	6	0	4	31	13889	13916	0.76	26.9
Bacillus_GCA_030268125.1_spacer_12	total_phage_449	90.000	20	2	0	1	20	7185	7204	0.76	26.9
Bacillus_GCA_030268125.1_spacer_12	total_phage_413	83.333	24	4	0	7	30	140775	140798	0.76	26.9
Bacillus_GCA_030268125.1_spacer_12	total_phage_231	86.364	22	3	0	6	27	24875	24896	0.76	26.9
Bacillus_GCA_030268125.1_spacer_12	virome_phage_2254	78.571	28	6	0	4	31	112807	112780	0.76	26.9
Bacillus_GCA_030268125.1_spacer_13	virome_phage_734	84.000	25	4	0	11	35	247838	247862	0.38	28.5
Bacillus_GCA_030268125.1_spacer_14	virome_phage_10	86.957	23	3	0	10	32	47206	47184	0.25	28.5
Bacillus_GCA_030268125.1_spacer_14	total_phage_729	86.957	23	3	0	5	27	137401	137379	0.25	28.5
Bacillus_GCA_030268125.1_spacer_14	total_phage_729	83.333	24	4	0	10	33	107605	107582	0.76	26.9
Bacillus_GCA_030268125.1_spacer_14	total_phage_730	86.957	23	3	0	10	32	139522	139544	0.25	28.5
Bacillus_GCA_030268125.1_spacer_14	virome_phage_2269	94.444	18	1	0	11	28	207858	207841	0.76	26.9
Bacillus_GCA_030268125.1_spacer_14	virome_phage_189	86.364	22	3	0	5	26	5481	5460	0.76	26.9
Bacillus_GCA_030268125.1_spacer_14	total_phage_731	76.667	30	7	0	4	33	65312	65283	0.76	26.9
Bacillus_GCA_030268125.1_spacer_14	total_phage_416	86.364	22	3	0	12	33	38700	38679	0.76	26.9
Bacillus_GCA_030268125.1_spacer_14	total_phage_231	83.333	24	4	0	10	33	120063	120040	0.76	26.9
Bacillus_GCA_030268125.1_spacer_14	virome_phage_866	76.667	30	7	0	1	30	12456	12485	0.76	26.9
Bacillus_GCA_030268125.1_spacer_14	virome_phage_734	83.333	24	4	0	1	24	323111	323134	0.76	26.9
Bacillus_GCA_030268125.1_spacer_14	virome_phage_2254	78.571	28	6	0	4	31	7753	7780	0.76	26.9
Bacillus_GCA_030268125.1_spacer_14	total_phage_4	86.364	22	3	0	11	32	30276	30297	0.76	26.9
Bacillus_GCA_030268125.1_spacer_15	total_phage_368	84.000	25	4	0	5	29	6949	6973	0.25	28.5
Bacillus_GCA_030268125.1_spacer_15	total_phage_1	94.737	19	1	0	5	23	18666	18684	0.25	28.5
Bacillus_GCA_030268125.1_spacer_15	virome_phage_861	90.476	21	2	0	7	27	3705	3685	0.25	28.5
Bacillus_GCA_030268125.1_spacer_15	virome_phage_778	100.000	17	0	0	9	25	42132	42116	0.25	28.5
Bacillus_GCA_030268125.1_spacer_15	virome_phage_734	84.000	25	4	0	8	32	280214	280190	0.25	28.5
Bacillus_GCA_030268125.1_spacer_15	virome_phage_2329	94.737	19	1	0	5	23	4273	4255	0.25	28.5
Bacillus_GCA_030268125.1_spacer_15	total_phage_415	84.000	25	4	0	5	29	36044	36020	0.25	28.5
Bacillus_GCA_030268125.1_spacer_15	virome_phage_739	80.769	26	5	0	3	28	64906	64931	0.76	26.9
Bacillus_GCA_030268125.1_spacer_15	virome_phage_2260	83.333	24	4	0	10	33	11754	11777	0.76	26.9
Bacillus_GCA_030268125.1_spacer_15	total_phage_249	86.364	22	3	0	6	27	14665	14686	0.76	26.9
Bacillus_GCA_030268125.1_spacer_15	total_phage_242	90.000	20	2	0	4	23	9819	9838	0.76	26.9
Bacillus_GCA_030268125.1_spacer_15	virome_phage_318	100.000	16	0	0	9	24	3129	3114	0.76	26.9
Bacillus_GCA_030268125.1_spacer_15	virome_phage_2407	100.000	16	0	0	9	24	10653	10638	0.76	26.9
Bacillus_GCA_030268125.1_spacer_15	virome_phage_183	80.769	26	5	0	8	33	3538	3513	0.76	26.9
Bacillus_GCA_030268125.1_spacer_15	virome_phage_1033	80.769	26	5	0	8	33	3387	3362	0.76	26.9
Bacillus_GCA_030268125.1_spacer_15	total_phage_636	86.364	22	3	0	4	25	33562	33541	0.76	26.9
Bacillus_GCA_030268125.1_spacer_16	virome_phage_84	90.000	20	2	0	9	28	25684	25665	0.76	26.9
Bacillus_GCA_030268125.1_spacer_16	virome_phage_811	86.364	22	3	0	7	28	29335	29314	0.76	26.9
Bacillus_GCA_030268125.1_spacer_16	virome_phage_8	94.444	18	1	0	6	23	10935	10918	0.76	26.9
Bacillus_GCA_030268125.1_spacer_16	virome_phage_2350	90.000	20	2	0	9	28	12233	12252	0.76	26.9
Bacillus_GCA_030268125.1_spacer_17	virome_phage_748	100.000	16	0	0	1	16	63891	63906	0.76	26.9
Bacillus_GCA_030268125.1_spacer_17	virome_phage_743	80.769	26	5	0	1	26	36300	36325	0.76	26.9
Bacillus_GCA_030268125.1_spacer_18	virome_phage_69	95.652	23	1	0	2	24	143	165	0.004	34.9
Bacillus_GCA_030268125.1_spacer_18	total_phage_929	91.304	23	2	0	1	23	16224	16246	0.035	31.7
Bacillus_GCA_030268125.1_spacer_18	virome_phage_739	90.476	21	2	0	2	22	101279	101259	0.31	28.5
Bacillus_GCA_030268125.1_spacer_18	total_phage_358	94.444	18	1	0	12	29	15875	15858	0.94	26.9
Bacillus_GCA_030268125.1_spacer_18	virome_phage_18	78.571	28	6	0	1	28	61755	61782	0.94	26.9
Bacillus_GCA_030268125.1_spacer_18	virome_phage_1006	75.000	32	8	0	2	33	4623	4654	0.94	26.9
Bacillus_GCA_030268125.1_spacer_18	total_phage_729	86.364	22	3	0	2	23	93787	93808	0.94	26.9
Bacillus_GCA_030268125.1_spacer_18	total_phage_604	83.333	24	4	0	3	26	33329	33352	0.94	26.9
Bacillus_GCA_030268125.1_spacer_19	virome_phage_771	90.476	21	2	0	9	29	6806	6786	0.31	28.5
Bacillus_GCA_030268125.1_spacer_19	virome_phage_949	73.529	34	9	0	1	34	4279	4246	0.94	26.9
Bacillus_GCA_030268125.1_spacer_19	virome_phage_895	80.769	26	5	0	8	33	13156	13131	0.94	26.9
Bacillus_GCA_030268125.1_spacer_19	virome_phage_734	86.364	22	3	0	11	32	215968	215947	0.94	26.9
Bacillus_GCA_030268125.1_spacer_19	total_phage_692	80.769	26	5	0	4	29	11474	11449	0.94	26.9
Bacillus_GCA_030268125.1_spacer_19	virome_phage_748	90.000	20	2	0	15	34	33028	33047	0.94	26.9
Bacillus_GCA_030268125.1_spacer_19	virome_phage_2403	73.529	34	9	0	1	34	14461	14494	0.94	26.9
Bacillus_GCA_030268125.1_spacer_19	virome_phage_2270	83.333	24	4	0	5	28	207379	207402	0.94	26.9
Bacillus_GCA_030268125.1_spacer_19	virome_phage_164	73.529	34	9	0	1	34	14588	14621	0.94	26.9
Bacillus_GCA_030268125.1_spacer_19	virome_phage_15	83.333	24	4	0	1	24	4650	4673	0.94	26.9
Bacillus_GCA_030268125.1_spacer_19	total_phage_791	86.364	22	3	0	9	30	24297	24318	0.94	26.9
Bacillus_GCA_030268125.1_spacer_19	total_phage_658	80.769	26	5	0	4	29	34428	34453	0.94	26.9
Bacillus_GCA_030268125.1_spacer_20	total_phage_524	86.957	23	3	0	5	27	26053	26075	0.25	28.5
Bacillus_GCA_030268125.1_spacer_20	virome_phage_804	90.000	20	2	0	4	23	32378	32359	0.76	26.9
Bacillus_GCA_030268125.1_spacer_20	total_phage_416	94.444	18	1	0	13	30	25198	25181	0.76	26.9
Bacillus_GCA_030268125.1_spacer_20	virome_phage_783	78.571	28	6	0	4	31	4460	4487	0.76	26.9
Bacillus_GCA_030268125.1_spacer_20	total_phage_232	83.333	24	4	0	10	33	80156	80179	0.76	26.9
Bacillus_GCA_030268125.1_spacer_21	virome_phage_770	95.000	20	1	0	10	29	25175	25194	0.13	30.1
Bacillus_GCA_030268125.1_spacer_21	virome_phage_2300	84.615	26	4	0	2	27	28773	28798	0.13	30.1
Bacillus_GCA_030268125.1_spacer_21	total_phage_737	86.957	23	3	0	3	25	1568	1590	0.38	28.5
Bacillus_GCA_030268125.1_spacer_21	virome_phage_807	86.957	23	3	0	3	25	16558	16536	0.38	28.5
Bacillus_GCA_030268125.1_spacer_21	virome_phage_5	84.000	25	4	0	3	27	82562	82538	0.38	28.5
Bacillus_GCA_030268125.1_spacer_21	virome_phage_46	81.481	27	5	0	9	35	18154	18128	0.38	28.5
Bacillus_GCA_030268125.1_spacer_23	total_phage_293	95.000	20	1	0	10	29	3714	3733	0.15	30.1
Bacillus_GCA_030268125.1_spacer_23	total_phage_114	95.000	20	1	0	10	29	1174	1193	0.15	30.1
Bacillus_GCA_030268125.1_spacer_23	total_phage_114	78.125	32	7	0	4	35	37962	37931	0.15	30.1
Bacillus_GCA_030268125.1_spacer_23	virome_phage_2329	87.500	24	3	0	14	37	30726	30703	0.15	30.1
Bacillus_GCA_030268125.1_spacer_23	virome_phage_884	81.481	27	5	0	8	34	24729	24703	0.44	28.5
Bacillus_GCA_030268125.1_spacer_23	virome_phage_2272	77.419	31	7	0	1	31	60679	60649	0.44	28.5
Bacillus_GCA_030268125.1_spacer_23	total_phage_793	81.481	27	5	0	4	30	40344	40318	0.44	28.5
Bacillus_GCA_030268125.1_spacer_24	virome_phage_440	88.462	26	3	0	4	29	4961	4986	0.014	33.3
Bacillus_GCA_030268125.1_spacer_25	virome_phage_734	90.476	21	2	0	7	27	81128	81148	0.31	28.5
Bacillus_GCA_030268125.1_spacer_25	virome_phage_64	84.000	25	4	0	10	34	35481	35457	0.31	28.5
Bacillus_GCA_030268125.1_spacer_25	virome_phage_1155	81.481	27	5	0	7	33	621	595	0.31	28.5
Bacillus_GCA_030268125.1_spacer_25	total_phage_731	90.476	21	2	0	8	28	93292	93272	0.31	28.5
Bacillus_GCA_030268125.1_spacer_25	virome_phage_735	80.769	26	5	0	2	27	179778	179803	0.94	26.9
Bacillus_GCA_030268125.1_spacer_25	virome_phage_820	83.333	24	4	0	6	29	13038	13015	0.94	26.9
Bacillus_GCA_030268125.1_spacer_26	virome_phage_8	90.000	20	2	0	9	28	7902	7883	0.94	26.9
Bacillus_GCA_030268125.1_spacer_26	virome_phage_751	86.364	22	3	0	13	34	56171	56150	0.94	26.9
Bacillus_GCA_030268125.1_spacer_26	total_phage_233	86.364	22	3	0	9	30	954	933	0.94	26.9
Bacillus_GCA_030268125.1_spacer_27	virome_phage_868	91.304	23	2	0	6	28	13258	13236	0.028	31.7
Bacillus_GCA_030268125.1_spacer_27	virome_phage_2366	81.481	27	5	0	4	30	5546	5572	0.25	28.5
Bacillus_GCA_030268125.1_spacer_27	virome_phage_2269	84.000	25	4	0	2	26	33197	33173	0.25	28.5
Bacillus_GCA_030268125.1_spacer_27	virome_phage_2269	81.481	27	5	0	7	33	156926	156900	0.25	28.5
Bacillus_GCA_030268125.1_spacer_27	virome_phage_73	80.769	26	5	0	8	33	28121	28146	0.76	26.9
Bacillus_GCA_030268125.1_spacer_27	virome_phage_26	90.000	20	2	0	5	24	35387	35406	0.76	26.9
Bacillus_GCA_030268125.1_spacer_27	total_phage_600	83.333	24	4	0	6	29	5027	5050	0.76	26.9
Bacillus_GCA_030268125.1_spacer_27	virome_phage_785	76.667	30	7	0	3	32	5943	5914	0.76	26.9
Bacillus_GCA_030268125.1_spacer_28	virome_phage_750	80.645	31	6	0	4	34	23334	23304	0.035	31.7
Bacillus_GCA_030268125.1_spacer_28	virome_phage_2269	82.143	28	5	0	4	31	275891	275864	0.10	30.1
Bacillus_GCA_030268125.1_spacer_28	virome_phage_792	86.957	23	3	0	12	34	25662	25684	0.31	28.5
Bacillus_GCA_030268125.1_spacer_28	virome_phage_734	94.737	19	1	0	14	32	295816	295834	0.31	28.5
Bacillus_GCA_030268125.1_spacer_28	virome_phage_9	86.364	22	3	0	8	29	109553	109532	0.94	26.9
Bacillus_GCA_030268125.1_spacer_28	virome_phage_876	86.364	22	3	0	11	32	9856	9835	0.94	26.9
Bacillus_GCA_030268125.1_spacer_28	virome_phage_824	76.667	30	7	0	3	32	25660	25689	0.94	26.9
Bacillus_GCA_030268125.1_spacer_28	total_phage_793	76.667	30	7	0	5	34	16071	16042	0.94	26.9
Bacillus_GCA_030268125.1_spacer_28	total_phage_363	76.667	30	7	0	5	34	16158	16129	0.94	26.9
Bacillus_GCA_030268125.1_spacer_28	total_phage_175	76.667	30	7	0	5	34	29288	29317	0.94	26.9
Bacillus_GCA_030268125.1_spacer_29	virome_phage_843	83.333	24	4	0	4	27	15417	15440	0.94	26.9
Bacillus_GCA_030268125.1_spacer_29	total_phage_791	90.000	20	2	0	3	22	13607	13588	0.94	26.9
Bacillus_GCA_030268125.1_spacer_29	total_phage_361	90.000	20	2	0	3	22	28122	28141	0.94	26.9
Bacillus_GCA_030268125.1_spacer_30	virome_phage_932	87.500	24	3	0	4	27	13066	13089	0.13	30.1
Bacillus_GCA_030268125.1_spacer_33	virome_phage_56	86.364	22	3	0	8	29	36363	36384	0.94	26.9
Bacillus_GCA_030268125.1_spacer_33	total_phage_692	83.333	24	4	0	6	29	8911	8934	0.94	26.9
Bacillus_GCA_030268125.1_spacer_33	total_phage_454	83.333	24	4	0	6	29	384	407	0.94	26.9
Bacillus_GCA_030268125.1_spacer_33	virome_phage_50	80.769	26	5	0	7	32	31219	31194	0.94	26.9
Bacillus_GCA_030268125.1_spacer_33	total_phage_658	83.333	24	4	0	6	29	36991	36968	0.94	26.9
Bacillus_GCA_030268125.1_spacer_34	total_phage_95	84.615	26	4	0	7	32	45114	45089	0.13	30.1
Bacillus_GCA_030268125.1_spacer_34	total_phage_95	90.909	22	2	0	9	30	102977	102956	0.13	30.1
Bacillus_GCA_030268125.1_spacer_35	virome_phage_899	88.000	25	3	0	6	30	8574	8598	0.028	31.7
Bacillus_GCA_030268125.1_spacer_35	virome_phage_842	90.909	22	2	0	10	31	13366	13345	0.084	30.1
Bacillus_GCA_030268125.1_spacer_35	virome_phage_747	84.615	26	4	0	3	28	27245	27270	0.084	30.1
Bacillus_GCA_030268125.1_spacer_35	virome_phage_734	82.143	28	5	0	1	28	201643	201616	0.084	30.1
Bacillus_GCA_030268125.1_spacer_35	virome_phage_18	84.615	26	4	0	3	28	70984	71009	0.084	30.1
Bacillus_GCA_030268125.1_spacer_35	total_phage_3	90.909	22	2	0	10	31	23353	23374	0.084	30.1
Bacillus_GCA_030268125.1_spacer_35	virome_phage_771	86.957	23	3	0	1	23	17874	17852	0.25	28.5
Bacillus_GCA_030268125.1_spacer_35	virome_phage_116	86.957	23	3	0	1	23	24636	24658	0.25	28.5
Bacillus_GCA_030268125.1_spacer_35	virome_phage_115	86.957	23	3	0	1	23	1578	1556	0.25	28.5
Bacillus_GCA_030268125.1_spacer_35	virome_phage_891	83.333	24	4	0	3	26	12659	12682	0.76	26.9
Bacillus_GCA_030268125.1_spacer_35	virome_phage_851	86.364	22	3	0	10	31	14633	14654	0.76	26.9
Bacillus_GCA_030268125.1_spacer_35	virome_phage_738	78.571	28	6	0	4	31	33126	33153	0.76	26.9
Bacillus_GCA_030268125.1_spacer_35	virome_phage_7	78.571	28	6	0	1	28	46946	46973	0.76	26.9
Bacillus_GCA_030268125.1_spacer_35	virome_phage_2368	83.333	24	4	0	1	24	15671	15648	0.76	26.9
Bacillus_GCA_030268125.1_spacer_35	total_phage_733	83.333	24	4	0	3	26	13120	13097	0.76	26.9
Bacillus_GCA_030268125.1_spacer_35	total_phage_189	83.333	24	4	0	3	26	11093	11070	0.76	26.9
Bacillus_GCA_030268125.1_spacer_36	total_phage_248	81.481	27	5	0	3	29	363	337	0.25	28.5
Bacillus_GCA_030268125.1_spacer_36	virome_phage_795	94.444	18	1	0	5	22	9403	9386	0.76	26.9
Bacillus_GCA_030268125.1_spacer_36	virome_phage_4	83.333	24	4	0	9	32	34748	34771	0.76	26.9
Bacillus_GCA_030268125.1_spacer_36	total_phage_738	86.364	22	3	0	3	24	21032	21053	0.76	26.9
Bacillus_GCA_030268125.1_spacer_36	total_phage_114	86.364	22	3	0	3	24	13338	13317	0.76	26.9
Bacillus_GCA_030268125.1_spacer_37	virome_phage_92	86.957	23	3	0	6	28	11720	11742	0.31	28.5
Bacillus_GCA_030268125.1_spacer_37	virome_phage_2294	86.957	23	3	0	6	28	13587	13565	0.31	28.5
Bacillus_GCA_030268125.1_spacer_37	virome_phage_12	84.000	25	4	0	9	33	81789	81765	0.31	28.5
Bacillus_GCA_030268125.1_spacer_37	total_phage_820	86.957	23	3	0	12	34	3112	3090	0.31	28.5
Bacillus_GCA_030268125.1_spacer_37	total_phage_294	84.000	25	4	0	10	34	12837	12813	0.31	28.5
Bacillus_GCA_030268125.1_spacer_37	total_phage_233	84.000	25	4	0	10	34	24583	24559	0.31	28.5
Bacillus_GCA_030268125.1_spacer_37	virome_phage_747	90.000	20	2	0	1	20	3756	3775	0.94	26.9
Bacillus_GCA_030268125.1_spacer_37	virome_phage_24	80.769	26	5	0	1	26	43136	43161	0.94	26.9
Bacillus_GCA_030268125.1_spacer_37	total_phage_479	86.364	22	3	0	13	34	34508	34487	0.94	26.9
Bacillus_GCA_030268125.1_spacer_38	total_phage_98	100.000	17	0	0	6	22	29849	29865	0.31	28.5
Bacillus_GCA_030268125.1_spacer_38	total_phage_930	100.000	17	0	0	6	22	2122	2106	0.31	28.5
Bacillus_GCA_030268125.1_spacer_38	total_phage_782	100.000	17	0	0	6	22	27589	27605	0.31	28.5
Bacillus_GCA_030268125.1_spacer_38	total_phage_252	86.957	23	3	0	5	27	6568	6546	0.31	28.5
Bacillus_GCA_030268125.1_spacer_38	virome_phage_884	86.364	22	3	0	9	30	7133	7112	0.94	26.9
Bacillus_GCA_030268125.1_spacer_38	virome_phage_803	76.667	30	7	0	2	31	636	665	0.94	26.9
Bacillus_GCA_030268125.1_spacer_38	virome_phage_802	76.667	30	7	0	2	31	16088	16059	0.94	26.9
Bacillus_GCA_030268125.1_spacer_40	virome_phage_745	90.476	21	2	0	15	35	14035	14055	0.38	28.5
Bacillus_GCA_030268125.1_spacer_41	total_phage_4	94.737	19	1	0	12	30	35559	35577	0.25	28.5
Bacillus_GCA_030268125.1_spacer_41	total_phage_730	90.476	21	2	0	12	32	68071	68051	0.25	28.5
Bacillus_GCA_030268125.1_spacer_41	virome_phage_3	76.667	30	7	0	3	32	39177	39206	0.76	26.9
Bacillus_GCA_030268125.1_spacer_41	virome_phage_2269	83.333	24	4	0	9	32	59449	59472	0.76	26.9
Bacillus_GCA_030268125.1_spacer_41	virome_phage_17	86.364	22	3	0	12	33	41948	41969	0.76	26.9
Bacillus_GCA_030268125.1_spacer_41	total_phage_692	76.667	30	7	0	2	31	28820	28849	0.76	26.9
Bacillus_GCA_030268125.1_spacer_41	virome_phage_864	83.333	24	4	0	9	32	30857	30834	0.76	26.9
Bacillus_GCA_030268125.1_spacer_41	virome_phage_2314	83.333	24	4	0	8	31	4407	4384	0.76	26.9
Bacillus_GCA_030268125.1_spacer_41	virome_phage_1	86.364	22	3	0	11	32	107833	107812	0.76	26.9
Bacillus_GCA_030268125.1_spacer_41	total_phage_658	76.667	30	7	0	2	31	17082	17053	0.76	26.9
Bacillus_GCA_030268125.1_spacer_42	virome_phage_829	84.615	26	4	0	10	35	31866	31891	0.13	30.1
Bacillus_GCA_030268125.1_spacer_42	virome_phage_780	90.909	22	2	0	4	25	1413	1434	0.13	30.1
Bacillus_GCA_030268125.1_spacer_42	virome_phage_119	84.615	26	4	0	10	35	13790	13815	0.13	30.1
Bacillus_GCA_030268125.1_spacer_42	virome_phage_823	94.737	19	1	0	12	30	799	781	0.38	28.5
Bacillus_GCA_030268125.1_spacer_43	virome_phage_155	83.333	30	5	0	4	33	15683	15654	0.014	33.3
Bacillus_GCA_030268125.1_spacer_43	virome_phage_153	83.333	30	5	0	4	33	15592	15563	0.014	33.3
Bacillus_GCA_030268125.1_spacer_43	virome_phage_746	81.481	27	5	0	8	34	60308	60282	0.38	28.5
Bacillus_GCA_030268125.1_spacer_45	total_phage_92	100.000	17	0	0	17	33	122820	122836	0.25	28.5
Bacillus_GCA_030268125.1_spacer_45	total_phage_730	75.000	32	8	0	2	33	89580	89611	0.76	26.9
Bacillus_GCA_030268125.1_spacer_45	virome_phage_35	83.333	24	4	0	7	30	35429	35406	0.76	26.9
Bacillus_GCA_030268125.1_spacer_45	virome_phage_2269	94.444	18	1	0	7	24	100953	100936	0.76	26.9
