Bacillus_GCA_022663915.1_spacer_0	virome_phage_3	85.185	27	4	0	1	27	81435	81461	0.063	31.7
Bacillus_GCA_022663915.1_spacer_0	total_phage_927	71.795	39	11	0	1	39	254773	254735	0.57	28.5
Bacillus_GCA_022663915.1_spacer_1	total_phage_92	80.000	30	6	0	9	38	17418	17447	0.23	30.1
Bacillus_GCA_022663915.1_spacer_1	total_phage_231	77.419	31	7	0	9	39	2305	2335	0.69	28.5
Bacillus_GCA_022663915.1_spacer_2	virome_phage_70	84.000	25	4	0	3	27	39233	39209	0.44	28.5
Bacillus_GCA_022663915.1_spacer_2	total_phage_446	90.476	21	2	0	4	24	28193	28173	0.44	28.5
Bacillus_GCA_022663915.1_spacer_3	virome_phage_878	85.185	27	4	0	7	33	21623	21649	0.042	31.7
Bacillus_GCA_022663915.1_spacer_3	virome_phage_878	100.000	17	0	0	10	26	10537	10553	0.38	28.5
Bacillus_GCA_022663915.1_spacer_3	virome_phage_734	87.500	24	3	0	11	34	139803	139780	0.13	30.1
Bacillus_GCA_022663915.1_spacer_3	total_phage_308	90.909	22	2	0	8	29	13412	13433	0.13	30.1
Bacillus_GCA_022663915.1_spacer_3	virome_phage_79	94.737	19	1	0	11	29	1924	1906	0.38	28.5
Bacillus_GCA_022663915.1_spacer_3	virome_phage_2324	81.481	27	5	0	10	36	31669	31643	0.38	28.5
Bacillus_GCA_022663915.1_spacer_3	virome_phage_2314	90.476	21	2	0	12	32	15429	15449	0.38	28.5
Bacillus_GCA_022663915.1_spacer_3	virome_phage_2288	94.737	19	1	0	11	29	30259	30277	0.38	28.5
Bacillus_GCA_022663915.1_spacer_3	virome_phage_14	86.957	23	3	0	12	34	44033	44011	0.38	28.5
Bacillus_GCA_022663915.1_spacer_3	virome_phage_1	84.000	25	4	0	9	33	126656	126632	0.38	28.5
Bacillus_GCA_022663915.1_spacer_3	total_phage_737	90.476	21	2	0	14	34	3939	3919	0.38	28.5
Bacillus_GCA_022663915.1_spacer_3	total_phage_524	86.957	23	3	0	4	26	30203	30181	0.38	28.5
Bacillus_GCA_022663915.1_spacer_4	virome_phage_802	82.143	28	5	0	8	35	23328	23355	0.13	30.1
