Bacillus_GCF_026114325.1_spacer_0	virome_phage_46	90.476	21	2	0	7	27	2417	2437	0.25	28.5
Bacillus_GCF_026114325.1_spacer_0	virome_phage_58	94.444	18	1	0	5	22	37626	37643	0.76	26.9
Bacillus_GCF_026114325.1_spacer_0	total_phage_692	90.000	20	2	0	1	20	11340	11359	0.76	26.9
Bacillus_GCF_026114325.1_spacer_0	virome_phage_855	90.000	20	2	0	1	20	23164	23145	0.76	26.9
Bacillus_GCF_026114325.1_spacer_0	total_phage_658	90.000	20	2	0	1	20	34562	34543	0.76	26.9
Bacillus_GCF_026114325.1_spacer_1	virome_phage_2268	80.769	26	5	0	4	29	2555	2530	0.76	26.9
Bacillus_GCF_026114325.1_spacer_1	total_phage_179	86.364	22	3	0	2	23	22232	22211	0.76	26.9
Bacillus_GCF_026114325.1_spacer_1	virome_phage_2398	86.364	22	3	0	1	22	8914	8935	0.76	26.9
Bacillus_GCF_026114325.1_spacer_1	total_phage_788	86.364	22	3	0	2	23	20518	20539	0.76	26.9
Bacillus_GCF_026114325.1_spacer_2	virome_phage_48	77.143	35	8	0	1	35	3219	3253	0.042	31.7
Bacillus_GCF_026114325.1_spacer_2	virome_phage_802	84.615	26	4	0	1	26	35603	35628	0.13	30.1
Bacillus_GCF_026114325.1_spacer_3	virome_phage_856	84.000	25	4	0	1	25	7847	7871	0.38	28.5
Bacillus_GCF_026114325.1_spacer_3	virome_phage_2319	86.957	23	3	0	3	25	33420	33442	0.38	28.5
Bacillus_GCF_026114325.1_spacer_4	virome_phage_1082	84.000	25	4	0	10	34	1038	1014	0.38	28.5
Bacillus_GCF_026114325.1_spacer_5	virome_phage_780	90.476	21	2	0	11	31	43267	43247	0.31	28.5
Bacillus_GCF_026114325.1_spacer_5	virome_phage_781	94.444	18	1	0	10	27	27522	27539	0.94	26.9
Bacillus_GCF_026114325.1_spacer_5	total_phage_788	86.364	22	3	0	11	32	35239	35260	0.94	26.9
Bacillus_GCF_026114325.1_spacer_5	total_phage_418	86.364	22	3	0	11	32	30275	30296	0.94	26.9
Bacillus_GCF_026114325.1_spacer_5	total_phage_358	86.364	22	3	0	11	32	36025	36046	0.94	26.9
Bacillus_GCF_026114325.1_spacer_5	virome_phage_885	86.364	22	3	0	11	32	26614	26593	0.94	26.9
Bacillus_GCF_026114325.1_spacer_5	virome_phage_736	83.333	24	4	0	2	25	152756	152733	0.94	26.9
Bacillus_GCF_026114325.1_spacer_5	virome_phage_5	76.667	30	7	0	2	31	100292	100263	0.94	26.9
Bacillus_GCF_026114325.1_spacer_5	virome_phage_2272	83.333	24	4	0	2	25	65382	65359	0.94	26.9
Bacillus_GCF_026114325.1_spacer_5	virome_phage_17	86.364	22	3	0	5	26	42110	42089	0.94	26.9
Bacillus_GCF_026114325.1_spacer_5	total_phage_737	83.333	24	4	0	9	32	30475	30452	0.94	26.9
Bacillus_GCF_026114325.1_spacer_5	total_phage_12	83.333	24	4	0	9	32	13731	13708	0.94	26.9
Bacillus_GCF_026114325.1_spacer_7	virome_phage_764	77.419	31	7	0	1	31	39006	38976	0.25	28.5
Bacillus_GCF_026114325.1_spacer_7	virome_phage_744	79.310	29	6	0	4	32	34707	34679	0.25	28.5
Bacillus_GCF_026114325.1_spacer_7	virome_phage_2269	81.481	27	5	0	2	28	3599	3573	0.25	28.5
Bacillus_GCF_026114325.1_spacer_7	virome_phage_786	86.957	23	3	0	7	29	23332	23354	0.25	28.5
Bacillus_GCF_026114325.1_spacer_7	virome_phage_17	90.476	21	2	0	6	26	1788	1808	0.25	28.5
Bacillus_GCF_026114325.1_spacer_7	total_phage_244	84.000	25	4	0	9	33	29839	29863	0.25	28.5
Bacillus_GCF_026114325.1_spacer_7	virome_phage_785	80.769	26	5	0	3	28	37262	37237	0.76	26.9
Bacillus_GCF_026114325.1_spacer_7	virome_phage_2314	76.667	30	7	0	2	31	12127	12098	0.76	26.9
Bacillus_GCF_026114325.1_spacer_7	virome_phage_2298	80.769	26	5	0	3	28	37272	37247	0.76	26.9
Bacillus_GCF_026114325.1_spacer_7	total_phage_92	80.769	26	5	0	7	32	15014	14989	0.76	26.9
Bacillus_GCF_026114325.1_spacer_7	total_phage_92	90.000	20	2	0	10	29	124286	124305	0.76	26.9
Bacillus_GCF_026114325.1_spacer_7	total_phage_692	90.000	20	2	0	10	29	28220	28201	0.76	26.9
Bacillus_GCF_026114325.1_spacer_7	total_phage_306	75.000	32	8	0	1	32	15549	15518	0.76	26.9
Bacillus_GCF_026114325.1_spacer_7	virome_phage_857	90.000	20	2	0	8	27	10915	10934	0.76	26.9
Bacillus_GCF_026114325.1_spacer_7	virome_phage_746	80.769	26	5	0	6	31	49600	49625	0.76	26.9
Bacillus_GCF_026114325.1_spacer_7	virome_phage_743	94.444	18	1	0	6	23	49297	49314	0.76	26.9
Bacillus_GCF_026114325.1_spacer_7	virome_phage_49	90.000	20	2	0	5	24	7294	7313	0.76	26.9
Bacillus_GCF_026114325.1_spacer_7	virome_phage_116	83.333	24	4	0	9	32	19396	19419	0.76	26.9
Bacillus_GCF_026114325.1_spacer_7	total_phage_658	90.000	20	2	0	10	29	17682	17701	0.76	26.9
Bacillus_GCF_026114325.1_spacer_7	total_phage_414	80.769	26	5	0	3	28	29795	29820	0.76	26.9
Bacillus_GCF_026114325.1_spacer_7	total_phage_231	83.333	24	4	0	10	33	65021	65044	0.76	26.9
