Bacillus_GCF_020775725.1_spacer_0	total_phage_735	95.000	20	1	0	12	31	24927	24946	0.13	30.1
Bacillus_GCF_020775725.1_spacer_1	virome_phage_756	94.737	19	1	0	9	27	42585	42567	0.31	28.5
Bacillus_GCF_020775725.1_spacer_1	virome_phage_10	90.476	21	2	0	10	30	64219	64199	0.31	28.5
Bacillus_GCF_020775725.1_spacer_1	virome_phage_818	94.444	18	1	0	14	31	22145	22162	0.94	26.9
Bacillus_GCF_020775725.1_spacer_1	virome_phage_745	86.364	22	3	0	7	28	64010	64031	0.94	26.9
Bacillus_GCF_020775725.1_spacer_1	virome_phage_2280	90.000	20	2	0	13	32	47556	47537	0.94	26.9
Bacillus_GCF_020775725.1_spacer_2	virome_phage_46	84.615	26	4	0	4	29	6117	6142	0.13	30.1
Bacillus_GCF_020775725.1_spacer_3	virome_phage_2306	76.667	30	7	0	4	33	38502	38473	0.76	26.9
Bacillus_GCF_020775725.1_spacer_3	virome_phage_784	86.364	22	3	0	2	23	23062	23083	0.76	26.9
Bacillus_GCF_020775725.1_spacer_4	virome_phage_741	95.000	20	1	0	2	21	73015	73034	0.084	30.1
Bacillus_GCF_020775725.1_spacer_4	virome_phage_778	90.476	21	2	0	2	22	41296	41316	0.25	28.5
Bacillus_GCF_020775725.1_spacer_4	virome_phage_771	86.957	23	3	0	8	30	8524	8546	0.25	28.5
Bacillus_GCF_020775725.1_spacer_4	virome_phage_764	86.957	23	3	0	1	23	6415	6393	0.25	28.5
Bacillus_GCF_020775725.1_spacer_4	virome_phage_750	79.310	29	6	0	1	29	52193	52165	0.25	28.5
Bacillus_GCF_020775725.1_spacer_4	virome_phage_7	86.957	23	3	0	11	33	100457	100435	0.25	28.5
Bacillus_GCF_020775725.1_spacer_4	virome_phage_318	75.758	33	8	0	1	33	8871	8903	0.25	28.5
Bacillus_GCF_020775725.1_spacer_4	virome_phage_2407	75.758	33	8	0	1	33	16392	16424	0.25	28.5
Bacillus_GCF_020775725.1_spacer_4	virome_phage_2327	90.476	21	2	0	2	22	13788	13768	0.25	28.5
Bacillus_GCF_020775725.1_spacer_4	virome_phage_2292	86.957	23	3	0	8	30	2122	2100	0.25	28.5
Bacillus_GCF_020775725.1_spacer_4	virome_phage_876	90.000	20	2	0	1	20	1449	1468	0.76	26.9
Bacillus_GCF_020775725.1_spacer_4	virome_phage_2530	90.000	20	2	0	2	21	3227	3246	0.76	26.9
Bacillus_GCF_020775725.1_spacer_4	virome_phage_2345	90.000	20	2	0	1	20	24388	24369	0.76	26.9
Bacillus_GCF_020775725.1_spacer_4	virome_phage_2254	83.333	24	4	0	1	24	81553	81530	0.76	26.9
Bacillus_GCF_020775725.1_spacer_4	virome_phage_2238	83.333	24	4	0	1	24	63069	63046	0.76	26.9
Bacillus_GCF_020775725.1_spacer_4	virome_phage_119	90.000	20	2	0	1	20	12424	12443	0.76	26.9
Bacillus_GCF_020775725.1_spacer_4	total_phage_798	90.000	20	2	0	3	22	21497	21478	0.76	26.9
Bacillus_GCF_020775725.1_spacer_4	total_phage_729	83.333	24	4	0	9	32	162700	162723	0.76	26.9
Bacillus_GCF_020775725.1_spacer_4	total_phage_711	86.364	22	3	0	6	27	5609	5588	0.76	26.9
Bacillus_GCF_020775725.1_spacer_4	total_phage_650	86.364	22	3	0	6	27	5632	5611	0.76	26.9
Bacillus_GCF_020775725.1_spacer_4	total_phage_500	83.333	24	4	0	1	24	44888	44911	0.76	26.9
Bacillus_GCF_020775725.1_spacer_4	total_phage_413	94.444	18	1	0	11	28	49446	49429	0.76	26.9
Bacillus_GCF_020775725.1_spacer_5	virome_phage_2275	88.000	25	3	0	4	28	7226	7250	0.028	31.7
Bacillus_GCF_020775725.1_spacer_5	total_phage_733	88.000	25	3	0	1	25	10929	10953	0.028	31.7
Bacillus_GCF_020775725.1_spacer_5	total_phage_189	88.000	25	3	0	1	25	8902	8926	0.028	31.7
Bacillus_GCF_020775725.1_spacer_5	virome_phage_891	88.000	25	3	0	1	25	14850	14826	0.028	31.7
Bacillus_GCF_020775725.1_spacer_5	total_phage_1	77.419	31	7	0	1	31	18885	18915	0.25	28.5
Bacillus_GCF_020775725.1_spacer_5	virome_phage_2329	77.419	31	7	0	1	31	4054	4024	0.25	28.5
Bacillus_GCF_020775725.1_spacer_5	virome_phage_797	83.333	24	4	0	9	32	3335	3358	0.76	26.9
Bacillus_GCF_020775725.1_spacer_5	virome_phage_750	76.667	30	7	0	4	33	14323	14352	0.76	26.9
Bacillus_GCF_020775725.1_spacer_5	total_phage_244	80.769	26	5	0	5	30	7800	7825	0.76	26.9
Bacillus_GCF_020775725.1_spacer_5	virome_phage_795	83.333	24	4	0	10	33	15655	15632	0.76	26.9
Bacillus_GCF_020775725.1_spacer_5	total_phage_727	86.364	22	3	0	1	22	17254	17233	0.76	26.9
Bacillus_GCF_020775725.1_spacer_5	total_phage_518	86.364	22	3	0	1	22	29464	29443	0.76	26.9
Bacillus_GCF_020775725.1_spacer_6	virome_phage_15	90.000	20	2	0	1	20	81310	81329	0.94	26.9
Bacillus_GCF_020775725.1_spacer_6	total_phage_791	78.571	28	6	0	6	33	43729	43756	0.94	26.9
Bacillus_GCF_020775725.1_spacer_7	virome_phage_747	80.769	26	5	0	2	27	40106	40081	0.94	26.9
Bacillus_GCF_020775725.1_spacer_7	virome_phage_734	80.769	26	5	0	9	34	112693	112668	0.94	26.9
Bacillus_GCF_020775725.1_spacer_7	total_phage_731	80.769	26	5	0	9	34	101049	101024	0.94	26.9
Bacillus_GCF_020775725.1_spacer_8	virome_phage_843	90.909	22	2	0	9	30	33974	33995	0.13	30.1
Bacillus_GCF_020775725.1_spacer_8	virome_phage_35	84.000	25	4	0	7	31	21598	21574	0.38	28.5
Bacillus_GCF_020775725.1_spacer_9	virome_phage_2322	95.652	23	1	0	3	25	3911	3889	0.003	34.9
Bacillus_GCF_020775725.1_spacer_9	virome_phage_743	84.000	25	4	0	1	25	39001	39025	0.25	28.5
Bacillus_GCF_020775725.1_spacer_9	virome_phage_2342	84.000	25	4	0	2	26	266	290	0.25	28.5
Bacillus_GCF_020775725.1_spacer_9	virome_phage_2303	100.000	17	0	0	9	25	25693	25677	0.25	28.5
Bacillus_GCF_020775725.1_spacer_9	total_phage_804	100.000	17	0	0	9	25	8327	8343	0.25	28.5
Bacillus_GCF_020775725.1_spacer_9	total_phage_415	90.476	21	2	0	7	27	30842	30862	0.25	28.5
Bacillus_GCF_020775725.1_spacer_9	total_phage_4	90.476	21	2	0	7	27	26516	26536	0.25	28.5
Bacillus_GCF_020775725.1_spacer_9	total_phage_368	90.476	21	2	0	7	27	12152	12132	0.25	28.5
Bacillus_GCF_020775725.1_spacer_9	total_phage_123	90.476	21	2	0	7	27	8797	8817	0.25	28.5
Bacillus_GCF_020775725.1_spacer_9	virome_phage_979	80.769	26	5	0	2	27	14492	14517	0.76	26.9
Bacillus_GCF_020775725.1_spacer_9	virome_phage_834	80.769	26	5	0	1	26	6043	6018	0.76	26.9
Bacillus_GCF_020775725.1_spacer_9	virome_phage_771	78.571	28	6	0	2	29	41464	41437	0.76	26.9
Bacillus_GCF_020775725.1_spacer_9	virome_phage_752	94.444	18	1	0	4	21	15285	15302	0.76	26.9
Bacillus_GCF_020775725.1_spacer_9	virome_phage_736	83.333	24	4	0	6	29	98438	98415	0.76	26.9
Bacillus_GCF_020775725.1_spacer_9	virome_phage_65	83.333	24	4	0	3	26	937	914	0.76	26.9
Bacillus_GCF_020775725.1_spacer_9	virome_phage_4	83.333	24	4	0	7	30	42028	42005	0.76	26.9
Bacillus_GCF_020775725.1_spacer_9	virome_phage_116	78.571	28	6	0	2	29	1214	1241	0.76	26.9
Bacillus_GCF_020775725.1_spacer_9	virome_phage_115	78.571	28	6	0	2	29	25168	25141	0.76	26.9
Bacillus_GCF_020775725.1_spacer_9	total_phage_934	83.333	24	4	0	6	29	11760	11737	0.76	26.9
Bacillus_GCF_020775725.1_spacer_9	total_phage_800	80.769	26	5	0	2	27	2379	2354	0.76	26.9
Bacillus_GCF_020775725.1_spacer_9	total_phage_725	100.000	16	0	0	10	25	12399	12414	0.76	26.9
Bacillus_GCF_020775725.1_spacer_9	total_phage_605	100.000	16	0	0	12	27	27317	27332	0.76	26.9
Bacillus_GCF_020775725.1_spacer_9	total_phage_526	100.000	16	0	0	12	27	17122	17137	0.76	26.9
Bacillus_GCF_020775725.1_spacer_9	total_phage_362	83.333	24	4	0	8	31	2859	2882	0.76	26.9
Bacillus_GCF_020775725.1_spacer_9	total_phage_244	90.000	20	2	0	13	32	20567	20548	0.76	26.9
Bacillus_GCF_020775725.1_spacer_10	virome_phage_2292	95.000	20	1	0	2	21	34277	34258	0.084	30.1
Bacillus_GCF_020775725.1_spacer_10	virome_phage_865	80.769	26	5	0	6	31	30993	31018	0.76	26.9
Bacillus_GCF_020775725.1_spacer_10	virome_phage_48	94.444	18	1	0	1	18	42529	42546	0.76	26.9
Bacillus_GCF_020775725.1_spacer_10	virome_phage_2298	83.333	24	4	0	5	28	26566	26589	0.76	26.9
Bacillus_GCF_020775725.1_spacer_11	virome_phage_890	81.481	27	5	0	6	32	9069	9043	0.25	28.5
Bacillus_GCF_020775725.1_spacer_11	virome_phage_750	84.000	25	4	0	2	26	8794	8770	0.25	28.5
Bacillus_GCF_020775725.1_spacer_11	virome_phage_824	84.000	25	4	0	8	32	24132	24156	0.25	28.5
Bacillus_GCF_020775725.1_spacer_11	virome_phage_65	81.481	27	5	0	6	32	31393	31419	0.25	28.5
Bacillus_GCF_020775725.1_spacer_11	virome_phage_2269	100.000	17	0	0	2	18	25308	25324	0.25	28.5
Bacillus_GCF_020775725.1_spacer_11	virome_phage_843	90.000	20	2	0	6	25	15831	15812	0.76	26.9
Bacillus_GCF_020775725.1_spacer_11	virome_phage_841	83.333	24	4	0	2	25	14127	14104	0.76	26.9
Bacillus_GCF_020775725.1_spacer_11	virome_phage_771	83.333	24	4	0	4	27	17539	17516	0.76	26.9
Bacillus_GCF_020775725.1_spacer_11	virome_phage_62	94.444	18	1	0	11	28	26235	26218	0.76	26.9
Bacillus_GCF_020775725.1_spacer_11	virome_phage_16	76.667	30	7	0	4	33	33160	33131	0.76	26.9
Bacillus_GCF_020775725.1_spacer_11	virome_phage_115	83.333	24	4	0	4	27	1243	1220	0.76	26.9
Bacillus_GCF_020775725.1_spacer_11	total_phage_362	86.364	22	3	0	7	28	46369	46348	0.76	26.9
Bacillus_GCF_020775725.1_spacer_11	virome_phage_116	83.333	24	4	0	4	27	24971	24994	0.76	26.9
Bacillus_GCF_020775725.1_spacer_11	total_phage_731	90.000	20	2	0	13	32	4071	4090	0.76	26.9
Bacillus_GCF_020775725.1_spacer_11	total_phage_231	86.364	22	3	0	8	29	95986	96007	0.76	26.9
Bacillus_GCF_020775725.1_spacer_11	total_phage_12	90.000	20	2	0	3	22	11473	11492	0.76	26.9
