Bacillus_GCA_020775555.1_spacer_0	virome_phage_741	95.000	20	1	0	11	30	73034	73015	0.084	30.1
Bacillus_GCA_020775555.1_spacer_0	virome_phage_764	86.957	23	3	0	9	31	6393	6415	0.25	28.5
Bacillus_GCA_020775555.1_spacer_0	virome_phage_750	79.310	29	6	0	3	31	52165	52193	0.25	28.5
Bacillus_GCA_020775555.1_spacer_0	virome_phage_2327	90.476	21	2	0	10	30	13768	13788	0.25	28.5
Bacillus_GCA_020775555.1_spacer_0	virome_phage_2292	86.957	23	3	0	2	24	2100	2122	0.25	28.5
Bacillus_GCA_020775555.1_spacer_0	virome_phage_778	90.476	21	2	0	10	30	41316	41296	0.25	28.5
Bacillus_GCA_020775555.1_spacer_0	virome_phage_771	86.957	23	3	0	2	24	8546	8524	0.25	28.5
Bacillus_GCA_020775555.1_spacer_0	virome_phage_2345	90.000	20	2	0	12	31	24369	24388	0.76	26.9
Bacillus_GCA_020775555.1_spacer_0	virome_phage_2254	83.333	24	4	0	8	31	81530	81553	0.76	26.9
Bacillus_GCA_020775555.1_spacer_0	virome_phage_2238	83.333	24	4	0	8	31	63046	63069	0.76	26.9
Bacillus_GCA_020775555.1_spacer_0	total_phage_798	90.000	20	2	0	10	29	21478	21497	0.76	26.9
Bacillus_GCA_020775555.1_spacer_0	total_phage_711	86.364	22	3	0	5	26	5588	5609	0.76	26.9
Bacillus_GCA_020775555.1_spacer_0	total_phage_650	86.364	22	3	0	5	26	5611	5632	0.76	26.9
Bacillus_GCA_020775555.1_spacer_0	total_phage_413	94.444	18	1	0	4	21	49429	49446	0.76	26.9
Bacillus_GCA_020775555.1_spacer_0	virome_phage_876	90.000	20	2	0	12	31	1468	1449	0.76	26.9
Bacillus_GCA_020775555.1_spacer_0	virome_phage_318	78.571	28	6	0	4	31	8898	8871	0.76	26.9
Bacillus_GCA_020775555.1_spacer_0	virome_phage_2530	90.000	20	2	0	11	30	3246	3227	0.76	26.9
Bacillus_GCA_020775555.1_spacer_0	virome_phage_2407	78.571	28	6	0	4	31	16419	16392	0.76	26.9
Bacillus_GCA_020775555.1_spacer_0	virome_phage_119	90.000	20	2	0	12	31	12443	12424	0.76	26.9
Bacillus_GCA_020775555.1_spacer_0	total_phage_500	83.333	24	4	0	8	31	44911	44888	0.76	26.9
Bacillus_GCA_020775555.1_spacer_1	virome_phage_784	86.364	22	3	0	9	30	23083	23062	0.76	26.9
Bacillus_GCA_020775555.1_spacer_2	virome_phage_46	84.615	26	4	0	5	30	6142	6117	0.084	30.1
Bacillus_GCA_020775555.1_spacer_2	virome_phage_28	83.333	24	4	0	2	25	20568	20591	0.76	26.9
Bacillus_GCA_020775555.1_spacer_2	virome_phage_2282	90.000	20	2	0	5	24	26847	26828	0.76	26.9
Bacillus_GCA_020775555.1_spacer_3	virome_phage_756	94.737	19	1	0	6	24	42567	42585	0.25	28.5
Bacillus_GCA_020775555.1_spacer_3	virome_phage_10	90.476	21	2	0	3	23	64199	64219	0.25	28.5
Bacillus_GCA_020775555.1_spacer_3	virome_phage_818	94.444	18	1	0	2	19	22162	22145	0.76	26.9
Bacillus_GCA_020775555.1_spacer_3	virome_phage_745	86.364	22	3	0	5	26	64031	64010	0.76	26.9
Bacillus_GCA_020775555.1_spacer_3	virome_phage_2280	90.000	20	2	0	1	20	47537	47556	0.76	26.9
Bacillus_GCA_020775555.1_spacer_4	total_phage_735	95.000	20	1	0	3	22	24946	24927	0.084	30.1
Bacillus_GCA_020775555.1_spacer_4	virome_phage_842	86.364	22	3	0	1	22	28233	28254	0.76	26.9
Bacillus_GCA_020775555.1_spacer_4	virome_phage_839	90.000	20	2	0	3	22	16280	16299	0.76	26.9
Bacillus_GCA_020775555.1_spacer_4	virome_phage_785	86.364	22	3	0	1	22	8255	8276	0.76	26.9
Bacillus_GCA_020775555.1_spacer_4	virome_phage_748	94.444	18	1	0	3	20	60762	60779	0.76	26.9
Bacillus_GCA_020775555.1_spacer_4	virome_phage_2275	100.000	16	0	0	5	20	39622	39637	0.76	26.9
Bacillus_GCA_020775555.1_spacer_4	total_phage_294	90.000	20	2	0	13	32	13275	13294	0.76	26.9
Bacillus_GCA_020775555.1_spacer_4	virome_phage_828	100.000	16	0	0	3	18	26797	26782	0.76	26.9
Bacillus_GCA_020775555.1_spacer_4	virome_phage_810	80.769	26	5	0	6	31	21591	21566	0.76	26.9
Bacillus_GCA_020775555.1_spacer_4	virome_phage_5	94.444	18	1	0	2	19	97988	97971	0.76	26.9
Bacillus_GCA_020775555.1_spacer_4	virome_phage_2335	90.000	20	2	0	3	22	20049	20030	0.76	26.9
Bacillus_GCA_020775555.1_spacer_4	virome_phage_2310	86.364	22	3	0	1	22	35318	35297	0.76	26.9
Bacillus_GCA_020775555.1_spacer_4	virome_phage_2298	100.000	16	0	0	3	18	26628	26613	0.76	26.9
Bacillus_GCA_020775555.1_spacer_4	virome_phage_2269	90.000	20	2	0	7	26	147956	147937	0.76	26.9
Bacillus_GCA_020775555.1_spacer_5	virome_phage_2254	81.250	32	6	0	2	33	5258	5227	0.026	33.3
Bacillus_GCA_020775555.1_spacer_5	virome_phage_738	75.000	40	10	0	2	41	71985	72024	0.026	33.3
Bacillus_GCA_020775555.1_spacer_5	total_phage_106	88.000	25	3	0	17	41	36135	36111	0.077	31.7
Bacillus_GCA_020775555.1_spacer_5	total_phage_366	77.143	35	8	0	5	39	1165	1199	0.077	31.7
Bacillus_GCA_020775555.1_spacer_5	virome_phage_885	95.000	20	1	0	7	26	23387	23406	0.23	30.1
Bacillus_GCA_020775555.1_spacer_5	virome_phage_776	77.419	31	7	0	11	41	18589	18559	0.69	28.5
Bacillus_GCA_020775555.1_spacer_5	virome_phage_4	84.000	25	4	0	17	41	8757	8733	0.69	28.5
Bacillus_GCA_020775555.1_spacer_5	total_phage_730	75.758	33	8	0	9	41	42222	42254	0.69	28.5
Bacillus_GCA_020775555.1_spacer_7	virome_phage_28	94.737	19	1	0	11	29	38019	38001	0.69	28.5
Bacillus_GCA_020775555.1_spacer_7	total_phage_246	77.419	31	7	0	12	42	15785	15755	0.69	28.5
Bacillus_GCA_020775555.1_spacer_7	total_phage_729	94.737	19	1	0	12	30	96868	96886	0.69	28.5
Bacillus_GCA_020775555.1_spacer_7	total_phage_415	81.481	27	5	0	16	42	39437	39463	0.69	28.5
Bacillus_GCA_020775555.1_spacer_8	total_phage_413	84.615	26	4	0	9	34	85517	85542	0.25	30.1
Bacillus_GCA_020775555.1_spacer_8	total_phage_734	94.737	19	1	0	17	35	4342	4324	0.76	28.5
Bacillus_GCA_020775555.1_spacer_8	virome_phage_2310	94.737	19	1	0	17	35	29414	29432	0.76	28.5
Bacillus_GCA_020775555.1_spacer_8	total_phage_799	94.737	19	1	0	17	35	6577	6595	0.76	28.5
Bacillus_GCA_020775555.1_spacer_9	virome_phage_824	84.000	25	4	0	12	36	24156	24132	0.69	28.5
Bacillus_GCA_020775555.1_spacer_9	virome_phage_79	81.481	27	5	0	4	30	31263	31237	0.69	28.5
Bacillus_GCA_020775555.1_spacer_9	virome_phage_65	81.481	27	5	0	12	38	31419	31393	0.69	28.5
Bacillus_GCA_020775555.1_spacer_9	virome_phage_2269	100.000	17	0	0	26	42	25324	25308	0.69	28.5
Bacillus_GCA_020775555.1_spacer_9	virome_phage_116	72.973	37	10	0	4	40	25007	24971	0.69	28.5
Bacillus_GCA_020775555.1_spacer_9	virome_phage_913	77.419	31	7	0	5	35	16985	17015	0.69	28.5
Bacillus_GCA_020775555.1_spacer_9	virome_phage_890	81.481	27	5	0	12	38	9043	9069	0.69	28.5
Bacillus_GCA_020775555.1_spacer_9	virome_phage_867	90.476	21	2	0	5	25	3029	3049	0.69	28.5
Bacillus_GCA_020775555.1_spacer_9	virome_phage_771	72.973	37	10	0	4	40	17503	17539	0.69	28.5
Bacillus_GCA_020775555.1_spacer_9	virome_phage_750	84.000	25	4	0	18	42	8770	8794	0.69	28.5
Bacillus_GCA_020775555.1_spacer_9	virome_phage_2288	81.481	27	5	0	4	30	1038	1064	0.69	28.5
Bacillus_GCA_020775555.1_spacer_9	virome_phage_115	72.973	37	10	0	4	40	1207	1243	0.69	28.5
Bacillus_GCA_020775555.1_spacer_10	virome_phage_2292	95.000	20	1	0	23	42	34258	34277	0.23	30.1
Bacillus_GCA_020775555.1_spacer_11	virome_phage_2322	95.652	23	1	0	18	40	3889	3911	0.008	34.9
Bacillus_GCA_020775555.1_spacer_11	total_phage_247	73.684	38	10	0	1	38	17971	17934	0.21	30.1
Bacillus_GCA_020775555.1_spacer_11	virome_phage_2342	84.000	25	4	0	17	41	290	266	0.63	28.5
Bacillus_GCA_020775555.1_spacer_11	total_phage_804	100.000	17	0	0	18	34	8343	8327	0.63	28.5
Bacillus_GCA_020775555.1_spacer_11	total_phage_415	90.476	21	2	0	16	36	30862	30842	0.63	28.5
Bacillus_GCA_020775555.1_spacer_11	total_phage_4	90.476	21	2	0	16	36	26536	26516	0.63	28.5
Bacillus_GCA_020775555.1_spacer_11	total_phage_123	90.476	21	2	0	16	36	8817	8797	0.63	28.5
Bacillus_GCA_020775555.1_spacer_11	virome_phage_2303	100.000	17	0	0	18	34	25677	25693	0.63	28.5
Bacillus_GCA_020775555.1_spacer_11	total_phage_368	90.476	21	2	0	16	36	12132	12152	0.63	28.5
Bacillus_GCA_020775555.1_spacer_12	virome_phage_35	81.250	32	6	0	8	39	21567	21598	0.030	33.3
Bacillus_GCA_020775555.1_spacer_12	virome_phage_843	90.909	22	2	0	16	37	33995	33974	0.27	30.1
Bacillus_GCA_020775555.1_spacer_13	virome_phage_751	90.476	21	2	0	14	34	27996	27976	0.76	28.5
Bacillus_GCA_020775555.1_spacer_13	total_phage_803	90.476	21	2	0	22	42	24911	24891	0.76	28.5
Bacillus_GCA_020775555.1_spacer_13	virome_phage_2314	79.310	29	6	0	6	34	20754	20782	0.76	28.5
Bacillus_GCA_020775555.1_spacer_14	virome_phage_734	81.481	27	5	0	10	36	112667	112693	0.76	28.5
