Bacillus_GCA_002571545.1_spacer_0	total_phage_731	82.759	29	5	0	8	36	121119	121091	0.049	31.7
Bacillus_GCA_002571545.1_spacer_0	total_phage_362	80.000	30	6	0	3	32	4379	4408	0.15	30.1
Bacillus_GCA_002571545.1_spacer_0	total_phage_102	80.000	30	6	0	3	32	30795	30766	0.15	30.1
Bacillus_GCA_002571545.1_spacer_0	virome_phage_797	75.758	33	8	0	2	34	8029	8061	0.44	28.5
Bacillus_GCA_002571545.1_spacer_1	virome_phage_974	77.419	31	7	0	2	32	10161	10131	0.38	28.5
Bacillus_GCA_002571545.1_spacer_1	virome_phage_820	86.957	23	3	0	14	36	10840	10818	0.38	28.5
Bacillus_GCA_002571545.1_spacer_1	total_phage_479	81.481	27	5	0	2	28	13147	13121	0.38	28.5
Bacillus_GCA_002571545.1_spacer_1	total_phage_479	86.957	23	3	0	12	34	33127	33105	0.38	28.5
Bacillus_GCA_002571545.1_spacer_1	virome_phage_744	79.310	29	6	0	1	29	24086	24114	0.38	28.5
Bacillus_GCA_002571545.1_spacer_2	virome_phage_784	95.000	20	1	0	17	36	37763	37744	0.13	30.1
Bacillus_GCA_002571545.1_spacer_2	virome_phage_911	75.758	33	8	0	2	34	10807	10775	0.38	28.5
Bacillus_GCA_002571545.1_spacer_2	virome_phage_9	81.481	27	5	0	8	34	50366	50392	0.38	28.5
Bacillus_GCA_002571545.1_spacer_2	virome_phage_5	94.737	19	1	0	10	28	90574	90556	0.38	28.5
Bacillus_GCA_002571545.1_spacer_2	virome_phage_39	100.000	17	0	0	20	36	19666	19682	0.38	28.5
Bacillus_GCA_002571545.1_spacer_2	total_phage_609	77.419	31	7	0	6	36	5265	5295	0.38	28.5
Bacillus_GCA_002571545.1_spacer_2	total_phage_512	77.419	31	7	0	6	36	5268	5298	0.38	28.5
Bacillus_GCA_002571545.1_spacer_2	total_phage_471	77.419	31	7	0	6	36	5240	5270	0.38	28.5
Bacillus_GCA_002571545.1_spacer_3	virome_phage_749	77.419	31	7	0	2	32	45786	45756	0.38	28.5
Bacillus_GCA_002571545.1_spacer_3	virome_phage_7	86.957	23	3	0	1	23	71819	71841	0.38	28.5
Bacillus_GCA_002571545.1_spacer_4	total_phage_361	90.476	21	2	0	14	34	38357	38377	0.38	28.5
Bacillus_GCA_002571545.1_spacer_5	total_phage_2	100.000	19	0	0	21	39	29757	29775	0.063	31.7
Bacillus_GCA_002571545.1_spacer_5	virome_phage_878	76.471	34	8	0	6	39	18473	18440	0.19	30.1
Bacillus_GCA_002571545.1_spacer_5	virome_phage_739	82.143	28	5	0	5	32	92755	92728	0.19	30.1
Bacillus_GCA_002571545.1_spacer_5	virome_phage_734	78.125	32	7	0	1	32	317003	316972	0.19	30.1
Bacillus_GCA_002571545.1_spacer_5	virome_phage_747	86.957	23	3	0	1	23	3503	3525	0.57	28.5
Bacillus_GCA_002571545.1_spacer_5	virome_phage_736	79.310	29	6	0	11	39	140642	140670	0.57	28.5
Bacillus_GCA_002571545.1_spacer_5	virome_phage_767	94.737	19	1	0	19	37	37088	37070	0.57	28.5
Bacillus_GCA_002571545.1_spacer_5	total_phage_413	79.310	29	6	0	7	35	20627	20599	0.57	28.5
