Bacillus_GCF_002558645.1_spacer_1	total_phage_797	87.500	24	3	0	2	25	2053	2076	0.25	30.1
Bacillus_GCF_002558645.1_spacer_1	total_phage_360	87.500	24	3	0	2	25	7254	7277	0.25	30.1
Bacillus_GCF_002558645.1_spacer_1	total_phage_245	87.500	24	3	0	2	25	26512	26489	0.25	30.1
Bacillus_GCF_002558645.1_spacer_1	virome_phage_734	79.310	29	6	0	3	31	145807	145835	0.76	28.5
Bacillus_GCF_002558645.1_spacer_2	virome_phage_734	95.238	21	1	0	2	22	149116	149096	0.091	31.7
Bacillus_GCF_002558645.1_spacer_2	virome_phage_843	90.909	22	2	0	18	39	33974	33995	0.27	30.1
Bacillus_GCF_002558645.1_spacer_2	virome_phage_35	84.000	25	4	0	16	40	21598	21574	0.82	28.5
Bacillus_GCF_002558645.1_spacer_2	total_phage_730	86.957	23	3	0	2	24	4118	4140	0.82	28.5
Bacillus_GCF_002558645.1_spacer_3	virome_phage_2322	95.652	23	1	0	12	34	3911	3889	0.008	34.9
Bacillus_GCF_002558645.1_spacer_3	virome_phage_734	77.143	35	8	0	1	35	275693	275727	0.070	31.7
Bacillus_GCF_002558645.1_spacer_3	virome_phage_2274	82.759	29	5	0	1	29	36212	36240	0.070	31.7
Bacillus_GCF_002558645.1_spacer_3	total_phage_364	75.676	37	9	0	2	38	4469	4505	0.070	31.7
Bacillus_GCF_002558645.1_spacer_3	total_phage_935	75.676	37	9	0	2	38	12516	12480	0.070	31.7
Bacillus_GCF_002558645.1_spacer_3	total_phage_800	80.645	31	6	0	6	36	2384	2354	0.070	31.7
Bacillus_GCF_002558645.1_spacer_3	total_phage_111	82.759	29	5	0	6	34	89971	89943	0.070	31.7
Bacillus_GCF_002558645.1_spacer_3	virome_phage_144	76.471	34	8	0	2	35	2378	2411	0.21	30.1
Bacillus_GCF_002558645.1_spacer_3	total_phage_415	75.000	36	9	0	1	36	30827	30862	0.21	30.1
Bacillus_GCF_002558645.1_spacer_3	total_phage_4	75.000	36	9	0	1	36	26501	26536	0.21	30.1
Bacillus_GCF_002558645.1_spacer_3	virome_phage_894	78.125	32	7	0	3	34	24254	24223	0.21	30.1
Bacillus_GCF_002558645.1_spacer_3	virome_phage_823	84.615	26	4	0	1	26	14894	14869	0.21	30.1
Bacillus_GCF_002558645.1_spacer_3	total_phage_114	72.500	40	11	0	2	41	36180	36141	0.21	30.1
Bacillus_GCF_002558645.1_spacer_3	virome_phage_855	75.758	33	8	0	3	35	24886	24918	0.63	28.5
Bacillus_GCF_002558645.1_spacer_3	virome_phage_743	84.000	25	4	0	10	34	39001	39025	0.63	28.5
Bacillus_GCF_002558645.1_spacer_3	virome_phage_5	94.737	19	1	0	6	24	113054	113072	0.63	28.5
Bacillus_GCF_002558645.1_spacer_3	virome_phage_2342	84.000	25	4	0	11	35	266	290	0.63	28.5
Bacillus_GCF_002558645.1_spacer_3	total_phage_804	100.000	17	0	0	18	34	8327	8343	0.63	28.5
Bacillus_GCF_002558645.1_spacer_3	total_phage_783	74.286	35	9	0	6	40	22892	22926	0.63	28.5
Bacillus_GCF_002558645.1_spacer_3	total_phage_745	74.286	35	9	0	1	35	7928	7962	0.63	28.5
Bacillus_GCF_002558645.1_spacer_3	total_phage_483	84.000	25	4	0	3	27	21447	21471	0.63	28.5
Bacillus_GCF_002558645.1_spacer_3	total_phage_296	74.286	35	9	0	1	35	4505	4539	0.63	28.5
Bacillus_GCF_002558645.1_spacer_3	total_phage_296	74.286	35	9	0	1	35	9887	9921	0.63	28.5
Bacillus_GCF_002558645.1_spacer_3	total_phage_123	90.476	21	2	0	16	36	8797	8817	0.63	28.5
Bacillus_GCF_002558645.1_spacer_3	virome_phage_903	74.286	35	9	0	1	35	17957	17923	0.63	28.5
Bacillus_GCF_002558645.1_spacer_3	virome_phage_841	79.310	29	6	0	6	34	9520	9492	0.63	28.5
Bacillus_GCF_002558645.1_spacer_3	virome_phage_33	79.310	29	6	0	5	33	33923	33895	0.63	28.5
Bacillus_GCF_002558645.1_spacer_3	virome_phage_2303	100.000	17	0	0	18	34	25693	25677	0.63	28.5
Bacillus_GCF_002558645.1_spacer_3	virome_phage_1770	71.795	39	11	0	1	39	1358	1320	0.63	28.5
Bacillus_GCF_002558645.1_spacer_3	total_phage_653	84.000	25	4	0	3	27	9845	9821	0.63	28.5
Bacillus_GCF_002558645.1_spacer_3	total_phage_368	90.476	21	2	0	16	36	12152	12132	0.63	28.5
Bacillus_GCF_002558645.1_spacer_3	total_phage_11	77.419	31	7	0	6	36	8881	8851	0.63	28.5
Bacillus_GCF_002558645.1_spacer_4	virome_phage_45	85.185	27	4	0	1	27	42226	42252	0.077	31.7
Bacillus_GCF_002558645.1_spacer_4	virome_phage_2292	95.000	20	1	0	11	30	34277	34258	0.23	30.1
Bacillus_GCF_002558645.1_spacer_4	virome_phage_48	94.737	19	1	0	9	27	42528	42546	0.69	28.5
Bacillus_GCF_002558645.1_spacer_4	virome_phage_3	86.957	23	3	0	3	25	94020	94042	0.69	28.5
Bacillus_GCF_002558645.1_spacer_5	virome_phage_2269	95.455	22	1	0	6	27	25303	25324	0.026	33.3
Bacillus_GCF_002558645.1_spacer_5	virome_phage_890	81.481	27	5	0	15	41	9069	9043	0.69	28.5
Bacillus_GCF_002558645.1_spacer_5	virome_phage_750	84.000	25	4	0	11	35	8794	8770	0.69	28.5
Bacillus_GCF_002558645.1_spacer_5	total_phage_807	77.419	31	7	0	3	33	13875	13845	0.69	28.5
Bacillus_GCF_002558645.1_spacer_5	total_phage_737	79.310	29	6	0	1	29	2500	2472	0.69	28.5
Bacillus_GCF_002558645.1_spacer_5	virome_phage_824	84.000	25	4	0	17	41	24132	24156	0.69	28.5
Bacillus_GCF_002558645.1_spacer_5	virome_phage_65	81.481	27	5	0	15	41	31393	31419	0.69	28.5
Bacillus_GCF_002558645.1_spacer_6	virome_phage_2310	94.737	19	1	0	19	37	29432	29414	0.76	28.5
Bacillus_GCF_002558645.1_spacer_6	virome_phage_1217	81.481	27	5	0	7	33	3896	3870	0.76	28.5
Bacillus_GCF_002558645.1_spacer_6	total_phage_799	94.737	19	1	0	19	37	6595	6577	0.76	28.5
Bacillus_GCF_002558645.1_spacer_6	total_phage_413	86.957	23	3	0	20	42	85542	85520	0.76	28.5
Bacillus_GCF_002558645.1_spacer_6	virome_phage_739	84.000	25	4	0	7	31	36380	36404	0.76	28.5
Bacillus_GCF_002558645.1_spacer_6	total_phage_734	94.737	19	1	0	19	37	4324	4342	0.76	28.5
Bacillus_GCF_002558645.1_spacer_7	virome_phage_66	100.000	18	0	0	8	25	9852	9869	0.23	30.1
Bacillus_GCF_002558645.1_spacer_7	virome_phage_834	77.419	31	7	0	3	33	10660	10630	0.69	28.5
Bacillus_GCF_002558645.1_spacer_7	virome_phage_8	81.481	27	5	0	6	32	118805	118831	0.69	28.5
Bacillus_GCF_002558645.1_spacer_7	virome_phage_5	70.732	41	12	0	1	41	129409	129369	0.69	28.5
Bacillus_GCF_002558645.1_spacer_7	virome_phage_28	94.737	19	1	0	24	42	38001	38019	0.69	28.5
Bacillus_GCF_002558645.1_spacer_7	virome_phage_2424	71.795	39	11	0	2	40	15140	15178	0.69	28.5
Bacillus_GCF_002558645.1_spacer_7	total_phage_729	94.737	19	1	0	23	41	96886	96868	0.69	28.5
Bacillus_GCF_002558645.1_spacer_7	total_phage_729	94.737	19	1	0	9	27	136738	136756	0.69	28.5
Bacillus_GCF_002558645.1_spacer_7	total_phage_415	81.481	27	5	0	11	37	39463	39437	0.69	28.5
Bacillus_GCF_002558645.1_spacer_7	total_phage_246	77.419	31	7	0	11	41	15755	15785	0.69	28.5
Bacillus_GCF_002558645.1_spacer_8	virome_phage_1217	81.481	27	5	0	7	33	3896	3870	0.76	28.5
Bacillus_GCF_002558645.1_spacer_8	total_phage_112	79.310	29	6	0	8	36	11924	11896	0.76	28.5
Bacillus_GCF_002558645.1_spacer_8	virome_phage_739	84.000	25	4	0	7	31	36380	36404	0.76	28.5
Bacillus_GCF_002558645.1_spacer_9	total_phage_797	81.250	32	6	0	6	37	34434	34465	0.026	33.3
Bacillus_GCF_002558645.1_spacer_9	total_phage_293	81.250	32	6	0	6	37	40854	40885	0.026	33.3
Bacillus_GCF_002558645.1_spacer_9	total_phage_249	88.462	26	3	0	6	31	1362	1337	0.026	33.3
Bacillus_GCF_002558645.1_spacer_9	virome_phage_7	80.645	31	6	0	3	33	114517	114547	0.077	31.7
Bacillus_GCF_002558645.1_spacer_9	virome_phage_4	77.143	35	8	0	3	37	41761	41795	0.077	31.7
Bacillus_GCF_002558645.1_spacer_9	virome_phage_4	84.000	25	4	0	12	36	8733	8757	0.69	28.5
Bacillus_GCF_002558645.1_spacer_9	virome_phage_21	88.000	25	3	0	8	32	33368	33392	0.077	31.7
Bacillus_GCF_002558645.1_spacer_9	total_phage_106	88.000	25	3	0	12	36	36111	36135	0.077	31.7
Bacillus_GCF_002558645.1_spacer_9	virome_phage_740	88.000	25	3	0	8	32	2958	2934	0.077	31.7
Bacillus_GCF_002558645.1_spacer_9	virome_phage_740	79.310	29	6	0	8	36	72520	72492	0.69	28.5
Bacillus_GCF_002558645.1_spacer_9	virome_phage_776	75.000	36	9	0	7	42	18554	18589	0.23	30.1
Bacillus_GCF_002558645.1_spacer_9	virome_phage_771	87.500	24	3	0	2	25	30539	30562	0.23	30.1
Bacillus_GCF_002558645.1_spacer_9	virome_phage_115	87.500	24	3	0	2	25	14243	14266	0.23	30.1
Bacillus_GCF_002558645.1_spacer_9	total_phage_12	84.615	26	4	0	6	31	20284	20309	0.23	30.1
Bacillus_GCF_002558645.1_spacer_9	virome_phage_738	80.000	30	6	0	9	38	72027	71998	0.23	30.1
Bacillus_GCF_002558645.1_spacer_9	virome_phage_738	75.758	33	8	0	9	41	134573	134605	0.69	28.5
Bacillus_GCF_002558645.1_spacer_9	virome_phage_62	80.000	30	6	0	3	32	37686	37657	0.23	30.1
Bacillus_GCF_002558645.1_spacer_9	virome_phage_935	81.481	27	5	0	5	31	11876	11902	0.69	28.5
Bacillus_GCF_002558645.1_spacer_9	virome_phage_913	77.419	31	7	0	3	33	15281	15311	0.69	28.5
Bacillus_GCF_002558645.1_spacer_9	virome_phage_1004	84.000	25	4	0	3	27	2066	2090	0.69	28.5
Bacillus_GCF_002558645.1_spacer_9	total_phage_729	81.481	27	5	0	2	28	51361	51387	0.69	28.5
Bacillus_GCF_002558645.1_spacer_9	total_phage_445	75.758	33	8	0	2	34	1914	1946	0.69	28.5
Bacillus_GCF_002558645.1_spacer_9	virome_phage_815	72.973	37	10	0	4	40	22740	22704	0.69	28.5
Bacillus_GCF_002558645.1_spacer_9	virome_phage_8	84.000	25	4	0	2	26	34352	34328	0.69	28.5
Bacillus_GCF_002558645.1_spacer_9	total_phage_730	77.419	31	7	0	9	39	42257	42227	0.69	28.5
Bacillus_GCF_002558645.1_spacer_9	total_phage_366	79.310	29	6	0	14	42	1199	1171	0.69	28.5
Bacillus_GCF_002558645.1_spacer_9	total_phage_111	72.973	37	10	0	4	40	25643	25607	0.69	28.5
Bacillus_GCF_002558645.1_spacer_9	total_phage_111	72.973	37	10	0	4	40	65885	65849	0.69	28.5
Bacillus_GCF_002558645.1_spacer_10	total_phage_735	95.000	20	1	0	12	31	24927	24946	0.13	30.1
Bacillus_GCF_002558645.1_spacer_11	virome_phage_756	94.737	19	1	0	9	27	42585	42567	0.31	28.5
Bacillus_GCF_002558645.1_spacer_11	virome_phage_10	90.476	21	2	0	10	30	64219	64199	0.31	28.5
Bacillus_GCF_002558645.1_spacer_11	virome_phage_818	94.444	18	1	0	14	31	22145	22162	0.94	26.9
Bacillus_GCF_002558645.1_spacer_11	virome_phage_745	86.364	22	3	0	7	28	64010	64031	0.94	26.9
Bacillus_GCF_002558645.1_spacer_11	virome_phage_2280	90.000	20	2	0	13	32	47556	47537	0.94	26.9
Bacillus_GCF_002558645.1_spacer_12	virome_phage_46	84.615	26	4	0	4	29	6117	6142	0.13	30.1
Bacillus_GCF_002558645.1_spacer_13	virome_phage_2306	76.667	30	7	0	4	33	38502	38473	0.76	26.9
Bacillus_GCF_002558645.1_spacer_13	virome_phage_784	86.364	22	3	0	2	23	23062	23083	0.76	26.9
Bacillus_GCF_002558645.1_spacer_14	virome_phage_741	95.000	20	1	0	2	21	73015	73034	0.084	30.1
Bacillus_GCF_002558645.1_spacer_14	virome_phage_778	90.476	21	2	0	2	22	41296	41316	0.25	28.5
Bacillus_GCF_002558645.1_spacer_14	virome_phage_771	86.957	23	3	0	8	30	8524	8546	0.25	28.5
Bacillus_GCF_002558645.1_spacer_14	virome_phage_764	86.957	23	3	0	1	23	6415	6393	0.25	28.5
Bacillus_GCF_002558645.1_spacer_14	virome_phage_750	79.310	29	6	0	1	29	52193	52165	0.25	28.5
Bacillus_GCF_002558645.1_spacer_14	virome_phage_7	86.957	23	3	0	11	33	100457	100435	0.25	28.5
Bacillus_GCF_002558645.1_spacer_14	virome_phage_318	75.758	33	8	0	1	33	8871	8903	0.25	28.5
Bacillus_GCF_002558645.1_spacer_14	virome_phage_2407	75.758	33	8	0	1	33	16392	16424	0.25	28.5
Bacillus_GCF_002558645.1_spacer_14	virome_phage_2327	90.476	21	2	0	2	22	13788	13768	0.25	28.5
Bacillus_GCF_002558645.1_spacer_14	virome_phage_2292	86.957	23	3	0	8	30	2122	2100	0.25	28.5
Bacillus_GCF_002558645.1_spacer_14	virome_phage_876	90.000	20	2	0	1	20	1449	1468	0.76	26.9
Bacillus_GCF_002558645.1_spacer_14	virome_phage_2530	90.000	20	2	0	2	21	3227	3246	0.76	26.9
Bacillus_GCF_002558645.1_spacer_14	virome_phage_2345	90.000	20	2	0	1	20	24388	24369	0.76	26.9
Bacillus_GCF_002558645.1_spacer_14	virome_phage_2254	83.333	24	4	0	1	24	81553	81530	0.76	26.9
Bacillus_GCF_002558645.1_spacer_14	virome_phage_2238	83.333	24	4	0	1	24	63069	63046	0.76	26.9
Bacillus_GCF_002558645.1_spacer_14	virome_phage_119	90.000	20	2	0	1	20	12424	12443	0.76	26.9
Bacillus_GCF_002558645.1_spacer_14	total_phage_798	90.000	20	2	0	3	22	21497	21478	0.76	26.9
Bacillus_GCF_002558645.1_spacer_14	total_phage_729	83.333	24	4	0	9	32	162700	162723	0.76	26.9
Bacillus_GCF_002558645.1_spacer_14	total_phage_711	86.364	22	3	0	6	27	5609	5588	0.76	26.9
Bacillus_GCF_002558645.1_spacer_14	total_phage_650	86.364	22	3	0	6	27	5632	5611	0.76	26.9
Bacillus_GCF_002558645.1_spacer_14	total_phage_500	83.333	24	4	0	1	24	44888	44911	0.76	26.9
Bacillus_GCF_002558645.1_spacer_14	total_phage_413	94.444	18	1	0	11	28	49446	49429	0.76	26.9
Bacillus_GCF_002558645.1_spacer_15	virome_phage_2275	88.000	25	3	0	4	28	7226	7250	0.028	31.7
Bacillus_GCF_002558645.1_spacer_15	total_phage_733	88.000	25	3	0	1	25	10929	10953	0.028	31.7
Bacillus_GCF_002558645.1_spacer_15	total_phage_189	88.000	25	3	0	1	25	8902	8926	0.028	31.7
Bacillus_GCF_002558645.1_spacer_15	virome_phage_891	88.000	25	3	0	1	25	14850	14826	0.028	31.7
Bacillus_GCF_002558645.1_spacer_15	total_phage_1	77.419	31	7	0	1	31	18885	18915	0.25	28.5
Bacillus_GCF_002558645.1_spacer_15	virome_phage_2329	77.419	31	7	0	1	31	4054	4024	0.25	28.5
Bacillus_GCF_002558645.1_spacer_15	virome_phage_797	83.333	24	4	0	9	32	3335	3358	0.76	26.9
Bacillus_GCF_002558645.1_spacer_15	virome_phage_750	76.667	30	7	0	4	33	14323	14352	0.76	26.9
Bacillus_GCF_002558645.1_spacer_15	total_phage_244	80.769	26	5	0	5	30	7800	7825	0.76	26.9
Bacillus_GCF_002558645.1_spacer_15	virome_phage_795	83.333	24	4	0	10	33	15655	15632	0.76	26.9
Bacillus_GCF_002558645.1_spacer_15	total_phage_727	86.364	22	3	0	1	22	17254	17233	0.76	26.9
Bacillus_GCF_002558645.1_spacer_15	total_phage_518	86.364	22	3	0	1	22	29464	29443	0.76	26.9
