Bacillus_GCA_019656135.1_spacer_1	virome_phage_739	84.000	25	4	0	12	36	114735	114711	0.38	28.5
Bacillus_GCA_019656135.1_spacer_1	virome_phage_742	84.000	25	4	0	10	34	49157	49181	0.38	28.5
Bacillus_GCA_019656135.1_spacer_1	total_phage_930	77.419	31	7	0	1	31	18207	18237	0.38	28.5
Bacillus_GCA_019656135.1_spacer_2	virome_phage_4	83.333	24	4	0	2	25	65433	65410	0.76	26.9
Bacillus_GCA_019656135.1_spacer_2	total_phage_297	90.000	20	2	0	5	24	16770	16751	0.76	26.9
Bacillus_GCA_019656135.1_spacer_4	virome_phage_12	78.788	33	7	0	1	33	50893	50925	0.063	31.7
Bacillus_GCA_019656135.1_spacer_4	total_phage_731	87.500	24	3	0	13	36	13252	13229	0.19	30.1
Bacillus_GCA_019656135.1_spacer_4	virome_phage_795	86.957	23	3	0	10	32	1668	1690	0.57	28.5
Bacillus_GCA_019656135.1_spacer_4	virome_phage_24	86.957	23	3	0	13	35	4981	4959	0.57	28.5
Bacillus_GCA_019656135.1_spacer_4	virome_phage_2342	100.000	17	0	0	3	19	219	203	0.57	28.5
Bacillus_GCA_019656135.1_spacer_4	virome_phage_2342	100.000	17	0	0	3	19	2541	2525	0.57	28.5
Bacillus_GCA_019656135.1_spacer_4	virome_phage_2254	79.310	29	6	0	2	30	39693	39721	0.57	28.5
Bacillus_GCA_019656135.1_spacer_4	total_phage_636	90.476	21	2	0	1	21	10967	10947	0.57	28.5
Bacillus_GCA_019656135.1_spacer_4	total_phage_605	84.000	25	4	0	6	30	23943	23967	0.57	28.5
Bacillus_GCA_019656135.1_spacer_4	total_phage_526	84.000	25	4	0	6	30	13748	13772	0.57	28.5
Bacillus_GCA_019656135.1_spacer_4	total_phage_176	84.000	25	4	0	8	32	8487	8463	0.57	28.5
