Bacillus_GCA_002577465.1_spacer_0	total_phage_231	80.645	31	6	0	2	32	43638	43668	0.035	31.7
Bacillus_GCA_002577465.1_spacer_0	total_phage_296	86.957	23	3	0	3	25	10508	10530	0.31	28.5
Bacillus_GCA_002577465.1_spacer_0	virome_phage_764	83.333	24	4	0	1	24	28177	28200	0.94	26.9
Bacillus_GCA_002577465.1_spacer_0	virome_phage_16	86.364	22	3	0	11	32	11277	11298	0.94	26.9
Bacillus_GCA_002577465.1_spacer_0	total_phage_244	83.333	24	4	0	1	24	27302	27279	0.94	26.9
Bacillus_GCA_002577465.1_spacer_0	total_phage_232	90.000	20	2	0	2	21	70604	70585	0.94	26.9
Bacillus_GCA_002577465.1_spacer_0	total_phage_1	100.000	16	0	0	3	18	13525	13510	0.94	26.9
Bacillus_GCA_002577465.1_spacer_1	virome_phage_826	73.529	34	9	0	1	34	31304	31337	0.94	26.9
Bacillus_GCA_002577465.1_spacer_1	virome_phage_743	80.769	26	5	0	6	31	64424	64399	0.94	26.9
Bacillus_GCA_002577465.1_spacer_1	total_phage_800	86.364	22	3	0	12	33	21512	21533	0.94	26.9
Bacillus_GCA_002577465.1_spacer_1	total_phage_308	86.364	22	3	0	1	22	8758	8737	0.94	26.9
Bacillus_GCA_002577465.1_spacer_2	total_phage_694	88.462	26	3	0	5	30	17998	17973	0.014	33.3
Bacillus_GCA_002577465.1_spacer_2	virome_phage_2306	84.000	25	4	0	6	30	14457	14481	0.38	28.5
Bacillus_GCA_002577465.1_spacer_3	virome_phage_749	95.238	21	1	0	13	33	11456	11436	0.035	31.7
Bacillus_GCA_002577465.1_spacer_3	virome_phage_749	78.571	28	6	0	1	28	3865	3892	0.94	26.9
Bacillus_GCA_002577465.1_spacer_3	virome_phage_62	100.000	18	0	0	17	34	11988	12005	0.10	30.1
Bacillus_GCA_002577465.1_spacer_3	virome_phage_974	100.000	17	0	0	18	34	25	9	0.31	28.5
Bacillus_GCA_002577465.1_spacer_3	total_phage_445	81.481	27	5	0	1	27	10543	10517	0.31	28.5
Bacillus_GCA_002577465.1_spacer_3	total_phage_787	81.481	27	5	0	1	27	12514	12540	0.31	28.5
Bacillus_GCA_002577465.1_spacer_3	virome_phage_902	78.571	28	6	0	1	28	13832	13805	0.94	26.9
Bacillus_GCA_002577465.1_spacer_3	virome_phage_881	80.769	26	5	0	8	33	26969	26944	0.94	26.9
Bacillus_GCA_002577465.1_spacer_3	virome_phage_857	90.000	20	2	0	3	22	3307	3288	0.94	26.9
Bacillus_GCA_002577465.1_spacer_3	virome_phage_798	78.571	28	6	0	1	28	28589	28562	0.94	26.9
Bacillus_GCA_002577465.1_spacer_3	virome_phage_745	86.364	22	3	0	2	23	24378	24357	0.94	26.9
Bacillus_GCA_002577465.1_spacer_3	virome_phage_734	80.769	26	5	0	1	26	243790	243765	0.94	26.9
Bacillus_GCA_002577465.1_spacer_3	virome_phage_734	80.769	26	5	0	5	30	152386	152411	0.94	26.9
Bacillus_GCA_002577465.1_spacer_3	virome_phage_2254	78.571	28	6	0	5	32	99969	99942	0.94	26.9
Bacillus_GCA_002577465.1_spacer_3	virome_phage_2238	78.571	28	6	0	5	32	81415	81388	0.94	26.9
Bacillus_GCA_002577465.1_spacer_3	total_phage_925	73.529	34	9	0	1	34	1286	1253	0.94	26.9
Bacillus_GCA_002577465.1_spacer_3	total_phage_366	94.444	18	1	0	3	20	20588	20571	0.94	26.9
Bacillus_GCA_002577465.1_spacer_3	total_phage_296	90.000	20	2	0	4	23	1402	1383	0.94	26.9
Bacillus_GCA_002577465.1_spacer_3	total_phage_237	80.769	26	5	0	6	31	506	481	0.94	26.9
Bacillus_GCA_002577465.1_spacer_3	total_phage_113	78.571	28	6	0	1	28	22007	21980	0.94	26.9
Bacillus_GCA_002577465.1_spacer_3	virome_phage_83	73.529	34	9	0	1	34	20372	20405	0.94	26.9
Bacillus_GCA_002577465.1_spacer_3	virome_phage_752	83.333	24	4	0	5	28	64870	64893	0.94	26.9
Bacillus_GCA_002577465.1_spacer_3	virome_phage_7	83.333	24	4	0	1	24	11471	11494	0.94	26.9
Bacillus_GCA_002577465.1_spacer_3	virome_phage_16	78.571	28	6	0	6	33	4113	4140	0.94	26.9
Bacillus_GCA_002577465.1_spacer_3	total_phage_782	73.529	34	9	0	1	34	30382	30415	0.94	26.9
Bacillus_GCA_002577465.1_spacer_3	total_phage_729	76.667	30	7	0	1	30	33916	33945	0.94	26.9
Bacillus_GCA_002577465.1_spacer_3	total_phage_500	78.571	28	6	0	5	32	26542	26569	0.94	26.9
Bacillus_GCA_002577465.1_spacer_3	total_phage_370	80.769	26	5	0	2	27	26572	26597	0.94	26.9
Bacillus_GCA_002577465.1_spacer_3	total_phage_306	80.769	26	5	0	2	27	28376	28401	0.94	26.9
Bacillus_GCA_002577465.1_spacer_4	virome_phage_2254	82.759	29	5	0	4	32	7191	7219	0.042	31.7
Bacillus_GCA_002577465.1_spacer_4	virome_phage_27	87.500	24	3	0	8	31	34623	34600	0.13	30.1
Bacillus_GCA_002577465.1_spacer_4	total_phage_925	84.615	26	4	0	4	29	36888	36863	0.13	30.1
Bacillus_GCA_002577465.1_spacer_4	virome_phage_2324	84.615	26	4	0	4	29	32489	32514	0.13	30.1
Bacillus_GCA_002577465.1_spacer_4	total_phage_782	100.000	18	0	0	9	26	3846	3863	0.13	30.1
Bacillus_GCA_002577465.1_spacer_4	virome_phage_784	75.758	33	8	0	2	34	39361	39329	0.38	28.5
Bacillus_GCA_002577465.1_spacer_4	virome_phage_2407	86.957	23	3	0	8	30	5847	5825	0.38	28.5
Bacillus_GCA_002577465.1_spacer_4	total_phage_92	77.419	31	7	0	4	34	134140	134110	0.38	28.5
Bacillus_GCA_002577465.1_spacer_4	total_phage_92	81.481	27	5	0	5	31	82416	82442	0.38	28.5
Bacillus_GCA_002577465.1_spacer_4	total_phage_446	79.310	29	6	0	1	29	23781	23753	0.38	28.5
Bacillus_GCA_002577465.1_spacer_4	total_phage_361	84.000	25	4	0	7	31	37896	37872	0.38	28.5
Bacillus_GCA_002577465.1_spacer_4	total_phage_245	81.481	27	5	0	1	27	4097	4071	0.38	28.5
Bacillus_GCA_002577465.1_spacer_4	virome_phage_865	84.000	25	4	0	6	30	3930	3954	0.38	28.5
Bacillus_GCA_002577465.1_spacer_4	total_phage_791	84.000	25	4	0	7	31	1788	1812	0.38	28.5
Bacillus_GCA_002577465.1_spacer_5	virome_phage_2	86.364	22	3	0	8	29	71133	71112	0.76	26.9
Bacillus_GCA_002577465.1_spacer_6	total_phage_233	81.250	32	6	0	2	33	42923	42954	0.009	33.3
Bacillus_GCA_002577465.1_spacer_6	virome_phage_2303	78.125	32	7	0	2	33	20929	20960	0.084	30.1
Bacillus_GCA_002577465.1_spacer_6	virome_phage_736	75.000	32	8	0	1	32	93174	93205	0.76	26.9
Bacillus_GCA_002577465.1_spacer_6	virome_phage_36	90.000	20	2	0	8	27	28765	28746	0.76	26.9
Bacillus_GCA_002577465.1_spacer_6	virome_phage_2343	83.333	24	4	0	9	32	17454	17431	0.76	26.9
Bacillus_GCA_002577465.1_spacer_7	virome_phage_784	84.000	25	4	0	3	27	14363	14387	0.31	28.5
Bacillus_GCA_002577465.1_spacer_7	virome_phage_2401	86.957	23	3	0	12	34	17282	17304	0.31	28.5
Bacillus_GCA_002577465.1_spacer_7	virome_phage_820	77.419	31	7	0	3	33	35915	35885	0.31	28.5
Bacillus_GCA_002577465.1_spacer_7	virome_phage_742	81.481	27	5	0	4	30	13307	13281	0.31	28.5
Bacillus_GCA_002577465.1_spacer_7	virome_phage_116	90.476	21	2	0	8	28	14210	14190	0.31	28.5
Bacillus_GCA_002577465.1_spacer_7	virome_phage_901	83.333	24	4	0	4	27	9647	9670	0.94	26.9
Bacillus_GCA_002577465.1_spacer_7	virome_phage_875	86.364	22	3	0	9	30	665	686	0.94	26.9
Bacillus_GCA_002577465.1_spacer_7	virome_phage_824	76.667	30	7	0	5	34	9054	9083	0.94	26.9
Bacillus_GCA_002577465.1_spacer_7	virome_phage_764	78.571	28	6	0	4	31	37701	37728	0.94	26.9
Bacillus_GCA_002577465.1_spacer_7	virome_phage_749	78.571	28	6	0	2	29	63595	63622	0.94	26.9
Bacillus_GCA_002577465.1_spacer_7	virome_phage_857	76.667	30	7	0	5	34	5129	5100	0.94	26.9
Bacillus_GCA_002577465.1_spacer_7	virome_phage_856	90.000	20	2	0	11	30	15080	15061	0.94	26.9
Bacillus_GCA_002577465.1_spacer_7	virome_phage_1092	76.667	30	7	0	5	34	772	743	0.94	26.9
Bacillus_GCA_002577465.1_spacer_7	total_phage_232	86.364	22	3	0	5	26	74879	74858	0.94	26.9
Bacillus_GCA_002577465.1_spacer_8	total_phage_362	84.000	25	4	0	10	34	17378	17354	0.38	28.5
Bacillus_GCA_002577465.1_spacer_8	total_phage_308	84.000	25	4	0	10	34	5783	5759	0.38	28.5
Bacillus_GCA_002577465.1_spacer_8	virome_phage_2269	86.957	23	3	0	2	24	179394	179416	0.38	28.5
Bacillus_GCA_002577465.1_spacer_9	virome_phage_911	87.500	24	3	0	1	24	21063	21086	0.10	30.1
Bacillus_GCA_002577465.1_spacer_9	virome_phage_144	84.000	25	4	0	8	32	17024	17000	0.31	28.5
Bacillus_GCA_002577465.1_spacer_9	total_phage_413	81.481	27	5	0	4	30	116996	116970	0.31	28.5
Bacillus_GCA_002577465.1_spacer_9	virome_phage_828	84.000	25	4	0	8	32	24084	24108	0.31	28.5
Bacillus_GCA_002577465.1_spacer_9	virome_phage_817	90.476	21	2	0	8	28	20521	20541	0.31	28.5
Bacillus_GCA_002577465.1_spacer_9	total_phage_731	86.957	23	3	0	8	30	108815	108837	0.31	28.5
Bacillus_GCA_002577465.1_spacer_9	virome_phage_752	90.000	20	2	0	13	32	52962	52943	0.94	26.9
Bacillus_GCA_002577465.1_spacer_9	virome_phage_744	86.364	22	3	0	3	24	61442	61421	0.94	26.9
Bacillus_GCA_002577465.1_spacer_9	total_phage_233	86.364	22	3	0	5	26	75415	75394	0.94	26.9
Bacillus_GCA_002577465.1_spacer_9	virome_phage_835	76.667	30	7	0	4	33	108	137	0.94	26.9
Bacillus_GCA_002577465.1_spacer_9	virome_phage_2366	78.571	28	6	0	7	34	14629	14656	0.94	26.9
Bacillus_GCA_002577465.1_spacer_10	total_phage_731	82.759	29	5	0	5	33	117720	117748	0.035	31.7
Bacillus_GCA_002577465.1_spacer_10	virome_phage_795	90.476	21	2	0	11	31	16032	16012	0.31	28.5
Bacillus_GCA_002577465.1_spacer_10	virome_phage_50	86.364	22	3	0	12	33	30702	30681	0.94	26.9
Bacillus_GCA_002577465.1_spacer_10	virome_phage_15	100.000	16	0	0	19	34	18196	18181	0.94	26.9
Bacillus_GCA_002577465.1_spacer_10	total_phage_413	86.364	22	3	0	4	25	98928	98907	0.94	26.9
Bacillus_GCA_002577465.1_spacer_10	virome_phage_9	86.364	22	3	0	7	28	41746	41767	0.94	26.9
Bacillus_GCA_002577465.1_spacer_10	virome_phage_5	86.364	22	3	0	2	23	41106	41127	0.94	26.9
Bacillus_GCA_002577465.1_spacer_10	total_phage_418	75.000	32	8	0	3	34	25265	25296	0.94	26.9
Bacillus_GCA_002577465.1_spacer_11	total_phage_306	77.419	31	7	0	1	31	22204	22234	0.31	28.5
Bacillus_GCA_002577465.1_spacer_11	virome_phage_865	75.000	32	8	0	3	34	1316	1347	0.94	26.9
Bacillus_GCA_002577465.1_spacer_11	total_phage_795	76.667	30	7	0	1	30	30578	30607	0.94	26.9
Bacillus_GCA_002577465.1_spacer_12	virome_phage_2254	100.000	16	0	0	10	25	74200	74215	0.94	26.9
Bacillus_GCA_002577465.1_spacer_12	virome_phage_2238	100.000	16	0	0	10	25	55714	55729	0.94	26.9
Bacillus_GCA_002577465.1_spacer_12	virome_phage_1217	86.364	22	3	0	11	32	3870	3891	0.94	26.9
Bacillus_GCA_002577465.1_spacer_12	total_phage_500	100.000	16	0	0	10	25	52243	52228	0.94	26.9
Bacillus_GCA_002577465.1_spacer_13	virome_phage_752	78.125	32	7	0	1	32	22149	22180	0.10	30.1
Bacillus_GCA_002577465.1_spacer_13	total_phage_111	84.000	25	4	0	10	34	4699	4723	0.31	28.5
Bacillus_GCA_002577465.1_spacer_13	virome_phage_751	77.419	31	7	0	4	34	11228	11198	0.31	28.5
Bacillus_GCA_002577465.1_spacer_13	virome_phage_28	90.476	21	2	0	2	22	15764	15744	0.31	28.5
Bacillus_GCA_002577465.1_spacer_13	total_phage_92	75.758	33	8	0	2	34	113333	113301	0.31	28.5
Bacillus_GCA_002577465.1_spacer_13	total_phage_731	84.000	25	4	0	2	26	64777	64753	0.31	28.5
Bacillus_GCA_002577465.1_spacer_13	total_phage_636	79.310	29	6	0	4	32	19304	19276	0.31	28.5
Bacillus_GCA_002577465.1_spacer_13	total_phage_370	77.419	31	7	0	3	33	26599	26569	0.31	28.5
Bacillus_GCA_002577465.1_spacer_13	virome_phage_925	80.769	26	5	0	2	27	16841	16866	0.94	26.9
Bacillus_GCA_002577465.1_spacer_13	virome_phage_841	90.000	20	2	0	2	21	32590	32609	0.94	26.9
Bacillus_GCA_002577465.1_spacer_13	virome_phage_82	90.000	20	2	0	2	21	36405	36424	0.94	26.9
Bacillus_GCA_002577465.1_spacer_13	virome_phage_8	73.529	34	9	0	1	34	113647	113680	0.94	26.9
Bacillus_GCA_002577465.1_spacer_13	virome_phage_745	90.000	20	2	0	7	26	29781	29800	0.94	26.9
Bacillus_GCA_002577465.1_spacer_13	virome_phage_2368	80.769	26	5	0	3	28	3863	3888	0.94	26.9
Bacillus_GCA_002577465.1_spacer_13	virome_phage_2280	78.571	28	6	0	6	33	12519	12546	0.94	26.9
Bacillus_GCA_002577465.1_spacer_13	total_phage_737	80.769	26	5	0	2	27	896	921	0.94	26.9
Bacillus_GCA_002577465.1_spacer_13	total_phage_727	90.000	20	2	0	14	33	33575	33594	0.94	26.9
Bacillus_GCA_002577465.1_spacer_13	total_phage_518	90.000	20	2	0	14	33	45785	45804	0.94	26.9
Bacillus_GCA_002577465.1_spacer_13	virome_phage_9	90.000	20	2	0	15	34	4432	4413	0.94	26.9
Bacillus_GCA_002577465.1_spacer_13	virome_phage_778	80.769	26	5	0	2	27	42892	42867	0.94	26.9
Bacillus_GCA_002577465.1_spacer_13	virome_phage_759	90.000	20	2	0	2	21	47724	47705	0.94	26.9
Bacillus_GCA_002577465.1_spacer_13	virome_phage_738	86.364	22	3	0	4	25	92593	92572	0.94	26.9
Bacillus_GCA_002577465.1_spacer_13	virome_phage_4	80.769	26	5	0	2	27	2152	2127	0.94	26.9
Bacillus_GCA_002577465.1_spacer_13	virome_phage_2359	83.333	24	4	0	2	25	19010	18987	0.94	26.9
Bacillus_GCA_002577465.1_spacer_13	virome_phage_145	80.769	26	5	0	3	28	17089	17064	0.94	26.9
Bacillus_GCA_002577465.1_spacer_13	total_phage_745	80.769	26	5	0	1	26	5874	5849	0.94	26.9
Bacillus_GCA_002577465.1_spacer_13	total_phage_655	94.444	18	1	0	4	21	6774	6757	0.94	26.9
Bacillus_GCA_002577465.1_spacer_13	total_phage_296	80.769	26	5	0	1	26	7833	7808	0.94	26.9
Bacillus_GCA_002577465.1_spacer_13	total_phage_245	78.571	28	6	0	1	28	7483	7456	0.94	26.9
Bacillus_GCA_002577465.1_spacer_14	virome_phage_2270	80.000	30	6	0	2	31	181573	181544	0.10	30.1
Bacillus_GCA_002577465.1_spacer_15	total_phage_231	82.759	29	5	0	6	34	41350	41378	0.035	31.7
Bacillus_GCA_002577465.1_spacer_15	virome_phage_734	88.000	25	3	0	10	34	31096	31072	0.035	31.7
Bacillus_GCA_002577465.1_spacer_15	virome_phage_866	90.476	21	2	0	8	28	23961	23981	0.31	28.5
Bacillus_GCA_002577465.1_spacer_15	virome_phage_7	100.000	17	0	0	12	28	117919	117935	0.31	28.5
Bacillus_GCA_002577465.1_spacer_15	virome_phage_7	94.444	18	1	0	6	23	4317	4300	0.94	26.9
Bacillus_GCA_002577465.1_spacer_15	virome_phage_25	86.957	23	3	0	9	31	16466	16444	0.31	28.5
Bacillus_GCA_002577465.1_spacer_15	virome_phage_993	94.444	18	1	0	15	32	15893	15910	0.94	26.9
Bacillus_GCA_002577465.1_spacer_15	virome_phage_743	83.333	24	4	0	11	34	44422	44445	0.94	26.9
Bacillus_GCA_002577465.1_spacer_15	virome_phage_127	83.333	24	4	0	6	29	7177	7200	0.94	26.9
Bacillus_GCA_002577465.1_spacer_15	total_phage_188	94.444	18	1	0	6	23	13209	13226	0.94	26.9
Bacillus_GCA_002577465.1_spacer_15	total_phage_18	78.571	28	6	0	5	32	16077	16104	0.94	26.9
Bacillus_GCA_002577465.1_spacer_15	total_phage_176	83.333	24	4	0	11	34	9768	9791	0.94	26.9
Bacillus_GCA_002577465.1_spacer_15	virome_phage_59	83.333	24	4	0	1	24	23681	23658	0.94	26.9
Bacillus_GCA_002577465.1_spacer_15	virome_phage_2368	86.364	22	3	0	6	27	21121	21100	0.94	26.9
Bacillus_GCA_002577465.1_spacer_15	total_phage_927	80.769	26	5	0	5	30	154129	154104	0.94	26.9
Bacillus_GCA_002577465.1_spacer_15	total_phage_453	78.571	28	6	0	7	34	19465	19438	0.94	26.9
Bacillus_GCA_002577465.1_spacer_15	total_phage_445	78.571	28	6	0	6	33	26541	26514	0.94	26.9
Bacillus_GCA_002577465.1_spacer_16	virome_phage_840	90.909	22	2	0	13	34	18340	18319	0.10	30.1
Bacillus_GCA_002577465.1_spacer_16	virome_phage_2235	84.615	26	4	0	6	31	3000	3025	0.10	30.1
Bacillus_GCA_002577465.1_spacer_16	virome_phage_738	79.310	29	6	0	1	29	8307	8279	0.31	28.5
Bacillus_GCA_002577465.1_spacer_16	virome_phage_848	94.737	19	1	0	5	23	29279	29297	0.31	28.5
Bacillus_GCA_002577465.1_spacer_16	virome_phage_741	86.364	22	3	0	8	29	27664	27643	0.94	26.9
Bacillus_GCA_002577465.1_spacer_16	virome_phage_4	83.333	24	4	0	1	24	88861	88884	0.94	26.9
Bacillus_GCA_002577465.1_spacer_16	virome_phage_2306	86.364	22	3	0	2	23	12239	12260	0.94	26.9
Bacillus_GCA_002577465.1_spacer_16	virome_phage_15	86.364	22	3	0	13	34	86403	86424	0.94	26.9
Bacillus_GCA_002577465.1_spacer_16	total_phage_794	76.667	30	7	0	5	34	9861	9890	0.94	26.9
Bacillus_GCA_002577465.1_spacer_16	total_phage_242	76.667	30	7	0	5	34	24467	24496	0.94	26.9
Bacillus_GCA_002577465.1_spacer_17	virome_phage_768	84.000	25	4	0	10	34	8082	8106	0.31	28.5
Bacillus_GCA_002577465.1_spacer_17	virome_phage_75	84.000	25	4	0	7	31	35565	35589	0.31	28.5
Bacillus_GCA_002577465.1_spacer_17	virome_phage_14	78.571	28	6	0	4	31	23242	23215	0.94	26.9
Bacillus_GCA_002577465.1_spacer_17	total_phage_604	94.444	18	1	0	10	27	34392	34409	0.94	26.9
Bacillus_GCA_002577465.1_spacer_18	virome_phage_748	90.000	20	2	0	1	20	57289	57308	0.76	26.9
Bacillus_GCA_002577465.1_spacer_18	virome_phage_739	76.667	30	7	0	4	33	82816	82845	0.76	26.9
Bacillus_GCA_002577465.1_spacer_18	virome_phage_22	90.000	20	2	0	7	26	31655	31674	0.76	26.9
Bacillus_GCA_002577465.1_spacer_18	virome_phage_78	94.444	18	1	0	10	27	20834	20817	0.76	26.9
Bacillus_GCA_002577465.1_spacer_19	virome_phage_2368	90.909	22	2	0	1	22	17705	17726	0.13	30.1
Bacillus_GCA_002577465.1_spacer_19	virome_phage_145	90.909	22	2	0	1	22	3663	3642	0.13	30.1
Bacillus_GCA_002577465.1_spacer_19	virome_phage_734	84.000	25	4	0	1	25	187153	187177	0.38	28.5
Bacillus_GCA_002577465.1_spacer_19	virome_phage_747	84.000	25	4	0	4	28	25143	25119	0.38	28.5
Bacillus_GCA_002577465.1_spacer_19	virome_phage_2269	90.476	21	2	0	8	28	97234	97214	0.38	28.5
Bacillus_GCA_002577465.1_spacer_19	total_phage_524	84.000	25	4	0	1	25	37494	37470	0.38	28.5
Bacillus_GCA_002577465.1_spacer_20	virome_phage_792	94.444	18	1	0	14	31	16563	16546	0.94	26.9
Bacillus_GCA_002577465.1_spacer_20	virome_phage_116	80.769	26	5	0	8	33	7199	7174	0.94	26.9
Bacillus_GCA_002577465.1_spacer_21	virome_phage_840	100.000	16	0	0	4	19	24277	24262	0.76	26.9
Bacillus_GCA_002577465.1_spacer_21	virome_phage_739	90.000	20	2	0	14	33	82826	82845	0.76	26.9
Bacillus_GCA_002577465.1_spacer_21	virome_phage_2254	90.000	20	2	0	1	20	17213	17194	0.76	26.9
Bacillus_GCA_002577465.1_spacer_21	virome_phage_1033	90.000	20	2	0	1	20	13221	13240	0.76	26.9
Bacillus_GCA_002577465.1_spacer_21	virome_phage_10	80.769	26	5	0	3	28	57197	57222	0.76	26.9
Bacillus_GCA_002577465.1_spacer_21	virome_phage_10	75.000	32	8	0	2	33	65198	65229	0.76	26.9
Bacillus_GCA_002577465.1_spacer_21	total_phage_730	75.000	32	8	0	2	33	121530	121499	0.76	26.9
Bacillus_GCA_002577465.1_spacer_21	total_phage_730	80.769	26	5	0	3	28	129531	129506	0.76	26.9
Bacillus_GCA_002577465.1_spacer_22	virome_phage_734	84.000	25	4	0	3	27	200046	200022	0.25	28.5
Bacillus_GCA_002577465.1_spacer_22	virome_phage_47	84.000	25	4	0	8	32	36136	36112	0.25	28.5
Bacillus_GCA_002577465.1_spacer_22	total_phage_795	81.481	27	5	0	1	27	31707	31681	0.25	28.5
Bacillus_GCA_002577465.1_spacer_22	virome_phage_2368	80.769	26	5	0	2	27	7443	7468	0.76	26.9
Bacillus_GCA_002577465.1_spacer_22	virome_phage_2274	83.333	24	4	0	2	25	185	162	0.76	26.9
Bacillus_GCA_002577465.1_spacer_22	virome_phage_2254	76.667	30	7	0	2	31	12352	12381	0.76	26.9
Bacillus_GCA_002577465.1_spacer_22	virome_phage_19	94.444	18	1	0	14	31	45153	45170	0.76	26.9
Bacillus_GCA_002577465.1_spacer_22	total_phage_793	78.571	28	6	0	5	32	34078	34051	0.76	26.9
Bacillus_GCA_002577465.1_spacer_22	total_phage_731	86.364	22	3	0	7	28	111371	111350	0.76	26.9
Bacillus_GCA_002577465.1_spacer_22	total_phage_694	100.000	16	0	0	17	32	12888	12903	0.76	26.9
Bacillus_GCA_002577465.1_spacer_22	total_phage_413	80.769	26	5	0	2	27	54959	54934	0.76	26.9
Bacillus_GCA_002577465.1_spacer_22	total_phage_233	78.571	28	6	0	5	32	66420	66393	0.76	26.9
Bacillus_GCA_002577465.1_spacer_22	total_phage_231	83.333	24	4	0	5	28	57796	57819	0.76	26.9
Bacillus_GCA_002577465.1_spacer_22	total_phage_18	80.769	26	5	0	4	29	597	572	0.76	26.9
Bacillus_GCA_002577465.1_spacer_23	virome_phage_738	82.759	29	5	0	1	29	8307	8279	0.035	31.7
Bacillus_GCA_002577465.1_spacer_23	virome_phage_840	90.909	22	2	0	13	34	18340	18319	0.10	30.1
Bacillus_GCA_002577465.1_spacer_23	virome_phage_4	87.500	24	3	0	1	24	88861	88884	0.10	30.1
Bacillus_GCA_002577465.1_spacer_23	total_phage_364	78.125	32	7	0	1	32	28399	28368	0.10	30.1
Bacillus_GCA_002577465.1_spacer_23	virome_phage_26	75.758	33	8	0	1	33	55908	55876	0.31	28.5
Bacillus_GCA_002577465.1_spacer_23	virome_phage_2269	75.758	33	8	0	2	34	283121	283153	0.31	28.5
Bacillus_GCA_002577465.1_spacer_23	virome_phage_783	78.571	28	6	0	7	34	9777	9804	0.94	26.9
Bacillus_GCA_002577465.1_spacer_23	virome_phage_2235	86.364	22	3	0	10	31	3004	3025	0.94	26.9
Bacillus_GCA_002577465.1_spacer_23	virome_phage_15	86.364	22	3	0	13	34	86403	86424	0.94	26.9
Bacillus_GCA_002577465.1_spacer_24	total_phage_795	87.500	24	3	0	1	24	36309	36286	0.10	30.1
Bacillus_GCA_002577465.1_spacer_24	virome_phage_2281	81.481	27	5	0	1	27	4050	4076	0.31	28.5
Bacillus_GCA_002577465.1_spacer_24	virome_phage_912	83.333	24	4	0	5	28	2432	2409	0.94	26.9
Bacillus_GCA_002577465.1_spacer_24	virome_phage_2304	83.333	24	4	0	5	28	21027	21004	0.94	26.9
Bacillus_GCA_002577465.1_spacer_24	virome_phage_2300	100.000	16	0	0	14	29	25457	25442	0.94	26.9
Bacillus_GCA_002577465.1_spacer_25	total_phage_786	80.769	26	5	0	4	29	6389	6364	0.94	26.9
Bacillus_GCA_002577465.1_spacer_25	total_phage_3	86.364	22	3	0	4	25	11540	11519	0.94	26.9
Bacillus_GCA_002577465.1_spacer_25	total_phage_232	90.000	20	2	0	4	23	6115	6134	0.94	26.9
Bacillus_GCA_002577465.1_spacer_26	virome_phage_739	83.333	24	4	0	1	24	116238	116261	0.76	26.9
Bacillus_GCA_002577465.1_spacer_27	virome_phage_17	86.207	29	4	0	1	29	80621	80593	0.003	34.9
Bacillus_GCA_002577465.1_spacer_27	virome_phage_778	75.758	33	8	0	1	33	29717	29749	0.25	28.5
Bacillus_GCA_002577465.1_spacer_27	virome_phage_738	75.758	33	8	0	1	33	118538	118570	0.25	28.5
Bacillus_GCA_002577465.1_spacer_27	total_phage_730	75.758	33	8	0	1	33	85275	85307	0.25	28.5
Bacillus_GCA_002577465.1_spacer_27	virome_phage_914	90.476	21	2	0	1	21	15436	15416	0.25	28.5
Bacillus_GCA_002577465.1_spacer_27	virome_phage_4	75.758	33	8	0	1	33	123915	123883	0.25	28.5
Bacillus_GCA_002577465.1_spacer_27	virome_phage_903	94.444	18	1	0	2	19	4321	4338	0.76	26.9
Bacillus_GCA_002577465.1_spacer_27	virome_phage_817	75.000	32	8	0	2	33	38188	38219	0.76	26.9
Bacillus_GCA_002577465.1_spacer_27	virome_phage_7	90.000	20	2	0	14	33	10982	11001	0.76	26.9
Bacillus_GCA_002577465.1_spacer_27	virome_phage_2254	76.667	30	7	0	4	33	111544	111573	0.76	26.9
Bacillus_GCA_002577465.1_spacer_27	total_phage_2	78.571	28	6	0	1	28	29183	29210	0.76	26.9
Bacillus_GCA_002577465.1_spacer_27	virome_phage_844	90.000	20	2	0	14	33	3562	3543	0.76	26.9
Bacillus_GCA_002577465.1_spacer_27	virome_phage_2285	100.000	16	0	0	15	30	5325	5310	0.76	26.9
Bacillus_GCA_002577465.1_spacer_27	total_phage_92	80.769	26	5	0	4	29	45246	45221	0.76	26.9
