Bacillus_GCF_019037745.1_spacer_0	virome_phage_764	90.909	22	2	0	5	26	12477	12456	0.084	30.1
Bacillus_GCF_019037745.1_spacer_0	virome_phage_15	86.364	22	3	0	4	25	49831	49852	0.76	26.9
Bacillus_GCF_019037745.1_spacer_0	total_phage_653	94.444	18	1	0	10	27	13764	13781	0.76	26.9
Bacillus_GCF_019037745.1_spacer_0	total_phage_725	94.444	18	1	0	10	27	29953	29936	0.76	26.9
Bacillus_GCF_019037745.1_spacer_0	total_phage_604	94.444	18	1	0	10	27	37816	37799	0.76	26.9
Bacillus_GCF_019037745.1_spacer_0	total_phage_483	94.444	18	1	0	10	27	17528	17511	0.76	26.9
Bacillus_GCF_019037745.1_spacer_0	total_phage_415	94.444	18	1	0	5	22	5917	5900	0.76	26.9
Bacillus_GCF_019037745.1_spacer_1	virome_phage_764	90.909	22	2	0	5	26	12477	12456	0.084	30.1
Bacillus_GCF_019037745.1_spacer_1	virome_phage_15	86.364	22	3	0	4	25	49831	49852	0.76	26.9
Bacillus_GCF_019037745.1_spacer_1	total_phage_653	94.444	18	1	0	10	27	13764	13781	0.76	26.9
Bacillus_GCF_019037745.1_spacer_1	total_phage_725	94.444	18	1	0	10	27	29953	29936	0.76	26.9
Bacillus_GCF_019037745.1_spacer_1	total_phage_604	94.444	18	1	0	10	27	37816	37799	0.76	26.9
Bacillus_GCF_019037745.1_spacer_1	total_phage_483	94.444	18	1	0	10	27	17528	17511	0.76	26.9
Bacillus_GCF_019037745.1_spacer_1	total_phage_415	94.444	18	1	0	5	22	5917	5900	0.76	26.9
Bacillus_GCF_019037745.1_spacer_2	virome_phage_84	90.000	20	2	0	12	31	25665	25684	0.76	26.9
Bacillus_GCF_019037745.1_spacer_2	virome_phage_811	86.364	22	3	0	12	33	29314	29335	0.76	26.9
Bacillus_GCF_019037745.1_spacer_2	total_phage_95	90.000	20	2	0	2	21	109265	109284	0.76	26.9
Bacillus_GCF_019037745.1_spacer_2	virome_phage_791	78.571	28	6	0	1	28	41187	41160	0.76	26.9
Bacillus_GCF_019037745.1_spacer_2	virome_phage_2350	90.000	20	2	0	12	31	12252	12233	0.76	26.9
Bacillus_GCF_019037745.1_spacer_4	virome_phage_26	76.471	34	8	0	1	34	52651	52684	0.13	30.1
Bacillus_GCF_019037745.1_spacer_5	virome_phage_885	90.476	21	2	0	3	23	4312	4292	0.38	28.5
Bacillus_GCF_019037745.1_spacer_5	total_phage_92	79.310	29	6	0	6	34	23395	23367	0.38	28.5
Bacillus_GCF_019037745.1_spacer_5	total_phage_788	90.476	21	2	0	3	23	21588	21608	0.38	28.5
Bacillus_GCF_019037745.1_spacer_5	total_phage_179	90.476	21	2	0	3	23	21162	21142	0.38	28.5
Bacillus_GCF_019037745.1_spacer_6	virome_phage_746	83.333	30	5	0	1	30	15817	15846	0.009	33.3
Bacillus_GCF_019037745.1_spacer_6	virome_phage_860	78.788	33	7	0	1	33	31414	31382	0.028	31.7
Bacillus_GCF_019037745.1_spacer_6	virome_phage_841	78.788	33	7	0	1	33	9590	9558	0.028	31.7
Bacillus_GCF_019037745.1_spacer_6	virome_phage_841	83.333	24	4	0	1	24	18158	18135	0.76	26.9
Bacillus_GCF_019037745.1_spacer_6	virome_phage_79	88.000	25	3	0	9	33	28802	28826	0.028	31.7
Bacillus_GCF_019037745.1_spacer_6	virome_phage_776	78.788	33	7	0	1	33	31045	31077	0.028	31.7
Bacillus_GCF_019037745.1_spacer_6	virome_phage_776	88.000	25	3	0	9	33	35313	35289	0.028	31.7
Bacillus_GCF_019037745.1_spacer_6	virome_phage_32	91.304	23	2	0	1	23	6114	6092	0.028	31.7
Bacillus_GCF_019037745.1_spacer_6	virome_phage_2288	88.000	25	3	0	9	33	3499	3475	0.028	31.7
Bacillus_GCF_019037745.1_spacer_6	total_phage_807	78.788	33	7	0	1	33	14550	14518	0.028	31.7
Bacillus_GCF_019037745.1_spacer_6	total_phage_783	80.645	31	6	0	1	31	20983	21013	0.028	31.7
Bacillus_GCF_019037745.1_spacer_6	virome_phage_745	80.000	30	6	0	2	31	65820	65849	0.084	30.1
Bacillus_GCF_019037745.1_spacer_6	virome_phage_2407	90.909	22	2	0	6	27	1203	1182	0.084	30.1
Bacillus_GCF_019037745.1_spacer_6	virome_phage_2254	84.615	26	4	0	6	31	13823	13798	0.084	30.1
Bacillus_GCF_019037745.1_spacer_6	virome_phage_2254	83.333	24	4	0	5	28	16933	16910	0.76	26.9
Bacillus_GCF_019037745.1_spacer_6	virome_phage_2254	80.769	26	5	0	2	27	46851	46826	0.76	26.9
Bacillus_GCF_019037745.1_spacer_6	virome_phage_2254	83.333	24	4	0	3	26	94589	94566	0.76	26.9
Bacillus_GCF_019037745.1_spacer_6	total_phage_791	84.615	26	4	0	1	26	28324	28299	0.084	30.1
Bacillus_GCF_019037745.1_spacer_6	total_phage_233	87.500	24	3	0	1	24	44303	44280	0.084	30.1
Bacillus_GCF_019037745.1_spacer_6	virome_phage_884	81.481	27	5	0	1	27	13100	13126	0.25	28.5
Bacillus_GCF_019037745.1_spacer_6	virome_phage_878	90.476	21	2	0	6	26	1440	1460	0.25	28.5
Bacillus_GCF_019037745.1_spacer_6	virome_phage_878	75.000	32	8	0	1	32	10077	10108	0.76	26.9
Bacillus_GCF_019037745.1_spacer_6	virome_phage_859	81.481	27	5	0	1	27	2353	2327	0.25	28.5
Bacillus_GCF_019037745.1_spacer_6	virome_phage_828	81.481	27	5	0	1	27	3056	3030	0.25	28.5
Bacillus_GCF_019037745.1_spacer_6	virome_phage_82	75.758	33	8	0	1	33	5290	5322	0.25	28.5
Bacillus_GCF_019037745.1_spacer_6	virome_phage_82	81.481	27	5	0	1	27	10062	10088	0.25	28.5
Bacillus_GCF_019037745.1_spacer_6	virome_phage_817	81.481	27	5	0	7	33	3133	3107	0.25	28.5
Bacillus_GCF_019037745.1_spacer_6	virome_phage_771	90.476	21	2	0	12	32	9889	9909	0.25	28.5
Bacillus_GCF_019037745.1_spacer_6	virome_phage_771	84.000	25	4	0	9	33	32237	32213	0.25	28.5
Bacillus_GCF_019037745.1_spacer_6	virome_phage_770	86.957	23	3	0	3	25	18866	18888	0.25	28.5
Bacillus_GCF_019037745.1_spacer_6	virome_phage_759	81.481	27	5	0	1	27	24925	24899	0.25	28.5
Bacillus_GCF_019037745.1_spacer_6	virome_phage_759	75.758	33	8	0	1	33	29697	29665	0.25	28.5
Bacillus_GCF_019037745.1_spacer_6	virome_phage_734	77.419	31	7	0	2	32	250140	250170	0.25	28.5
Bacillus_GCF_019037745.1_spacer_6	virome_phage_734	78.571	28	6	0	1	28	81692	81719	0.76	26.9
Bacillus_GCF_019037745.1_spacer_6	virome_phage_2303	84.000	25	4	0	1	25	22309	22285	0.25	28.5
Bacillus_GCF_019037745.1_spacer_6	virome_phage_2292	84.000	25	4	0	1	25	17046	17070	0.25	28.5
Bacillus_GCF_019037745.1_spacer_6	virome_phage_115	84.000	25	4	0	9	33	15941	15917	0.25	28.5
Bacillus_GCF_019037745.1_spacer_6	total_phage_803	84.000	25	4	0	1	25	21285	21309	0.25	28.5
Bacillus_GCF_019037745.1_spacer_6	total_phage_803	83.333	24	4	0	2	25	3263	3240	0.76	26.9
Bacillus_GCF_019037745.1_spacer_6	total_phage_358	86.957	23	3	0	3	25	43690	43712	0.25	28.5
Bacillus_GCF_019037745.1_spacer_6	total_phage_106	75.758	33	8	0	1	33	32772	32740	0.25	28.5
Bacillus_GCF_019037745.1_spacer_6	total_phage_106	94.444	18	1	0	1	18	13894	13911	0.76	26.9
Bacillus_GCF_019037745.1_spacer_6	virome_phage_83	76.667	30	7	0	4	33	29847	29818	0.76	26.9
Bacillus_GCF_019037745.1_spacer_6	virome_phage_807	83.333	24	4	0	1	24	10593	10570	0.76	26.9
Bacillus_GCF_019037745.1_spacer_6	virome_phage_8	75.000	32	8	0	1	32	70039	70008	0.76	26.9
Bacillus_GCF_019037745.1_spacer_6	virome_phage_792	83.333	24	4	0	6	29	14519	14496	0.76	26.9
Bacillus_GCF_019037745.1_spacer_6	virome_phage_764	86.364	22	3	0	9	30	46348	46369	0.76	26.9
Bacillus_GCF_019037745.1_spacer_6	virome_phage_749	75.000	32	8	0	2	33	43451	43482	0.76	26.9
Bacillus_GCF_019037745.1_spacer_6	virome_phage_738	90.000	20	2	0	8	27	109107	109088	0.76	26.9
Bacillus_GCF_019037745.1_spacer_6	virome_phage_2424	90.000	20	2	0	8	27	756	737	0.76	26.9
Bacillus_GCF_019037745.1_spacer_6	virome_phage_2329	90.000	20	2	0	9	28	20762	20781	0.76	26.9
Bacillus_GCF_019037745.1_spacer_6	virome_phage_2304	83.333	24	4	0	1	24	17163	17140	0.76	26.9
Bacillus_GCF_019037745.1_spacer_6	virome_phage_2272	83.333	24	4	0	6	29	40122	40099	0.76	26.9
Bacillus_GCF_019037745.1_spacer_6	virome_phage_2243	100.000	16	0	0	12	27	10787	10772	0.76	26.9
Bacillus_GCF_019037745.1_spacer_6	virome_phage_2239	75.000	32	8	0	1	32	26819	26788	0.76	26.9
Bacillus_GCF_019037745.1_spacer_6	virome_phage_2238	80.769	26	5	0	2	27	28365	28340	0.76	26.9
Bacillus_GCF_019037745.1_spacer_6	virome_phage_2238	83.333	24	4	0	3	26	76113	76090	0.76	26.9
Bacillus_GCF_019037745.1_spacer_6	virome_phage_2237	100.000	16	0	0	12	27	6998	7013	0.76	26.9
Bacillus_GCF_019037745.1_spacer_6	virome_phage_1006	78.571	28	6	0	1	28	15703	15676	0.76	26.9
Bacillus_GCF_019037745.1_spacer_6	virome_phage_1	80.769	26	5	0	8	33	61519	61544	0.76	26.9
Bacillus_GCF_019037745.1_spacer_6	total_phage_934	90.000	20	2	0	1	20	24124	24105	0.76	26.9
Bacillus_GCF_019037745.1_spacer_6	total_phage_927	80.769	26	5	0	1	26	118501	118476	0.76	26.9
Bacillus_GCF_019037745.1_spacer_6	total_phage_92	90.000	20	2	0	1	20	131109	131128	0.76	26.9
Bacillus_GCF_019037745.1_spacer_6	total_phage_804	90.000	20	2	0	1	20	11635	11654	0.76	26.9
Bacillus_GCF_019037745.1_spacer_6	total_phage_794	94.444	18	1	0	7	24	34224	34207	0.76	26.9
Bacillus_GCF_019037745.1_spacer_6	total_phage_733	90.000	20	2	0	9	28	1214	1195	0.76	26.9
Bacillus_GCF_019037745.1_spacer_6	total_phage_733	83.333	24	4	0	1	24	42655	42632	0.76	26.9
Bacillus_GCF_019037745.1_spacer_6	total_phage_730	86.364	22	3	0	2	23	88407	88428	0.76	26.9
Bacillus_GCF_019037745.1_spacer_6	total_phage_692	90.000	20	2	0	14	33	38749	38768	0.76	26.9
Bacillus_GCF_019037745.1_spacer_6	total_phage_666	83.333	24	4	0	4	27	6674	6651	0.76	26.9
Bacillus_GCF_019037745.1_spacer_6	total_phage_658	90.000	20	2	0	14	33	7153	7134	0.76	26.9
Bacillus_GCF_019037745.1_spacer_6	total_phage_644	100.000	16	0	0	12	27	10676	10661	0.76	26.9
Bacillus_GCF_019037745.1_spacer_6	total_phage_639	83.333	24	4	0	4	27	17347	17370	0.76	26.9
Bacillus_GCF_019037745.1_spacer_6	total_phage_638	80.769	26	5	0	3	28	13682	13657	0.76	26.9
Bacillus_GCF_019037745.1_spacer_6	total_phage_501	75.000	32	8	0	1	32	826	857	0.76	26.9
Bacillus_GCF_019037745.1_spacer_6	total_phage_500	83.333	24	4	0	3	26	31844	31867	0.76	26.9
Bacillus_GCF_019037745.1_spacer_6	total_phage_500	80.769	26	5	0	2	27	79592	79617	0.76	26.9
Bacillus_GCF_019037745.1_spacer_6	total_phage_487	100.000	16	0	0	12	27	9313	9298	0.76	26.9
Bacillus_GCF_019037745.1_spacer_6	total_phage_454	75.000	32	8	0	1	32	20845	20814	0.76	26.9
Bacillus_GCF_019037745.1_spacer_6	total_phage_249	94.444	18	1	0	10	27	14448	14431	0.76	26.9
Bacillus_GCF_019037745.1_spacer_6	total_phage_231	83.333	24	4	0	8	31	6369	6346	0.76	26.9
Bacillus_GCF_019037745.1_spacer_6	total_phage_172	90.000	20	2	0	1	20	12789	12808	0.76	26.9
Bacillus_GCF_019037745.1_spacer_7	total_phage_800	86.957	23	3	0	9	31	12101	12079	0.38	28.5
Bacillus_GCF_019037745.1_spacer_7	total_phage_368	86.957	23	3	0	9	31	21966	21944	0.38	28.5
Bacillus_GCF_019037745.1_spacer_7	total_phage_358	94.737	19	1	0	5	23	26002	25984	0.38	28.5
Bacillus_GCF_019037745.1_spacer_7	total_phage_4	86.957	23	3	0	9	31	16764	16786	0.38	28.5
Bacillus_GCF_019037745.1_spacer_8	virome_phage_38	90.476	21	2	0	3	23	42948	42928	0.38	28.5
Bacillus_GCF_019037745.1_spacer_9	virome_phage_72	94.737	19	1	0	15	33	553	535	0.38	28.5
Bacillus_GCF_019037745.1_spacer_10	virome_phage_776	86.364	22	3	0	5	26	38082	38061	0.94	26.9
Bacillus_GCF_019037745.1_spacer_10	virome_phage_2243	94.444	18	1	0	3	20	3607	3624	0.94	26.9
Bacillus_GCF_019037745.1_spacer_10	virome_phage_2237	94.444	18	1	0	3	20	14178	14161	0.94	26.9
Bacillus_GCF_019037745.1_spacer_10	total_phage_644	94.444	18	1	0	3	20	3496	3513	0.94	26.9
Bacillus_GCF_019037745.1_spacer_10	total_phage_487	94.444	18	1	0	3	20	2133	2150	0.94	26.9
Bacillus_GCF_019037745.1_spacer_10	total_phage_239	86.364	22	3	0	5	26	4122	4101	0.94	26.9
Bacillus_GCF_019037745.1_spacer_11	virome_phage_2301	83.333	24	4	0	10	33	6449	6472	0.94	26.9
Bacillus_GCF_019037745.1_spacer_12	virome_phage_816	83.333	24	4	0	4	27	21838	21861	0.76	26.9
Bacillus_GCF_019037745.1_spacer_13	virome_phage_1236	86.364	22	3	0	4	25	3390	3369	0.94	26.9
Bacillus_GCF_019037745.1_spacer_14	virome_phage_744	95.000	20	1	0	1	20	6631	6650	0.13	30.1
Bacillus_GCF_019037745.1_spacer_14	total_phage_414	84.615	26	4	0	7	32	41527	41552	0.13	30.1
Bacillus_GCF_019037745.1_spacer_14	virome_phage_2314	95.000	20	1	0	1	20	6384	6365	0.13	30.1
Bacillus_GCF_019037745.1_spacer_14	virome_phage_734	86.957	23	3	0	4	26	90581	90603	0.38	28.5
Bacillus_GCF_019037745.1_spacer_14	virome_phage_734	86.957	23	3	0	12	34	91413	91391	0.38	28.5
Bacillus_GCF_019037745.1_spacer_14	virome_phage_70	81.481	27	5	0	5	31	3057	3083	0.38	28.5
Bacillus_GCF_019037745.1_spacer_14	virome_phage_2269	81.481	27	5	0	9	35	230144	230170	0.38	28.5
Bacillus_GCF_019037745.1_spacer_14	virome_phage_11	79.310	29	6	0	2	30	42397	42425	0.38	28.5
Bacillus_GCF_019037745.1_spacer_14	total_phage_363	86.957	23	3	0	1	23	1209	1231	0.38	28.5
Bacillus_GCF_019037745.1_spacer_14	total_phage_363	84.000	25	4	0	4	28	15171	15147	0.38	28.5
Bacillus_GCF_019037745.1_spacer_14	total_phage_232	94.737	19	1	0	12	30	27251	27269	0.38	28.5
Bacillus_GCF_019037745.1_spacer_14	total_phage_106	86.957	23	3	0	3	25	23708	23730	0.38	28.5
Bacillus_GCF_019037745.1_spacer_14	virome_phage_932	84.000	25	4	0	1	25	16735	16711	0.38	28.5
Bacillus_GCF_019037745.1_spacer_14	virome_phage_7	77.419	31	7	0	4	34	25861	25831	0.38	28.5
Bacillus_GCF_019037745.1_spacer_14	virome_phage_2	77.419	31	7	0	1	31	163152	163122	0.38	28.5
Bacillus_GCF_019037745.1_spacer_14	total_phage_92	90.476	21	2	0	4	24	127708	127688	0.38	28.5
Bacillus_GCF_019037745.1_spacer_15	virome_phage_5	95.455	22	1	0	8	29	15475	15454	0.009	33.3
Bacillus_GCF_019037745.1_spacer_15	total_phage_366	91.304	23	2	0	1	23	2452	2430	0.028	31.7
Bacillus_GCF_019037745.1_spacer_15	virome_phage_79	84.000	25	4	0	8	32	29248	29272	0.25	28.5
Bacillus_GCF_019037745.1_spacer_15	virome_phage_32	86.957	23	3	0	8	30	34304	34326	0.25	28.5
Bacillus_GCF_019037745.1_spacer_15	virome_phage_2288	84.000	25	4	0	8	32	3053	3029	0.25	28.5
Bacillus_GCF_019037745.1_spacer_15	virome_phage_2280	79.310	29	6	0	1	29	53829	53801	0.25	28.5
Bacillus_GCF_019037745.1_spacer_15	virome_phage_17	90.476	21	2	0	7	27	80889	80869	0.25	28.5
Bacillus_GCF_019037745.1_spacer_15	total_phage_98	94.737	19	1	0	12	30	14248	14230	0.25	28.5
Bacillus_GCF_019037745.1_spacer_15	total_phage_929	90.476	21	2	0	6	26	6571	6551	0.25	28.5
Bacillus_GCF_019037745.1_spacer_15	total_phage_437	84.000	25	4	0	6	30	1111	1087	0.25	28.5
Bacillus_GCF_019037745.1_spacer_15	virome_phage_759	80.769	26	5	0	6	31	1767	1742	0.76	26.9
Bacillus_GCF_019037745.1_spacer_15	virome_phage_738	76.667	30	7	0	1	30	42004	41975	0.76	26.9
Bacillus_GCF_019037745.1_spacer_15	virome_phage_7	75.000	32	8	0	1	32	74736	74767	0.76	26.9
Bacillus_GCF_019037745.1_spacer_15	virome_phage_4	90.000	20	2	0	4	23	143536	143517	0.76	26.9
Bacillus_GCF_019037745.1_spacer_15	virome_phage_28	86.364	22	3	0	6	27	11961	11940	0.76	26.9
Bacillus_GCF_019037745.1_spacer_15	virome_phage_2424	80.769	26	5	0	3	28	4306	4331	0.76	26.9
Bacillus_GCF_019037745.1_spacer_15	virome_phage_2304	90.000	20	2	0	8	27	1232	1213	0.76	26.9
Bacillus_GCF_019037745.1_spacer_15	virome_phage_1	78.571	28	6	0	4	31	14440	14413	0.76	26.9
Bacillus_GCF_019037745.1_spacer_15	virome_phage_1	90.000	20	2	0	12	31	100640	100621	0.76	26.9
Bacillus_GCF_019037745.1_spacer_15	total_phage_730	86.364	22	3	0	10	31	102741	102720	0.76	26.9
Bacillus_GCF_019037745.1_spacer_15	total_phage_711	86.364	22	3	0	8	29	1699	1678	0.76	26.9
Bacillus_GCF_019037745.1_spacer_15	total_phage_650	86.364	22	3	0	8	29	1722	1701	0.76	26.9
Bacillus_GCF_019037745.1_spacer_15	total_phage_488	86.364	22	3	0	8	29	3230	3209	0.76	26.9
Bacillus_GCF_019037745.1_spacer_15	total_phage_462	86.364	22	3	0	8	29	1791	1770	0.76	26.9
Bacillus_GCF_019037745.1_spacer_15	total_phage_244	83.333	24	4	0	1	24	13240	13217	0.76	26.9
Bacillus_GCF_019037745.1_spacer_15	total_phage_188	86.364	22	3	0	8	29	16800	16779	0.76	26.9
Bacillus_GCF_019037745.1_spacer_16	virome_phage_841	94.737	19	1	0	9	27	16992	17010	0.25	28.5
Bacillus_GCF_019037745.1_spacer_16	virome_phage_902	100.000	16	0	0	18	33	8428	8413	0.76	26.9
Bacillus_GCF_019037745.1_spacer_16	virome_phage_2325	90.000	20	2	0	11	30	6137	6156	0.76	26.9
Bacillus_GCF_019037745.1_spacer_16	total_phage_92	94.444	18	1	0	5	22	122617	122634	0.76	26.9
Bacillus_GCF_019037745.1_spacer_17	virome_phage_864	78.125	32	7	0	3	34	9257	9226	0.10	30.1
Bacillus_GCF_019037745.1_spacer_17	total_phage_729	90.909	22	2	0	9	30	73615	73594	0.10	30.1
Bacillus_GCF_019037745.1_spacer_17	total_phage_729	81.481	27	5	0	5	31	125545	125571	0.31	28.5
Bacillus_GCF_019037745.1_spacer_17	virome_phage_743	90.476	21	2	0	14	34	1815	1835	0.31	28.5
Bacillus_GCF_019037745.1_spacer_17	virome_phage_2357	81.481	27	5	0	3	29	8008	8034	0.31	28.5
Bacillus_GCF_019037745.1_spacer_17	virome_phage_2298	86.957	23	3	0	3	25	44311	44333	0.31	28.5
Bacillus_GCF_019037745.1_spacer_17	total_phage_92	100.000	17	0	0	3	19	104522	104538	0.31	28.5
Bacillus_GCF_019037745.1_spacer_17	total_phage_92	100.000	16	0	0	9	24	104039	104054	0.94	26.9
Bacillus_GCF_019037745.1_spacer_17	total_phage_92	83.333	24	4	0	1	24	68658	68635	0.94	26.9
Bacillus_GCF_019037745.1_spacer_17	total_phage_786	100.000	17	0	0	7	23	19913	19929	0.31	28.5
Bacillus_GCF_019037745.1_spacer_17	total_phage_731	90.476	21	2	0	8	28	67760	67780	0.31	28.5
Bacillus_GCF_019037745.1_spacer_17	total_phage_232	84.000	25	4	0	3	27	41656	41680	0.31	28.5
Bacillus_GCF_019037745.1_spacer_17	virome_phage_82	75.758	33	8	0	1	33	20691	20659	0.31	28.5
Bacillus_GCF_019037745.1_spacer_17	virome_phage_807	86.957	23	3	0	3	25	11334	11312	0.31	28.5
Bacillus_GCF_019037745.1_spacer_17	total_phage_114	86.957	23	3	0	3	25	32004	31982	0.31	28.5
Bacillus_GCF_019037745.1_spacer_17	virome_phage_751	86.364	22	3	0	11	32	18164	18185	0.94	26.9
Bacillus_GCF_019037745.1_spacer_17	virome_phage_738	94.444	18	1	0	10	27	119226	119243	0.94	26.9
Bacillus_GCF_019037745.1_spacer_17	virome_phage_66	86.364	22	3	0	3	24	24042	24063	0.94	26.9
Bacillus_GCF_019037745.1_spacer_17	virome_phage_5	83.333	24	4	0	10	33	98923	98946	0.94	26.9
Bacillus_GCF_019037745.1_spacer_17	virome_phage_2308	86.364	22	3	0	7	28	30377	30398	0.94	26.9
Bacillus_GCF_019037745.1_spacer_17	virome_phage_2281	80.769	26	5	0	9	34	29840	29865	0.94	26.9
Bacillus_GCF_019037745.1_spacer_17	virome_phage_2275	80.769	26	5	0	3	28	66302	66327	0.94	26.9
Bacillus_GCF_019037745.1_spacer_17	total_phage_9	90.000	20	2	0	3	22	24552	24571	0.94	26.9
Bacillus_GCF_019037745.1_spacer_17	total_phage_9	80.769	26	5	0	4	29	26432	26407	0.94	26.9
Bacillus_GCF_019037745.1_spacer_17	total_phage_735	83.333	24	4	0	3	26	20360	20383	0.94	26.9
Bacillus_GCF_019037745.1_spacer_17	total_phage_294	90.000	20	2	0	3	22	38331	38350	0.94	26.9
Bacillus_GCF_019037745.1_spacer_17	total_phage_231	94.444	18	1	0	8	25	73353	73370	0.94	26.9
Bacillus_GCF_019037745.1_spacer_17	total_phage_231	83.333	24	4	0	1	24	47805	47782	0.94	26.9
Bacillus_GCF_019037745.1_spacer_17	virome_phage_827	80.769	26	5	0	9	34	3016	2991	0.94	26.9
Bacillus_GCF_019037745.1_spacer_17	virome_phage_792	80.769	26	5	0	4	29	37197	37172	0.94	26.9
Bacillus_GCF_019037745.1_spacer_17	virome_phage_785	78.571	28	6	0	2	29	22849	22822	0.94	26.9
Bacillus_GCF_019037745.1_spacer_17	virome_phage_739	76.667	30	7	0	1	30	121646	121617	0.94	26.9
Bacillus_GCF_019037745.1_spacer_17	virome_phage_734	86.364	22	3	0	1	22	58100	58079	0.94	26.9
Bacillus_GCF_019037745.1_spacer_17	virome_phage_4	94.444	18	1	0	10	27	123016	122999	0.94	26.9
Bacillus_GCF_019037745.1_spacer_17	virome_phage_17	78.571	28	6	0	7	34	76653	76626	0.94	26.9
Bacillus_GCF_019037745.1_spacer_17	total_phage_297	83.333	24	4	0	9	32	23334	23311	0.94	26.9
Bacillus_GCF_019037745.1_spacer_17	total_phage_187	86.364	22	3	0	7	28	8902	8881	0.94	26.9
Bacillus_GCF_019037745.1_spacer_17	total_phage_1	86.364	22	3	0	8	29	40426	40405	0.94	26.9
Bacillus_GCF_019037745.1_spacer_18	virome_phage_9	90.476	21	2	0	4	24	69154	69174	0.38	28.5
Bacillus_GCF_019037745.1_spacer_18	virome_phage_2300	94.737	19	1	0	11	29	9565	9547	0.38	28.5
Bacillus_GCF_019037745.1_spacer_19	total_phage_451	84.000	25	4	0	1	25	3394	3370	0.25	28.5
Bacillus_GCF_019037745.1_spacer_19	virome_phage_803	83.333	24	4	0	6	29	31179	31156	0.76	26.9
Bacillus_GCF_019037745.1_spacer_19	virome_phage_124	80.769	26	5	0	4	29	21801	21776	0.76	26.9
Bacillus_GCF_019037745.1_spacer_19	virome_phage_1	78.571	28	6	0	5	32	208612	208585	0.76	26.9
Bacillus_GCF_019037745.1_spacer_19	total_phage_368	80.769	26	5	0	5	30	26431	26406	0.76	26.9
Bacillus_GCF_019037745.1_spacer_19	total_phage_303	80.769	26	5	0	4	29	31139	31114	0.76	26.9
Bacillus_GCF_019037745.1_spacer_19	total_phage_111	80.769	26	5	0	5	30	2889	2864	0.76	26.9
Bacillus_GCF_019037745.1_spacer_19	total_phage_232	86.364	22	3	0	3	24	50154	50175	0.76	26.9
Bacillus_GCF_019037745.1_spacer_20	virome_phage_748	81.481	27	5	0	1	27	22974	22948	0.38	28.5
Bacillus_GCF_019037745.1_spacer_22	virome_phage_2305	82.143	28	5	0	5	32	4388	4415	0.084	30.1
Bacillus_GCF_019037745.1_spacer_22	total_phage_362	87.500	24	3	0	5	28	36973	36996	0.084	30.1
Bacillus_GCF_019037745.1_spacer_22	virome_phage_963	86.957	23	3	0	10	32	8886	8864	0.25	28.5
Bacillus_GCF_019037745.1_spacer_22	virome_phage_2400	86.957	23	3	0	10	32	9444	9466	0.25	28.5
Bacillus_GCF_019037745.1_spacer_22	virome_phage_8	100.000	16	0	0	18	33	48792	48777	0.76	26.9
Bacillus_GCF_019037745.1_spacer_22	virome_phage_748	94.444	18	1	0	14	31	69140	69123	0.76	26.9
Bacillus_GCF_019037745.1_spacer_22	total_phage_112	80.769	26	5	0	1	26	17479	17454	0.76	26.9
Bacillus_GCF_019037745.1_spacer_22	virome_phage_747	80.769	26	5	0	8	33	12600	12625	0.76	26.9
Bacillus_GCF_019037745.1_spacer_22	virome_phage_7	80.769	26	5	0	3	28	72265	72290	0.76	26.9
Bacillus_GCF_019037745.1_spacer_23	virome_phage_743	90.909	22	2	0	13	34	40641	40620	0.13	30.1
Bacillus_GCF_019037745.1_spacer_23	total_phage_106	95.000	20	1	0	1	20	3121	3102	0.13	30.1
Bacillus_GCF_019037745.1_spacer_23	total_phage_743	81.481	27	5	0	6	32	1218	1244	0.38	28.5
Bacillus_GCF_019037745.1_spacer_23	total_phage_479	86.957	23	3	0	1	23	680	702	0.38	28.5
Bacillus_GCF_019037745.1_spacer_24	virome_phage_2275	94.444	18	1	0	15	32	14661	14678	0.94	26.9
Bacillus_GCF_019037745.1_spacer_24	virome_phage_762	78.571	28	6	0	1	28	25129	25102	0.94	26.9
Bacillus_GCF_019037745.1_spacer_24	virome_phage_43	83.333	24	4	0	8	31	26286	26263	0.94	26.9
Bacillus_GCF_019037745.1_spacer_24	total_phage_927	90.000	20	2	0	8	27	81816	81797	0.94	26.9
Bacillus_GCF_019037745.1_spacer_24	total_phage_9	83.333	24	4	0	11	34	7602	7579	0.94	26.9
Bacillus_GCF_019037745.1_spacer_25	virome_phage_109	86.957	23	3	0	8	30	23172	23150	0.38	28.5
Bacillus_GCF_019037745.1_spacer_25	total_phage_664	79.310	29	6	0	3	31	21757	21729	0.38	28.5
Bacillus_GCF_019037745.1_spacer_25	virome_phage_753	84.000	25	4	0	6	30	51764	51788	0.38	28.5
Bacillus_GCF_019037745.1_spacer_25	total_phage_231	77.419	31	7	0	3	33	6749	6779	0.38	28.5
Bacillus_GCF_019037745.1_spacer_26	virome_phage_2285	91.304	23	2	0	8	30	37829	37851	0.042	31.7
Bacillus_GCF_019037745.1_spacer_26	virome_phage_11	86.957	23	3	0	8	30	44055	44033	0.38	28.5
Bacillus_GCF_019037745.1_spacer_27	total_phage_799	78.571	28	6	0	3	30	32298	32271	0.76	26.9
Bacillus_GCF_019037745.1_spacer_28	virome_phage_118	86.957	23	3	0	6	28	1177	1199	0.25	28.5
Bacillus_GCF_019037745.1_spacer_28	virome_phage_2235	83.333	24	4	0	9	32	7377	7354	0.76	26.9
Bacillus_GCF_019037745.1_spacer_31	virome_phage_201	85.714	28	4	0	4	31	6197	6224	0.016	33.3
Bacillus_GCF_019037745.1_spacer_31	total_phage_743	85.714	28	4	0	4	31	6338	6365	0.016	33.3
Bacillus_GCF_019037745.1_spacer_31	virome_phage_860	81.481	27	5	0	1	27	14017	14043	0.44	28.5
Bacillus_GCF_019037745.1_spacer_31	virome_phage_773	86.957	23	3	0	1	23	29897	29875	0.44	28.5
Bacillus_GCF_019037745.1_spacer_31	total_phage_524	86.957	23	3	0	10	32	43356	43378	0.44	28.5
Bacillus_GCF_019037745.1_spacer_32	virome_phage_837	88.462	26	3	0	9	34	5063	5088	0.012	33.3
Bacillus_GCF_019037745.1_spacer_32	total_phage_105	91.667	24	2	0	7	30	22048	22071	0.012	33.3
Bacillus_GCF_019037745.1_spacer_32	virome_phage_765	82.143	28	5	0	7	34	41684	41657	0.10	30.1
Bacillus_GCF_019037745.1_spacer_32	virome_phage_3	90.476	21	2	0	14	34	78292	78272	0.31	28.5
Bacillus_GCF_019037745.1_spacer_32	virome_phage_792	94.444	18	1	0	15	32	14895	14912	0.94	26.9
Bacillus_GCF_019037745.1_spacer_32	virome_phage_787	83.333	24	4	0	8	31	9330	9307	0.94	26.9
Bacillus_GCF_019037745.1_spacer_32	virome_phage_769	90.000	20	2	0	4	23	21786	21767	0.94	26.9
Bacillus_GCF_019037745.1_spacer_32	virome_phage_48	80.769	26	5	0	1	26	31554	31529	0.94	26.9
Bacillus_GCF_019037745.1_spacer_32	virome_phage_47	86.364	22	3	0	7	28	4258	4237	0.94	26.9
Bacillus_GCF_019037745.1_spacer_32	virome_phage_2407	83.333	24	4	0	7	30	3473	3496	0.94	26.9
Bacillus_GCF_019037745.1_spacer_32	virome_phage_2290	90.000	20	2	0	4	23	27995	27976	0.94	26.9
Bacillus_GCF_019037745.1_spacer_32	virome_phage_2274	83.333	24	4	0	11	34	4560	4583	0.94	26.9
Bacillus_GCF_019037745.1_spacer_32	virome_phage_2269	94.444	18	1	0	8	25	235087	235070	0.94	26.9
Bacillus_GCF_019037745.1_spacer_32	virome_phage_123	80.769	26	5	0	9	34	6898	6923	0.94	26.9
Bacillus_GCF_019037745.1_spacer_32	total_phage_112	80.769	26	5	0	9	34	55822	55847	0.94	26.9
Bacillus_GCF_019037745.1_spacer_33	virome_phage_739	77.419	31	7	0	4	34	101162	101132	0.31	28.5
Bacillus_GCF_019037745.1_spacer_33	total_phage_604	86.957	23	3	0	5	27	4433	4411	0.31	28.5
Bacillus_GCF_019037745.1_spacer_33	total_phage_479	94.737	19	1	0	12	30	9818	9800	0.31	28.5
Bacillus_GCF_019037745.1_spacer_33	total_phage_232	75.758	33	8	0	1	33	62870	62838	0.31	28.5
Bacillus_GCF_019037745.1_spacer_33	virome_phage_771	75.758	33	8	0	1	33	21911	21943	0.31	28.5
Bacillus_GCF_019037745.1_spacer_33	virome_phage_115	75.758	33	8	0	1	33	5615	5647	0.31	28.5
Bacillus_GCF_019037745.1_spacer_33	total_phage_304	84.000	25	4	0	9	33	9588	9612	0.31	28.5
Bacillus_GCF_019037745.1_spacer_33	virome_phage_792	78.571	28	6	0	1	28	27713	27686	0.94	26.9
Bacillus_GCF_019037745.1_spacer_33	virome_phage_14	80.769	26	5	0	8	33	85389	85364	0.94	26.9
Bacillus_GCF_019037745.1_spacer_33	virome_phage_898	76.667	30	7	0	4	33	6901	6930	0.94	26.9
Bacillus_GCF_019037745.1_spacer_33	virome_phage_33	86.364	22	3	0	1	22	1059	1080	0.94	26.9
Bacillus_GCF_019037745.1_spacer_33	total_phage_653	80.769	26	5	0	1	26	3533	3558	0.94	26.9
Bacillus_GCF_019037745.1_spacer_34	virome_phage_69	86.364	22	3	0	12	33	33899	33878	0.94	26.9
Bacillus_GCF_019037745.1_spacer_35	virome_phage_2278	90.476	21	2	0	10	30	32928	32908	0.31	28.5
Bacillus_GCF_019037745.1_spacer_35	total_phage_731	78.571	28	6	0	4	31	83726	83699	0.94	26.9
Bacillus_GCF_019037745.1_spacer_36	virome_phage_2288	94.737	19	1	0	10	28	21722	21740	0.25	28.5
Bacillus_GCF_019037745.1_spacer_36	virome_phage_79	94.737	19	1	0	10	28	10455	10437	0.25	28.5
Bacillus_GCF_019037745.1_spacer_36	virome_phage_17	94.737	19	1	0	11	29	83927	83909	0.25	28.5
Bacillus_GCF_019037745.1_spacer_36	total_phage_451	86.957	23	3	0	11	33	13052	13030	0.25	28.5
Bacillus_GCF_019037745.1_spacer_36	virome_phage_750	83.333	24	4	0	8	31	13289	13312	0.76	26.9
Bacillus_GCF_019037745.1_spacer_36	virome_phage_7	80.769	26	5	0	3	28	115676	115701	0.76	26.9
Bacillus_GCF_019037745.1_spacer_36	total_phage_795	90.000	20	2	0	11	30	34908	34927	0.76	26.9
Bacillus_GCF_019037745.1_spacer_36	total_phage_232	86.364	22	3	0	5	26	12933	12954	0.76	26.9
Bacillus_GCF_019037745.1_spacer_36	virome_phage_34	86.364	22	3	0	7	28	17634	17613	0.76	26.9
Bacillus_GCF_019037745.1_spacer_36	virome_phage_2303	94.444	18	1	0	13	30	26007	25990	0.76	26.9
Bacillus_GCF_019037745.1_spacer_36	total_phage_242	83.333	24	4	0	6	29	6034	6011	0.76	26.9
Bacillus_GCF_019037745.1_spacer_36	total_phage_1	83.333	24	4	0	6	29	42139	42116	0.76	26.9
Bacillus_GCF_019037745.1_spacer_37	virome_phage_2296	90.476	21	2	0	10	30	8047	8027	0.38	28.5
Bacillus_GCF_019037745.1_spacer_37	virome_phage_2278	94.737	19	1	0	12	30	10019	10001	0.38	28.5
Bacillus_GCF_019037745.1_spacer_38	virome_phage_825	86.364	22	3	0	1	22	2980	2959	0.94	26.9
Bacillus_GCF_019037745.1_spacer_38	virome_phage_734	94.444	18	1	0	16	33	164308	164291	0.94	26.9
Bacillus_GCF_019037745.1_spacer_38	total_phage_729	90.000	20	2	0	7	26	166784	166765	0.94	26.9
Bacillus_GCF_019037745.1_spacer_38	total_phage_803	78.571	28	6	0	5	32	532	559	0.94	26.9
Bacillus_GCF_019037745.1_spacer_39	virome_phage_62	79.310	29	6	0	4	32	35183	35211	0.25	28.5
Bacillus_GCF_019037745.1_spacer_39	virome_phage_2300	90.476	21	2	0	4	24	14940	14960	0.25	28.5
Bacillus_GCF_019037745.1_spacer_39	virome_phage_2270	90.476	21	2	0	6	26	86731	86711	0.25	28.5
Bacillus_GCF_019037745.1_spacer_39	virome_phage_903	90.000	20	2	0	3	22	3562	3581	0.76	26.9
Bacillus_GCF_019037745.1_spacer_39	virome_phage_903	86.364	22	3	0	1	22	21045	21024	0.76	26.9
Bacillus_GCF_019037745.1_spacer_39	virome_phage_39	80.769	26	5	0	1	26	4853	4878	0.76	26.9
Bacillus_GCF_019037745.1_spacer_39	virome_phage_3	94.444	18	1	0	13	30	106384	106401	0.76	26.9
Bacillus_GCF_019037745.1_spacer_39	virome_phage_1	90.000	20	2	0	6	25	173736	173755	0.76	26.9
Bacillus_GCF_019037745.1_spacer_39	total_phage_731	83.333	24	4	0	10	33	105348	105371	0.76	26.9
Bacillus_GCF_019037745.1_spacer_39	virome_phage_28	83.333	24	4	0	3	26	31102	31079	0.76	26.9
Bacillus_GCF_019037745.1_spacer_39	total_phage_804	94.444	18	1	0	5	22	18923	18906	0.76	26.9
Bacillus_GCF_019037745.1_spacer_39	total_phage_791	76.667	30	7	0	2	31	41260	41231	0.76	26.9
Bacillus_GCF_019037745.1_spacer_39	total_phage_247	90.000	20	2	0	13	32	3737	3718	0.76	26.9
Bacillus_GCF_019037745.1_spacer_39	total_phage_175	80.769	26	5	0	6	31	26779	26754	0.76	26.9
Bacillus_GCF_019037745.1_spacer_40	virome_phage_810	94.444	18	1	0	1	18	23011	22994	0.94	26.9
Bacillus_GCF_019037745.1_spacer_40	virome_phage_76	90.000	20	2	0	8	27	34359	34340	0.94	26.9
Bacillus_GCF_019037745.1_spacer_40	virome_phage_740	90.000	20	2	0	6	25	76196	76215	0.94	26.9
Bacillus_GCF_019037745.1_spacer_40	total_phage_927	83.333	24	4	0	5	28	269488	269511	0.94	26.9
