Bacillus_GCA_025309755.1_spacer_0	virome_phage_35	90.000	20	2	0	14	33	6838	6819	0.94	26.9
Bacillus_GCA_025309755.1_spacer_0	virome_phage_2291	78.571	28	6	0	7	34	7881	7854	0.94	26.9
Bacillus_GCA_025309755.1_spacer_1	virome_phage_69	81.481	27	5	0	8	34	31970	31996	0.31	28.5
Bacillus_GCA_025309755.1_spacer_1	virome_phage_2292	90.476	21	2	0	4	24	24749	24729	0.31	28.5
Bacillus_GCA_025309755.1_spacer_1	virome_phage_902	90.000	20	2	0	13	32	13945	13964	0.94	26.9
Bacillus_GCA_025309755.1_spacer_1	total_phage_605	86.364	22	3	0	12	33	32752	32773	0.94	26.9
Bacillus_GCA_025309755.1_spacer_1	total_phage_526	86.364	22	3	0	12	33	22557	22578	0.94	26.9
Bacillus_GCA_025309755.1_spacer_1	total_phage_357	86.364	22	3	0	13	34	2943	2964	0.94	26.9
Bacillus_GCA_025309755.1_spacer_2	virome_phage_764	75.000	32	8	0	2	33	8974	9005	0.76	26.9
Bacillus_GCA_025309755.1_spacer_2	virome_phage_734	76.667	30	7	0	4	33	32039	32068	0.76	26.9
Bacillus_GCA_025309755.1_spacer_2	total_phage_799	76.667	30	7	0	4	33	1884	1913	0.76	26.9
Bacillus_GCA_025309755.1_spacer_2	virome_phage_3	80.769	26	5	0	1	26	27682	27657	0.76	26.9
Bacillus_GCA_025309755.1_spacer_2	total_phage_663	86.364	22	3	0	4	25	1194	1173	0.76	26.9
Bacillus_GCA_025309755.1_spacer_2	total_phage_413	94.444	18	1	0	16	33	76529	76512	0.76	26.9
Bacillus_GCA_025309755.1_spacer_5	virome_phage_816	82.759	29	5	0	5	33	17775	17803	0.035	31.7
Bacillus_GCA_025309755.1_spacer_5	total_phage_655	75.758	33	8	0	2	34	11257	11225	0.31	28.5
Bacillus_GCA_025309755.1_spacer_5	total_phage_600	75.758	33	8	0	2	34	10276	10244	0.31	28.5
Bacillus_GCA_025309755.1_spacer_5	virome_phage_4	86.957	23	3	0	12	34	16959	16981	0.31	28.5
Bacillus_GCA_025309755.1_spacer_5	virome_phage_3	81.481	27	5	0	1	27	128367	128393	0.31	28.5
Bacillus_GCA_025309755.1_spacer_5	virome_phage_2305	84.000	25	4	0	5	29	19528	19552	0.31	28.5
Bacillus_GCA_025309755.1_spacer_5	virome_phage_734	83.333	24	4	0	9	32	76985	76962	0.94	26.9
Bacillus_GCA_025309755.1_spacer_5	virome_phage_2292	100.000	16	0	0	12	27	26804	26789	0.94	26.9
Bacillus_GCA_025309755.1_spacer_5	virome_phage_1	80.769	26	5	0	9	34	98386	98361	0.94	26.9
Bacillus_GCA_025309755.1_spacer_5	total_phage_244	78.571	28	6	0	4	31	31965	31938	0.94	26.9
Bacillus_GCA_025309755.1_spacer_5	total_phage_188	94.444	18	1	0	11	28	17411	17394	0.94	26.9
Bacillus_GCA_025309755.1_spacer_5	virome_phage_5	94.444	18	1	0	17	34	90324	90341	0.94	26.9
Bacillus_GCA_025309755.1_spacer_5	total_phage_231	86.364	22	3	0	9	30	29767	29788	0.94	26.9
Bacillus_GCA_025309755.1_spacer_6	virome_phage_1	81.481	27	5	0	1	27	178619	178593	0.31	28.5
Bacillus_GCA_025309755.1_spacer_6	virome_phage_9	78.571	28	6	0	5	32	22941	22968	0.94	26.9
Bacillus_GCA_025309755.1_spacer_6	virome_phage_767	83.333	24	4	0	3	26	38941	38964	0.94	26.9
Bacillus_GCA_025309755.1_spacer_6	total_phage_786	90.000	20	2	0	4	23	30301	30320	0.94	26.9
Bacillus_GCA_025309755.1_spacer_6	total_phage_729	76.667	30	7	0	5	34	25195	25224	0.94	26.9
Bacillus_GCA_025309755.1_spacer_6	total_phage_239	86.364	22	3	0	12	33	19610	19631	0.94	26.9
Bacillus_GCA_025309755.1_spacer_7	virome_phage_2286	79.310	29	6	0	4	32	23099	23071	0.25	28.5
Bacillus_GCA_025309755.1_spacer_7	virome_phage_856	100.000	16	0	0	9	24	27314	27329	0.76	26.9
Bacillus_GCA_025309755.1_spacer_7	virome_phage_54	94.444	18	1	0	2	19	10709	10726	0.76	26.9
Bacillus_GCA_025309755.1_spacer_7	total_phage_123	100.000	16	0	0	5	20	1670	1685	0.76	26.9
Bacillus_GCA_025309755.1_spacer_8	virome_phage_1	86.207	29	4	0	6	34	49408	49380	0.004	34.9
Bacillus_GCA_025309755.1_spacer_8	virome_phage_841	87.500	24	3	0	8	31	190	213	0.10	30.1
Bacillus_GCA_025309755.1_spacer_8	virome_phage_759	80.769	26	5	0	6	31	5219	5194	0.94	26.9
Bacillus_GCA_025309755.1_spacer_8	virome_phage_82	76.667	30	7	0	5	34	29879	29908	0.94	26.9
Bacillus_GCA_025309755.1_spacer_8	virome_phage_2304	94.444	18	1	0	16	33	535	552	0.94	26.9
Bacillus_GCA_025309755.1_spacer_8	virome_phage_2239	86.364	22	3	0	5	26	29879	29900	0.94	26.9
Bacillus_GCA_025309755.1_spacer_8	virome_phage_116	90.000	20	2	0	2	21	21642	21661	0.94	26.9
Bacillus_GCA_025309755.1_spacer_9	virome_phage_862	82.143	28	5	0	4	31	23898	23871	0.10	30.1
Bacillus_GCA_025309755.1_spacer_9	virome_phage_2347	84.615	26	4	0	9	34	14438	14463	0.10	30.1
Bacillus_GCA_025309755.1_spacer_9	virome_phage_2372	79.310	29	6	0	6	34	12928	12900	0.31	28.5
Bacillus_GCA_025309755.1_spacer_9	virome_phage_2355	79.310	29	6	0	6	34	12830	12802	0.31	28.5
Bacillus_GCA_025309755.1_spacer_9	total_phage_808	79.310	29	6	0	6	34	5956	5984	0.31	28.5
Bacillus_GCA_025309755.1_spacer_9	virome_phage_903	94.444	18	1	0	11	28	3368	3385	0.94	26.9
Bacillus_GCA_025309755.1_spacer_9	virome_phage_823	78.571	28	6	0	7	34	13827	13800	0.94	26.9
Bacillus_GCA_025309755.1_spacer_9	virome_phage_749	76.667	30	7	0	1	30	29069	29040	0.94	26.9
Bacillus_GCA_025309755.1_spacer_9	total_phage_804	83.333	24	4	0	8	31	9852	9829	0.94	26.9
