Bacillus_GCA_002571615.1_spacer_0	virome_phage_813	86.957	23	3	0	8	30	6251	6229	0.82	28.5
Bacillus_GCA_002571615.1_spacer_0	virome_phage_2322	81.481	27	5	0	1	27	15305	15279	0.82	28.5
Bacillus_GCA_002571615.1_spacer_0	total_phage_12	71.795	39	11	0	4	42	21147	21185	0.82	28.5
Bacillus_GCA_002571615.1_spacer_1	virome_phage_792	87.500	24	3	0	14	37	24352	24329	0.21	30.1
Bacillus_GCA_002571615.1_spacer_1	virome_phage_748	80.000	30	6	0	7	36	13898	13927	0.21	30.1
Bacillus_GCA_002571615.1_spacer_1	total_phage_806	87.500	24	3	0	14	37	8463	8486	0.21	30.1
Bacillus_GCA_002571615.1_spacer_1	virome_phage_744	94.737	19	1	0	9	27	45439	45421	0.63	28.5
Bacillus_GCA_002571615.1_spacer_1	virome_phage_45	74.286	35	9	0	1	35	2785	2819	0.63	28.5
Bacillus_GCA_002571615.1_spacer_1	virome_phage_2235	75.758	33	8	0	1	33	18980	19012	0.63	28.5
Bacillus_GCA_002571615.1_spacer_1	virome_phage_1	90.476	21	2	0	1	21	151703	151723	0.63	28.5
Bacillus_GCA_002571615.1_spacer_1	total_phage_791	81.481	27	5	0	12	38	20843	20817	0.63	28.5
Bacillus_GCA_002571615.1_spacer_1	total_phage_361	81.481	27	5	0	12	38	21315	21341	0.63	28.5
Bacillus_GCA_002571615.1_spacer_3	total_phage_697	84.000	25	4	0	4	28	31912	31888	0.69	28.5
