Bacillus_GCA_002553275.1_spacer_0	virome_phage_1	86.957	23	3	0	4	26	79638	79660	0.25	28.5
Bacillus_GCA_002553275.1_spacer_0	virome_phage_738	83.333	24	4	0	5	28	85576	85599	0.76	26.9
Bacillus_GCA_002553275.1_spacer_0	total_phage_179	94.444	18	1	0	11	28	123	140	0.76	26.9
Bacillus_GCA_002553275.1_spacer_0	virome_phage_817	90.000	20	2	0	7	26	15366	15347	0.76	26.9
Bacillus_GCA_002553275.1_spacer_1	virome_phage_825	80.769	26	5	0	5	30	10168	10193	0.76	26.9
Bacillus_GCA_002553275.1_spacer_1	total_phage_358	86.364	22	3	0	4	25	25866	25887	0.76	26.9
Bacillus_GCA_002553275.1_spacer_1	total_phage_294	100.000	16	0	0	14	29	49817	49832	0.76	26.9
Bacillus_GCA_002553275.1_spacer_1	total_phage_233	100.000	16	0	0	14	29	71271	71286	0.76	26.9
Bacillus_GCA_002553275.1_spacer_2	total_phage_1	86.957	23	3	0	1	23	36329	36307	0.25	28.5
Bacillus_GCA_002553275.1_spacer_2	total_phage_437	90.000	20	2	0	11	30	19749	19768	0.76	26.9
Bacillus_GCA_002553275.1_spacer_3	virome_phage_759	84.000	25	4	0	2	26	56949	56973	0.25	28.5
Bacillus_GCA_002553275.1_spacer_3	virome_phage_4	94.737	19	1	0	3	21	61682	61700	0.25	28.5
Bacillus_GCA_002553275.1_spacer_3	virome_phage_82	84.000	25	4	0	2	26	27178	27154	0.25	28.5
Bacillus_GCA_002553275.1_spacer_3	virome_phage_739	90.000	20	2	0	3	22	101358	101377	0.76	26.9
Bacillus_GCA_002553275.1_spacer_3	total_phage_176	90.000	20	2	0	10	29	7911	7930	0.76	26.9
Bacillus_GCA_002553275.1_spacer_3	virome_phage_752	100.000	16	0	0	13	28	44468	44453	0.76	26.9
Bacillus_GCA_002553275.1_spacer_3	virome_phage_54	83.333	24	4	0	6	29	461	438	0.76	26.9
Bacillus_GCA_002553275.1_spacer_4	virome_phage_10	86.957	23	3	0	5	27	118467	118489	0.25	28.5
Bacillus_GCA_002553275.1_spacer_4	total_phage_730	86.957	23	3	0	5	27	68467	68445	0.25	28.5
Bacillus_GCA_002553275.1_spacer_4	total_phage_176	86.957	23	3	0	8	30	10695	10673	0.25	28.5
Bacillus_GCA_002553275.1_spacer_4	virome_phage_825	78.571	28	6	0	1	28	33939	33966	0.76	26.9
Bacillus_GCA_002553275.1_spacer_4	virome_phage_2303	83.333	24	4	0	5	28	40430	40453	0.76	26.9
Bacillus_GCA_002553275.1_spacer_4	virome_phage_2281	86.364	22	3	0	6	27	27034	27055	0.76	26.9
Bacillus_GCA_002553275.1_spacer_4	total_phage_417	83.333	24	4	0	5	28	25513	25536	0.76	26.9
Bacillus_GCA_002553275.1_spacer_4	total_phage_246	100.000	16	0	0	5	20	6608	6623	0.76	26.9
Bacillus_GCA_002553275.1_spacer_4	total_phage_231	86.364	22	3	0	6	27	18698	18719	0.76	26.9
Bacillus_GCA_002553275.1_spacer_4	virome_phage_856	78.571	28	6	0	1	28	24927	24900	0.76	26.9
Bacillus_GCA_002553275.1_spacer_4	virome_phage_2288	83.333	24	4	0	5	28	48054	48031	0.76	26.9
Bacillus_GCA_002553275.1_spacer_4	virome_phage_2269	90.000	20	2	0	8	27	120428	120409	0.76	26.9
Bacillus_GCA_002553275.1_spacer_4	total_phage_799	94.444	18	1	0	7	24	11940	11923	0.76	26.9
Bacillus_GCA_002553275.1_spacer_4	total_phage_524	83.333	24	4	0	3	26	39507	39484	0.76	26.9
Bacillus_GCA_002553275.1_spacer_5	total_phage_653	80.769	26	5	0	2	27	41222	41197	0.76	26.9
Bacillus_GCA_002553275.1_spacer_5	total_phage_232	80.769	26	5	0	5	30	10259	10234	0.76	26.9
Bacillus_GCA_002553275.1_spacer_5	virome_phage_748	86.364	22	3	0	2	23	27490	27511	0.76	26.9
Bacillus_GCA_002553275.1_spacer_5	virome_phage_54	86.364	22	3	0	5	26	3506	3527	0.76	26.9
Bacillus_GCA_002553275.1_spacer_5	total_phage_5	76.667	30	7	0	1	30	14001	14030	0.76	26.9
Bacillus_GCA_002553275.1_spacer_6	virome_phage_925	100.000	16	0	0	11	26	8023	8008	0.76	26.9
Bacillus_GCA_002553275.1_spacer_6	total_phage_794	86.364	22	3	0	5	26	16434	16413	0.76	26.9
Bacillus_GCA_002553275.1_spacer_6	total_phage_604	100.000	16	0	0	7	22	7745	7730	0.76	26.9
Bacillus_GCA_002553275.1_spacer_6	virome_phage_770	90.000	20	2	0	4	23	6481	6500	0.76	26.9
