Bacillus_GCA_002576575.1_spacer_0	total_phage_935	87.500	24	3	0	1	24	10623	10646	0.084	30.1
Bacillus_GCA_002576575.1_spacer_0	total_phage_636	81.481	27	5	0	3	29	10227	10201	0.25	28.5
Bacillus_GCA_002576575.1_spacer_0	virome_phage_91	86.364	22	3	0	11	32	17445	17424	0.76	26.9
Bacillus_GCA_002576575.1_spacer_0	virome_phage_817	76.667	30	7	0	1	30	340	311	0.76	26.9
Bacillus_GCA_002576575.1_spacer_0	virome_phage_2235	94.444	18	1	0	11	28	29885	29868	0.76	26.9
Bacillus_GCA_002576575.1_spacer_0	total_phage_106	80.769	26	5	0	7	32	8560	8535	0.76	26.9
Bacillus_GCA_002576575.1_spacer_0	virome_phage_841	94.444	18	1	0	11	28	45	62	0.76	26.9
Bacillus_GCA_002576575.1_spacer_0	virome_phage_841	94.444	18	1	0	11	28	35089	35106	0.76	26.9
Bacillus_GCA_002576575.1_spacer_0	virome_phage_742	100.000	16	0	0	1	16	37518	37533	0.76	26.9
Bacillus_GCA_002576575.1_spacer_0	virome_phage_2368	83.333	24	4	0	5	28	206	229	0.76	26.9
Bacillus_GCA_002576575.1_spacer_0	total_phage_4	83.333	24	4	0	2	25	11372	11395	0.76	26.9
Bacillus_GCA_002576575.1_spacer_1	virome_phage_783	81.481	27	5	0	3	29	33103	33077	0.25	28.5
Bacillus_GCA_002576575.1_spacer_1	virome_phage_7	80.769	26	5	0	8	33	34713	34688	0.76	26.9
Bacillus_GCA_002576575.1_spacer_3	virome_phage_734	79.310	29	6	0	7	35	87956	87928	0.38	28.5
Bacillus_GCA_002576575.1_spacer_3	virome_phage_65	79.310	29	6	0	5	33	17963	17935	0.38	28.5
Bacillus_GCA_002576575.1_spacer_3	virome_phage_890	79.310	29	6	0	5	33	22499	22527	0.38	28.5
Bacillus_GCA_002576575.1_spacer_3	total_phage_745	79.310	29	6	0	5	33	2611	2639	0.38	28.5
Bacillus_GCA_002576575.1_spacer_3	total_phage_443	94.737	19	1	0	13	31	11224	11242	0.38	28.5
Bacillus_GCA_002576575.1_spacer_3	total_phage_296	79.310	29	6	0	5	33	4570	4598	0.38	28.5
Bacillus_GCA_002576575.1_spacer_3	total_phage_233	79.310	29	6	0	5	33	4793	4821	0.38	28.5
Bacillus_GCA_002576575.1_spacer_4	virome_phage_4	78.125	32	7	0	2	33	126824	126793	0.084	30.1
Bacillus_GCA_002576575.1_spacer_4	total_phage_929	82.143	28	5	0	5	32	6549	6522	0.084	30.1
Bacillus_GCA_002576575.1_spacer_4	virome_phage_738	78.125	32	7	0	2	33	115632	115663	0.084	30.1
Bacillus_GCA_002576575.1_spacer_4	virome_phage_848	79.310	29	6	0	5	33	20278	20306	0.25	28.5
Bacillus_GCA_002576575.1_spacer_4	virome_phage_834	81.481	27	5	0	6	32	34120	34146	0.25	28.5
Bacillus_GCA_002576575.1_spacer_4	virome_phage_752	75.758	33	8	0	1	33	19615	19647	0.25	28.5
Bacillus_GCA_002576575.1_spacer_4	virome_phage_734	84.000	25	4	0	6	30	244265	244289	0.25	28.5
Bacillus_GCA_002576575.1_spacer_4	virome_phage_734	76.667	30	7	0	4	33	125564	125535	0.76	26.9
Bacillus_GCA_002576575.1_spacer_4	virome_phage_2357	81.481	27	5	0	6	32	5741	5767	0.25	28.5
Bacillus_GCA_002576575.1_spacer_4	virome_phage_840	78.571	28	6	0	5	32	13753	13726	0.76	26.9
Bacillus_GCA_002576575.1_spacer_4	virome_phage_749	86.364	22	3	0	5	26	16636	16615	0.76	26.9
Bacillus_GCA_002576575.1_spacer_4	virome_phage_2294	90.000	20	2	0	10	29	38640	38621	0.76	26.9
Bacillus_GCA_002576575.1_spacer_4	virome_phage_145	86.364	22	3	0	8	29	2122	2101	0.76	26.9
Bacillus_GCA_002576575.1_spacer_4	total_phage_92	100.000	16	0	0	1	16	152213	152198	0.76	26.9
Bacillus_GCA_002576575.1_spacer_4	total_phage_807	100.000	16	0	0	4	19	1103	1088	0.76	26.9
Bacillus_GCA_002576575.1_spacer_4	total_phage_500	80.769	26	5	0	4	29	75143	75118	0.76	26.9
Bacillus_GCA_002576575.1_spacer_4	total_phage_416	86.364	22	3	0	1	22	23759	23738	0.76	26.9
Bacillus_GCA_002576575.1_spacer_4	total_phage_231	100.000	16	0	0	1	16	130570	130555	0.76	26.9
Bacillus_GCA_002576575.1_spacer_4	total_phage_11	86.364	22	3	0	1	22	24477	24456	0.76	26.9
Bacillus_GCA_002576575.1_spacer_4	virome_phage_92	90.000	20	2	0	10	29	32630	32649	0.76	26.9
Bacillus_GCA_002576575.1_spacer_4	virome_phage_8	83.333	24	4	0	6	29	107301	107324	0.76	26.9
Bacillus_GCA_002576575.1_spacer_4	virome_phage_771	80.769	26	5	0	8	33	24802	24827	0.76	26.9
Bacillus_GCA_002576575.1_spacer_4	virome_phage_2327	94.444	18	1	0	2	19	91	108	0.76	26.9
Bacillus_GCA_002576575.1_spacer_4	virome_phage_2260	94.444	18	1	0	15	32	6262	6279	0.76	26.9
Bacillus_GCA_002576575.1_spacer_4	virome_phage_2238	80.769	26	5	0	4	29	32814	32839	0.76	26.9
Bacillus_GCA_002576575.1_spacer_4	virome_phage_115	80.769	26	5	0	8	33	8506	8531	0.76	26.9
Bacillus_GCA_002576575.1_spacer_4	total_phage_734	76.667	30	7	0	1	30	17244	17273	0.76	26.9
Bacillus_GCA_002576575.1_spacer_4	total_phage_664	86.364	22	3	0	6	27	4903	4924	0.76	26.9
Bacillus_GCA_002576575.1_spacer_4	total_phage_232	76.667	30	7	0	4	33	29441	29470	0.76	26.9
Bacillus_GCA_002576575.1_spacer_5	virome_phage_738	86.957	23	3	0	11	33	4031	4009	0.38	28.5
Bacillus_GCA_002576575.1_spacer_5	virome_phage_4	86.957	23	3	0	11	33	93137	93159	0.38	28.5
Bacillus_GCA_002576575.1_spacer_6	virome_phage_2301	88.462	26	3	0	1	26	449	474	0.009	33.3
Bacillus_GCA_002576575.1_spacer_6	virome_phage_864	78.125	32	7	0	1	32	18262	18231	0.084	30.1
Bacillus_GCA_002576575.1_spacer_6	virome_phage_736	79.310	29	6	0	5	33	178516	178488	0.25	28.5
Bacillus_GCA_002576575.1_spacer_6	virome_phage_58	86.957	23	3	0	6	28	4108	4086	0.25	28.5
Bacillus_GCA_002576575.1_spacer_6	virome_phage_2407	94.737	19	1	0	1	19	6210	6192	0.25	28.5
Bacillus_GCA_002576575.1_spacer_6	virome_phage_51	83.333	24	4	0	7	30	12983	13006	0.76	26.9
Bacillus_GCA_002576575.1_spacer_6	virome_phage_116	86.364	22	3	0	9	30	17696	17717	0.76	26.9
Bacillus_GCA_002576575.1_spacer_6	total_phage_92	83.333	24	4	0	5	28	108883	108906	0.76	26.9
Bacillus_GCA_002576575.1_spacer_6	total_phage_692	94.444	18	1	0	3	20	42653	42670	0.76	26.9
Bacillus_GCA_002576575.1_spacer_6	total_phage_239	80.769	26	5	0	8	33	9347	9372	0.76	26.9
Bacillus_GCA_002576575.1_spacer_6	virome_phage_2308	86.364	22	3	0	11	32	25186	25165	0.76	26.9
Bacillus_GCA_002576575.1_spacer_6	total_phage_929	86.364	22	3	0	3	24	10728	10707	0.76	26.9
Bacillus_GCA_002576575.1_spacer_6	total_phage_658	94.444	18	1	0	3	20	3249	3232	0.76	26.9
Bacillus_GCA_002576575.1_spacer_7	virome_phage_748	90.000	20	2	0	7	26	15336	15317	0.94	26.9
Bacillus_GCA_002576575.1_spacer_7	total_phage_361	90.000	20	2	0	2	21	41676	41657	0.94	26.9
Bacillus_GCA_002576575.1_spacer_7	virome_phage_795	80.769	26	5	0	1	26	9324	9349	0.94	26.9
Bacillus_GCA_002576575.1_spacer_7	total_phage_92	86.364	22	3	0	2	23	111309	111330	0.94	26.9
Bacillus_GCA_002576575.1_spacer_8	virome_phage_2243	85.714	28	4	0	5	32	16889	16916	0.014	33.3
Bacillus_GCA_002576575.1_spacer_8	total_phage_644	85.714	28	4	0	5	32	16778	16805	0.014	33.3
Bacillus_GCA_002576575.1_spacer_8	virome_phage_2237	85.714	28	4	0	5	32	896	869	0.014	33.3
Bacillus_GCA_002576575.1_spacer_8	virome_phage_47	81.481	27	5	0	9	35	3031	3057	0.38	28.5
Bacillus_GCA_002576575.1_spacer_8	virome_phage_41	86.957	23	3	0	6	28	13915	13937	0.38	28.5
Bacillus_GCA_002576575.1_spacer_8	total_phage_368	84.000	25	4	0	8	32	13063	13087	0.38	28.5
Bacillus_GCA_002576575.1_spacer_8	total_phage_358	84.000	25	4	0	5	29	17776	17800	0.38	28.5
Bacillus_GCA_002576575.1_spacer_8	virome_phage_913	86.957	23	3	0	6	28	19544	19522	0.38	28.5
Bacillus_GCA_002576575.1_spacer_8	total_phage_415	84.000	25	4	0	8	32	29931	29907	0.38	28.5
Bacillus_GCA_002576575.1_spacer_8	total_phage_297	90.476	21	2	0	7	27	40988	40968	0.38	28.5
Bacillus_GCA_002576575.1_spacer_8	total_phage_122	84.000	25	4	0	8	32	7233	7209	0.38	28.5
Bacillus_GCA_002576575.1_spacer_9	total_phage_738	87.500	24	3	0	1	24	10283	10260	0.13	30.1
Bacillus_GCA_002576575.1_spacer_10	virome_phage_826	77.143	35	8	0	1	35	33068	33034	0.042	31.7
Bacillus_GCA_002576575.1_spacer_10	virome_phage_739	78.125	32	7	0	1	32	116556	116525	0.13	30.1
Bacillus_GCA_002576575.1_spacer_10	virome_phage_2263	87.500	24	3	0	12	35	676	653	0.13	30.1
Bacillus_GCA_002576575.1_spacer_10	total_phage_611	87.500	24	3	0	12	35	850	827	0.13	30.1
Bacillus_GCA_002576575.1_spacer_10	virome_phage_734	81.481	27	5	0	7	33	111671	111697	0.38	28.5
Bacillus_GCA_002576575.1_spacer_10	virome_phage_7	79.310	29	6	0	7	35	108504	108532	0.38	28.5
Bacillus_GCA_002576575.1_spacer_10	virome_phage_28	79.310	29	6	0	1	29	11965	11937	0.38	28.5
Bacillus_GCA_002576575.1_spacer_10	virome_phage_2411	90.476	21	2	0	13	33	8388	8368	0.38	28.5
Bacillus_GCA_002576575.1_spacer_10	virome_phage_176	90.476	21	2	0	13	33	8289	8269	0.38	28.5
Bacillus_GCA_002576575.1_spacer_10	virome_phage_124	84.000	25	4	0	6	30	14869	14893	0.38	28.5
Bacillus_GCA_002576575.1_spacer_10	total_phage_307	86.957	23	3	0	12	34	26909	26931	0.38	28.5
Bacillus_GCA_002576575.1_spacer_10	total_phage_188	75.758	33	8	0	3	35	7133	7101	0.38	28.5
Bacillus_GCA_002576575.1_spacer_12	virome_phage_856	94.737	19	1	0	10	28	13185	13167	0.25	28.5
Bacillus_GCA_002576575.1_spacer_12	virome_phage_2269	84.000	25	4	0	8	32	221210	221186	0.25	28.5
Bacillus_GCA_002576575.1_spacer_12	virome_phage_75	86.364	22	3	0	9	30	10300	10321	0.76	26.9
Bacillus_GCA_002576575.1_spacer_12	total_phage_446	76.667	30	7	0	1	30	4857	4828	0.76	26.9
Bacillus_GCA_002576575.1_spacer_13	virome_phage_8	84.000	25	4	0	10	34	111214	111190	0.31	28.5
Bacillus_GCA_002576575.1_spacer_13	virome_phage_747	75.758	33	8	0	2	34	44409	44441	0.31	28.5
Bacillus_GCA_002576575.1_spacer_13	virome_phage_2239	77.419	31	7	0	1	31	29062	29092	0.31	28.5
Bacillus_GCA_002576575.1_spacer_13	total_phage_727	86.957	23	3	0	3	25	11018	10996	0.31	28.5
Bacillus_GCA_002576575.1_spacer_13	total_phage_518	86.957	23	3	0	3	25	23228	23206	0.31	28.5
Bacillus_GCA_002576575.1_spacer_13	total_phage_483	77.419	31	7	0	1	31	759	729	0.31	28.5
Bacillus_GCA_002576575.1_spacer_13	total_phage_454	77.419	31	7	0	1	31	23088	23118	0.31	28.5
Bacillus_GCA_002576575.1_spacer_13	total_phage_176	79.310	29	6	0	2	30	2747	2775	0.31	28.5
Bacillus_GCA_002576575.1_spacer_13	virome_phage_979	78.571	28	6	0	7	34	3753	3726	0.94	26.9
Bacillus_GCA_002576575.1_spacer_13	virome_phage_939	94.444	18	1	0	17	34	15437	15454	0.94	26.9
Bacillus_GCA_002576575.1_spacer_13	virome_phage_891	86.364	22	3	0	2	23	14040	14019	0.94	26.9
Bacillus_GCA_002576575.1_spacer_13	virome_phage_842	76.667	30	7	0	2	31	17780	17751	0.94	26.9
Bacillus_GCA_002576575.1_spacer_13	virome_phage_835	75.000	32	8	0	1	32	10502	10533	0.94	26.9
Bacillus_GCA_002576575.1_spacer_13	virome_phage_807	86.364	22	3	0	1	22	31162	31141	0.94	26.9
Bacillus_GCA_002576575.1_spacer_13	virome_phage_764	83.333	24	4	0	10	33	36633	36656	0.94	26.9
Bacillus_GCA_002576575.1_spacer_13	virome_phage_745	78.571	28	6	0	5	32	16541	16568	0.94	26.9
Bacillus_GCA_002576575.1_spacer_13	virome_phage_738	76.667	30	7	0	2	31	121227	121256	0.94	26.9
Bacillus_GCA_002576575.1_spacer_13	virome_phage_734	75.000	32	8	0	3	34	286466	286435	0.94	26.9
Bacillus_GCA_002576575.1_spacer_13	virome_phage_1109	83.333	24	4	0	10	33	2586	2609	0.94	26.9
Bacillus_GCA_002576575.1_spacer_13	total_phage_692	90.000	20	2	0	15	34	1408	1427	0.94	26.9
Bacillus_GCA_002576575.1_spacer_13	total_phage_658	90.000	20	2	0	15	34	44494	44475	0.94	26.9
Bacillus_GCA_002576575.1_spacer_13	total_phage_600	94.444	18	1	0	13	30	126	143	0.94	26.9
Bacillus_GCA_002576575.1_spacer_13	total_phage_305	86.364	22	3	0	1	22	13838	13817	0.94	26.9
Bacillus_GCA_002576575.1_spacer_13	total_phage_3	76.667	30	7	0	2	31	18157	18186	0.94	26.9
Bacillus_GCA_002576575.1_spacer_13	total_phage_189	86.364	22	3	0	2	23	9712	9733	0.94	26.9
Bacillus_GCA_002576575.1_spacer_13	total_phage_12	86.364	22	3	0	1	22	13101	13122	0.94	26.9
Bacillus_GCA_002576575.1_spacer_13	total_phage_114	86.364	22	3	0	1	22	11681	11660	0.94	26.9
Bacillus_GCA_002576575.1_spacer_14	virome_phage_2385	79.310	29	6	0	1	29	17586	17558	0.31	28.5
Bacillus_GCA_002576575.1_spacer_14	total_phage_524	94.444	18	1	0	15	32	32521	32538	0.94	26.9
Bacillus_GCA_002576575.1_spacer_14	virome_phage_974	73.529	34	9	0	1	34	16506	16473	0.94	26.9
Bacillus_GCA_002576575.1_spacer_14	virome_phage_28	76.667	30	7	0	1	30	15552	15523	0.94	26.9
Bacillus_GCA_002576575.1_spacer_15	total_phage_731	90.000	20	2	0	3	22	42731	42712	0.94	26.9
Bacillus_GCA_002576575.1_spacer_15	total_phage_497	90.000	20	2	0	2	21	30217	30198	0.94	26.9
Bacillus_GCA_002576575.1_spacer_15	total_phage_478	90.000	20	2	0	2	21	25542	25523	0.94	26.9
Bacillus_GCA_002576575.1_spacer_15	total_phage_4	90.000	20	2	0	15	34	4589	4608	0.94	26.9
Bacillus_GCA_002576575.1_spacer_16	virome_phage_746	81.481	27	5	0	3	29	52369	52343	0.38	28.5
Bacillus_GCA_002576575.1_spacer_17	virome_phage_745	81.481	27	5	0	1	27	23931	23905	0.38	28.5
Bacillus_GCA_002576575.1_spacer_17	virome_phage_28	81.481	27	5	0	3	29	23481	23455	0.38	28.5
Bacillus_GCA_002576575.1_spacer_17	virome_phage_2272	81.481	27	5	0	5	31	16157	16131	0.38	28.5
Bacillus_GCA_002576575.1_spacer_18	virome_phage_97	84.615	26	4	0	6	31	22220	22195	0.084	30.1
Bacillus_GCA_002576575.1_spacer_18	virome_phage_4	79.310	29	6	0	1	29	5500	5472	0.25	28.5
Bacillus_GCA_002576575.1_spacer_18	virome_phage_28	81.481	27	5	0	1	27	1363	1389	0.25	28.5
Bacillus_GCA_002576575.1_spacer_18	virome_phage_815	83.333	24	4	0	1	24	10796	10773	0.76	26.9
Bacillus_GCA_002576575.1_spacer_18	virome_phage_769	83.333	24	4	0	4	27	27557	27580	0.76	26.9
Bacillus_GCA_002576575.1_spacer_18	virome_phage_759	86.364	22	3	0	6	27	3231	3210	0.76	26.9
Bacillus_GCA_002576575.1_spacer_18	virome_phage_69	94.444	18	1	0	14	31	5085	5102	0.76	26.9
Bacillus_GCA_002576575.1_spacer_18	virome_phage_2357	90.000	20	2	0	14	33	10361	10380	0.76	26.9
Bacillus_GCA_002576575.1_spacer_18	virome_phage_2343	83.333	24	4	0	10	33	14522	14545	0.76	26.9
Bacillus_GCA_002576575.1_spacer_18	virome_phage_118	83.333	24	4	0	10	33	21265	21288	0.76	26.9
Bacillus_GCA_002576575.1_spacer_18	total_phage_111	83.333	24	4	0	1	24	13699	13676	0.76	26.9
Bacillus_GCA_002576575.1_spacer_18	total_phage_111	83.333	24	4	0	1	24	53941	53918	0.76	26.9
Bacillus_GCA_002576575.1_spacer_20	virome_phage_3	90.000	20	2	0	10	29	85869	85850	0.94	26.9
Bacillus_GCA_002576575.1_spacer_20	total_phage_370	94.444	18	1	0	3	20	5927	5910	0.94	26.9
Bacillus_GCA_002576575.1_spacer_20	virome_phage_856	78.571	28	6	0	7	34	8383	8410	0.94	26.9
Bacillus_GCA_002576575.1_spacer_21	virome_phage_17	86.207	29	4	0	5	33	80593	80621	0.003	34.9
Bacillus_GCA_002576575.1_spacer_21	virome_phage_778	75.758	33	8	0	1	33	29749	29717	0.25	28.5
Bacillus_GCA_002576575.1_spacer_21	virome_phage_738	75.758	33	8	0	1	33	118570	118538	0.25	28.5
Bacillus_GCA_002576575.1_spacer_21	total_phage_730	75.758	33	8	0	1	33	85307	85275	0.25	28.5
Bacillus_GCA_002576575.1_spacer_21	virome_phage_914	90.476	21	2	0	13	33	15416	15436	0.25	28.5
Bacillus_GCA_002576575.1_spacer_21	virome_phage_4	75.758	33	8	0	1	33	123883	123915	0.25	28.5
Bacillus_GCA_002576575.1_spacer_21	virome_phage_903	94.444	18	1	0	15	32	4338	4321	0.76	26.9
Bacillus_GCA_002576575.1_spacer_21	virome_phage_817	75.000	32	8	0	1	32	38219	38188	0.76	26.9
Bacillus_GCA_002576575.1_spacer_21	virome_phage_7	90.000	20	2	0	1	20	11001	10982	0.76	26.9
Bacillus_GCA_002576575.1_spacer_21	virome_phage_2254	76.667	30	7	0	1	30	111573	111544	0.76	26.9
Bacillus_GCA_002576575.1_spacer_21	total_phage_2	78.571	28	6	0	6	33	29210	29183	0.76	26.9
Bacillus_GCA_002576575.1_spacer_21	virome_phage_844	90.000	20	2	0	1	20	3543	3562	0.76	26.9
Bacillus_GCA_002576575.1_spacer_21	virome_phage_2285	100.000	16	0	0	4	19	5310	5325	0.76	26.9
Bacillus_GCA_002576575.1_spacer_21	total_phage_92	80.769	26	5	0	5	30	45221	45246	0.76	26.9
Bacillus_GCA_002576575.1_spacer_22	virome_phage_738	74.286	35	9	0	1	35	79568	79534	0.38	28.5
Bacillus_GCA_002576575.1_spacer_23	virome_phage_739	83.333	24	4	0	10	33	116261	116238	0.76	26.9
Bacillus_GCA_002576575.1_spacer_24	total_phage_786	80.769	26	5	0	6	31	6364	6389	0.94	26.9
Bacillus_GCA_002576575.1_spacer_24	total_phage_3	86.364	22	3	0	10	31	11519	11540	0.94	26.9
Bacillus_GCA_002576575.1_spacer_24	total_phage_232	90.000	20	2	0	12	31	6134	6115	0.94	26.9
Bacillus_GCA_002576575.1_spacer_25	total_phage_795	87.500	24	3	0	11	34	36286	36309	0.10	30.1
Bacillus_GCA_002576575.1_spacer_25	virome_phage_2281	81.481	27	5	0	8	34	4076	4050	0.31	28.5
Bacillus_GCA_002576575.1_spacer_25	virome_phage_912	83.333	24	4	0	7	30	2409	2432	0.94	26.9
Bacillus_GCA_002576575.1_spacer_25	virome_phage_2304	83.333	24	4	0	7	30	21004	21027	0.94	26.9
Bacillus_GCA_002576575.1_spacer_25	virome_phage_2300	100.000	16	0	0	6	21	25442	25457	0.94	26.9
Bacillus_GCA_002576575.1_spacer_26	virome_phage_738	82.759	29	5	0	6	34	8279	8307	0.035	31.7
Bacillus_GCA_002576575.1_spacer_26	virome_phage_840	90.909	22	2	0	1	22	18319	18340	0.10	30.1
Bacillus_GCA_002576575.1_spacer_26	virome_phage_4	87.500	24	3	0	11	34	88884	88861	0.10	30.1
Bacillus_GCA_002576575.1_spacer_26	total_phage_364	78.125	32	7	0	3	34	28368	28399	0.10	30.1
Bacillus_GCA_002576575.1_spacer_26	virome_phage_26	75.758	33	8	0	2	34	55876	55908	0.31	28.5
Bacillus_GCA_002576575.1_spacer_26	virome_phage_2269	75.758	33	8	0	1	33	283153	283121	0.31	28.5
Bacillus_GCA_002576575.1_spacer_26	virome_phage_783	78.571	28	6	0	1	28	9804	9777	0.94	26.9
Bacillus_GCA_002576575.1_spacer_26	virome_phage_2235	86.364	22	3	0	4	25	3025	3004	0.94	26.9
Bacillus_GCA_002576575.1_spacer_26	virome_phage_15	86.364	22	3	0	1	22	86424	86403	0.94	26.9
Bacillus_GCA_002576575.1_spacer_27	virome_phage_734	84.000	25	4	0	6	30	200022	200046	0.25	28.5
Bacillus_GCA_002576575.1_spacer_27	virome_phage_47	84.000	25	4	0	1	25	36112	36136	0.25	28.5
Bacillus_GCA_002576575.1_spacer_27	total_phage_795	81.481	27	5	0	6	32	31681	31707	0.25	28.5
Bacillus_GCA_002576575.1_spacer_27	virome_phage_2368	80.769	26	5	0	6	31	7468	7443	0.76	26.9
Bacillus_GCA_002576575.1_spacer_27	virome_phage_2274	83.333	24	4	0	8	31	162	185	0.76	26.9
Bacillus_GCA_002576575.1_spacer_27	virome_phage_2254	76.667	30	7	0	2	31	12381	12352	0.76	26.9
Bacillus_GCA_002576575.1_spacer_27	virome_phage_19	94.444	18	1	0	2	19	45170	45153	0.76	26.9
Bacillus_GCA_002576575.1_spacer_27	total_phage_793	78.571	28	6	0	1	28	34051	34078	0.76	26.9
Bacillus_GCA_002576575.1_spacer_27	total_phage_731	86.364	22	3	0	5	26	111350	111371	0.76	26.9
Bacillus_GCA_002576575.1_spacer_27	total_phage_694	100.000	16	0	0	1	16	12903	12888	0.76	26.9
Bacillus_GCA_002576575.1_spacer_27	total_phage_413	80.769	26	5	0	6	31	54934	54959	0.76	26.9
Bacillus_GCA_002576575.1_spacer_27	total_phage_233	78.571	28	6	0	1	28	66393	66420	0.76	26.9
Bacillus_GCA_002576575.1_spacer_27	total_phage_231	83.333	24	4	0	5	28	57819	57796	0.76	26.9
Bacillus_GCA_002576575.1_spacer_27	total_phage_18	80.769	26	5	0	4	29	572	597	0.76	26.9
Bacillus_GCA_002576575.1_spacer_28	virome_phage_840	100.000	16	0	0	15	30	24262	24277	0.76	26.9
Bacillus_GCA_002576575.1_spacer_28	virome_phage_739	90.000	20	2	0	1	20	82845	82826	0.76	26.9
Bacillus_GCA_002576575.1_spacer_28	virome_phage_2254	90.000	20	2	0	14	33	17194	17213	0.76	26.9
Bacillus_GCA_002576575.1_spacer_28	virome_phage_1033	90.000	20	2	0	14	33	13240	13221	0.76	26.9
Bacillus_GCA_002576575.1_spacer_28	virome_phage_10	80.769	26	5	0	6	31	57222	57197	0.76	26.9
Bacillus_GCA_002576575.1_spacer_28	virome_phage_10	75.000	32	8	0	1	32	65229	65198	0.76	26.9
Bacillus_GCA_002576575.1_spacer_28	total_phage_730	75.000	32	8	0	1	32	121499	121530	0.76	26.9
Bacillus_GCA_002576575.1_spacer_28	total_phage_730	80.769	26	5	0	6	31	129506	129531	0.76	26.9
Bacillus_GCA_002576575.1_spacer_29	virome_phage_792	94.444	18	1	0	4	21	16546	16563	0.94	26.9
Bacillus_GCA_002576575.1_spacer_29	virome_phage_116	80.769	26	5	0	2	27	7174	7199	0.94	26.9
Bacillus_GCA_002576575.1_spacer_30	virome_phage_2368	90.909	22	2	0	15	36	17726	17705	0.13	30.1
Bacillus_GCA_002576575.1_spacer_30	virome_phage_145	90.909	22	2	0	15	36	3642	3663	0.13	30.1
Bacillus_GCA_002576575.1_spacer_30	virome_phage_734	84.000	25	4	0	12	36	187177	187153	0.38	28.5
Bacillus_GCA_002576575.1_spacer_30	virome_phage_747	84.000	25	4	0	9	33	25119	25143	0.38	28.5
Bacillus_GCA_002576575.1_spacer_30	virome_phage_2269	90.476	21	2	0	9	29	97214	97234	0.38	28.5
Bacillus_GCA_002576575.1_spacer_30	total_phage_524	84.000	25	4	0	12	36	37470	37494	0.38	28.5
Bacillus_GCA_002576575.1_spacer_31	virome_phage_748	90.000	20	2	0	14	33	57308	57289	0.76	26.9
Bacillus_GCA_002576575.1_spacer_31	virome_phage_739	76.667	30	7	0	1	30	82845	82816	0.76	26.9
Bacillus_GCA_002576575.1_spacer_31	virome_phage_22	90.000	20	2	0	8	27	31674	31655	0.76	26.9
Bacillus_GCA_002576575.1_spacer_31	virome_phage_78	94.444	18	1	0	7	24	20817	20834	0.76	26.9
Bacillus_GCA_002576575.1_spacer_32	virome_phage_768	84.000	25	4	0	1	25	8106	8082	0.31	28.5
Bacillus_GCA_002576575.1_spacer_32	virome_phage_75	84.000	25	4	0	4	28	35589	35565	0.31	28.5
Bacillus_GCA_002576575.1_spacer_32	virome_phage_14	78.571	28	6	0	4	31	23215	23242	0.94	26.9
Bacillus_GCA_002576575.1_spacer_32	total_phage_604	94.444	18	1	0	8	25	34409	34392	0.94	26.9
Bacillus_GCA_002576575.1_spacer_33	virome_phage_840	90.909	22	2	0	1	22	18319	18340	0.10	30.1
Bacillus_GCA_002576575.1_spacer_33	virome_phage_2235	84.615	26	4	0	4	29	3025	3000	0.10	30.1
Bacillus_GCA_002576575.1_spacer_33	virome_phage_738	79.310	29	6	0	6	34	8279	8307	0.31	28.5
Bacillus_GCA_002576575.1_spacer_33	virome_phage_848	94.737	19	1	0	12	30	29297	29279	0.31	28.5
Bacillus_GCA_002576575.1_spacer_33	virome_phage_741	86.364	22	3	0	6	27	27643	27664	0.94	26.9
Bacillus_GCA_002576575.1_spacer_33	virome_phage_4	83.333	24	4	0	11	34	88884	88861	0.94	26.9
Bacillus_GCA_002576575.1_spacer_33	virome_phage_2306	86.364	22	3	0	12	33	12260	12239	0.94	26.9
Bacillus_GCA_002576575.1_spacer_33	virome_phage_15	86.364	22	3	0	1	22	86424	86403	0.94	26.9
Bacillus_GCA_002576575.1_spacer_33	total_phage_794	76.667	30	7	0	1	30	9890	9861	0.94	26.9
Bacillus_GCA_002576575.1_spacer_33	total_phage_242	76.667	30	7	0	1	30	24496	24467	0.94	26.9
Bacillus_GCA_002576575.1_spacer_34	total_phage_231	82.759	29	5	0	1	29	41378	41350	0.035	31.7
Bacillus_GCA_002576575.1_spacer_34	virome_phage_734	88.000	25	3	0	1	25	31072	31096	0.035	31.7
Bacillus_GCA_002576575.1_spacer_34	virome_phage_866	90.476	21	2	0	7	27	23981	23961	0.31	28.5
Bacillus_GCA_002576575.1_spacer_34	virome_phage_7	100.000	17	0	0	7	23	117935	117919	0.31	28.5
Bacillus_GCA_002576575.1_spacer_34	virome_phage_7	94.444	18	1	0	12	29	4300	4317	0.94	26.9
Bacillus_GCA_002576575.1_spacer_34	virome_phage_25	86.957	23	3	0	4	26	16444	16466	0.31	28.5
Bacillus_GCA_002576575.1_spacer_34	virome_phage_993	94.444	18	1	0	3	20	15910	15893	0.94	26.9
Bacillus_GCA_002576575.1_spacer_34	virome_phage_743	83.333	24	4	0	1	24	44445	44422	0.94	26.9
Bacillus_GCA_002576575.1_spacer_34	virome_phage_127	83.333	24	4	0	6	29	7200	7177	0.94	26.9
Bacillus_GCA_002576575.1_spacer_34	total_phage_188	94.444	18	1	0	12	29	13226	13209	0.94	26.9
Bacillus_GCA_002576575.1_spacer_34	total_phage_18	78.571	28	6	0	3	30	16104	16077	0.94	26.9
Bacillus_GCA_002576575.1_spacer_34	total_phage_176	83.333	24	4	0	1	24	9791	9768	0.94	26.9
Bacillus_GCA_002576575.1_spacer_34	virome_phage_59	83.333	24	4	0	11	34	23658	23681	0.94	26.9
Bacillus_GCA_002576575.1_spacer_34	virome_phage_2368	86.364	22	3	0	8	29	21100	21121	0.94	26.9
Bacillus_GCA_002576575.1_spacer_34	total_phage_927	80.769	26	5	0	5	30	154104	154129	0.94	26.9
Bacillus_GCA_002576575.1_spacer_34	total_phage_453	78.571	28	6	0	1	28	19438	19465	0.94	26.9
Bacillus_GCA_002576575.1_spacer_34	total_phage_445	78.571	28	6	0	2	29	26514	26541	0.94	26.9
