Bacillus_GCA_002556345.1_spacer_0	total_phage_729	87.500	24	3	0	4	27	40521	40544	0.13	30.1
Bacillus_GCA_002556345.1_spacer_0	virome_phage_794	90.476	21	2	0	9	29	11406	11386	0.38	28.5
Bacillus_GCA_002556345.1_spacer_1	virome_phage_2286	91.667	24	2	0	5	28	12959	12982	0.014	33.3
Bacillus_GCA_002556345.1_spacer_1	virome_phage_749	90.476	21	2	0	11	31	71513	71493	0.38	28.5
Bacillus_GCA_002556345.1_spacer_2	virome_phage_7	87.500	24	3	0	5	28	26424	26447	0.13	30.1
Bacillus_GCA_002556345.1_spacer_3	virome_phage_2286	76.471	34	8	0	1	34	8841	8808	0.13	30.1
Bacillus_GCA_002556345.1_spacer_4	virome_phage_3	79.310	29	6	0	5	33	61054	61082	0.38	28.5
Bacillus_GCA_002556345.1_spacer_5	virome_phage_767	90.476	21	2	0	16	36	30871	30851	0.38	28.5
Bacillus_GCA_002556345.1_spacer_6	virome_phage_881	82.143	28	5	0	2	29	25646	25673	0.13	30.1
Bacillus_GCA_002556345.1_spacer_6	total_phage_929	82.143	28	5	0	6	33	3500	3473	0.13	30.1
Bacillus_GCA_002556345.1_spacer_6	total_phage_733	90.476	21	2	0	1	21	42303	42323	0.38	28.5
Bacillus_GCA_002556345.1_spacer_7	virome_phage_1082	84.615	26	4	0	9	34	9366	9391	0.15	30.1
Bacillus_GCA_002556345.1_spacer_7	total_phage_175	95.000	20	1	0	16	35	13957	13976	0.15	30.1
Bacillus_GCA_002556345.1_spacer_7	virome_phage_318	75.758	33	8	0	3	35	811	843	0.44	28.5
Bacillus_GCA_002556345.1_spacer_7	virome_phage_2407	75.758	33	8	0	3	35	8335	8367	0.44	28.5
Bacillus_GCA_002556345.1_spacer_7	total_phage_446	77.419	31	7	0	6	36	2956	2926	0.44	28.5
Bacillus_GCA_002556345.1_spacer_8	total_phage_791	87.500	24	3	0	1	24	23130	23107	0.13	30.1
Bacillus_GCA_002556345.1_spacer_8	total_phage_361	87.500	24	3	0	1	24	19060	19083	0.13	30.1
Bacillus_GCA_002556345.1_spacer_8	virome_phage_2272	75.758	33	8	0	4	36	76507	76539	0.38	28.5
Bacillus_GCA_002556345.1_spacer_8	total_phage_731	84.000	25	4	0	3	27	13606	13630	0.38	28.5
Bacillus_GCA_002556345.1_spacer_9	virome_phage_752	85.185	27	4	0	10	36	19404	19378	0.042	31.7
Bacillus_GCA_002556345.1_spacer_9	virome_phage_4	80.645	31	6	0	5	35	45731	45701	0.042	31.7
Bacillus_GCA_002556345.1_spacer_9	virome_phage_79	80.000	30	6	0	5	34	31165	31136	0.13	30.1
Bacillus_GCA_002556345.1_spacer_9	virome_phage_738	75.000	36	9	0	1	36	59400	59435	0.13	30.1
Bacillus_GCA_002556345.1_spacer_9	virome_phage_738	77.419	31	7	0	5	35	50846	50876	0.38	28.5
Bacillus_GCA_002556345.1_spacer_9	virome_phage_734	90.909	22	2	0	15	36	25513	25492	0.13	30.1
Bacillus_GCA_002556345.1_spacer_9	virome_phage_26	75.758	33	8	0	4	36	24728	24696	0.38	28.5
Bacillus_GCA_002556345.1_spacer_9	virome_phage_2304	77.419	31	7	0	1	31	8504	8474	0.38	28.5
Bacillus_GCA_002556345.1_spacer_9	virome_phage_2297	84.000	25	4	0	6	30	17461	17485	0.38	28.5
Bacillus_GCA_002556345.1_spacer_9	virome_phage_2288	79.310	29	6	0	5	33	1136	1164	0.38	28.5
Bacillus_GCA_002556345.1_spacer_9	total_phage_738	81.481	27	5	0	2	28	8193	8219	0.38	28.5
Bacillus_GCA_002556345.1_spacer_9	total_phage_731	81.481	27	5	0	10	36	6828	6854	0.38	28.5
