Bacillus_GCA_020775565.1_spacer_0	total_phage_735	95.000	20	1	0	12	31	24927	24946	0.13	30.1
Bacillus_GCA_020775565.1_spacer_1	virome_phage_756	94.737	19	1	0	9	27	42585	42567	0.31	28.5
Bacillus_GCA_020775565.1_spacer_1	virome_phage_10	90.476	21	2	0	10	30	64219	64199	0.31	28.5
Bacillus_GCA_020775565.1_spacer_1	virome_phage_818	94.444	18	1	0	14	31	22145	22162	0.94	26.9
Bacillus_GCA_020775565.1_spacer_1	virome_phage_745	86.364	22	3	0	7	28	64010	64031	0.94	26.9
Bacillus_GCA_020775565.1_spacer_1	virome_phage_2280	90.000	20	2	0	13	32	47556	47537	0.94	26.9
Bacillus_GCA_020775565.1_spacer_2	virome_phage_46	84.615	26	4	0	4	29	6117	6142	0.13	30.1
Bacillus_GCA_020775565.1_spacer_3	virome_phage_2306	76.667	30	7	0	4	33	38502	38473	0.76	26.9
Bacillus_GCA_020775565.1_spacer_3	virome_phage_784	86.364	22	3	0	2	23	23062	23083	0.76	26.9
Bacillus_GCA_020775565.1_spacer_4	virome_phage_741	95.000	20	1	0	2	21	73015	73034	0.084	30.1
Bacillus_GCA_020775565.1_spacer_4	virome_phage_778	90.476	21	2	0	2	22	41296	41316	0.25	28.5
Bacillus_GCA_020775565.1_spacer_4	virome_phage_771	86.957	23	3	0	8	30	8524	8546	0.25	28.5
Bacillus_GCA_020775565.1_spacer_4	virome_phage_764	86.957	23	3	0	1	23	6415	6393	0.25	28.5
Bacillus_GCA_020775565.1_spacer_4	virome_phage_750	79.310	29	6	0	1	29	52193	52165	0.25	28.5
Bacillus_GCA_020775565.1_spacer_4	virome_phage_7	86.957	23	3	0	11	33	100457	100435	0.25	28.5
Bacillus_GCA_020775565.1_spacer_4	virome_phage_318	75.758	33	8	0	1	33	8871	8903	0.25	28.5
Bacillus_GCA_020775565.1_spacer_4	virome_phage_2407	75.758	33	8	0	1	33	16392	16424	0.25	28.5
Bacillus_GCA_020775565.1_spacer_4	virome_phage_2327	90.476	21	2	0	2	22	13788	13768	0.25	28.5
Bacillus_GCA_020775565.1_spacer_4	virome_phage_2292	86.957	23	3	0	8	30	2122	2100	0.25	28.5
Bacillus_GCA_020775565.1_spacer_4	virome_phage_876	90.000	20	2	0	1	20	1449	1468	0.76	26.9
Bacillus_GCA_020775565.1_spacer_4	virome_phage_2530	90.000	20	2	0	2	21	3227	3246	0.76	26.9
Bacillus_GCA_020775565.1_spacer_4	virome_phage_2345	90.000	20	2	0	1	20	24388	24369	0.76	26.9
Bacillus_GCA_020775565.1_spacer_4	virome_phage_2254	83.333	24	4	0	1	24	81553	81530	0.76	26.9
Bacillus_GCA_020775565.1_spacer_4	virome_phage_2238	83.333	24	4	0	1	24	63069	63046	0.76	26.9
Bacillus_GCA_020775565.1_spacer_4	virome_phage_119	90.000	20	2	0	1	20	12424	12443	0.76	26.9
Bacillus_GCA_020775565.1_spacer_4	total_phage_798	90.000	20	2	0	3	22	21497	21478	0.76	26.9
Bacillus_GCA_020775565.1_spacer_4	total_phage_729	83.333	24	4	0	9	32	162700	162723	0.76	26.9
Bacillus_GCA_020775565.1_spacer_4	total_phage_711	86.364	22	3	0	6	27	5609	5588	0.76	26.9
Bacillus_GCA_020775565.1_spacer_4	total_phage_650	86.364	22	3	0	6	27	5632	5611	0.76	26.9
Bacillus_GCA_020775565.1_spacer_4	total_phage_500	83.333	24	4	0	1	24	44888	44911	0.76	26.9
Bacillus_GCA_020775565.1_spacer_4	total_phage_413	94.444	18	1	0	11	28	49446	49429	0.76	26.9
Bacillus_GCA_020775565.1_spacer_5	virome_phage_2275	88.000	25	3	0	4	28	7226	7250	0.028	31.7
Bacillus_GCA_020775565.1_spacer_5	total_phage_733	88.000	25	3	0	1	25	10929	10953	0.028	31.7
Bacillus_GCA_020775565.1_spacer_5	total_phage_189	88.000	25	3	0	1	25	8902	8926	0.028	31.7
Bacillus_GCA_020775565.1_spacer_5	virome_phage_891	88.000	25	3	0	1	25	14850	14826	0.028	31.7
Bacillus_GCA_020775565.1_spacer_5	total_phage_1	77.419	31	7	0	1	31	18885	18915	0.25	28.5
Bacillus_GCA_020775565.1_spacer_5	virome_phage_2329	77.419	31	7	0	1	31	4054	4024	0.25	28.5
Bacillus_GCA_020775565.1_spacer_5	virome_phage_797	83.333	24	4	0	9	32	3335	3358	0.76	26.9
Bacillus_GCA_020775565.1_spacer_5	virome_phage_750	76.667	30	7	0	4	33	14323	14352	0.76	26.9
Bacillus_GCA_020775565.1_spacer_5	total_phage_244	80.769	26	5	0	5	30	7800	7825	0.76	26.9
Bacillus_GCA_020775565.1_spacer_5	virome_phage_795	83.333	24	4	0	10	33	15655	15632	0.76	26.9
Bacillus_GCA_020775565.1_spacer_5	total_phage_727	86.364	22	3	0	1	22	17254	17233	0.76	26.9
Bacillus_GCA_020775565.1_spacer_5	total_phage_518	86.364	22	3	0	1	22	29464	29443	0.76	26.9
Bacillus_GCA_020775565.1_spacer_6	virome_phage_747	80.769	26	5	0	2	27	40106	40081	0.94	26.9
Bacillus_GCA_020775565.1_spacer_6	virome_phage_734	80.769	26	5	0	9	34	112693	112668	0.94	26.9
Bacillus_GCA_020775565.1_spacer_6	total_phage_731	80.769	26	5	0	9	34	101049	101024	0.94	26.9
Bacillus_GCA_020775565.1_spacer_7	virome_phage_751	90.476	21	2	0	11	31	27976	27996	0.31	28.5
Bacillus_GCA_020775565.1_spacer_7	total_phage_803	90.476	21	2	0	3	23	24891	24911	0.31	28.5
Bacillus_GCA_020775565.1_spacer_7	virome_phage_4	83.333	24	4	0	6	29	66355	66332	0.94	26.9
Bacillus_GCA_020775565.1_spacer_7	virome_phage_2342	80.769	26	5	0	5	30	21628	21603	0.94	26.9
Bacillus_GCA_020775565.1_spacer_7	total_phage_782	90.000	20	2	0	4	23	17168	17187	0.94	26.9
Bacillus_GCA_020775565.1_spacer_7	total_phage_729	86.364	22	3	0	9	30	104253	104232	0.94	26.9
Bacillus_GCA_020775565.1_spacer_7	total_phage_413	94.444	18	1	0	5	22	115830	115847	0.94	26.9
Bacillus_GCA_020775565.1_spacer_7	total_phage_231	80.769	26	5	0	3	28	93973	93948	0.94	26.9
