Bacillus_GCA_002912075.1_spacer_0	virome_phage_2368	80.000	40	8	0	13	52	1419	1458	5.76e-04	39.6
Bacillus_GCA_002912075.1_spacer_0	virome_phage_2368	87.097	31	4	0	12	42	3362	3392	0.002	38.0
Bacillus_GCA_002912075.1_spacer_0	virome_phage_2368	70.833	48	14	0	4	51	3462	3509	0.047	33.3
Bacillus_GCA_002912075.1_spacer_0	virome_phage_2368	72.500	40	11	0	13	52	1455	1494	0.42	30.1
Bacillus_GCA_002912075.1_spacer_0	virome_phage_2368	72.500	40	11	0	13	52	1464	1503	0.42	30.1
Bacillus_GCA_002912075.1_spacer_0	virome_phage_2368	72.500	40	11	0	4	43	2637	2676	0.42	30.1
Bacillus_GCA_002912075.1_spacer_0	virome_phage_145	80.000	40	8	0	12	51	17590	17551	5.76e-04	39.6
Bacillus_GCA_002912075.1_spacer_0	virome_phage_145	80.000	40	8	0	13	52	19533	19494	5.76e-04	39.6
Bacillus_GCA_002912075.1_spacer_0	virome_phage_145	70.833	48	14	0	4	51	17490	17443	0.047	33.3
Bacillus_GCA_002912075.1_spacer_0	virome_phage_145	72.500	40	11	0	4	43	18315	18276	0.42	30.1
Bacillus_GCA_002912075.1_spacer_0	virome_phage_145	72.500	40	11	0	13	52	19488	19449	0.42	30.1
Bacillus_GCA_002912075.1_spacer_0	virome_phage_145	72.500	40	11	0	13	52	19497	19458	0.42	30.1
Bacillus_GCA_002912075.1_spacer_0	virome_phage_145	68.000	50	16	0	3	52	19588	19539	0.42	30.1
Bacillus_GCA_002912075.1_spacer_0	virome_phage_824	72.549	51	14	0	2	52	11783	11833	0.002	38.0
Bacillus_GCA_002912075.1_spacer_0	virome_phage_824	80.645	31	6	0	3	33	11883	11913	0.14	31.7
Bacillus_GCA_002912075.1_spacer_0	virome_phage_2282	81.818	33	6	0	10	42	37817	37785	0.016	34.9
Bacillus_GCA_002912075.1_spacer_0	virome_phage_52	81.250	32	6	0	13	44	44424	44455	0.047	33.3
Bacillus_GCA_002912075.1_spacer_0	virome_phage_52	78.125	32	7	0	14	45	44065	44096	0.42	30.1
Bacillus_GCA_002912075.1_spacer_0	virome_phage_5	75.000	40	10	0	13	52	28749	28788	0.047	33.3
Bacillus_GCA_002912075.1_spacer_0	virome_phage_5	78.125	32	7	0	2	33	28090	28121	0.42	30.1
Bacillus_GCA_002912075.1_spacer_0	virome_phage_5	72.500	40	11	0	3	42	28388	28427	0.42	30.1
Bacillus_GCA_002912075.1_spacer_0	virome_phage_1	69.388	49	15	0	3	51	221451	221403	0.14	31.7
Bacillus_GCA_002912075.1_spacer_0	total_phage_413	72.500	40	11	0	12	51	51201	51162	0.42	30.1
Bacillus_GCA_002912075.1_spacer_1	virome_phage_824	80.851	47	9	0	5	51	11777	11823	2.37e-06	47.5
Bacillus_GCA_002912075.1_spacer_1	virome_phage_145	78.723	47	10	0	5	51	17606	17560	2.13e-05	44.4
Bacillus_GCA_002912075.1_spacer_1	virome_phage_145	74.359	39	10	0	13	51	18315	18277	0.14	31.7
Bacillus_GCA_002912075.1_spacer_1	virome_phage_145	72.093	43	12	0	3	45	19552	19510	0.14	31.7
Bacillus_GCA_002912075.1_spacer_1	virome_phage_145	68.750	48	15	0	4	51	19506	19459	0.42	30.1
Bacillus_GCA_002912075.1_spacer_1	virome_phage_2368	78.723	47	10	0	5	51	3346	3392	2.13e-05	44.4
Bacillus_GCA_002912075.1_spacer_1	virome_phage_2368	74.359	39	10	0	13	51	2637	2675	0.14	31.7
Bacillus_GCA_002912075.1_spacer_1	virome_phage_2368	68.750	48	15	0	4	51	1446	1493	0.42	30.1
Bacillus_GCA_002912075.1_spacer_1	virome_phage_1	72.917	48	13	0	5	52	219919	219872	0.005	36.5
Bacillus_GCA_002912075.1_spacer_1	virome_phage_5	95.455	22	1	0	31	52	28155	28176	0.047	33.3
Bacillus_GCA_002912075.1_spacer_1	virome_phage_803	80.645	31	6	0	22	52	35306	35276	0.14	31.7
Bacillus_GCA_002912075.1_spacer_1	virome_phage_2282	76.471	34	8	0	19	52	37817	37784	0.42	30.1
Bacillus_GCA_002912075.1_spacer_1	virome_phage_14	75.000	36	9	0	2	37	31463	31498	0.42	30.1
Bacillus_GCA_002912075.1_spacer_2	virome_phage_2368	80.000	40	8	0	13	52	1419	1458	5.76e-04	39.6
Bacillus_GCA_002912075.1_spacer_2	virome_phage_2368	87.097	31	4	0	12	42	3362	3392	0.002	38.0
Bacillus_GCA_002912075.1_spacer_2	virome_phage_2368	70.833	48	14	0	4	51	3462	3509	0.047	33.3
Bacillus_GCA_002912075.1_spacer_2	virome_phage_2368	72.500	40	11	0	13	52	1455	1494	0.42	30.1
Bacillus_GCA_002912075.1_spacer_2	virome_phage_2368	72.500	40	11	0	13	52	1464	1503	0.42	30.1
Bacillus_GCA_002912075.1_spacer_2	virome_phage_2368	72.500	40	11	0	4	43	2637	2676	0.42	30.1
Bacillus_GCA_002912075.1_spacer_2	virome_phage_145	80.000	40	8	0	12	51	17590	17551	5.76e-04	39.6
Bacillus_GCA_002912075.1_spacer_2	virome_phage_145	80.000	40	8	0	13	52	19533	19494	5.76e-04	39.6
Bacillus_GCA_002912075.1_spacer_2	virome_phage_145	70.833	48	14	0	4	51	17490	17443	0.047	33.3
Bacillus_GCA_002912075.1_spacer_2	virome_phage_145	72.500	40	11	0	4	43	18315	18276	0.42	30.1
Bacillus_GCA_002912075.1_spacer_2	virome_phage_145	72.500	40	11	0	13	52	19488	19449	0.42	30.1
Bacillus_GCA_002912075.1_spacer_2	virome_phage_145	72.500	40	11	0	13	52	19497	19458	0.42	30.1
Bacillus_GCA_002912075.1_spacer_2	virome_phage_145	68.000	50	16	0	3	52	19588	19539	0.42	30.1
Bacillus_GCA_002912075.1_spacer_2	virome_phage_824	72.549	51	14	0	2	52	11783	11833	0.002	38.0
Bacillus_GCA_002912075.1_spacer_2	virome_phage_824	80.645	31	6	0	3	33	11883	11913	0.14	31.7
Bacillus_GCA_002912075.1_spacer_2	virome_phage_2282	81.818	33	6	0	10	42	37817	37785	0.016	34.9
Bacillus_GCA_002912075.1_spacer_2	virome_phage_52	81.250	32	6	0	13	44	44424	44455	0.047	33.3
Bacillus_GCA_002912075.1_spacer_2	virome_phage_52	78.125	32	7	0	14	45	44065	44096	0.42	30.1
Bacillus_GCA_002912075.1_spacer_2	virome_phage_5	75.000	40	10	0	13	52	28749	28788	0.047	33.3
Bacillus_GCA_002912075.1_spacer_2	virome_phage_5	78.125	32	7	0	2	33	28090	28121	0.42	30.1
Bacillus_GCA_002912075.1_spacer_2	virome_phage_5	72.500	40	11	0	3	42	28388	28427	0.42	30.1
Bacillus_GCA_002912075.1_spacer_2	virome_phage_1	69.388	49	15	0	3	51	221451	221403	0.14	31.7
Bacillus_GCA_002912075.1_spacer_2	total_phage_413	72.500	40	11	0	12	51	51201	51162	0.42	30.1
Bacillus_GCA_002912075.1_spacer_3	virome_phage_145	73.077	52	14	0	1	52	17601	17550	5.76e-04	39.6
Bacillus_GCA_002912075.1_spacer_3	virome_phage_145	73.469	49	13	0	3	51	19543	19495	0.002	38.0
Bacillus_GCA_002912075.1_spacer_3	virome_phage_145	71.429	49	14	0	3	51	19588	19540	0.016	34.9
Bacillus_GCA_002912075.1_spacer_3	virome_phage_145	69.388	49	15	0	4	52	17490	17442	0.14	31.7
Bacillus_GCA_002912075.1_spacer_3	virome_phage_824	75.556	45	11	0	1	45	11782	11826	0.002	38.0
Bacillus_GCA_002912075.1_spacer_3	virome_phage_2368	73.469	49	13	0	3	51	1409	1457	0.002	38.0
Bacillus_GCA_002912075.1_spacer_3	virome_phage_2368	76.190	42	10	0	1	42	3351	3392	0.005	36.5
Bacillus_GCA_002912075.1_spacer_3	virome_phage_2368	69.388	49	15	0	3	51	1364	1412	0.14	31.7
Bacillus_GCA_002912075.1_spacer_3	virome_phage_2368	69.388	49	15	0	4	52	3462	3510	0.14	31.7
Bacillus_GCA_002912075.1_spacer_3	virome_phage_1	72.000	50	14	0	3	52	221451	221402	0.005	36.5
Bacillus_GCA_002912075.1_spacer_3	virome_phage_2282	81.818	33	6	0	10	42	37817	37785	0.016	34.9
Bacillus_GCA_002912075.1_spacer_3	virome_phage_52	83.333	30	5	0	13	42	44424	44453	0.047	33.3
Bacillus_GCA_002912075.1_spacer_3	virome_phage_52	74.359	39	10	0	14	52	44065	44103	0.14	31.7
Bacillus_GCA_002912075.1_spacer_3	virome_phage_876	68.750	48	15	0	5	52	21196	21149	0.42	30.1
Bacillus_GCA_002912075.1_spacer_3	virome_phage_2389	70.455	44	13	0	9	52	6586	6629	0.42	30.1
Bacillus_GCA_002912075.1_spacer_4	virome_phage_145	69.697	66	20	0	4	69	17490	17425	1.18e-04	42.8
Bacillus_GCA_002912075.1_spacer_4	virome_phage_145	82.500	40	7	0	12	51	17590	17551	1.18e-04	42.8
Bacillus_GCA_002912075.1_spacer_4	virome_phage_145	70.833	48	14	0	13	60	19497	19450	0.086	33.3
Bacillus_GCA_002912075.1_spacer_4	virome_phage_145	66.667	57	19	0	13	69	17526	17470	0.26	31.7
Bacillus_GCA_002912075.1_spacer_4	virome_phage_145	74.359	39	10	0	4	42	18315	18277	0.26	31.7
Bacillus_GCA_002912075.1_spacer_4	virome_phage_145	74.359	39	10	0	13	51	19533	19495	0.26	31.7
Bacillus_GCA_002912075.1_spacer_4	virome_phage_2368	69.697	66	20	0	4	69	3462	3527	1.18e-04	42.8
Bacillus_GCA_002912075.1_spacer_4	virome_phage_2368	90.323	31	3	0	12	42	3362	3392	3.55e-04	41.2
Bacillus_GCA_002912075.1_spacer_4	virome_phage_2368	70.833	48	14	0	13	60	1455	1502	0.086	33.3
Bacillus_GCA_002912075.1_spacer_4	virome_phage_2368	74.359	39	10	0	13	51	1419	1457	0.26	31.7
Bacillus_GCA_002912075.1_spacer_4	virome_phage_2368	74.359	39	10	0	4	42	2637	2675	0.26	31.7
Bacillus_GCA_002912075.1_spacer_4	virome_phage_2368	63.636	66	24	0	4	69	1053	1118	0.78	30.1
Bacillus_GCA_002912075.1_spacer_4	virome_phage_2368	66.667	54	18	0	3	56	1364	1417	0.78	30.1
Bacillus_GCA_002912075.1_spacer_4	virome_phage_2368	66.071	56	19	0	14	69	3427	3482	0.78	30.1
Bacillus_GCA_002912075.1_spacer_4	virome_phage_94	81.579	38	7	0	32	69	5396	5433	0.001	39.6
Bacillus_GCA_002912075.1_spacer_4	virome_phage_94	81.579	38	7	0	32	69	5405	5442	0.001	39.6
Bacillus_GCA_002912075.1_spacer_4	virome_phage_94	81.579	38	7	0	32	69	5414	5451	0.001	39.6
Bacillus_GCA_002912075.1_spacer_4	virome_phage_94	81.579	38	7	0	32	69	5423	5460	0.001	39.6
Bacillus_GCA_002912075.1_spacer_4	virome_phage_94	81.579	38	7	0	32	69	5432	5469	0.001	39.6
Bacillus_GCA_002912075.1_spacer_4	virome_phage_94	81.579	38	7	0	32	69	5441	5478	0.001	39.6
Bacillus_GCA_002912075.1_spacer_4	virome_phage_94	81.081	37	7	0	33	69	5388	5424	0.003	38.0
Bacillus_GCA_002912075.1_spacer_4	virome_phage_94	78.378	37	8	0	33	69	5379	5415	0.029	34.9
Bacillus_GCA_002912075.1_spacer_4	virome_phage_94	80.000	35	7	0	32	66	5450	5484	0.029	34.9
Bacillus_GCA_002912075.1_spacer_4	virome_phage_906	81.579	38	7	0	32	69	19732	19769	0.001	39.6
Bacillus_GCA_002912075.1_spacer_4	virome_phage_906	81.579	38	7	0	32	69	19741	19778	0.001	39.6
Bacillus_GCA_002912075.1_spacer_4	virome_phage_906	81.579	38	7	0	32	69	19750	19787	0.001	39.6
Bacillus_GCA_002912075.1_spacer_4	virome_phage_906	81.579	38	7	0	32	69	19759	19796	0.001	39.6
Bacillus_GCA_002912075.1_spacer_4	virome_phage_906	81.579	38	7	0	32	69	19768	19805	0.001	39.6
Bacillus_GCA_002912075.1_spacer_4	virome_phage_906	81.579	38	7	0	32	69	19810	19847	0.001	39.6
Bacillus_GCA_002912075.1_spacer_4	virome_phage_906	81.579	38	7	0	32	69	19819	19856	0.001	39.6
Bacillus_GCA_002912075.1_spacer_4	virome_phage_906	81.579	38	7	0	32	69	19828	19865	0.001	39.6
Bacillus_GCA_002912075.1_spacer_4	virome_phage_906	81.579	38	7	0	32	69	21909	21946	0.001	39.6
Bacillus_GCA_002912075.1_spacer_4	virome_phage_906	81.579	38	7	0	32	69	21918	21955	0.001	39.6
Bacillus_GCA_002912075.1_spacer_4	virome_phage_906	81.579	38	7	0	32	69	21927	21964	0.001	39.6
Bacillus_GCA_002912075.1_spacer_4	virome_phage_906	81.579	38	7	0	32	69	21936	21973	0.001	39.6
Bacillus_GCA_002912075.1_spacer_4	virome_phage_906	78.947	38	8	0	32	69	19837	19874	0.010	36.5
Bacillus_GCA_002912075.1_spacer_4	virome_phage_906	81.818	33	6	0	37	69	19728	19760	0.029	34.9
Bacillus_GCA_002912075.1_spacer_4	virome_phage_906	81.818	33	6	0	37	69	19806	19838	0.029	34.9
Bacillus_GCA_002912075.1_spacer_4	virome_phage_906	81.818	33	6	0	37	69	21905	21937	0.029	34.9
Bacillus_GCA_002912075.1_spacer_4	virome_phage_906	77.778	36	8	0	32	67	19777	19812	0.086	33.3
Bacillus_GCA_002912075.1_spacer_4	virome_phage_906	77.778	36	8	0	32	67	21945	21980	0.086	33.3
Bacillus_GCA_002912075.1_spacer_4	virome_phage_906	75.000	36	9	0	32	67	19846	19881	0.78	30.1
Bacillus_GCA_002912075.1_spacer_4	virome_phage_906	75.000	36	9	0	32	67	21954	21989	0.78	30.1
Bacillus_GCA_002912075.1_spacer_4	virome_phage_824	77.273	44	10	0	2	45	11783	11826	0.001	39.6
Bacillus_GCA_002912075.1_spacer_4	virome_phage_824	69.643	56	17	0	14	69	11732	11787	0.010	36.5
Bacillus_GCA_002912075.1_spacer_4	virome_phage_824	69.231	52	16	0	12	63	11739	11790	0.086	33.3
Bacillus_GCA_002912075.1_spacer_4	virome_phage_824	67.857	56	18	0	14	69	11750	11805	0.086	33.3
Bacillus_GCA_002912075.1_spacer_4	virome_phage_824	80.645	31	6	0	3	33	11883	11913	0.26	31.7
Bacillus_GCA_002912075.1_spacer_4	virome_phage_786	74.468	47	12	0	23	69	34962	35008	0.003	38.0
Bacillus_GCA_002912075.1_spacer_4	virome_phage_786	80.645	31	6	0	32	62	34998	35028	0.26	31.7
Bacillus_GCA_002912075.1_spacer_4	virome_phage_1	68.966	58	18	0	3	60	221442	221385	0.010	36.5
Bacillus_GCA_002912075.1_spacer_4	virome_phage_1	65.672	67	23	0	3	69	221451	221385	0.029	34.9
Bacillus_GCA_002912075.1_spacer_4	virome_phage_1	68.519	54	17	0	3	56	219912	219859	0.086	33.3
Bacillus_GCA_002912075.1_spacer_4	virome_phage_58	66.154	65	22	0	5	69	292	228	0.029	34.9
Bacillus_GCA_002912075.1_spacer_4	virome_phage_5	86.207	29	4	0	23	51	28156	28184	0.029	34.9
Bacillus_GCA_002912075.1_spacer_4	virome_phage_5	76.923	39	9	0	13	51	28749	28787	0.029	34.9
Bacillus_GCA_002912075.1_spacer_4	virome_phage_5	70.833	48	14	0	23	70	29092	29139	0.086	33.3
Bacillus_GCA_002912075.1_spacer_4	virome_phage_5	78.125	32	7	0	2	33	28090	28121	0.78	30.1
Bacillus_GCA_002912075.1_spacer_4	virome_phage_2282	79.412	34	7	0	10	43	37817	37784	0.086	33.3
Bacillus_GCA_002912075.1_spacer_4	virome_phage_818	88.000	25	3	0	37	61	10737	10761	0.26	31.7
Bacillus_GCA_002912075.1_spacer_4	virome_phage_52	70.213	47	14	0	14	60	44065	44111	0.26	31.7
Bacillus_GCA_002912075.1_spacer_4	virome_phage_52	70.455	44	13	0	13	56	44424	44467	0.78	30.1
Bacillus_GCA_002912075.1_spacer_4	virome_phage_2411	76.471	34	8	0	36	69	5854	5821	0.78	30.1
Bacillus_GCA_002912075.1_spacer_4	virome_phage_176	76.471	34	8	0	36	69	5755	5722	0.78	30.1
Bacillus_GCA_002912075.1_spacer_5	virome_phage_824	72.414	58	16	0	4	61	11776	11833	8.96e-05	42.8
Bacillus_GCA_002912075.1_spacer_5	virome_phage_824	80.645	31	6	0	12	42	11883	11913	0.20	31.7
Bacillus_GCA_002912075.1_spacer_5	virome_phage_2368	71.186	59	17	0	3	61	1400	1458	2.69e-04	41.2
Bacillus_GCA_002912075.1_spacer_5	virome_phage_2368	75.000	48	12	0	4	51	3345	3392	8.06e-04	39.6
Bacillus_GCA_002912075.1_spacer_5	virome_phage_2368	66.102	59	20	0	3	61	1355	1413	0.20	31.7
Bacillus_GCA_002912075.1_spacer_5	virome_phage_2368	66.667	57	19	0	5	61	1447	1503	0.20	31.7
Bacillus_GCA_002912075.1_spacer_5	virome_phage_2368	68.750	48	15	0	13	60	3462	3509	0.59	30.1
Bacillus_GCA_002912075.1_spacer_5	virome_phage_145	71.930	57	16	0	4	60	17607	17551	2.69e-04	41.2
Bacillus_GCA_002912075.1_spacer_5	virome_phage_145	71.698	53	15	0	9	61	19546	19494	0.002	38.0
Bacillus_GCA_002912075.1_spacer_5	virome_phage_145	67.797	59	19	0	3	61	19597	19539	0.022	34.9
Bacillus_GCA_002912075.1_spacer_5	virome_phage_145	66.667	57	19	0	5	61	19505	19449	0.20	31.7
Bacillus_GCA_002912075.1_spacer_5	virome_phage_145	68.750	48	15	0	13	60	17490	17443	0.59	30.1
Bacillus_GCA_002912075.1_spacer_5	virome_phage_2282	73.469	49	13	0	3	51	37833	37785	0.002	38.0
Bacillus_GCA_002912075.1_spacer_5	virome_phage_5	67.797	59	19	0	3	61	28730	28788	0.022	34.9
Bacillus_GCA_002912075.1_spacer_5	virome_phage_5	78.125	32	7	0	11	42	28090	28121	0.59	30.1
Bacillus_GCA_002912075.1_spacer_5	virome_phage_52	83.333	30	5	0	22	51	44424	44453	0.065	33.3
Bacillus_GCA_002912075.1_spacer_5	virome_phage_52	78.125	32	7	0	23	54	44065	44096	0.59	30.1
Bacillus_GCA_002912075.1_spacer_5	virome_phage_2389	70.000	50	15	0	5	54	6573	6622	0.065	33.3
Bacillus_GCA_002912075.1_spacer_5	virome_phage_1	77.778	36	8	0	5	40	220576	220541	0.065	33.3
Bacillus_GCA_002912075.1_spacer_5	virome_phage_1	69.388	49	15	0	12	60	221451	221403	0.20	31.7
Bacillus_GCA_002912075.1_spacer_5	virome_phage_1	71.429	42	12	0	3	44	219921	219880	0.59	30.1
Bacillus_GCA_002912075.1_spacer_5	virome_phage_14	75.000	36	9	0	2	37	31463	31498	0.59	30.1
Bacillus_GCA_002912075.1_spacer_6	virome_phage_824	75.439	57	14	0	5	61	11777	11833	3.32e-06	47.5
Bacillus_GCA_002912075.1_spacer_6	virome_phage_824	76.923	39	9	0	23	61	11750	11788	0.022	34.9
Bacillus_GCA_002912075.1_spacer_6	virome_phage_824	65.517	58	20	0	3	60	11829	11886	0.59	30.1
Bacillus_GCA_002912075.1_spacer_6	virome_phage_145	75.000	52	13	0	9	60	17602	17551	8.96e-05	42.8
Bacillus_GCA_002912075.1_spacer_6	virome_phage_145	71.186	59	17	0	3	61	19552	19494	2.69e-04	41.2
Bacillus_GCA_002912075.1_spacer_6	virome_phage_145	68.966	58	18	0	4	61	19506	19449	0.007	36.5
Bacillus_GCA_002912075.1_spacer_6	virome_phage_145	68.421	57	18	0	5	61	20087	20031	0.022	34.9
Bacillus_GCA_002912075.1_spacer_6	virome_phage_145	75.000	40	10	0	13	52	18315	18276	0.065	33.3
Bacillus_GCA_002912075.1_spacer_6	virome_phage_145	66.102	59	20	0	3	61	17536	17478	0.20	31.7
Bacillus_GCA_002912075.1_spacer_6	virome_phage_2368	79.070	43	9	0	9	51	3350	3392	2.69e-04	41.2
Bacillus_GCA_002912075.1_spacer_6	virome_phage_2368	71.698	53	15	0	9	61	1406	1458	0.002	38.0
Bacillus_GCA_002912075.1_spacer_6	virome_phage_2368	68.966	58	18	0	4	61	1446	1503	0.007	36.5
Bacillus_GCA_002912075.1_spacer_6	virome_phage_2368	75.000	40	10	0	13	52	2637	2676	0.065	33.3
Bacillus_GCA_002912075.1_spacer_6	virome_phage_2368	68.750	48	15	0	13	60	2628	2675	0.59	30.1
Bacillus_GCA_002912075.1_spacer_6	virome_phage_1	74.468	47	12	0	5	51	219919	219873	0.002	38.0
Bacillus_GCA_002912075.1_spacer_6	virome_phage_1	66.071	56	19	0	5	60	221008	220953	0.59	30.1
Bacillus_GCA_002912075.1_spacer_6	virome_phage_52	69.643	56	17	0	5	60	44182	44237	0.007	36.5
Bacillus_GCA_002912075.1_spacer_6	virome_phage_152	76.190	42	10	0	1	42	7324	7365	0.007	36.5
Bacillus_GCA_002912075.1_spacer_6	virome_phage_5	83.333	30	5	0	31	60	28155	28184	0.065	33.3
Bacillus_GCA_002912075.1_spacer_6	virome_phage_803	75.000	40	10	0	22	61	35306	35267	0.065	33.3
Bacillus_GCA_002912075.1_spacer_6	virome_phage_94	66.102	59	20	0	2	60	5393	5451	0.20	31.7
Bacillus_GCA_002912075.1_spacer_6	virome_phage_94	66.102	59	20	0	2	60	5402	5460	0.20	31.7
Bacillus_GCA_002912075.1_spacer_6	virome_phage_94	66.102	59	20	0	2	60	5411	5469	0.20	31.7
Bacillus_GCA_002912075.1_spacer_6	virome_phage_94	66.102	59	20	0	2	60	5420	5478	0.20	31.7
Bacillus_GCA_002912075.1_spacer_6	virome_phage_906	66.102	59	20	0	2	60	19729	19787	0.20	31.7
Bacillus_GCA_002912075.1_spacer_6	virome_phage_906	66.102	59	20	0	2	60	19738	19796	0.20	31.7
Bacillus_GCA_002912075.1_spacer_6	virome_phage_906	66.102	59	20	0	2	60	19747	19805	0.20	31.7
Bacillus_GCA_002912075.1_spacer_6	virome_phage_906	66.102	59	20	0	2	60	19807	19865	0.20	31.7
Bacillus_GCA_002912075.1_spacer_6	virome_phage_906	66.102	59	20	0	2	60	21906	21964	0.20	31.7
Bacillus_GCA_002912075.1_spacer_6	virome_phage_906	66.102	59	20	0	2	60	21915	21973	0.20	31.7
Bacillus_GCA_002912075.1_spacer_6	virome_phage_906	66.667	54	18	0	7	60	19725	19778	0.59	30.1
Bacillus_GCA_002912075.1_spacer_6	virome_phage_9	84.615	26	4	0	35	60	116627	116652	0.59	30.1
Bacillus_GCA_002912075.1_spacer_6	virome_phage_2411	66.071	56	19	0	5	60	6068	6013	0.59	30.1
Bacillus_GCA_002912075.1_spacer_6	virome_phage_176	66.071	56	19	0	5	60	5969	5914	0.59	30.1
Bacillus_GCA_002912075.1_spacer_7	virome_phage_2368	80.000	40	8	0	13	52	1419	1458	5.76e-04	39.6
Bacillus_GCA_002912075.1_spacer_7	virome_phage_2368	87.097	31	4	0	12	42	3362	3392	0.002	38.0
Bacillus_GCA_002912075.1_spacer_7	virome_phage_2368	70.833	48	14	0	4	51	3462	3509	0.047	33.3
Bacillus_GCA_002912075.1_spacer_7	virome_phage_2368	72.500	40	11	0	13	52	1455	1494	0.42	30.1
Bacillus_GCA_002912075.1_spacer_7	virome_phage_2368	72.500	40	11	0	13	52	1464	1503	0.42	30.1
Bacillus_GCA_002912075.1_spacer_7	virome_phage_2368	72.500	40	11	0	4	43	2637	2676	0.42	30.1
Bacillus_GCA_002912075.1_spacer_7	virome_phage_145	80.000	40	8	0	12	51	17590	17551	5.76e-04	39.6
Bacillus_GCA_002912075.1_spacer_7	virome_phage_145	80.000	40	8	0	13	52	19533	19494	5.76e-04	39.6
Bacillus_GCA_002912075.1_spacer_7	virome_phage_145	70.833	48	14	0	4	51	17490	17443	0.047	33.3
Bacillus_GCA_002912075.1_spacer_7	virome_phage_145	72.500	40	11	0	4	43	18315	18276	0.42	30.1
Bacillus_GCA_002912075.1_spacer_7	virome_phage_145	72.500	40	11	0	13	52	19488	19449	0.42	30.1
Bacillus_GCA_002912075.1_spacer_7	virome_phage_145	72.500	40	11	0	13	52	19497	19458	0.42	30.1
Bacillus_GCA_002912075.1_spacer_7	virome_phage_145	68.000	50	16	0	3	52	19588	19539	0.42	30.1
Bacillus_GCA_002912075.1_spacer_7	virome_phage_824	72.549	51	14	0	2	52	11783	11833	0.002	38.0
Bacillus_GCA_002912075.1_spacer_7	virome_phage_824	80.645	31	6	0	3	33	11883	11913	0.14	31.7
Bacillus_GCA_002912075.1_spacer_7	virome_phage_2282	81.818	33	6	0	10	42	37817	37785	0.016	34.9
Bacillus_GCA_002912075.1_spacer_7	virome_phage_52	81.250	32	6	0	13	44	44424	44455	0.047	33.3
Bacillus_GCA_002912075.1_spacer_7	virome_phage_52	78.125	32	7	0	14	45	44065	44096	0.42	30.1
Bacillus_GCA_002912075.1_spacer_7	virome_phage_5	75.000	40	10	0	13	52	28749	28788	0.047	33.3
Bacillus_GCA_002912075.1_spacer_7	virome_phage_5	78.125	32	7	0	2	33	28090	28121	0.42	30.1
Bacillus_GCA_002912075.1_spacer_7	virome_phage_5	72.500	40	11	0	3	42	28388	28427	0.42	30.1
Bacillus_GCA_002912075.1_spacer_7	virome_phage_1	69.388	49	15	0	3	51	221451	221403	0.14	31.7
Bacillus_GCA_002912075.1_spacer_7	total_phage_413	72.500	40	11	0	12	51	51201	51162	0.42	30.1
Bacillus_GCA_002912075.1_spacer_8	virome_phage_824	82.000	50	9	0	5	54	11777	11826	1.23e-07	52.3
Bacillus_GCA_002912075.1_spacer_8	virome_phage_824	72.340	47	13	0	5	51	11813	11859	0.022	34.9
Bacillus_GCA_002912075.1_spacer_8	virome_phage_824	73.684	38	10	0	23	60	11750	11787	0.59	30.1
Bacillus_GCA_002912075.1_spacer_8	virome_phage_145	75.862	58	14	0	3	60	19552	19495	1.11e-06	49.1
Bacillus_GCA_002912075.1_spacer_8	virome_phage_145	75.439	57	14	0	5	61	17606	17550	3.32e-06	47.5
Bacillus_GCA_002912075.1_spacer_8	virome_phage_145	81.579	38	7	0	5	42	17675	17638	8.06e-04	39.6
Bacillus_GCA_002912075.1_spacer_8	virome_phage_145	70.175	57	17	0	4	60	19506	19450	0.002	38.0
Bacillus_GCA_002912075.1_spacer_8	virome_phage_145	67.241	58	19	0	3	60	17536	17479	0.065	33.3
Bacillus_GCA_002912075.1_spacer_8	virome_phage_145	75.000	40	10	0	13	52	18315	18276	0.065	33.3
Bacillus_GCA_002912075.1_spacer_8	virome_phage_145	67.857	56	18	0	5	60	19514	19459	0.065	33.3
Bacillus_GCA_002912075.1_spacer_8	virome_phage_145	67.857	56	18	0	5	60	20087	20032	0.065	33.3
Bacillus_GCA_002912075.1_spacer_8	virome_phage_145	80.645	31	6	0	5	35	17570	17540	0.20	31.7
Bacillus_GCA_002912075.1_spacer_8	virome_phage_2368	76.923	52	12	0	9	60	1406	1457	9.95e-06	46.0
Bacillus_GCA_002912075.1_spacer_8	virome_phage_2368	78.723	47	10	0	5	51	3346	3392	2.99e-05	44.4
Bacillus_GCA_002912075.1_spacer_8	virome_phage_2368	70.175	57	17	0	4	60	1446	1502	0.002	38.0
Bacillus_GCA_002912075.1_spacer_8	virome_phage_2368	78.947	38	8	0	5	42	3277	3314	0.007	36.5
Bacillus_GCA_002912075.1_spacer_8	virome_phage_2368	67.857	56	18	0	5	60	1438	1493	0.065	33.3
Bacillus_GCA_002912075.1_spacer_8	virome_phage_2368	75.000	40	10	0	13	52	2637	2676	0.065	33.3
Bacillus_GCA_002912075.1_spacer_8	virome_phage_2368	68.750	48	15	0	13	60	2628	2675	0.59	30.1
Bacillus_GCA_002912075.1_spacer_8	virome_phage_2368	65.517	58	20	0	3	60	3416	3473	0.59	30.1
Bacillus_GCA_002912075.1_spacer_8	virome_phage_1	72.000	50	14	0	12	61	221451	221402	0.007	36.5
Bacillus_GCA_002912075.1_spacer_8	virome_phage_5	70.588	51	15	0	1	51	28377	28427	0.022	34.9
Bacillus_GCA_002912075.1_spacer_8	virome_phage_5	67.308	52	17	0	9	60	28736	28787	0.59	30.1
Bacillus_GCA_002912075.1_spacer_8	virome_phage_14	75.000	40	10	0	5	44	31439	31478	0.065	33.3
Bacillus_GCA_002912075.1_spacer_8	virome_phage_14	77.778	36	8	0	2	37	31463	31498	0.065	33.3
Bacillus_GCA_002912075.1_spacer_8	virome_phage_52	74.359	39	10	0	23	61	44065	44103	0.20	31.7
Bacillus_GCA_002912075.1_spacer_8	virome_phage_52	78.125	32	7	0	22	53	44424	44455	0.59	30.1
Bacillus_GCA_002912075.1_spacer_8	virome_phage_876	73.171	41	11	0	14	54	21097	21057	0.20	31.7
Bacillus_GCA_002912075.1_spacer_8	virome_phage_2282	78.788	33	7	0	19	51	37817	37785	0.20	31.7
Bacillus_GCA_002912075.1_spacer_8	virome_phage_101	80.000	30	6	0	28	57	6195	6224	0.59	30.1
Bacillus_GCA_002912075.1_spacer_8	total_phage_112	73.684	38	10	0	20	57	47852	47889	0.59	30.1
Bacillus_GCA_002912075.1_spacer_8	virome_phage_58	65.517	58	20	0	3	60	303	246	0.59	30.1
Bacillus_GCA_002912075.1_spacer_8	virome_phage_27	73.684	38	10	0	20	57	49516	49479	0.59	30.1
