Bacillus_GCA_021655055.1_spacer_1	virome_phage_1006	80.645	31	6	0	18	48	8733	8763	0.13	31.7
Bacillus_GCA_021655055.1_spacer_1	virome_phage_1279	76.471	34	8	0	2	35	527	560	0.38	30.1
Bacillus_GCA_021655055.1_spacer_3	virome_phage_2254	95.238	21	1	0	4	24	2719	2699	0.11	31.7
Bacillus_GCA_021655055.1_spacer_3	total_phage_934	85.185	27	4	0	7	33	2007	2033	0.11	31.7
Bacillus_GCA_021655055.1_spacer_3	virome_phage_785	87.500	24	3	0	7	30	5577	5554	0.34	30.1
Bacillus_GCA_021655055.1_spacer_3	total_phage_417	84.615	26	4	0	7	32	19899	19874	0.34	30.1
Bacillus_GCA_021655055.1_spacer_4	virome_phage_903	88.889	27	3	0	17	43	3706	3680	0.011	34.9
Bacillus_GCA_021655055.1_spacer_4	virome_phage_2353	86.207	29	4	0	9	37	21633	21661	0.011	34.9
Bacillus_GCA_021655055.1_spacer_4	virome_phage_2288	85.714	28	4	0	9	36	24934	24961	0.033	33.3
Bacillus_GCA_021655055.1_spacer_4	virome_phage_2288	71.795	39	11	0	3	41	30029	29991	0.88	28.5
Bacillus_GCA_021655055.1_spacer_4	total_phage_92	75.000	40	10	0	1	40	116701	116740	0.033	33.3
Bacillus_GCA_021655055.1_spacer_4	total_phage_92	74.286	35	9	0	1	35	80278	80312	0.88	28.5
Bacillus_GCA_021655055.1_spacer_4	total_phage_616	88.462	26	3	0	15	40	2097	2122	0.033	33.3
Bacillus_GCA_021655055.1_spacer_4	total_phage_616	88.000	25	3	0	16	40	2093	2117	0.098	31.7
Bacillus_GCA_021655055.1_spacer_4	total_phage_616	91.304	23	2	0	17	39	2104	2126	0.098	31.7
Bacillus_GCA_021655055.1_spacer_4	total_phage_231	75.000	40	10	0	1	40	85338	85377	0.033	33.3
Bacillus_GCA_021655055.1_spacer_4	total_phage_231	79.310	29	6	0	15	43	33298	33326	0.88	28.5
Bacillus_GCA_021655055.1_spacer_4	total_phage_231	84.000	25	4	0	13	37	54265	54241	0.88	28.5
Bacillus_GCA_021655055.1_spacer_4	total_phage_231	74.286	35	9	0	1	35	60823	60857	0.88	28.5
Bacillus_GCA_021655055.1_spacer_4	total_phage_231	75.758	33	8	0	9	41	69717	69749	0.88	28.5
Bacillus_GCA_021655055.1_spacer_4	virome_phage_734	77.143	35	8	0	7	41	160317	160283	0.098	31.7
Bacillus_GCA_021655055.1_spacer_4	virome_phage_734	74.286	35	9	0	9	43	24426	24460	0.88	28.5
Bacillus_GCA_021655055.1_spacer_4	virome_phage_734	77.419	31	7	0	2	32	63335	63305	0.88	28.5
Bacillus_GCA_021655055.1_spacer_4	virome_phage_734	84.000	25	4	0	5	29	195483	195459	0.88	28.5
Bacillus_GCA_021655055.1_spacer_4	virome_phage_734	75.758	33	8	0	9	41	221497	221529	0.88	28.5
Bacillus_GCA_021655055.1_spacer_4	virome_phage_734	86.957	23	3	0	17	39	275698	275720	0.88	28.5
Bacillus_GCA_021655055.1_spacer_4	virome_phage_734	86.957	23	3	0	20	42	316022	316044	0.88	28.5
Bacillus_GCA_021655055.1_spacer_4	virome_phage_69	77.143	35	8	0	11	45	38589	38623	0.098	31.7
Bacillus_GCA_021655055.1_spacer_4	virome_phage_69	81.481	27	5	0	18	44	19753	19727	0.88	28.5
Bacillus_GCA_021655055.1_spacer_4	total_phage_443	78.788	33	7	0	12	44	8795	8827	0.098	31.7
Bacillus_GCA_021655055.1_spacer_4	total_phage_413	82.759	29	5	0	9	37	19874	19902	0.098	31.7
Bacillus_GCA_021655055.1_spacer_4	total_phage_370	80.645	31	6	0	15	45	26550	26580	0.098	31.7
Bacillus_GCA_021655055.1_spacer_4	total_phage_294	78.788	33	7	0	9	41	15814	15846	0.098	31.7
Bacillus_GCA_021655055.1_spacer_4	virome_phage_914	87.500	24	3	0	16	39	22135	22158	0.29	30.1
Bacillus_GCA_021655055.1_spacer_4	virome_phage_878	84.615	26	4	0	16	41	12099	12074	0.29	30.1
Bacillus_GCA_021655055.1_spacer_4	virome_phage_878	77.419	31	7	0	13	43	13590	13560	0.88	28.5
Bacillus_GCA_021655055.1_spacer_4	virome_phage_858	70.455	44	13	0	1	44	31804	31761	0.29	30.1
Bacillus_GCA_021655055.1_spacer_4	virome_phage_857	82.143	28	5	0	14	41	9834	9861	0.29	30.1
Bacillus_GCA_021655055.1_spacer_4	virome_phage_776	100.000	18	0	0	20	37	4603	4620	0.29	30.1
Bacillus_GCA_021655055.1_spacer_4	virome_phage_752	82.143	28	5	0	9	36	52953	52980	0.29	30.1
Bacillus_GCA_021655055.1_spacer_4	virome_phage_749	87.500	24	3	0	5	28	52743	52766	0.29	30.1
Bacillus_GCA_021655055.1_spacer_4	virome_phage_47	82.143	28	5	0	17	44	33402	33429	0.29	30.1
Bacillus_GCA_021655055.1_spacer_4	virome_phage_33	84.615	26	4	0	16	41	20201	20176	0.29	30.1
Bacillus_GCA_021655055.1_spacer_4	virome_phage_2324	87.500	24	3	0	22	45	27473	27450	0.29	30.1
Bacillus_GCA_021655055.1_spacer_4	virome_phage_2322	82.143	28	5	0	17	44	1812	1785	0.29	30.1
Bacillus_GCA_021655055.1_spacer_4	virome_phage_2322	77.419	31	7	0	7	37	1318	1288	0.88	28.5
Bacillus_GCA_021655055.1_spacer_4	virome_phage_2297	70.455	44	13	0	1	44	27463	27506	0.29	30.1
Bacillus_GCA_021655055.1_spacer_4	virome_phage_2254	87.500	24	3	0	18	41	11282	11259	0.29	30.1
Bacillus_GCA_021655055.1_spacer_4	virome_phage_2254	86.957	23	3	0	19	41	116524	116502	0.88	28.5
Bacillus_GCA_021655055.1_spacer_4	virome_phage_15	82.143	28	5	0	11	38	23518	23491	0.29	30.1
Bacillus_GCA_021655055.1_spacer_4	virome_phage_1279	76.471	34	8	0	9	42	8250	8217	0.29	30.1
Bacillus_GCA_021655055.1_spacer_4	total_phage_934	100.000	18	0	0	20	37	2385	2368	0.29	30.1
Bacillus_GCA_021655055.1_spacer_4	total_phage_806	87.500	24	3	0	22	45	10249	10226	0.29	30.1
Bacillus_GCA_021655055.1_spacer_4	total_phage_804	100.000	18	0	0	20	37	27441	27458	0.29	30.1
Bacillus_GCA_021655055.1_spacer_4	total_phage_787	75.000	36	9	0	3	38	15720	15685	0.29	30.1
Bacillus_GCA_021655055.1_spacer_4	total_phage_787	79.310	29	6	0	16	44	12500	12528	0.88	28.5
Bacillus_GCA_021655055.1_spacer_4	total_phage_308	82.143	28	5	0	11	38	24018	24045	0.29	30.1
Bacillus_GCA_021655055.1_spacer_4	total_phage_308	90.476	21	2	0	24	44	25039	25059	0.88	28.5
Bacillus_GCA_021655055.1_spacer_4	virome_phage_925	100.000	17	0	0	25	41	14325	14309	0.88	28.5
Bacillus_GCA_021655055.1_spacer_4	virome_phage_908	81.481	27	5	0	18	44	21725	21699	0.88	28.5
Bacillus_GCA_021655055.1_spacer_4	virome_phage_865	86.957	23	3	0	22	44	19024	19046	0.88	28.5
Bacillus_GCA_021655055.1_spacer_4	virome_phage_859	79.310	29	6	0	17	45	2980	2952	0.88	28.5
Bacillus_GCA_021655055.1_spacer_4	virome_phage_856	84.000	25	4	0	6	30	32307	32283	0.88	28.5
Bacillus_GCA_021655055.1_spacer_4	virome_phage_840	86.957	23	3	0	18	40	24555	24577	0.88	28.5
Bacillus_GCA_021655055.1_spacer_4	virome_phage_8	71.795	39	11	0	3	41	74203	74241	0.88	28.5
Bacillus_GCA_021655055.1_spacer_4	virome_phage_795	81.481	27	5	0	15	41	32823	32849	0.88	28.5
Bacillus_GCA_021655055.1_spacer_4	virome_phage_79	71.795	39	11	0	3	41	2154	2192	0.88	28.5
Bacillus_GCA_021655055.1_spacer_4	virome_phage_764	84.000	25	4	0	15	39	23131	23107	0.88	28.5
Bacillus_GCA_021655055.1_spacer_4	virome_phage_764	90.476	21	2	0	19	39	23848	23868	0.88	28.5
Bacillus_GCA_021655055.1_spacer_4	virome_phage_748	94.737	19	1	0	20	38	5748	5730	0.88	28.5
Bacillus_GCA_021655055.1_spacer_4	virome_phage_745	84.000	25	4	0	15	39	20868	20844	0.88	28.5
Bacillus_GCA_021655055.1_spacer_4	virome_phage_740	90.476	21	2	0	9	29	98043	98023	0.88	28.5
Bacillus_GCA_021655055.1_spacer_4	virome_phage_739	79.310	29	6	0	13	41	27060	27032	0.88	28.5
Bacillus_GCA_021655055.1_spacer_4	virome_phage_65	72.973	37	10	0	5	41	10341	10305	0.88	28.5
Bacillus_GCA_021655055.1_spacer_4	virome_phage_5	70.732	41	12	0	1	41	101280	101240	0.88	28.5
Bacillus_GCA_021655055.1_spacer_4	virome_phage_4	81.481	27	5	0	17	43	96601	96627	0.88	28.5
Bacillus_GCA_021655055.1_spacer_4	virome_phage_28	90.476	21	2	0	9	29	21102	21082	0.88	28.5
Bacillus_GCA_021655055.1_spacer_4	virome_phage_2286	90.476	21	2	0	21	41	38600	38620	0.88	28.5
Bacillus_GCA_021655055.1_spacer_4	virome_phage_2275	77.419	31	7	0	7	37	31950	31920	0.88	28.5
Bacillus_GCA_021655055.1_spacer_4	virome_phage_2259	84.000	25	4	0	16	40	3362	3386	0.88	28.5
Bacillus_GCA_021655055.1_spacer_4	virome_phage_2259	90.476	21	2	0	21	41	3372	3392	0.88	28.5
Bacillus_GCA_021655055.1_spacer_4	virome_phage_21	90.476	21	2	0	9	29	52282	52302	0.88	28.5
Bacillus_GCA_021655055.1_spacer_4	virome_phage_116	84.000	25	4	0	10	34	9181	9205	0.88	28.5
Bacillus_GCA_021655055.1_spacer_4	virome_phage_1117	81.481	27	5	0	15	41	1076	1102	0.88	28.5
Bacillus_GCA_021655055.1_spacer_4	virome_phage_1	77.419	31	7	0	9	39	80238	80208	0.88	28.5
Bacillus_GCA_021655055.1_spacer_4	total_phage_98	86.957	23	3	0	17	39	34914	34892	0.88	28.5
Bacillus_GCA_021655055.1_spacer_4	total_phage_791	90.476	21	2	0	20	40	6229	6209	0.88	28.5
Bacillus_GCA_021655055.1_spacer_4	total_phage_739	81.481	27	5	0	13	39	16449	16423	0.88	28.5
Bacillus_GCA_021655055.1_spacer_4	total_phage_733	79.310	29	6	0	17	45	35427	35399	0.88	28.5
Bacillus_GCA_021655055.1_spacer_4	total_phage_664	86.957	23	3	0	16	38	4896	4918	0.88	28.5
Bacillus_GCA_021655055.1_spacer_4	total_phage_653	90.476	21	2	0	9	29	1975	1995	0.88	28.5
Bacillus_GCA_021655055.1_spacer_4	total_phage_605	75.758	33	8	0	1	33	13616	13648	0.88	28.5
Bacillus_GCA_021655055.1_spacer_4	total_phage_526	75.758	33	8	0	1	33	3421	3453	0.88	28.5
Bacillus_GCA_021655055.1_spacer_4	total_phage_500	86.957	23	3	0	19	41	10318	10340	0.88	28.5
Bacillus_GCA_021655055.1_spacer_4	total_phage_451	94.737	19	1	0	25	43	23486	23504	0.88	28.5
Bacillus_GCA_021655055.1_spacer_4	total_phage_451	94.737	19	1	0	23	41	24288	24270	0.88	28.5
Bacillus_GCA_021655055.1_spacer_4	total_phage_445	79.310	29	6	0	16	44	10557	10529	0.88	28.5
Bacillus_GCA_021655055.1_spacer_4	total_phage_363	84.000	25	4	0	17	41	27746	27770	0.88	28.5
Bacillus_GCA_021655055.1_spacer_4	total_phage_358	86.957	23	3	0	15	37	27635	27657	0.88	28.5
Bacillus_GCA_021655055.1_spacer_4	total_phage_357	79.310	29	6	0	16	44	11352	11324	0.88	28.5
Bacillus_GCA_021655055.1_spacer_4	total_phage_306	77.419	31	7	0	8	38	2167	2137	0.88	28.5
Bacillus_GCA_021655055.1_spacer_4	total_phage_297	77.419	31	7	0	1	31	10491	10461	0.88	28.5
Bacillus_GCA_021655055.1_spacer_4	total_phage_242	84.000	25	4	0	20	44	31539	31563	0.88	28.5
Bacillus_GCA_021655055.1_spacer_4	total_phage_232	84.000	25	4	0	12	36	16204	16180	0.88	28.5
Bacillus_GCA_021655055.1_spacer_4	total_phage_117	75.758	33	8	0	13	45	468	500	0.88	28.5
Bacillus_GCA_021655055.1_spacer_4	total_phage_1	86.957	23	3	0	19	41	1127	1105	0.88	28.5
