Bacillus_GCF_003711025.1_spacer_0	virome_phage_158	80.000	40	8	0	8	47	4682	4643	4.61e-04	39.6
Bacillus_GCF_003711025.1_spacer_0	virome_phage_913	74.419	43	11	0	1	43	20364	20406	0.012	34.9
Bacillus_GCF_003711025.1_spacer_0	virome_phage_913	75.000	40	10	0	1	40	20373	20412	0.037	33.3
Bacillus_GCF_003711025.1_spacer_0	virome_phage_2314	76.316	38	9	0	8	45	34483	34446	0.037	33.3
Bacillus_GCF_003711025.1_spacer_0	virome_phage_2314	72.500	40	11	0	1	40	34472	34433	0.34	30.1
Bacillus_GCF_003711025.1_spacer_1	virome_phage_158	77.500	40	9	0	8	47	4682	4643	0.004	36.5
Bacillus_GCF_003711025.1_spacer_1	virome_phage_2314	76.316	38	9	0	8	45	34483	34446	0.037	33.3
Bacillus_GCF_003711025.1_spacer_1	virome_phage_2314	72.500	40	11	0	1	40	34472	34433	0.34	30.1
Bacillus_GCF_003711025.1_spacer_1	virome_phage_913	72.093	43	12	0	1	43	20364	20406	0.11	31.7
Bacillus_GCF_003711025.1_spacer_1	virome_phage_913	72.500	40	11	0	1	40	20373	20412	0.34	30.1
Bacillus_GCF_003711025.1_spacer_3	virome_phage_2314	77.143	35	8	0	2	36	34480	34446	0.056	31.7
Bacillus_GCF_003711025.1_spacer_3	virome_phage_2314	75.758	33	8	0	4	36	34469	34437	0.50	28.5
Bacillus_GCF_003711025.1_spacer_3	virome_phage_765	80.000	30	6	0	8	37	3625	3596	0.17	30.1
Bacillus_GCF_003711025.1_spacer_3	virome_phage_2301	90.909	22	2	0	9	30	10745	10724	0.17	30.1
Bacillus_GCF_003711025.1_spacer_3	total_phage_172	75.000	36	9	0	3	38	26902	26937	0.17	30.1
Bacillus_GCF_003711025.1_spacer_3	virome_phage_11	84.000	25	4	0	14	38	76617	76593	0.50	28.5
Bacillus_GCF_003711025.1_spacer_3	total_phage_790	79.310	29	6	0	3	31	90277	90249	0.50	28.5
Bacillus_GCF_003711025.1_spacer_3	virome_phage_913	77.419	31	7	0	3	33	20366	20396	0.50	28.5
Bacillus_GCF_003711025.1_spacer_3	virome_phage_41	79.310	29	6	0	5	33	534	562	0.50	28.5
Bacillus_GCF_003711025.1_spacer_4	virome_phage_158	82.759	29	5	0	8	36	4682	4654	0.056	31.7
Bacillus_GCF_003711025.1_spacer_4	virome_phage_2314	72.973	37	10	0	1	37	34472	34436	0.50	28.5
Bacillus_GCF_003711025.1_spacer_5	virome_phage_57	71.111	45	13	0	1	45	12690	12734	0.11	31.7
Bacillus_GCF_003711025.1_spacer_5	virome_phage_913	69.565	46	14	0	2	47	20365	20410	0.34	30.1
Bacillus_GCF_003711025.1_spacer_5	virome_phage_936	73.684	38	10	0	2	39	7827	7790	0.34	30.1
Bacillus_GCF_003711025.1_spacer_6	virome_phage_2314	79.310	29	6	0	8	36	34474	34446	0.50	28.5
Bacillus_GCF_003711025.1_spacer_6	virome_phage_2299	81.481	27	5	0	12	38	42410	42436	0.50	28.5
Bacillus_GCF_003711025.1_spacer_7	virome_phage_2314	71.429	49	14	0	6	54	34494	34446	0.019	34.9
Bacillus_GCF_003711025.1_spacer_7	virome_phage_2314	70.833	48	14	0	2	49	34480	34433	0.056	33.3
Bacillus_GCF_003711025.1_spacer_7	virome_phage_2402	70.833	48	14	0	8	55	5385	5338	0.056	33.3
Bacillus_GCF_003711025.1_spacer_7	virome_phage_155	67.857	56	18	0	1	56	5806	5751	0.056	33.3
Bacillus_GCF_003711025.1_spacer_7	virome_phage_913	73.171	41	11	0	12	52	20366	20406	0.17	31.7
Bacillus_GCF_003711025.1_spacer_7	virome_phage_913	73.684	38	10	0	12	49	20375	20412	0.50	30.1
Bacillus_GCF_003711025.1_spacer_7	virome_phage_152	73.171	41	11	0	5	45	7608	7568	0.17	31.7
Bacillus_GCF_003711025.1_spacer_7	virome_phage_963	72.500	40	11	0	4	43	4293	4254	0.50	30.1
Bacillus_GCF_003711025.1_spacer_7	virome_phage_2400	72.500	40	11	0	4	43	14035	14074	0.50	30.1
Bacillus_GCF_003711025.1_spacer_8	virome_phage_52	67.647	68	22	0	7	74	44121	44054	0.001	39.6
Bacillus_GCF_003711025.1_spacer_8	virome_phage_52	71.111	45	13	0	5	49	44096	44052	0.29	31.7
Bacillus_GCF_003711025.1_spacer_8	virome_phage_2402	65.672	67	23	0	8	74	5394	5328	0.032	34.9
Bacillus_GCF_003711025.1_spacer_8	virome_phage_2402	72.093	43	12	0	26	68	5421	5379	0.29	31.7
Bacillus_GCF_003711025.1_spacer_8	virome_phage_761	67.857	56	18	0	8	63	30097	30152	0.096	33.3
Bacillus_GCF_003711025.1_spacer_8	virome_phage_762	70.213	47	14	0	5	51	1648	1602	0.29	31.7
Bacillus_GCF_003711025.1_spacer_8	virome_phage_2314	66.667	57	19	0	17	73	34492	34436	0.29	31.7
Bacillus_GCF_003711025.1_spacer_8	virome_phage_158	82.759	29	5	0	44	72	4682	4654	0.29	31.7
Bacillus_GCF_003711025.1_spacer_8	virome_phage_787	78.125	32	7	0	42	73	31948	31917	0.86	30.1
Bacillus_GCF_003711025.1_spacer_8	virome_phage_4	73.684	38	10	0	23	60	34479	34442	0.86	30.1
Bacillus_GCF_003711025.1_spacer_8	virome_phage_2382	65.000	60	21	0	8	67	7185	7126	0.86	30.1
Bacillus_GCF_003711025.1_spacer_8	virome_phage_2345	65.517	58	20	0	15	72	2307	2250	0.86	30.1
Bacillus_GCF_003711025.1_spacer_8	virome_phage_155	72.500	40	11	0	26	65	5790	5751	0.86	30.1
Bacillus_GCF_003711025.1_spacer_8	virome_phage_829	65.517	58	20	0	15	72	14477	14534	0.86	30.1
Bacillus_GCF_003711025.1_spacer_8	virome_phage_736	76.471	34	8	0	17	50	104826	104859	0.86	30.1
Bacillus_GCF_003711025.1_spacer_8	virome_phage_2282	90.909	22	2	0	24	45	12119	12140	0.86	30.1
Bacillus_GCF_003711025.1_spacer_9	virome_phage_913	77.273	44	10	0	18	61	20363	20406	0.001	39.6
Bacillus_GCF_003711025.1_spacer_9	virome_phage_913	75.610	41	10	0	18	58	20372	20412	0.025	34.9
Bacillus_GCF_003711025.1_spacer_9	virome_phage_913	70.213	47	14	0	2	48	20365	20411	0.22	31.7
Bacillus_GCF_003711025.1_spacer_9	virome_phage_963	75.610	41	10	0	25	65	4299	4259	0.025	34.9
Bacillus_GCF_003711025.1_spacer_9	virome_phage_963	73.684	38	10	0	8	45	4298	4261	0.67	30.1
Bacillus_GCF_003711025.1_spacer_9	virome_phage_2402	69.231	52	16	0	8	59	5394	5343	0.075	33.3
Bacillus_GCF_003711025.1_spacer_9	virome_phage_2402	64.062	64	23	0	2	65	5391	5328	0.67	30.1
Bacillus_GCF_003711025.1_spacer_9	virome_phage_2400	75.000	40	10	0	26	65	14030	14069	0.075	33.3
Bacillus_GCF_003711025.1_spacer_9	total_phage_115	72.727	44	12	0	11	54	7108	7151	0.075	33.3
Bacillus_GCF_003711025.1_spacer_9	virome_phage_2342	70.213	47	14	0	17	63	19609	19655	0.22	31.7
Bacillus_GCF_003711025.1_spacer_9	virome_phage_2314	68.627	51	16	0	8	58	34483	34433	0.22	31.7
Bacillus_GCF_003711025.1_spacer_9	virome_phage_2314	68.750	48	15	0	17	64	34492	34445	0.67	30.1
Bacillus_GCF_003711025.1_spacer_9	virome_phage_765	80.000	30	6	0	17	46	3625	3596	0.67	30.1
Bacillus_GCF_003711025.1_spacer_9	virome_phage_761	66.071	56	19	0	8	63	30097	30152	0.67	30.1
Bacillus_GCF_003711025.1_spacer_9	virome_phage_741	68.000	50	16	0	3	52	22265	22314	0.67	30.1
Bacillus_GCF_003711025.1_spacer_9	virome_phage_52	66.071	56	19	0	8	63	44291	44236	0.67	30.1
Bacillus_GCF_003711025.1_spacer_9	virome_phage_38	68.000	50	16	0	11	60	19909	19958	0.67	30.1
Bacillus_GCF_003711025.1_spacer_9	total_phage_790	71.429	42	12	0	8	49	66340	66299	0.67	30.1
Bacillus_GCF_003711025.1_spacer_10	virome_phage_2402	74.419	43	11	0	3	45	5381	5339	0.012	34.9
Bacillus_GCF_003711025.1_spacer_10	virome_phage_2402	74.359	39	10	0	7	45	5395	5357	0.11	31.7
Bacillus_GCF_003711025.1_spacer_10	virome_phage_2282	95.455	22	1	0	6	27	12119	12140	0.037	33.3
Bacillus_GCF_003711025.1_spacer_10	virome_phage_2282	95.455	22	1	0	24	45	12119	12140	0.037	33.3
Bacillus_GCF_003711025.1_spacer_10	virome_phage_804	84.615	26	4	0	6	31	4888	4913	0.34	30.1
Bacillus_GCF_003711025.1_spacer_11	virome_phage_2	100.000	17	0	0	11	27	83010	82994	0.25	28.5
Bacillus_GCF_003711025.1_spacer_11	total_phage_729	84.000	25	4	0	5	29	172522	172546	0.25	28.5
Bacillus_GCF_003711025.1_spacer_11	virome_phage_2282	86.364	22	3	0	6	27	12119	12140	0.76	26.9
Bacillus_GCF_003711025.1_spacer_11	virome_phage_11	86.364	22	3	0	1	22	79813	79834	0.76	26.9
Bacillus_GCF_003711025.1_spacer_12	virome_phage_2402	68.519	54	17	0	2	55	5391	5338	0.056	33.3
Bacillus_GCF_003711025.1_spacer_12	virome_phage_824	80.000	30	6	0	25	54	11698	11669	0.50	30.1
Bacillus_GCF_003711025.1_spacer_12	virome_phage_768	66.071	56	19	0	1	56	12478	12533	0.50	30.1
Bacillus_GCF_003711025.1_spacer_12	virome_phage_2314	67.308	52	17	0	3	54	34497	34446	0.50	30.1
Bacillus_GCF_003711025.1_spacer_14	virome_phage_2314	72.000	50	14	0	15	64	34494	34445	0.008	36.5
Bacillus_GCF_003711025.1_spacer_14	virome_phage_2314	67.308	52	17	0	7	58	34484	34433	0.67	30.1
Bacillus_GCF_003711025.1_spacer_14	virome_phage_913	72.000	50	14	0	9	58	20363	20412	0.008	36.5
Bacillus_GCF_003711025.1_spacer_14	virome_phage_913	74.419	43	11	0	1	43	20364	20406	0.025	34.9
Bacillus_GCF_003711025.1_spacer_14	virome_phage_913	72.093	43	12	0	18	60	20363	20405	0.22	31.7
Bacillus_GCF_003711025.1_spacer_14	virome_phage_913	72.500	40	11	0	1	40	20373	20412	0.67	30.1
Bacillus_GCF_003711025.1_spacer_14	virome_phage_768	72.917	48	13	0	15	62	12501	12548	0.008	36.5
Bacillus_GCF_003711025.1_spacer_14	virome_phage_768	65.574	61	21	0	3	63	12498	12558	0.22	31.7
Bacillus_GCF_003711025.1_spacer_14	virome_phage_2323	66.129	62	21	0	1	62	11134	11073	0.075	33.3
Bacillus_GCF_003711025.1_spacer_14	virome_phage_2323	66.129	62	21	0	1	62	11140	11079	0.075	33.3
Bacillus_GCF_003711025.1_spacer_14	virome_phage_2323	66.129	62	21	0	1	62	11146	11085	0.075	33.3
Bacillus_GCF_003711025.1_spacer_14	virome_phage_2323	67.925	53	17	0	1	53	11110	11058	0.22	31.7
Bacillus_GCF_003711025.1_spacer_14	virome_phage_2323	65.000	60	21	0	1	60	11128	11069	0.67	30.1
Bacillus_GCF_003711025.1_spacer_14	virome_phage_152	76.316	38	9	0	26	63	7623	7586	0.075	33.3
Bacillus_GCF_003711025.1_spacer_14	virome_phage_152	71.429	42	12	0	7	48	7624	7583	0.67	30.1
Bacillus_GCF_003711025.1_spacer_14	virome_phage_857	85.714	28	4	0	14	41	29486	29513	0.075	33.3
Bacillus_GCF_003711025.1_spacer_14	virome_phage_2400	75.000	40	10	0	26	65	14030	14069	0.075	33.3
Bacillus_GCF_003711025.1_spacer_14	virome_phage_831	72.093	43	12	0	19	61	24313	24271	0.22	31.7
Bacillus_GCF_003711025.1_spacer_14	virome_phage_854	82.143	28	5	0	12	39	16649	16622	0.67	30.1
Bacillus_GCF_003711025.1_spacer_14	virome_phage_4	73.684	38	10	0	5	42	34479	34442	0.67	30.1
Bacillus_GCF_003711025.1_spacer_14	virome_phage_2293	68.750	48	15	0	15	62	17792	17745	0.67	30.1
Bacillus_GCF_003711025.1_spacer_14	total_phage_729	84.615	26	4	0	39	64	116225	116250	0.67	30.1
Bacillus_GCF_003711025.1_spacer_15	virome_phage_2314	70.833	48	14	0	8	55	34483	34436	0.056	33.3
Bacillus_GCF_003711025.1_spacer_15	virome_phage_2	91.667	24	2	0	30	53	83009	82986	0.056	33.3
Bacillus_GCF_003711025.1_spacer_15	virome_phage_52	72.093	43	12	0	14	56	44096	44054	0.17	31.7
Bacillus_GCF_003711025.1_spacer_15	virome_phage_51	71.429	42	12	0	12	53	20325	20366	0.50	30.1
Bacillus_GCF_003711025.1_spacer_15	virome_phage_2402	66.071	56	19	0	1	56	5383	5328	0.50	30.1
Bacillus_GCF_003711025.1_spacer_16	virome_phage_913	78.049	41	9	0	3	43	20366	20406	0.001	38.0
Bacillus_GCF_003711025.1_spacer_16	virome_phage_913	78.947	38	8	0	3	40	20375	20412	0.004	36.5
Bacillus_GCF_003711025.1_spacer_16	virome_phage_913	80.000	35	7	0	9	43	20363	20397	0.012	34.9
Bacillus_GCF_003711025.1_spacer_16	virome_phage_2314	78.378	37	8	0	4	40	34469	34433	0.012	34.9
Bacillus_GCF_003711025.1_spacer_16	virome_phage_2314	79.412	34	7	0	12	45	34479	34446	0.037	33.3
Bacillus_GCF_003711025.1_spacer_16	virome_phage_158	76.471	34	8	0	14	47	4676	4643	0.34	30.1
Bacillus_GCF_003711025.1_spacer_17	virome_phage_913	85.294	34	5	0	1	34	20364	20397	2.30e-04	39.6
Bacillus_GCF_003711025.1_spacer_17	virome_phage_913	82.353	34	6	0	1	34	20373	20406	0.002	36.5
Bacillus_GCF_003711025.1_spacer_17	virome_phage_913	80.645	31	6	0	1	31	20382	20412	0.056	31.7
Bacillus_GCF_003711025.1_spacer_17	virome_phage_2314	78.125	32	7	0	1	32	34472	34441	0.17	30.1
Bacillus_GCF_003711025.1_spacer_17	virome_phage_2314	76.471	34	8	0	3	36	34479	34446	0.17	30.1
Bacillus_GCF_003711025.1_spacer_17	total_phage_790	76.471	34	8	0	4	37	66326	66293	0.17	30.1
Bacillus_GCF_003711025.1_spacer_17	virome_phage_844	84.000	25	4	0	7	31	18427	18451	0.50	28.5
Bacillus_GCF_003711025.1_spacer_17	virome_phage_77	81.481	27	5	0	3	29	10708	10734	0.50	28.5
Bacillus_GCF_003711025.1_spacer_17	virome_phage_31	79.310	29	6	0	2	30	32587	32615	0.50	28.5
Bacillus_GCF_003711025.1_spacer_18	virome_phage_2402	75.000	36	9	0	3	38	5381	5346	0.17	30.1
Bacillus_GCF_003711025.1_spacer_18	virome_phage_2282	90.909	22	2	0	6	27	12119	12140	0.17	30.1
Bacillus_GCF_003711025.1_spacer_18	virome_phage_2400	79.310	29	6	0	8	36	14030	14058	0.50	28.5
Bacillus_GCF_003711025.1_spacer_18	virome_phage_177	81.481	27	5	0	5	31	3853	3879	0.50	28.5
Bacillus_GCF_003711025.1_spacer_18	total_phage_729	84.000	25	4	0	5	29	172522	172546	0.50	28.5
Bacillus_GCF_003711025.1_spacer_19	virome_phage_2314	72.549	51	14	0	8	58	34483	34433	0.003	38.0
Bacillus_GCF_003711025.1_spacer_19	virome_phage_2314	68.254	63	20	0	2	64	34498	34436	0.003	38.0
Bacillus_GCF_003711025.1_spacer_19	virome_phage_913	74.419	43	11	0	18	60	20363	20405	0.025	34.9
Bacillus_GCF_003711025.1_spacer_19	virome_phage_913	69.565	46	14	0	3	48	20366	20411	0.67	30.1
Bacillus_GCF_003711025.1_spacer_19	virome_phage_77	77.143	35	8	0	20	54	10698	10732	0.22	31.7
Bacillus_GCF_003711025.1_spacer_19	virome_phage_741	68.000	50	16	0	3	52	22265	22314	0.67	30.1
Bacillus_GCF_003711025.1_spacer_19	virome_phage_52	68.000	50	16	0	14	63	44186	44137	0.67	30.1
Bacillus_GCF_003711025.1_spacer_19	virome_phage_2342	66.071	56	19	0	4	59	19614	19669	0.67	30.1
Bacillus_GCF_003711025.1_spacer_19	virome_phage_1	73.684	38	10	0	28	65	220064	220101	0.67	30.1
Bacillus_GCF_003711025.1_spacer_20	virome_phage_2402	70.455	44	13	0	4	47	5371	5328	0.34	30.1
