Bacillus_GCA_024397295.1_spacer_0	total_phage_729	79.310	29	6	0	2	30	156477	156449	0.38	28.5
Bacillus_GCA_024397295.1_spacer_0	virome_phage_734	86.957	23	3	0	2	24	214591	214613	0.38	28.5
Bacillus_GCA_024397295.1_spacer_0	virome_phage_1033	100.000	17	0	0	1	17	6356	6372	0.38	28.5
Bacillus_GCA_024397295.1_spacer_0	total_phage_92	74.286	35	9	0	1	35	48132	48166	0.38	28.5
Bacillus_GCA_024397295.1_spacer_1	virome_phage_894	94.444	18	1	0	11	28	9461	9444	0.76	26.9
Bacillus_GCA_024397295.1_spacer_1	virome_phage_2254	90.000	20	2	0	14	33	6901	6882	0.76	26.9
Bacillus_GCA_024397295.1_spacer_1	virome_phage_2238	78.571	28	6	0	1	28	63863	63836	0.76	26.9
Bacillus_GCA_024397295.1_spacer_1	virome_phage_779	100.000	16	0	0	13	28	5013	5028	0.76	26.9
Bacillus_GCA_024397295.1_spacer_1	virome_phage_734	80.769	26	5	0	1	26	101627	101652	0.76	26.9
Bacillus_GCA_024397295.1_spacer_1	virome_phage_5	86.364	22	3	0	2	23	39347	39368	0.76	26.9
Bacillus_GCA_024397295.1_spacer_1	virome_phage_39	86.364	22	3	0	11	32	42183	42204	0.76	26.9
Bacillus_GCA_024397295.1_spacer_1	total_phage_934	86.364	22	3	0	10	31	31221	31242	0.76	26.9
Bacillus_GCA_024397295.1_spacer_1	total_phage_500	78.571	28	6	0	1	28	44094	44121	0.76	26.9
Bacillus_GCA_024397295.1_spacer_2	virome_phage_8	84.615	26	4	0	7	32	118399	118374	0.13	30.1
Bacillus_GCA_024397295.1_spacer_2	virome_phage_47	87.500	24	3	0	9	32	22140	22163	0.13	30.1
Bacillus_GCA_024397295.1_spacer_2	virome_phage_47	75.758	33	8	0	1	33	30260	30292	0.38	28.5
Bacillus_GCA_024397295.1_spacer_2	virome_phage_2269	81.481	27	5	0	6	32	31108	31134	0.38	28.5
Bacillus_GCA_024397295.1_spacer_2	total_phage_104	79.310	29	6	0	3	31	651	679	0.38	28.5
Bacillus_GCA_024397295.1_spacer_3	virome_phage_742	87.500	24	3	0	10	33	11416	11393	0.084	30.1
Bacillus_GCA_024397295.1_spacer_3	virome_phage_837	94.737	19	1	0	4	22	24484	24466	0.25	28.5
Bacillus_GCA_024397295.1_spacer_3	virome_phage_123	94.737	19	1	0	4	22	25453	25435	0.25	28.5
Bacillus_GCA_024397295.1_spacer_3	total_phage_935	84.000	25	4	0	6	30	5172	5148	0.25	28.5
Bacillus_GCA_024397295.1_spacer_3	total_phage_363	81.481	27	5	0	1	27	22827	22853	0.25	28.5
Bacillus_GCA_024397295.1_spacer_3	virome_phage_878	90.000	20	2	0	14	33	11422	11403	0.76	26.9
Bacillus_GCA_024397295.1_spacer_3	virome_phage_736	76.667	30	7	0	3	32	124069	124040	0.76	26.9
Bacillus_GCA_024397295.1_spacer_5	virome_phage_25	90.476	21	2	0	3	23	17543	17523	0.25	28.5
Bacillus_GCA_024397295.1_spacer_5	virome_phage_63	78.571	28	6	0	4	31	24816	24843	0.76	26.9
Bacillus_GCA_024397295.1_spacer_6	virome_phage_833	90.476	21	2	0	1	21	18268	18248	0.31	28.5
Bacillus_GCA_024397295.1_spacer_6	virome_phage_73	94.737	19	1	0	11	29	18936	18954	0.31	28.5
Bacillus_GCA_024397295.1_spacer_6	virome_phage_152	81.481	27	5	0	4	30	11538	11512	0.31	28.5
Bacillus_GCA_024397295.1_spacer_6	virome_phage_861	80.769	26	5	0	1	26	16138	16163	0.94	26.9
Bacillus_GCA_024397295.1_spacer_6	virome_phage_70	90.000	20	2	0	2	21	22690	22671	0.94	26.9
Bacillus_GCA_024397295.1_spacer_6	virome_phage_280	80.769	26	5	0	8	33	1370	1345	0.94	26.9
Bacillus_GCA_024397295.1_spacer_6	virome_phage_26	90.000	20	2	0	8	27	5480	5499	0.94	26.9
Bacillus_GCA_024397295.1_spacer_6	virome_phage_235	94.444	18	1	0	8	25	3359	3342	0.94	26.9
Bacillus_GCA_024397295.1_spacer_6	virome_phage_1077	94.444	18	1	0	8	25	4771	4754	0.94	26.9
Bacillus_GCA_024397295.1_spacer_6	total_phage_787	83.333	24	4	0	3	26	1761	1784	0.94	26.9
Bacillus_GCA_024397295.1_spacer_6	total_phage_445	83.333	24	4	0	3	26	21215	21192	0.94	26.9
Bacillus_GCA_024397295.1_spacer_6	total_phage_357	83.333	24	4	0	3	26	22105	22082	0.94	26.9
Bacillus_GCA_024397295.1_spacer_7	virome_phage_833	90.476	21	2	0	1	21	18268	18248	0.31	28.5
Bacillus_GCA_024397295.1_spacer_7	virome_phage_73	94.737	19	1	0	11	29	18936	18954	0.31	28.5
Bacillus_GCA_024397295.1_spacer_7	virome_phage_152	81.481	27	5	0	4	30	11538	11512	0.31	28.5
Bacillus_GCA_024397295.1_spacer_7	virome_phage_861	80.769	26	5	0	1	26	16138	16163	0.94	26.9
Bacillus_GCA_024397295.1_spacer_7	virome_phage_70	90.000	20	2	0	2	21	22690	22671	0.94	26.9
Bacillus_GCA_024397295.1_spacer_7	virome_phage_280	80.769	26	5	0	8	33	1370	1345	0.94	26.9
Bacillus_GCA_024397295.1_spacer_7	virome_phage_26	90.000	20	2	0	8	27	5480	5499	0.94	26.9
Bacillus_GCA_024397295.1_spacer_7	virome_phage_235	94.444	18	1	0	8	25	3359	3342	0.94	26.9
Bacillus_GCA_024397295.1_spacer_7	virome_phage_1077	94.444	18	1	0	8	25	4771	4754	0.94	26.9
Bacillus_GCA_024397295.1_spacer_7	total_phage_787	83.333	24	4	0	3	26	1761	1784	0.94	26.9
Bacillus_GCA_024397295.1_spacer_7	total_phage_445	83.333	24	4	0	3	26	21215	21192	0.94	26.9
Bacillus_GCA_024397295.1_spacer_7	total_phage_357	83.333	24	4	0	3	26	22105	22082	0.94	26.9
Bacillus_GCA_024397295.1_spacer_8	virome_phage_33	81.481	27	5	0	6	32	18185	18211	0.25	28.5
Bacillus_GCA_024397295.1_spacer_8	virome_phage_2343	83.333	24	4	0	3	26	17153	17176	0.76	26.9
Bacillus_GCA_024397295.1_spacer_9	virome_phage_9	78.571	28	6	0	4	31	22941	22968	0.76	26.9
Bacillus_GCA_024397295.1_spacer_9	virome_phage_767	83.333	24	4	0	2	25	38941	38964	0.76	26.9
Bacillus_GCA_024397295.1_spacer_9	virome_phage_1	80.769	26	5	0	1	26	178618	178593	0.76	26.9
Bacillus_GCA_024397295.1_spacer_9	total_phage_786	90.000	20	2	0	3	22	30301	30320	0.76	26.9
Bacillus_GCA_024397295.1_spacer_9	total_phage_729	76.667	30	7	0	4	33	25195	25224	0.76	26.9
Bacillus_GCA_024397295.1_spacer_9	total_phage_239	86.364	22	3	0	11	32	19610	19631	0.76	26.9
Bacillus_GCA_024397295.1_spacer_11	virome_phage_55	90.909	22	2	0	4	25	34072	34093	0.10	30.1
Bacillus_GCA_024397295.1_spacer_11	virome_phage_28	84.000	25	4	0	5	29	46569	46593	0.31	28.5
Bacillus_GCA_024397295.1_spacer_11	virome_phage_752	80.769	26	5	0	3	28	14217	14192	0.94	26.9
Bacillus_GCA_024397295.1_spacer_11	total_phage_92	86.364	22	3	0	9	30	145703	145682	0.94	26.9
Bacillus_GCA_024397295.1_spacer_13	virome_phage_736	79.310	29	6	0	1	29	177066	177094	0.25	28.5
Bacillus_GCA_024397295.1_spacer_13	virome_phage_861	100.000	16	0	0	6	21	1498	1513	0.76	26.9
Bacillus_GCA_024397295.1_spacer_13	virome_phage_12	80.769	26	5	0	8	33	2055	2080	0.76	26.9
Bacillus_GCA_024397295.1_spacer_13	virome_phage_10	83.333	24	4	0	7	30	116878	116901	0.76	26.9
Bacillus_GCA_024397295.1_spacer_13	virome_phage_104	94.444	18	1	0	13	30	3736	3719	0.76	26.9
Bacillus_GCA_024397295.1_spacer_13	total_phage_730	83.333	24	4	0	7	30	70058	70035	0.76	26.9
