Bacillus_GCA_002558015.1_spacer_0	total_phage_233	75.758	33	8	0	3	35	7916	7884	0.38	28.5
Bacillus_GCA_002558015.1_spacer_1	total_phage_729	83.871	31	5	0	3	33	37383	37353	0.004	34.9
Bacillus_GCA_002558015.1_spacer_1	total_phage_739	85.185	27	4	0	8	34	16807	16833	0.035	31.7
Bacillus_GCA_002558015.1_spacer_1	virome_phage_2235	84.615	26	4	0	6	31	11446	11421	0.10	30.1
Bacillus_GCA_002558015.1_spacer_1	virome_phage_914	86.957	23	3	0	10	32	18174	18196	0.31	28.5
Bacillus_GCA_002558015.1_spacer_1	virome_phage_807	79.310	29	6	0	1	29	19255	19283	0.31	28.5
Bacillus_GCA_002558015.1_spacer_1	total_phage_92	86.957	23	3	0	11	33	148802	148824	0.31	28.5
Bacillus_GCA_002558015.1_spacer_1	total_phage_305	79.310	29	6	0	1	29	1931	1959	0.31	28.5
Bacillus_GCA_002558015.1_spacer_1	total_phage_188	86.957	23	3	0	1	23	17179	17201	0.31	28.5
Bacillus_GCA_002558015.1_spacer_1	virome_phage_997	81.481	27	5	0	5	31	10182	10156	0.31	28.5
Bacillus_GCA_002558015.1_spacer_1	virome_phage_997	76.667	30	7	0	3	32	6217	6188	0.94	26.9
Bacillus_GCA_002558015.1_spacer_1	virome_phage_845	84.000	25	4	0	9	33	17401	17377	0.31	28.5
Bacillus_GCA_002558015.1_spacer_1	virome_phage_11	94.737	19	1	0	14	32	29535	29517	0.31	28.5
Bacillus_GCA_002558015.1_spacer_1	virome_phage_798	78.571	28	6	0	1	28	37748	37775	0.94	26.9
Bacillus_GCA_002558015.1_spacer_1	virome_phage_739	86.364	22	3	0	11	32	115874	115895	0.94	26.9
Bacillus_GCA_002558015.1_spacer_1	virome_phage_7	78.571	28	6	0	7	34	88092	88119	0.94	26.9
Bacillus_GCA_002558015.1_spacer_1	virome_phage_7	80.769	26	5	0	6	31	88145	88170	0.94	26.9
Bacillus_GCA_002558015.1_spacer_1	virome_phage_3	94.444	18	1	0	1	18	63870	63887	0.94	26.9
Bacillus_GCA_002558015.1_spacer_1	virome_phage_2322	80.769	26	5	0	2	27	26132	26157	0.94	26.9
Bacillus_GCA_002558015.1_spacer_1	virome_phage_2254	86.364	22	3	0	2	23	92880	92901	0.94	26.9
Bacillus_GCA_002558015.1_spacer_1	virome_phage_2254	73.529	34	9	0	1	34	101683	101650	0.94	26.9
Bacillus_GCA_002558015.1_spacer_1	virome_phage_2238	86.364	22	3	0	2	23	74404	74425	0.94	26.9
Bacillus_GCA_002558015.1_spacer_1	virome_phage_2237	80.769	26	5	0	7	32	12015	12040	0.94	26.9
Bacillus_GCA_002558015.1_spacer_1	virome_phage_1813	75.000	32	8	0	2	33	5946	5977	0.94	26.9
Bacillus_GCA_002558015.1_spacer_1	virome_phage_1770	75.000	32	8	0	2	33	5180	5211	0.94	26.9
Bacillus_GCA_002558015.1_spacer_1	total_phage_653	76.667	30	7	0	4	33	9074	9103	0.94	26.9
Bacillus_GCA_002558015.1_spacer_1	total_phage_500	73.529	34	9	0	1	34	24828	24861	0.94	26.9
Bacillus_GCA_002558015.1_spacer_1	total_phage_500	86.364	22	3	0	2	23	33553	33532	0.94	26.9
Bacillus_GCA_002558015.1_spacer_1	total_phage_231	90.000	20	2	0	8	27	75572	75591	0.94	26.9
Bacillus_GCA_002558015.1_spacer_1	total_phage_231	90.000	20	2	0	5	24	122643	122662	0.94	26.9
Bacillus_GCA_002558015.1_spacer_1	total_phage_113	78.571	28	6	0	1	28	31166	31193	0.94	26.9
Bacillus_GCA_002558015.1_spacer_1	virome_phage_755	80.769	26	5	0	7	32	46529	46504	0.94	26.9
Bacillus_GCA_002558015.1_spacer_1	virome_phage_745	80.769	26	5	0	6	31	2940	2915	0.94	26.9
Bacillus_GCA_002558015.1_spacer_1	virome_phage_744	78.571	28	6	0	4	31	56459	56432	0.94	26.9
Bacillus_GCA_002558015.1_spacer_1	virome_phage_2270	90.000	20	2	0	6	25	37028	37009	0.94	26.9
Bacillus_GCA_002558015.1_spacer_1	virome_phage_2243	80.769	26	5	0	7	32	5770	5745	0.94	26.9
Bacillus_GCA_002558015.1_spacer_1	virome_phage_1217	86.364	22	3	0	2	23	1078	1057	0.94	26.9
Bacillus_GCA_002558015.1_spacer_1	total_phage_644	80.769	26	5	0	7	32	5659	5634	0.94	26.9
Bacillus_GCA_002558015.1_spacer_1	total_phage_487	80.769	26	5	0	7	32	4296	4271	0.94	26.9
Bacillus_GCA_002558015.1_spacer_1	total_phage_483	76.667	30	7	0	4	33	22218	22189	0.94	26.9
Bacillus_GCA_002558015.1_spacer_1	total_phage_296	90.000	20	2	0	15	34	17778	17759	0.94	26.9
Bacillus_GCA_002558015.1_spacer_2	virome_phage_746	86.957	23	3	0	6	28	40159	40181	0.31	28.5
Bacillus_GCA_002558015.1_spacer_2	virome_phage_7	79.310	29	6	0	2	30	46688	46716	0.31	28.5
Bacillus_GCA_002558015.1_spacer_2	virome_phage_17	86.957	23	3	0	12	34	71888	71866	0.31	28.5
Bacillus_GCA_002558015.1_spacer_2	virome_phage_734	86.364	22	3	0	3	24	326056	326077	0.94	26.9
Bacillus_GCA_002558015.1_spacer_2	total_phage_783	86.364	22	3	0	9	30	11399	11420	0.94	26.9
Bacillus_GCA_002558015.1_spacer_2	total_phage_733	83.333	24	4	0	9	32	31960	31983	0.94	26.9
Bacillus_GCA_002558015.1_spacer_2	total_phage_666	73.529	34	9	0	1	34	19090	19123	0.94	26.9
Bacillus_GCA_002558015.1_spacer_2	total_phage_189	83.333	24	4	0	9	32	30352	30375	0.94	26.9
Bacillus_GCA_002558015.1_spacer_2	total_phage_927	80.769	26	5	0	6	31	232294	232269	0.94	26.9
Bacillus_GCA_002558015.1_spacer_2	total_phage_739	90.000	20	2	0	10	29	4867	4848	0.94	26.9
Bacillus_GCA_002558015.1_spacer_2	total_phage_639	73.529	34	9	0	1	34	4931	4898	0.94	26.9
Bacillus_GCA_002558015.1_spacer_2	total_phage_413	75.000	32	8	0	1	32	106986	106955	0.94	26.9
Bacillus_GCA_002558015.1_spacer_2	total_phage_363	86.364	22	3	0	13	34	3030	3009	0.94	26.9
Bacillus_GCA_002558015.1_spacer_2	total_phage_308	83.333	24	4	0	1	24	26495	26472	0.94	26.9
Bacillus_GCA_002558015.1_spacer_3	virome_phage_1	90.476	21	2	0	14	34	199564	199584	0.31	28.5
Bacillus_GCA_002558015.1_spacer_3	virome_phage_2301	80.769	26	5	0	4	29	31207	31182	0.94	26.9
Bacillus_GCA_002558015.1_spacer_5	total_phage_791	75.758	33	8	0	1	33	134	166	0.38	28.5
Bacillus_GCA_002558015.1_spacer_5	total_phage_639	86.957	23	3	0	1	23	11050	11072	0.38	28.5
Bacillus_GCA_002558015.1_spacer_5	total_phage_666	86.957	23	3	0	1	23	12971	12949	0.38	28.5
Bacillus_GCA_002558015.1_spacer_5	total_phage_361	75.758	33	8	0	1	33	39457	39425	0.38	28.5
Bacillus_GCA_002558015.1_spacer_6	total_phage_793	78.125	32	7	0	4	35	1989	1958	0.13	30.1
Bacillus_GCA_002558015.1_spacer_6	total_phage_739	82.143	28	5	0	1	28	11002	10975	0.13	30.1
Bacillus_GCA_002558015.1_spacer_6	total_phage_4	82.143	28	5	0	1	28	5150	5123	0.13	30.1
Bacillus_GCA_002558015.1_spacer_6	virome_phage_2286	77.419	31	7	0	4	34	38298	38268	0.38	28.5
Bacillus_GCA_002558015.1_spacer_6	virome_phage_1	86.957	23	3	0	1	23	138490	138468	0.38	28.5
Bacillus_GCA_002558015.1_spacer_6	total_phage_233	79.310	29	6	0	6	34	28093	28065	0.38	28.5
Bacillus_GCA_002558015.1_spacer_6	virome_phage_28	86.957	23	3	0	1	23	34939	34961	0.38	28.5
Bacillus_GCA_002558015.1_spacer_6	virome_phage_10	77.419	31	7	0	5	35	26920	26950	0.38	28.5
Bacillus_GCA_002558015.1_spacer_7	virome_phage_804	83.333	24	4	0	3	26	20869	20846	0.76	26.9
Bacillus_GCA_002558015.1_spacer_8	virome_phage_824	75.758	33	8	0	1	33	24364	24396	0.38	28.5
Bacillus_GCA_002558015.1_spacer_8	virome_phage_16	90.476	21	2	0	15	35	52412	52432	0.38	28.5
Bacillus_GCA_002558015.1_spacer_9	virome_phage_846	94.737	19	1	0	11	29	2040	2022	0.31	28.5
Bacillus_GCA_002558015.1_spacer_9	total_phage_100	94.737	19	1	0	11	29	19400	19418	0.31	28.5
Bacillus_GCA_002558015.1_spacer_9	total_phage_782	83.333	24	4	0	11	34	14513	14536	0.94	26.9
Bacillus_GCA_002558015.1_spacer_10	virome_phage_739	86.957	23	3	0	10	32	72904	72926	0.31	28.5
Bacillus_GCA_002558015.1_spacer_10	virome_phage_739	84.000	25	4	0	10	34	126080	126056	0.31	28.5
Bacillus_GCA_002558015.1_spacer_10	virome_phage_835	90.000	20	2	0	1	20	6843	6862	0.94	26.9
Bacillus_GCA_002558015.1_spacer_10	virome_phage_50	78.571	28	6	0	1	28	27908	27935	0.94	26.9
Bacillus_GCA_002558015.1_spacer_10	total_phage_638	90.000	20	2	0	1	20	6774	6755	0.94	26.9
Bacillus_GCA_002558015.1_spacer_11	virome_phage_8	73.529	34	9	0	1	34	36285	36252	0.94	26.9
Bacillus_GCA_002558015.1_spacer_11	virome_phage_739	86.364	22	3	0	8	29	75457	75478	0.94	26.9
Bacillus_GCA_002558015.1_spacer_11	virome_phage_1467	86.364	22	3	0	5	26	3457	3478	0.94	26.9
Bacillus_GCA_002558015.1_spacer_11	virome_phage_1446	86.364	22	3	0	5	26	3725	3704	0.94	26.9
Bacillus_GCA_002558015.1_spacer_11	total_phage_237	83.333	24	4	0	1	24	10490	10513	0.94	26.9
Bacillus_GCA_002558015.1_spacer_12	virome_phage_734	90.000	20	2	0	9	28	218155	218136	0.76	26.9
Bacillus_GCA_002558015.1_spacer_12	virome_phage_59	94.444	18	1	0	2	19	1590	1573	0.76	26.9
Bacillus_GCA_002558015.1_spacer_12	virome_phage_1	75.000	32	8	0	2	33	125469	125438	0.76	26.9
Bacillus_GCA_002558015.1_spacer_13	virome_phage_183	84.000	25	4	0	10	34	12209	12185	0.38	28.5
Bacillus_GCA_002558015.1_spacer_13	virome_phage_1033	84.000	25	4	0	10	34	12058	12034	0.38	28.5
Bacillus_GCA_002558015.1_spacer_13	total_phage_231	79.310	29	6	0	7	35	28096	28068	0.38	28.5
Bacillus_GCA_002558015.1_spacer_14	virome_phage_2913	90.000	20	2	0	10	29	2841	2860	0.76	26.9
Bacillus_GCA_002558015.1_spacer_14	virome_phage_2342	75.000	32	8	0	1	32	517	548	0.76	26.9
Bacillus_GCA_002558015.1_spacer_14	virome_phage_815	76.667	30	7	0	1	30	28275	28246	0.76	26.9
Bacillus_GCA_002558015.1_spacer_14	total_phage_111	76.667	30	7	0	1	30	31178	31149	0.76	26.9
Bacillus_GCA_002558015.1_spacer_14	total_phage_111	76.667	30	7	0	1	30	71420	71391	0.76	26.9
Bacillus_GCA_002558015.1_spacer_16	virome_phage_2323	91.304	23	2	0	7	29	19551	19529	0.042	31.7
Bacillus_GCA_002558015.1_spacer_16	virome_phage_734	81.481	27	5	0	5	31	312472	312446	0.38	28.5
Bacillus_GCA_002558015.1_spacer_16	virome_phage_878	79.310	29	6	0	1	29	20622	20650	0.38	28.5
Bacillus_GCA_002558015.1_spacer_17	virome_phage_2237	86.957	23	3	0	1	23	1152	1174	0.38	28.5
Bacillus_GCA_002558015.1_spacer_17	virome_phage_746	84.000	25	4	0	5	29	61025	61001	0.38	28.5
Bacillus_GCA_002558015.1_spacer_17	virome_phage_2243	86.957	23	3	0	1	23	16633	16611	0.38	28.5
Bacillus_GCA_002558015.1_spacer_17	total_phage_644	86.957	23	3	0	1	23	16522	16500	0.38	28.5
Bacillus_GCA_002558015.1_spacer_18	virome_phage_2312	79.310	29	6	0	5	33	29308	29336	0.38	28.5
Bacillus_GCA_002558015.1_spacer_19	total_phage_793	87.500	24	3	0	5	28	31212	31189	0.13	30.1
Bacillus_GCA_002558015.1_spacer_19	total_phage_363	87.500	24	3	0	5	28	24771	24748	0.13	30.1
Bacillus_GCA_002558015.1_spacer_19	total_phage_362	87.500	24	3	0	5	28	34768	34745	0.13	30.1
Bacillus_GCA_002558015.1_spacer_19	virome_phage_745	86.957	23	3	0	7	29	64884	64906	0.38	28.5
Bacillus_GCA_002558015.1_spacer_19	total_phage_605	90.476	21	2	0	8	28	18495	18515	0.38	28.5
Bacillus_GCA_002558015.1_spacer_19	total_phage_526	90.476	21	2	0	8	28	8300	8320	0.38	28.5
