Bacillus_GCF_026786515.1_spacer_0	virome_phage_774	94.737	19	1	0	13	31	36892	36874	0.38	28.5
Bacillus_GCF_026786515.1_spacer_1	virome_phage_758	84.000	25	4	0	3	27	51451	51475	0.31	28.5
Bacillus_GCF_026786515.1_spacer_1	virome_phage_770	90.000	20	2	0	8	27	629	648	0.94	26.9
Bacillus_GCF_026786515.1_spacer_2	virome_phage_26	86.364	22	3	0	9	30	39315	39294	0.94	26.9
Bacillus_GCF_026786515.1_spacer_2	virome_phage_2301	86.364	22	3	0	8	29	28030	28051	0.94	26.9
Bacillus_GCF_026786515.1_spacer_2	virome_phage_2290	94.444	18	1	0	12	29	1299	1282	0.94	26.9
Bacillus_GCF_026786515.1_spacer_3	virome_phage_2599	95.000	20	1	0	1	20	3386	3405	0.084	30.1
Bacillus_GCF_026786515.1_spacer_3	virome_phage_932	90.000	20	2	0	14	33	1527	1508	0.76	26.9
Bacillus_GCF_026786515.1_spacer_4	virome_phage_736	79.310	29	6	0	3	31	137145	137173	0.38	28.5
Bacillus_GCF_026786515.1_spacer_4	virome_phage_2324	84.000	25	4	0	8	32	1036	1012	0.38	28.5
Bacillus_GCF_026786515.1_spacer_5	virome_phage_2269	87.500	24	3	0	2	25	102650	102627	0.084	30.1
Bacillus_GCF_026786515.1_spacer_5	total_phage_358	84.615	26	4	0	1	26	20871	20896	0.084	30.1
Bacillus_GCF_026786515.1_spacer_5	total_phage_244	81.481	27	5	0	3	29	31754	31728	0.25	28.5
Bacillus_GCF_026786515.1_spacer_5	virome_phage_98	86.364	22	3	0	8	29	28435	28456	0.76	26.9
Bacillus_GCF_026786515.1_spacer_5	virome_phage_97	94.444	18	1	0	1	18	4311	4328	0.76	26.9
Bacillus_GCF_026786515.1_spacer_5	virome_phage_900	94.444	18	1	0	1	18	23451	23434	0.76	26.9
Bacillus_GCF_026786515.1_spacer_5	virome_phage_875	78.571	28	6	0	5	32	8975	8948	0.76	26.9
Bacillus_GCF_026786515.1_spacer_5	virome_phage_2235	78.571	28	6	0	1	28	14440	14467	0.76	26.9
Bacillus_GCF_026786515.1_spacer_5	virome_phage_12	78.571	28	6	0	3	30	32085	32058	0.76	26.9
Bacillus_GCF_026786515.1_spacer_6	virome_phage_59	84.000	25	4	0	3	27	38655	38679	0.31	28.5
Bacillus_GCF_026786515.1_spacer_6	virome_phage_751	78.571	28	6	0	7	34	51877	51904	0.94	26.9
Bacillus_GCF_026786515.1_spacer_8	virome_phage_2270	90.000	20	2	0	1	20	144808	144827	0.76	26.9
Bacillus_GCF_026786515.1_spacer_9	virome_phage_785	80.000	30	6	0	4	33	15175	15204	0.084	30.1
Bacillus_GCF_026786515.1_spacer_9	total_phage_479	80.000	30	6	0	1	30	43065	43036	0.084	30.1
Bacillus_GCF_026786515.1_spacer_9	total_phage_247	80.000	30	6	0	1	30	13977	13948	0.084	30.1
Bacillus_GCF_026786515.1_spacer_9	virome_phage_839	81.481	27	5	0	4	30	26301	26275	0.25	28.5
Bacillus_GCF_026786515.1_spacer_9	virome_phage_738	86.364	22	3	0	5	26	22045	22066	0.76	26.9
Bacillus_GCF_026786515.1_spacer_9	virome_phage_2356	90.000	20	2	0	8	27	23352	23371	0.76	26.9
Bacillus_GCF_026786515.1_spacer_9	virome_phage_127	90.000	20	2	0	5	24	211	230	0.76	26.9
Bacillus_GCF_026786515.1_spacer_9	virome_phage_4	86.364	22	3	0	5	26	75031	75010	0.76	26.9
Bacillus_GCF_026786515.1_spacer_11	virome_phage_817	80.769	26	5	0	7	32	6886	6911	0.76	26.9
Bacillus_GCF_026786515.1_spacer_11	virome_phage_815	75.000	32	8	0	1	32	24275	24244	0.76	26.9
Bacillus_GCF_026786515.1_spacer_11	virome_phage_1	83.333	24	4	0	3	26	117729	117752	0.76	26.9
Bacillus_GCF_026786515.1_spacer_11	total_phage_111	75.000	32	8	0	1	32	27178	27147	0.76	26.9
Bacillus_GCF_026786515.1_spacer_11	total_phage_111	75.000	32	8	0	1	32	67420	67389	0.76	26.9
Bacillus_GCF_026786515.1_spacer_12	total_phage_663	86.364	22	3	0	6	27	15006	15027	0.94	26.9
Bacillus_GCF_026786515.1_spacer_12	total_phage_637	86.364	22	3	0	6	27	11740	11761	0.94	26.9
Bacillus_GCF_026786515.1_spacer_13	total_phage_92	77.143	35	8	0	1	35	141263	141297	0.042	31.7
Bacillus_GCF_026786515.1_spacer_15	total_phage_795	88.462	26	3	0	3	28	38205	38180	0.014	33.3
Bacillus_GCF_026786515.1_spacer_15	total_phage_927	84.000	25	4	0	8	32	113930	113954	0.38	28.5
Bacillus_GCF_026786515.1_spacer_16	virome_phage_848	77.419	31	7	0	3	33	8272	8302	0.38	28.5
Bacillus_GCF_026786515.1_spacer_17	virome_phage_835	95.000	20	1	0	1	20	13766	13747	0.13	30.1
Bacillus_GCF_026786515.1_spacer_18	virome_phage_2298	92.308	26	2	0	7	32	760	785	0.001	36.5
Bacillus_GCF_026786515.1_spacer_18	virome_phage_884	91.304	23	2	0	2	24	18956	18934	0.035	31.7
Bacillus_GCF_026786515.1_spacer_18	virome_phage_825	80.000	30	6	0	1	30	9493	9522	0.10	30.1
Bacillus_GCF_026786515.1_spacer_18	virome_phage_792	84.615	26	4	0	9	34	35233	35258	0.10	30.1
Bacillus_GCF_026786515.1_spacer_18	virome_phage_4	78.125	32	7	0	2	33	30434	30465	0.10	30.1
Bacillus_GCF_026786515.1_spacer_18	virome_phage_4	90.000	20	2	0	10	29	108416	108397	0.94	26.9
Bacillus_GCF_026786515.1_spacer_18	virome_phage_738	78.125	32	7	0	2	33	66472	66441	0.10	30.1
Bacillus_GCF_026786515.1_spacer_18	virome_phage_10	84.615	26	4	0	2	27	115360	115335	0.10	30.1
Bacillus_GCF_026786515.1_spacer_18	total_phage_8	78.125	32	7	0	1	32	23454	23423	0.10	30.1
Bacillus_GCF_026786515.1_spacer_18	total_phage_414	78.125	32	7	0	2	33	50380	50349	0.10	30.1
Bacillus_GCF_026786515.1_spacer_18	virome_phage_8	75.758	33	8	0	2	34	118377	118409	0.31	28.5
Bacillus_GCF_026786515.1_spacer_18	virome_phage_745	84.000	25	4	0	3	27	40350	40374	0.31	28.5
Bacillus_GCF_026786515.1_spacer_18	virome_phage_745	84.000	25	4	0	7	31	47239	47263	0.31	28.5
Bacillus_GCF_026786515.1_spacer_18	virome_phage_745	77.419	31	7	0	2	32	3684	3654	0.31	28.5
Bacillus_GCF_026786515.1_spacer_18	virome_phage_2324	90.476	21	2	0	14	34	29619	29639	0.31	28.5
Bacillus_GCF_026786515.1_spacer_18	virome_phage_2314	79.310	29	6	0	1	29	10658	10686	0.31	28.5
Bacillus_GCF_026786515.1_spacer_18	total_phage_232	81.481	27	5	0	5	31	60532	60558	0.31	28.5
Bacillus_GCF_026786515.1_spacer_18	virome_phage_776	79.310	29	6	0	5	33	43587	43559	0.31	28.5
Bacillus_GCF_026786515.1_spacer_18	virome_phage_776	86.364	22	3	0	13	34	28373	28352	0.94	26.9
Bacillus_GCF_026786515.1_spacer_18	virome_phage_88	100.000	16	0	0	2	17	15890	15905	0.94	26.9
Bacillus_GCF_026786515.1_spacer_18	virome_phage_88	78.571	28	6	0	5	32	22725	22698	0.94	26.9
Bacillus_GCF_026786515.1_spacer_18	virome_phage_850	86.364	22	3	0	3	24	10904	10925	0.94	26.9
Bacillus_GCF_026786515.1_spacer_18	virome_phage_800	100.000	16	0	0	2	17	14967	14982	0.94	26.9
Bacillus_GCF_026786515.1_spacer_18	virome_phage_800	78.571	28	6	0	5	32	21802	21775	0.94	26.9
Bacillus_GCF_026786515.1_spacer_18	virome_phage_787	78.571	28	6	0	1	28	3103	3130	0.94	26.9
Bacillus_GCF_026786515.1_spacer_18	virome_phage_25	83.333	24	4	0	8	31	41943	41966	0.94	26.9
Bacillus_GCF_026786515.1_spacer_18	virome_phage_2270	90.000	20	2	0	2	21	86216	86235	0.94	26.9
Bacillus_GCF_026786515.1_spacer_18	virome_phage_2254	75.000	32	8	0	2	33	41410	41441	0.94	26.9
Bacillus_GCF_026786515.1_spacer_18	virome_phage_2239	83.333	24	4	0	5	28	30486	30509	0.94	26.9
Bacillus_GCF_026786515.1_spacer_18	virome_phage_2238	75.000	32	8	0	2	33	22924	22955	0.94	26.9
Bacillus_GCF_026786515.1_spacer_18	virome_phage_1006	76.667	30	7	0	4	33	14697	14726	0.94	26.9
Bacillus_GCF_026786515.1_spacer_18	total_phage_92	76.667	30	7	0	2	31	104252	104281	0.94	26.9
Bacillus_GCF_026786515.1_spacer_18	total_phage_796	78.571	28	6	0	5	32	33035	33062	0.94	26.9
Bacillus_GCF_026786515.1_spacer_18	total_phage_794	90.000	20	2	0	13	32	12379	12398	0.94	26.9
Bacillus_GCF_026786515.1_spacer_18	total_phage_734	83.333	24	4	0	11	34	37916	37939	0.94	26.9
Bacillus_GCF_026786515.1_spacer_18	total_phage_729	78.571	28	6	0	7	34	112879	112906	0.94	26.9
Bacillus_GCF_026786515.1_spacer_18	total_phage_360	80.769	26	5	0	7	32	800	825	0.94	26.9
Bacillus_GCF_026786515.1_spacer_18	total_phage_360	78.571	28	6	0	5	32	32726	32753	0.94	26.9
Bacillus_GCF_026786515.1_spacer_18	total_phage_360	100.000	16	0	0	2	17	38491	38476	0.94	26.9
Bacillus_GCF_026786515.1_spacer_18	total_phage_304	86.364	22	3	0	11	32	13748	13769	0.94	26.9
Bacillus_GCF_026786515.1_spacer_18	total_phage_242	90.000	20	2	0	13	32	26976	26995	0.94	26.9
Bacillus_GCF_026786515.1_spacer_18	virome_phage_908	86.364	22	3	0	2	23	11846	11825	0.94	26.9
Bacillus_GCF_026786515.1_spacer_18	virome_phage_742	90.000	20	2	0	4	23	46209	46190	0.94	26.9
Bacillus_GCF_026786515.1_spacer_18	virome_phage_739	80.769	26	5	0	8	33	117123	117098	0.94	26.9
Bacillus_GCF_026786515.1_spacer_18	virome_phage_2360	78.571	28	6	0	5	32	5038	5011	0.94	26.9
Bacillus_GCF_026786515.1_spacer_18	virome_phage_2353	86.364	22	3	0	1	22	14754	14733	0.94	26.9
Bacillus_GCF_026786515.1_spacer_18	virome_phage_2294	75.000	32	8	0	2	33	25820	25789	0.94	26.9
Bacillus_GCF_026786515.1_spacer_18	total_phage_798	78.571	28	6	0	5	32	5162	5135	0.94	26.9
Bacillus_GCF_026786515.1_spacer_18	total_phage_636	76.667	30	7	0	3	32	17031	17002	0.94	26.9
Bacillus_GCF_026786515.1_spacer_18	total_phage_500	75.000	32	8	0	2	33	85033	85002	0.94	26.9
Bacillus_GCF_026786515.1_spacer_18	total_phage_479	83.333	24	4	0	10	33	36643	36620	0.94	26.9
Bacillus_GCF_026786515.1_spacer_18	total_phage_445	76.667	30	7	0	2	31	29105	29076	0.94	26.9
Bacillus_GCF_026786515.1_spacer_18	total_phage_413	80.769	26	5	0	2	27	100507	100482	0.94	26.9
Bacillus_GCF_026786515.1_spacer_18	total_phage_371	80.769	26	5	0	1	26	4461	4436	0.94	26.9
Bacillus_GCF_026786515.1_spacer_18	total_phage_239	75.000	32	8	0	3	34	14466	14435	0.94	26.9
Bacillus_GCF_026786515.1_spacer_18	total_phage_114	100.000	16	0	0	2	17	39419	39404	0.94	26.9
