Bacillus_GCF_026797415.1_spacer_4	virome_phage_742	87.500	24	3	0	1	24	11393	11416	0.084	30.1
Bacillus_GCF_026797415.1_spacer_4	virome_phage_837	94.737	19	1	0	12	30	24466	24484	0.25	28.5
Bacillus_GCF_026797415.1_spacer_4	virome_phage_123	94.737	19	1	0	12	30	25435	25453	0.25	28.5
Bacillus_GCF_026797415.1_spacer_4	total_phage_935	84.000	25	4	0	4	28	5148	5172	0.25	28.5
Bacillus_GCF_026797415.1_spacer_4	total_phage_363	81.481	27	5	0	7	33	22853	22827	0.25	28.5
Bacillus_GCF_026797415.1_spacer_4	virome_phage_878	90.000	20	2	0	1	20	11403	11422	0.76	26.9
Bacillus_GCF_026797415.1_spacer_4	virome_phage_736	76.667	30	7	0	2	31	124040	124069	0.76	26.9
Bacillus_GCF_026797415.1_spacer_5	virome_phage_8	84.615	26	4	0	4	29	118374	118399	0.13	30.1
Bacillus_GCF_026797415.1_spacer_5	virome_phage_47	87.500	24	3	0	4	27	22163	22140	0.13	30.1
Bacillus_GCF_026797415.1_spacer_5	virome_phage_47	75.758	33	8	0	3	35	30292	30260	0.38	28.5
Bacillus_GCF_026797415.1_spacer_5	virome_phage_2269	81.481	27	5	0	4	30	31134	31108	0.38	28.5
Bacillus_GCF_026797415.1_spacer_5	total_phage_104	79.310	29	6	0	5	33	679	651	0.38	28.5
Bacillus_GCF_026797415.1_spacer_6	virome_phage_884	78.571	28	6	0	6	33	26857	26830	0.94	26.9
Bacillus_GCF_026797415.1_spacer_6	total_phage_115	86.364	22	3	0	7	28	33538	33517	0.94	26.9
Bacillus_GCF_026797415.1_spacer_7	virome_phage_2298	90.476	21	2	0	13	33	6427	6407	0.31	28.5
Bacillus_GCF_026797415.1_spacer_7	total_phage_735	90.476	21	2	0	13	33	5989	5969	0.31	28.5
Bacillus_GCF_026797415.1_spacer_7	total_phage_729	94.444	18	1	0	13	30	36361	36344	0.94	26.9
Bacillus_GCF_026797415.1_spacer_7	total_phage_417	83.333	24	4	0	6	29	6722	6699	0.94	26.9
Bacillus_GCF_026797415.1_spacer_7	total_phage_362	83.333	24	4	0	6	29	18258	18235	0.94	26.9
Bacillus_GCF_026797415.1_spacer_7	virome_phage_2308	90.000	20	2	0	9	28	19723	19742	0.94	26.9
Bacillus_GCF_026797415.1_spacer_7	virome_phage_151	90.000	20	2	0	5	24	6305	6324	0.94	26.9
Bacillus_GCF_026797415.1_spacer_7	total_phage_663	90.000	20	2	0	9	28	28735	28754	0.94	26.9
Bacillus_GCF_026797415.1_spacer_7	total_phage_637	90.000	20	2	0	9	28	25469	25488	0.94	26.9
Bacillus_GCF_026797415.1_spacer_8	virome_phage_18	80.769	26	5	0	4	29	19865	19890	0.76	26.9
Bacillus_GCF_026797415.1_spacer_9	virome_phage_14	90.000	20	2	0	14	33	92745	92726	0.94	26.9
Bacillus_GCF_026797415.1_spacer_9	virome_phage_812	100.000	16	0	0	17	32	23094	23109	0.94	26.9
Bacillus_GCF_026797415.1_spacer_10	virome_phage_8	81.481	27	5	0	6	32	124007	124033	0.31	28.5
Bacillus_GCF_026797415.1_spacer_10	virome_phage_734	90.476	21	2	0	11	31	296994	297014	0.31	28.5
Bacillus_GCF_026797415.1_spacer_10	virome_phage_908	83.333	24	4	0	9	32	1556	1533	0.94	26.9
Bacillus_GCF_026797415.1_spacer_10	virome_phage_748	75.000	32	8	0	1	32	40999	41030	0.94	26.9
Bacillus_GCF_026797415.1_spacer_10	virome_phage_739	86.364	22	3	0	9	30	31965	31986	0.94	26.9
Bacillus_GCF_026797415.1_spacer_10	virome_phage_36	80.769	26	5	0	6	31	12727	12752	0.94	26.9
Bacillus_GCF_026797415.1_spacer_10	virome_phage_2359	86.364	22	3	0	1	22	11681	11660	0.94	26.9
Bacillus_GCF_026797415.1_spacer_10	virome_phage_2270	83.333	24	4	0	2	25	228730	228707	0.94	26.9
Bacillus_GCF_026797415.1_spacer_10	total_phage_92	90.000	20	2	0	2	21	18379	18360	0.94	26.9
Bacillus_GCF_026797415.1_spacer_10	total_phage_733	90.000	20	2	0	4	23	32881	32862	0.94	26.9
Bacillus_GCF_026797415.1_spacer_10	total_phage_692	86.364	22	3	0	5	26	45098	45077	0.94	26.9
Bacillus_GCF_026797415.1_spacer_10	total_phage_658	86.364	22	3	0	5	26	804	825	0.94	26.9
Bacillus_GCF_026797415.1_spacer_10	total_phage_244	83.333	24	4	0	2	25	1484	1507	0.94	26.9
Bacillus_GCF_026797415.1_spacer_10	total_phage_189	90.000	20	2	0	4	23	31273	31254	0.94	26.9
Bacillus_GCF_026797415.1_spacer_10	total_phage_188	76.667	30	7	0	3	32	23	52	0.94	26.9
Bacillus_GCF_026797415.1_spacer_10	total_phage_1	90.000	20	2	0	4	23	33142	33123	0.94	26.9
Bacillus_GCF_026797415.1_spacer_11	total_phage_117	91.304	23	2	0	2	24	3334	3312	0.028	31.7
Bacillus_GCF_026797415.1_spacer_11	virome_phage_5	91.304	23	2	0	3	25	52026	52048	0.028	31.7
Bacillus_GCF_026797415.1_spacer_11	virome_phage_778	86.957	23	3	0	2	24	1453	1431	0.25	28.5
Bacillus_GCF_026797415.1_spacer_11	total_phage_796	86.957	23	3	0	2	24	3718	3696	0.25	28.5
Bacillus_GCF_026797415.1_spacer_11	virome_phage_88	86.957	23	3	0	2	24	10990	11012	0.25	28.5
Bacillus_GCF_026797415.1_spacer_11	virome_phage_800	86.957	23	3	0	2	24	10067	10089	0.25	28.5
Bacillus_GCF_026797415.1_spacer_11	virome_phage_2327	86.957	23	3	0	2	24	9406	9428	0.25	28.5
Bacillus_GCF_026797415.1_spacer_11	total_phage_245	86.957	23	3	0	2	24	26991	27013	0.25	28.5
Bacillus_GCF_026797415.1_spacer_11	total_phage_188	86.957	23	3	0	2	24	39830	39852	0.25	28.5
Bacillus_GCF_026797415.1_spacer_11	virome_phage_859	83.333	24	4	0	8	31	2433	2410	0.76	26.9
Bacillus_GCF_026797415.1_spacer_11	virome_phage_17	83.333	24	4	0	1	24	34320	34297	0.76	26.9
Bacillus_GCF_026797415.1_spacer_11	total_phage_927	86.364	22	3	0	7	28	62246	62225	0.76	26.9
Bacillus_GCF_026797415.1_spacer_11	virome_phage_744	86.364	22	3	0	11	32	55692	55713	0.76	26.9
Bacillus_GCF_026797415.1_spacer_11	virome_phage_738	100.000	16	0	0	11	26	16123	16138	0.76	26.9
Bacillus_GCF_026797415.1_spacer_12	virome_phage_8	86.957	23	3	0	12	34	95958	95980	0.38	28.5
