Bacillus_GCA_002199335.1_spacer_0	virome_phage_9	80.000	30	6	0	6	35	93843	93872	0.19	30.1
Bacillus_GCA_002199335.1_spacer_0	virome_phage_742	94.737	19	1	0	14	32	76353	76371	0.57	28.5
Bacillus_GCA_002199335.1_spacer_1	virome_phage_745	84.375	32	5	0	5	36	27761	27792	0.002	36.5
Bacillus_GCA_002199335.1_spacer_1	virome_phage_745	74.286	35	9	0	3	37	37601	37635	0.57	28.5
Bacillus_GCA_002199335.1_spacer_1	virome_phage_28	87.500	24	3	0	6	29	24644	24667	0.19	30.1
Bacillus_GCA_002199335.1_spacer_1	virome_phage_2322	80.000	30	6	0	7	36	9727	9756	0.19	30.1
Bacillus_GCA_002199335.1_spacer_1	virome_phage_2304	84.615	26	4	0	12	37	4707	4732	0.19	30.1
Bacillus_GCA_002199335.1_spacer_1	virome_phage_1813	76.471	34	8	0	5	38	5959	5992	0.19	30.1
Bacillus_GCA_002199335.1_spacer_1	virome_phage_1770	76.471	34	8	0	5	38	5193	5226	0.19	30.1
Bacillus_GCA_002199335.1_spacer_1	virome_phage_844	90.476	21	2	0	5	25	19754	19774	0.57	28.5
Bacillus_GCA_002199335.1_spacer_1	virome_phage_841	75.758	33	8	0	3	35	31499	31531	0.57	28.5
Bacillus_GCA_002199335.1_spacer_1	virome_phage_824	81.481	27	5	0	10	36	16918	16944	0.57	28.5
Bacillus_GCA_002199335.1_spacer_1	virome_phage_817	79.310	29	6	0	3	31	27888	27916	0.57	28.5
Bacillus_GCA_002199335.1_spacer_1	virome_phage_798	74.286	35	9	0	1	35	33385	33419	0.57	28.5
Bacillus_GCA_002199335.1_spacer_1	virome_phage_770	90.476	21	2	0	12	32	39478	39498	0.57	28.5
Bacillus_GCA_002199335.1_spacer_1	virome_phage_736	94.737	19	1	0	7	25	95203	95221	0.57	28.5
Bacillus_GCA_002199335.1_spacer_1	virome_phage_4	79.310	29	6	0	10	38	21088	21116	0.57	28.5
Bacillus_GCA_002199335.1_spacer_1	virome_phage_2254	75.758	33	8	0	5	37	88781	88813	0.57	28.5
Bacillus_GCA_002199335.1_spacer_1	total_phage_730	86.957	23	3	0	13	35	108599	108621	0.57	28.5
Bacillus_GCA_002199335.1_spacer_1	total_phage_730	79.310	29	6	0	10	38	47427	47399	0.57	28.5
Bacillus_GCA_002199335.1_spacer_1	total_phage_113	74.286	35	9	0	1	35	26803	26837	0.57	28.5
Bacillus_GCA_002199335.1_spacer_1	total_phage_106	72.973	37	10	0	1	37	1908	1944	0.57	28.5
Bacillus_GCA_002199335.1_spacer_1	virome_phage_742	81.481	27	5	0	6	32	8386	8360	0.57	28.5
Bacillus_GCA_002199335.1_spacer_1	virome_phage_739	84.000	25	4	0	14	38	97625	97601	0.57	28.5
Bacillus_GCA_002199335.1_spacer_1	virome_phage_738	79.310	29	6	0	10	38	77255	77227	0.57	28.5
Bacillus_GCA_002199335.1_spacer_1	virome_phage_734	81.481	27	5	0	6	32	248588	248562	0.57	28.5
Bacillus_GCA_002199335.1_spacer_1	virome_phage_7	86.957	23	3	0	8	30	81938	81916	0.57	28.5
Bacillus_GCA_002199335.1_spacer_1	virome_phage_17	77.419	31	7	0	7	37	80050	80020	0.57	28.5
Bacillus_GCA_002199335.1_spacer_1	total_phage_694	90.476	21	2	0	13	33	2602	2582	0.57	28.5
Bacillus_GCA_002199335.1_spacer_2	virome_phage_2254	91.304	23	2	0	2	24	64761	64783	0.028	31.7
Bacillus_GCA_002199335.1_spacer_2	virome_phage_2238	91.304	23	2	0	2	24	46275	46297	0.028	31.7
Bacillus_GCA_002199335.1_spacer_2	total_phage_500	91.304	23	2	0	2	24	61682	61660	0.028	31.7
Bacillus_GCA_002199335.1_spacer_2	total_phage_453	86.957	23	3	0	1	23	21031	21009	0.25	28.5
Bacillus_GCA_002199335.1_spacer_2	virome_phage_939	78.571	28	6	0	5	32	11150	11123	0.76	26.9
Bacillus_GCA_002199335.1_spacer_2	virome_phage_87	75.000	32	8	0	2	33	14438	14407	0.76	26.9
Bacillus_GCA_002199335.1_spacer_2	virome_phage_868	94.444	18	1	0	15	32	13612	13595	0.76	26.9
Bacillus_GCA_002199335.1_spacer_2	virome_phage_846	78.571	28	6	0	4	31	24063	24036	0.76	26.9
Bacillus_GCA_002199335.1_spacer_2	virome_phage_844	90.000	20	2	0	1	20	8863	8844	0.76	26.9
Bacillus_GCA_002199335.1_spacer_2	virome_phage_748	94.444	18	1	0	4	21	9074	9091	0.76	26.9
Bacillus_GCA_002199335.1_spacer_2	virome_phage_738	78.571	28	6	0	4	31	131700	131727	0.76	26.9
Bacillus_GCA_002199335.1_spacer_2	virome_phage_4	78.571	28	6	0	4	31	110220	110193	0.76	26.9
Bacillus_GCA_002199335.1_spacer_2	virome_phage_2339	78.571	28	6	0	4	31	21672	21645	0.76	26.9
Bacillus_GCA_002199335.1_spacer_2	virome_phage_1770	94.444	18	1	0	3	20	1009	992	0.76	26.9
Bacillus_GCA_002199335.1_spacer_2	virome_phage_16	78.571	28	6	0	2	29	27040	27013	0.76	26.9
Bacillus_GCA_002199335.1_spacer_2	total_phage_413	90.000	20	2	0	9	28	39090	39071	0.76	26.9
Bacillus_GCA_002199335.1_spacer_2	total_phage_100	78.571	28	6	0	4	31	34156	34183	0.76	26.9
