Bacillus_GCA_009668165.1_spacer_0	total_phage_413	88.462	26	3	0	1	26	108741	108716	0.009	33.3
Bacillus_GCA_009668165.1_spacer_0	virome_phage_25	86.957	23	3	0	3	25	10708	10730	0.25	28.5
Bacillus_GCA_009668165.1_spacer_0	virome_phage_25	86.957	23	3	0	3	25	10956	10934	0.25	28.5
Bacillus_GCA_009668165.1_spacer_0	total_phage_233	90.476	21	2	0	1	21	48108	48128	0.25	28.5
Bacillus_GCA_009668165.1_spacer_0	virome_phage_748	100.000	17	0	0	8	24	52304	52288	0.25	28.5
Bacillus_GCA_009668165.1_spacer_0	virome_phage_65	90.476	21	2	0	5	25	9145	9125	0.25	28.5
Bacillus_GCA_009668165.1_spacer_0	virome_phage_280	86.957	23	3	0	3	25	2122	2100	0.25	28.5
Bacillus_GCA_009668165.1_spacer_0	virome_phage_2305	84.000	25	4	0	1	25	20543	20519	0.25	28.5
Bacillus_GCA_009668165.1_spacer_0	virome_phage_878	94.444	18	1	0	8	25	1123	1140	0.76	26.9
Bacillus_GCA_009668165.1_spacer_0	virome_phage_734	80.769	26	5	0	1	26	332078	332103	0.76	26.9
Bacillus_GCA_009668165.1_spacer_0	virome_phage_144	86.364	22	3	0	4	25	18048	18069	0.76	26.9
Bacillus_GCA_009668165.1_spacer_0	total_phage_605	100.000	16	0	0	9	24	23291	23306	0.76	26.9
Bacillus_GCA_009668165.1_spacer_0	total_phage_526	100.000	16	0	0	9	24	13096	13111	0.76	26.9
Bacillus_GCA_009668165.1_spacer_0	total_phage_239	90.000	20	2	0	1	20	9867	9886	0.76	26.9
Bacillus_GCA_009668165.1_spacer_0	virome_phage_758	94.444	18	1	0	1	18	10080	10063	0.76	26.9
Bacillus_GCA_009668165.1_spacer_0	virome_phage_738	86.364	22	3	0	3	24	80594	80573	0.76	26.9
Bacillus_GCA_009668165.1_spacer_0	virome_phage_2314	90.000	20	2	0	7	26	9470	9451	0.76	26.9
Bacillus_GCA_009668165.1_spacer_0	virome_phage_2286	83.333	24	4	0	3	26	28393	28370	0.76	26.9
Bacillus_GCA_009668165.1_spacer_0	total_phage_934	83.333	24	4	0	3	26	25049	25026	0.76	26.9
Bacillus_GCA_009668165.1_spacer_1	virome_phage_752	80.769	26	5	0	1	26	11467	11492	0.76	26.9
Bacillus_GCA_009668165.1_spacer_1	virome_phage_734	86.364	22	3	0	1	22	253023	253002	0.76	26.9
Bacillus_GCA_009668165.1_spacer_2	virome_phage_2280	84.000	25	4	0	1	25	4130	4106	0.25	28.5
Bacillus_GCA_009668165.1_spacer_2	total_phage_232	84.000	25	4	0	2	26	72330	72306	0.25	28.5
Bacillus_GCA_009668165.1_spacer_2	virome_phage_824	94.737	19	1	0	5	23	1001	1019	0.25	28.5
Bacillus_GCA_009668165.1_spacer_2	virome_phage_3	94.444	18	1	0	7	24	140223	140240	0.76	26.9
