Bacillus_GCF_001183525.1_spacer_0	virome_phage_734	86.957	23	3	0	13	35	260320	260342	0.38	28.5
Bacillus_GCF_001183525.1_spacer_1	virome_phage_2278	100.000	16	0	0	4	19	15571	15586	0.94	26.9
Bacillus_GCF_001183525.1_spacer_2	virome_phage_2270	84.615	26	4	0	3	28	62627	62652	0.13	30.1
Bacillus_GCF_001183525.1_spacer_4	total_phage_605	90.476	21	2	0	9	29	23714	23734	0.38	28.5
Bacillus_GCF_001183525.1_spacer_4	total_phage_526	90.476	21	2	0	9	29	13519	13539	0.38	28.5
Bacillus_GCF_001183525.1_spacer_5	total_phage_363	91.667	24	2	0	1	24	18256	18279	0.012	33.3
Bacillus_GCF_001183525.1_spacer_5	virome_phage_2294	94.737	19	1	0	6	24	29367	29385	0.31	28.5
Bacillus_GCF_001183525.1_spacer_5	virome_phage_183	81.481	27	5	0	4	30	1176	1202	0.31	28.5
Bacillus_GCF_001183525.1_spacer_5	virome_phage_1033	81.481	27	5	0	4	30	1023	1049	0.31	28.5
Bacillus_GCF_001183525.1_spacer_5	virome_phage_858	80.769	26	5	0	5	30	3328	3353	0.94	26.9
Bacillus_GCF_001183525.1_spacer_5	virome_phage_822	90.000	20	2	0	9	28	34016	34035	0.94	26.9
Bacillus_GCF_001183525.1_spacer_5	virome_phage_760	90.000	20	2	0	8	27	4017	4036	0.94	26.9
Bacillus_GCF_001183525.1_spacer_5	virome_phage_2327	90.000	20	2	0	1	20	18568	18587	0.94	26.9
Bacillus_GCF_001183525.1_spacer_5	virome_phage_2286	83.333	24	4	0	8	31	15304	15327	0.94	26.9
Bacillus_GCF_001183525.1_spacer_5	total_phage_782	86.364	22	3	0	10	31	25026	25047	0.94	26.9
Bacillus_GCF_001183525.1_spacer_5	total_phage_730	94.444	18	1	0	10	27	64294	64311	0.94	26.9
Bacillus_GCF_001183525.1_spacer_5	virome_phage_867	80.769	26	5	0	6	31	28626	28601	0.94	26.9
Bacillus_GCF_001183525.1_spacer_5	virome_phage_833	83.333	24	4	0	2	25	32141	32118	0.94	26.9
Bacillus_GCF_001183525.1_spacer_5	virome_phage_792	86.364	22	3	0	13	34	38805	38784	0.94	26.9
Bacillus_GCF_001183525.1_spacer_5	virome_phage_2297	80.769	26	5	0	5	30	9688	9663	0.94	26.9
Bacillus_GCF_001183525.1_spacer_5	total_phage_99	86.364	22	3	0	10	31	7428	7407	0.94	26.9
Bacillus_GCF_001183525.1_spacer_5	total_phage_930	86.364	22	3	0	10	31	4686	4665	0.94	26.9
Bacillus_GCF_001183525.1_spacer_6	virome_phage_844	85.185	27	4	0	6	32	32023	32049	0.028	31.7
Bacillus_GCF_001183525.1_spacer_6	virome_phage_8	90.909	22	2	0	4	25	34730	34751	0.084	30.1
Bacillus_GCF_001183525.1_spacer_6	virome_phage_8	90.476	21	2	0	4	24	123494	123514	0.25	28.5
Bacillus_GCF_001183525.1_spacer_6	virome_phage_743	84.615	26	4	0	1	26	85557	85532	0.084	30.1
Bacillus_GCF_001183525.1_spacer_6	virome_phage_67	78.125	32	7	0	1	32	4166	4197	0.084	30.1
Bacillus_GCF_001183525.1_spacer_6	virome_phage_66	84.000	25	4	0	7	31	660	684	0.25	28.5
Bacillus_GCF_001183525.1_spacer_6	virome_phage_2325	84.000	25	4	0	6	30	12739	12763	0.25	28.5
Bacillus_GCF_001183525.1_spacer_6	virome_phage_1	86.957	23	3	0	10	32	137931	137953	0.25	28.5
Bacillus_GCF_001183525.1_spacer_6	total_phage_413	77.419	31	7	0	1	31	105565	105595	0.25	28.5
Bacillus_GCF_001183525.1_spacer_6	virome_phage_963	94.444	18	1	0	1	18	7454	7437	0.76	26.9
Bacillus_GCF_001183525.1_spacer_6	virome_phage_739	90.000	20	2	0	12	31	115036	115055	0.76	26.9
Bacillus_GCF_001183525.1_spacer_6	virome_phage_734	78.571	28	6	0	5	32	31196	31223	0.76	26.9
Bacillus_GCF_001183525.1_spacer_6	virome_phage_2400	86.364	22	3	0	3	24	10877	10898	0.76	26.9
Bacillus_GCF_001183525.1_spacer_6	virome_phage_2353	86.364	22	3	0	11	32	21532	21553	0.76	26.9
Bacillus_GCF_001183525.1_spacer_6	virome_phage_2342	80.769	26	5	0	7	32	21488	21513	0.76	26.9
Bacillus_GCF_001183525.1_spacer_6	virome_phage_2239	90.000	20	2	0	4	23	1813	1832	0.76	26.9
Bacillus_GCF_001183525.1_spacer_6	virome_phage_158	86.364	22	3	0	3	24	7835	7814	0.76	26.9
Bacillus_GCF_001183525.1_spacer_6	virome_phage_1061	86.364	22	3	0	3	24	11371	11392	0.76	26.9
Bacillus_GCF_001183525.1_spacer_6	total_phage_804	100.000	16	0	0	17	32	27335	27350	0.76	26.9
Bacillus_GCF_001183525.1_spacer_6	total_phage_800	83.333	24	4	0	3	26	27001	27024	0.76	26.9
Bacillus_GCF_001183525.1_spacer_6	total_phage_793	94.444	18	1	0	4	21	32867	32884	0.76	26.9
Bacillus_GCF_001183525.1_spacer_6	total_phage_737	86.364	22	3	0	3	24	1204	1183	0.76	26.9
Bacillus_GCF_001183525.1_spacer_6	total_phage_729	80.769	26	5	0	7	32	130541	130566	0.76	26.9
Bacillus_GCF_001183525.1_spacer_6	total_phage_604	78.571	28	6	0	5	32	5077	5104	0.76	26.9
Bacillus_GCF_001183525.1_spacer_6	total_phage_600	90.000	20	2	0	7	26	495	476	0.76	26.9
Bacillus_GCF_001183525.1_spacer_6	total_phage_600	100.000	16	0	0	1	16	23611	23626	0.76	26.9
Bacillus_GCF_001183525.1_spacer_6	total_phage_363	83.333	24	4	0	1	24	15109	15132	0.76	26.9
Bacillus_GCF_001183525.1_spacer_6	total_phage_231	83.333	24	4	0	1	24	1760	1737	0.76	26.9
Bacillus_GCF_001183525.1_spacer_6	total_phage_231	83.333	24	4	0	1	24	24011	23988	0.76	26.9
Bacillus_GCF_001183525.1_spacer_7	virome_phage_745	81.481	27	5	0	2	28	66442	66416	0.38	28.5
Bacillus_GCF_001183525.1_spacer_7	virome_phage_36	81.481	27	5	0	7	33	23164	23138	0.38	28.5
Bacillus_GCF_001183525.1_spacer_8	virome_phage_746	84.615	26	4	0	8	33	49521	49546	0.084	30.1
Bacillus_GCF_001183525.1_spacer_8	virome_phage_2280	81.481	27	5	0	7	33	3802	3828	0.25	28.5
Bacillus_GCF_001183525.1_spacer_8	virome_phage_8	83.333	24	4	0	8	31	2483	2460	0.76	26.9
Bacillus_GCF_001183525.1_spacer_8	virome_phage_794	86.364	22	3	0	12	33	6800	6779	0.76	26.9
Bacillus_GCF_001183525.1_spacer_8	total_phage_307	90.000	20	2	0	14	33	13724	13705	0.76	26.9
Bacillus_GCF_001183525.1_spacer_9	virome_phage_857	90.909	22	2	0	7	28	1961	1982	0.10	30.1
Bacillus_GCF_001183525.1_spacer_9	virome_phage_2272	80.769	26	5	0	1	26	65521	65496	0.94	26.9
Bacillus_GCF_001183525.1_spacer_9	virome_phage_14	86.364	22	3	0	4	25	85777	85756	0.94	26.9
Bacillus_GCF_001183525.1_spacer_9	total_phage_604	78.571	28	6	0	5	32	13196	13169	0.94	26.9
Bacillus_GCF_001183525.1_spacer_9	total_phage_525	78.571	28	6	0	5	32	2503	2476	0.94	26.9
Bacillus_GCF_001183525.1_spacer_10	virome_phage_734	87.500	24	3	0	12	35	214042	214019	0.15	30.1
Bacillus_GCF_001183525.1_spacer_10	virome_phage_96	100.000	17	0	0	18	34	20049	20033	0.44	28.5
Bacillus_GCF_001183525.1_spacer_10	virome_phage_2272	94.737	19	1	0	10	28	13665	13683	0.44	28.5
Bacillus_GCF_001183525.1_spacer_11	virome_phage_76	79.310	29	6	0	3	31	27310	27282	0.25	28.5
Bacillus_GCF_001183525.1_spacer_11	total_phage_731	90.000	20	2	0	1	20	40182	40201	0.76	26.9
Bacillus_GCF_001183525.1_spacer_11	total_phage_299	90.000	20	2	0	3	22	19765	19746	0.76	26.9
Bacillus_GCF_001183525.1_spacer_12	virome_phage_742	87.500	24	3	0	1	24	11393	11416	0.084	30.1
Bacillus_GCF_001183525.1_spacer_12	virome_phage_837	94.737	19	1	0	12	30	24466	24484	0.25	28.5
Bacillus_GCF_001183525.1_spacer_12	virome_phage_123	94.737	19	1	0	12	30	25435	25453	0.25	28.5
Bacillus_GCF_001183525.1_spacer_12	total_phage_935	84.000	25	4	0	4	28	5148	5172	0.25	28.5
Bacillus_GCF_001183525.1_spacer_12	total_phage_363	81.481	27	5	0	7	33	22853	22827	0.25	28.5
Bacillus_GCF_001183525.1_spacer_12	virome_phage_878	90.000	20	2	0	1	20	11403	11422	0.76	26.9
Bacillus_GCF_001183525.1_spacer_12	virome_phage_736	76.667	30	7	0	2	31	124040	124069	0.76	26.9
Bacillus_GCF_001183525.1_spacer_13	virome_phage_8	84.615	26	4	0	4	29	118374	118399	0.13	30.1
Bacillus_GCF_001183525.1_spacer_13	virome_phage_47	87.500	24	3	0	4	27	22163	22140	0.13	30.1
Bacillus_GCF_001183525.1_spacer_13	virome_phage_47	75.758	33	8	0	3	35	30292	30260	0.38	28.5
Bacillus_GCF_001183525.1_spacer_13	virome_phage_2269	81.481	27	5	0	4	30	31134	31108	0.38	28.5
Bacillus_GCF_001183525.1_spacer_13	total_phage_104	79.310	29	6	0	5	33	679	651	0.38	28.5
Bacillus_GCF_001183525.1_spacer_14	virome_phage_8	90.476	21	2	0	2	22	11320	11340	0.38	28.5
Bacillus_GCF_001183525.1_spacer_15	virome_phage_824	78.125	32	7	0	1	32	36282	36313	0.10	30.1
Bacillus_GCF_001183525.1_spacer_15	virome_phage_10	84.000	25	4	0	8	32	54183	54159	0.31	28.5
Bacillus_GCF_001183525.1_spacer_15	virome_phage_46	84.000	25	4	0	4	28	177	201	0.31	28.5
Bacillus_GCF_001183525.1_spacer_15	virome_phage_28	79.310	29	6	0	4	32	16669	16697	0.31	28.5
Bacillus_GCF_001183525.1_spacer_15	total_phage_730	84.000	25	4	0	8	32	132545	132569	0.31	28.5
Bacillus_GCF_001183525.1_spacer_15	virome_phage_739	86.364	22	3	0	7	28	72502	72481	0.94	26.9
Bacillus_GCF_001183525.1_spacer_15	virome_phage_2280	83.333	24	4	0	2	25	54390	54367	0.94	26.9
Bacillus_GCF_001183525.1_spacer_15	virome_phage_2	86.364	22	3	0	11	32	70480	70459	0.94	26.9
Bacillus_GCF_001183525.1_spacer_15	virome_phage_191	78.571	28	6	0	1	28	12639	12612	0.94	26.9
Bacillus_GCF_001183525.1_spacer_15	total_phage_254	78.571	28	6	0	1	28	12555	12528	0.94	26.9
Bacillus_GCF_001183525.1_spacer_15	virome_phage_868	90.000	20	2	0	2	21	12153	12172	0.94	26.9
Bacillus_GCF_001183525.1_spacer_15	virome_phage_767	75.000	32	8	0	1	32	46027	46058	0.94	26.9
Bacillus_GCF_001183525.1_spacer_15	total_phage_636	100.000	16	0	0	1	16	25674	25689	0.94	26.9
Bacillus_GCF_001183525.1_spacer_16	virome_phage_8	90.476	21	2	0	2	22	11320	11340	0.38	28.5
Bacillus_GCF_001183525.1_spacer_17	virome_phage_825	84.000	25	4	0	1	25	27625	27601	0.31	28.5
Bacillus_GCF_001183525.1_spacer_17	virome_phage_860	83.333	24	4	0	4	27	18121	18098	0.94	26.9
Bacillus_GCF_001183525.1_spacer_17	virome_phage_22	83.333	24	4	0	7	30	19790	19767	0.94	26.9
Bacillus_GCF_001183525.1_spacer_17	virome_phage_761	90.000	20	2	0	4	23	22926	22945	0.94	26.9
