Bacillus_GCA_007293315.1_spacer_0	virome_phage_3	94.444	18	1	0	8	25	144141	144124	0.94	26.9
Bacillus_GCA_007293315.1_spacer_1	virome_phage_736	74.286	35	9	0	1	35	130989	130955	0.38	28.5
Bacillus_GCA_007293315.1_spacer_2	total_phage_362	80.769	26	5	0	1	26	51797	51772	0.76	26.9
Bacillus_GCA_007293315.1_spacer_2	virome_phage_7	90.000	20	2	0	6	25	32267	32286	0.76	26.9
Bacillus_GCA_007293315.1_spacer_2	total_phage_175	80.769	26	5	0	1	26	331	356	0.76	26.9
Bacillus_GCA_007293315.1_spacer_3	virome_phage_736	74.286	35	9	0	1	35	130989	130955	0.38	28.5
Bacillus_GCA_007293315.1_spacer_4	virome_phage_2314	95.238	21	1	0	1	21	14619	14639	0.035	31.7
Bacillus_GCA_007293315.1_spacer_4	total_phage_927	78.571	28	6	0	6	33	141714	141687	0.94	26.9
Bacillus_GCA_007293315.1_spacer_4	virome_phage_33	86.364	22	3	0	9	30	6543	6564	0.94	26.9
Bacillus_GCA_007293315.1_spacer_5	virome_phage_739	90.476	21	2	0	6	26	40786	40806	0.38	28.5
Bacillus_GCA_007293315.1_spacer_5	virome_phage_739	84.000	25	4	0	6	30	108230	108206	0.38	28.5
