Bacillus_GCF_013267775.1_spacer_0	total_phage_92	90.476	21	2	0	15	35	21501	21521	0.44	28.5
Bacillus_GCF_013267775.1_spacer_0	total_phage_231	90.476	21	2	0	15	35	5282	5302	0.44	28.5
Bacillus_GCF_013267775.1_spacer_0	virome_phage_181	86.957	23	3	0	14	36	5572	5550	0.44	28.5
Bacillus_GCF_013267775.1_spacer_0	total_phage_18	86.957	23	3	0	14	36	5675	5653	0.44	28.5
Bacillus_GCF_013267775.1_spacer_1	virome_phage_1033	82.143	28	5	0	4	31	37	64	0.10	30.1
Bacillus_GCF_013267775.1_spacer_1	virome_phage_2275	77.419	31	7	0	3	33	22389	22419	0.31	28.5
Bacillus_GCF_013267775.1_spacer_1	virome_phage_734	83.333	24	4	0	1	24	152215	152192	0.94	26.9
Bacillus_GCF_013267775.1_spacer_1	virome_phage_2325	83.333	24	4	0	2	25	13998	13975	0.94	26.9
Bacillus_GCF_013267775.1_spacer_1	virome_phage_183	80.769	26	5	0	6	31	16385	16360	0.94	26.9
Bacillus_GCF_013267775.1_spacer_1	total_phage_927	86.364	22	3	0	2	23	123293	123314	0.94	26.9
Bacillus_GCF_013267775.1_spacer_1	total_phage_92	83.333	24	4	0	2	25	134295	134318	0.94	26.9
Bacillus_GCF_013267775.1_spacer_2	virome_phage_824	87.500	24	3	0	14	37	13341	13364	0.15	30.1
Bacillus_GCF_013267775.1_spacer_2	total_phage_92	87.500	24	3	0	8	31	144186	144209	0.15	30.1
Bacillus_GCF_013267775.1_spacer_2	total_phage_123	76.471	34	8	0	3	36	18403	18370	0.15	30.1
Bacillus_GCF_013267775.1_spacer_2	virome_phage_771	81.481	27	5	0	9	35	13115	13089	0.44	28.5
Bacillus_GCF_013267775.1_spacer_2	virome_phage_752	100.000	17	0	0	4	20	30230	30214	0.44	28.5
Bacillus_GCF_013267775.1_spacer_2	virome_phage_742	81.481	27	5	0	1	27	95560	95586	0.44	28.5
Bacillus_GCF_013267775.1_spacer_2	virome_phage_2269	94.737	19	1	0	19	37	6588	6570	0.44	28.5
