Bacillus_GCF_002998165.1_spacer_0	virome_phage_748	75.758	33	8	0	2	34	67303	67335	0.69	28.5
Bacillus_GCF_002998165.1_spacer_0	virome_phage_815	86.957	23	3	0	19	41	12374	12352	0.69	28.5
Bacillus_GCF_002998165.1_spacer_0	total_phage_111	86.957	23	3	0	19	41	15277	15255	0.69	28.5
Bacillus_GCF_002998165.1_spacer_0	total_phage_111	86.957	23	3	0	19	41	55519	55497	0.69	28.5
Bacillus_GCF_002998165.1_spacer_1	virome_phage_5	80.645	31	6	0	6	36	79185	79215	0.084	31.7
Bacillus_GCF_002998165.1_spacer_1	virome_phage_794	73.684	38	10	0	5	42	37112	37075	0.25	30.1
Bacillus_GCF_002998165.1_spacer_1	total_phage_116	80.000	30	6	0	1	30	35207	35178	0.25	30.1
Bacillus_GCF_002998165.1_spacer_1	virome_phage_59	86.957	23	3	0	20	42	36341	36319	0.76	28.5
Bacillus_GCF_002998165.1_spacer_1	virome_phage_1770	79.310	29	6	0	14	42	5542	5514	0.76	28.5
Bacillus_GCF_002998165.1_spacer_1	total_phage_790	100.000	17	0	0	2	18	68789	68805	0.76	28.5
Bacillus_GCF_002998165.1_spacer_2	virome_phage_745	87.500	24	3	0	10	33	76769	76792	0.21	30.1
Bacillus_GCF_002998165.1_spacer_2	virome_phage_2353	77.419	31	7	0	4	34	12842	12872	0.63	28.5
Bacillus_GCF_002998165.1_spacer_2	virome_phage_127	77.419	31	7	0	4	34	3704	3734	0.63	28.5
Bacillus_GCF_002998165.1_spacer_2	total_phage_804	77.419	31	7	0	4	34	16648	16678	0.63	28.5
Bacillus_GCF_002998165.1_spacer_3	virome_phage_783	100.000	17	0	0	18	34	35993	36009	0.31	28.5
Bacillus_GCF_002998165.1_spacer_4	virome_phage_735	94.737	19	1	0	15	33	65876	65858	0.38	28.5
Bacillus_GCF_002998165.1_spacer_4	virome_phage_2270	86.957	23	3	0	5	27	87232	87210	0.38	28.5
Bacillus_GCF_002998165.1_spacer_5	virome_phage_25	88.000	25	3	0	7	31	16564	16540	0.035	31.7
Bacillus_GCF_002998165.1_spacer_5	virome_phage_735	90.000	20	2	0	9	28	68865	68846	0.94	26.9
Bacillus_GCF_002998165.1_spacer_5	virome_phage_1131	86.364	22	3	0	8	29	7497	7518	0.94	26.9
