Bacillus_GCF_018741545.1_spacer_0	virome_phage_145	81.818	33	6	0	12	44	17541	17573	0.010	34.9
Bacillus_GCF_018741545.1_spacer_0	virome_phage_145	73.171	41	11	0	1	41	17566	17606	0.091	31.7
Bacillus_GCF_018741545.1_spacer_0	virome_phage_824	72.727	44	12	0	1	44	11817	11774	0.030	33.3
Bacillus_GCF_018741545.1_spacer_0	virome_phage_824	75.758	33	8	0	12	44	11797	11765	0.82	28.5
Bacillus_GCF_018741545.1_spacer_0	virome_phage_2368	73.171	41	11	0	1	41	3386	3346	0.091	31.7
Bacillus_GCF_018741545.1_spacer_0	virome_phage_2368	78.788	33	7	0	12	44	3411	3379	0.091	31.7
Bacillus_GCF_018741545.1_spacer_0	virome_phage_2342	70.455	44	13	0	1	44	19615	19658	0.27	30.1
Bacillus_GCF_018741545.1_spacer_0	virome_phage_2254	77.419	31	7	0	13	43	99178	99148	0.82	28.5
Bacillus_GCF_018741545.1_spacer_0	virome_phage_2238	77.419	31	7	0	13	43	80624	80594	0.82	28.5
Bacillus_GCF_018741545.1_spacer_0	total_phage_500	77.419	31	7	0	13	43	27333	27363	0.82	28.5
Bacillus_GCF_018741545.1_spacer_1	virome_phage_824	73.585	53	14	0	1	53	11817	11765	2.02e-04	41.2
Bacillus_GCF_018741545.1_spacer_1	virome_phage_2368	71.698	53	15	0	1	53	1121	1069	0.002	38.0
Bacillus_GCF_018741545.1_spacer_1	virome_phage_2368	81.818	33	6	0	12	44	3411	3379	0.016	34.9
Bacillus_GCF_018741545.1_spacer_1	virome_phage_1	71.739	46	13	0	1	46	220932	220977	0.049	33.3
Bacillus_GCF_018741545.1_spacer_1	virome_phage_2254	80.645	31	6	0	13	43	99178	99148	0.15	31.7
Bacillus_GCF_018741545.1_spacer_1	virome_phage_2238	80.645	31	6	0	13	43	80624	80594	0.15	31.7
Bacillus_GCF_018741545.1_spacer_1	virome_phage_145	78.788	33	7	0	12	44	17541	17573	0.15	31.7
Bacillus_GCF_018741545.1_spacer_1	total_phage_500	80.645	31	6	0	13	43	27333	27363	0.15	31.7
Bacillus_GCF_018741545.1_spacer_1	virome_phage_2342	70.455	44	13	0	1	44	19615	19658	0.44	30.1
Bacillus_GCF_018741545.1_spacer_2	virome_phage_145	78.788	33	7	0	12	44	17541	17573	0.091	31.7
Bacillus_GCF_018741545.1_spacer_2	virome_phage_145	72.973	37	10	0	1	37	17566	17602	0.82	28.5
Bacillus_GCF_018741545.1_spacer_2	virome_phage_2342	70.455	44	13	0	1	44	19615	19658	0.27	30.1
Bacillus_GCF_018741545.1_spacer_2	virome_phage_824	70.455	44	13	0	1	44	11817	11774	0.27	30.1
Bacillus_GCF_018741545.1_spacer_2	virome_phage_780	84.000	25	4	0	17	41	35995	36019	0.82	28.5
Bacillus_GCF_018741545.1_spacer_2	virome_phage_786	79.310	29	6	0	13	41	34642	34614	0.82	28.5
Bacillus_GCF_018741545.1_spacer_2	virome_phage_2368	72.973	37	10	0	1	37	3386	3350	0.82	28.5
Bacillus_GCF_018741545.1_spacer_2	virome_phage_2368	75.758	33	8	0	12	44	3411	3379	0.82	28.5
Bacillus_GCF_018741545.1_spacer_3	virome_phage_145	81.818	33	6	0	12	44	17541	17573	0.010	34.9
Bacillus_GCF_018741545.1_spacer_3	virome_phage_145	73.171	41	11	0	1	41	17566	17606	0.091	31.7
Bacillus_GCF_018741545.1_spacer_3	virome_phage_824	72.727	44	12	0	1	44	11817	11774	0.030	33.3
Bacillus_GCF_018741545.1_spacer_3	virome_phage_824	75.758	33	8	0	12	44	11797	11765	0.82	28.5
Bacillus_GCF_018741545.1_spacer_3	virome_phage_2368	73.171	41	11	0	1	41	3386	3346	0.091	31.7
Bacillus_GCF_018741545.1_spacer_3	virome_phage_2368	78.788	33	7	0	12	44	3411	3379	0.091	31.7
Bacillus_GCF_018741545.1_spacer_3	virome_phage_2342	70.455	44	13	0	1	44	19615	19658	0.27	30.1
Bacillus_GCF_018741545.1_spacer_3	virome_phage_2254	77.419	31	7	0	13	43	99178	99148	0.82	28.5
Bacillus_GCF_018741545.1_spacer_3	virome_phage_2238	77.419	31	7	0	13	43	80624	80594	0.82	28.5
Bacillus_GCF_018741545.1_spacer_3	total_phage_500	77.419	31	7	0	13	43	27333	27363	0.82	28.5
Bacillus_GCF_018741545.1_spacer_4	virome_phage_824	75.000	44	11	0	1	44	11817	11774	0.003	36.5
Bacillus_GCF_018741545.1_spacer_4	virome_phage_2368	78.788	33	7	0	12	44	3411	3379	0.091	31.7
Bacillus_GCF_018741545.1_spacer_4	virome_phage_2368	70.732	41	12	0	1	41	3386	3346	0.82	28.5
Bacillus_GCF_018741545.1_spacer_4	total_phage_500	82.143	28	5	0	13	40	27333	27360	0.27	30.1
Bacillus_GCF_018741545.1_spacer_4	virome_phage_786	80.000	30	6	0	13	42	34642	34613	0.27	30.1
Bacillus_GCF_018741545.1_spacer_4	virome_phage_2254	82.143	28	5	0	13	40	99178	99151	0.27	30.1
Bacillus_GCF_018741545.1_spacer_4	virome_phage_2238	82.143	28	5	0	13	40	80624	80597	0.27	30.1
Bacillus_GCF_018741545.1_spacer_4	virome_phage_145	75.758	33	8	0	12	44	17541	17573	0.82	28.5
Bacillus_GCF_018741545.1_spacer_4	virome_phage_145	70.732	41	12	0	1	41	17566	17606	0.82	28.5
Bacillus_GCF_018741545.1_spacer_4	virome_phage_52	75.758	33	8	0	1	33	44087	44055	0.82	28.5
Bacillus_GCF_018741545.1_spacer_5	virome_phage_2368	81.818	33	6	0	3	35	3411	3379	0.005	34.9
Bacillus_GCF_018741545.1_spacer_5	virome_phage_2254	80.645	31	6	0	4	34	99178	99148	0.042	31.7
Bacillus_GCF_018741545.1_spacer_5	virome_phage_2238	80.645	31	6	0	4	34	80624	80594	0.042	31.7
Bacillus_GCF_018741545.1_spacer_5	virome_phage_145	78.788	33	7	0	3	35	17541	17573	0.042	31.7
Bacillus_GCF_018741545.1_spacer_5	total_phage_500	80.645	31	6	0	4	34	27333	27363	0.042	31.7
Bacillus_GCF_018741545.1_spacer_5	virome_phage_824	75.758	33	8	0	3	35	11806	11774	0.38	28.5
Bacillus_GCF_018741545.1_spacer_5	virome_phage_786	86.957	23	3	0	4	26	34642	34620	0.38	28.5
Bacillus_GCF_018741545.1_spacer_6	virome_phage_824	75.000	44	11	0	1	44	11817	11774	0.003	36.5
Bacillus_GCF_018741545.1_spacer_6	virome_phage_824	75.758	33	8	0	12	44	11797	11765	0.82	28.5
Bacillus_GCF_018741545.1_spacer_6	virome_phage_52	78.788	33	7	0	1	33	44087	44055	0.091	31.7
Bacillus_GCF_018741545.1_spacer_6	virome_phage_2368	78.788	33	7	0	12	44	3411	3379	0.091	31.7
Bacillus_GCF_018741545.1_spacer_6	virome_phage_2368	76.471	34	8	0	1	34	1121	1088	0.27	30.1
Bacillus_GCF_018741545.1_spacer_6	virome_phage_145	75.758	33	8	0	12	44	17541	17573	0.82	28.5
Bacillus_GCF_018741545.1_spacer_8	virome_phage_786	86.957	23	3	0	4	26	34642	34620	0.25	28.5
Bacillus_GCF_018741545.1_spacer_8	virome_phage_772	94.444	18	1	0	9	26	19474	19457	0.76	26.9
Bacillus_GCF_018741545.1_spacer_9	virome_phage_786	86.207	29	4	0	22	50	35017	34989	0.016	34.9
Bacillus_GCF_018741545.1_spacer_9	virome_phage_786	80.000	30	6	0	21	50	34652	34623	0.44	30.1
Bacillus_GCF_018741545.1_spacer_9	virome_phage_52	70.588	51	15	0	3	53	44130	44080	0.016	34.9
Bacillus_GCF_018741545.1_spacer_9	virome_phage_2368	70.000	50	15	0	4	53	1118	1069	0.049	33.3
Bacillus_GCF_018741545.1_spacer_9	virome_phage_2368	73.684	38	10	0	13	50	1127	1090	0.44	30.1
Bacillus_GCF_018741545.1_spacer_9	virome_phage_14	70.000	50	15	0	1	50	31497	31448	0.049	33.3
Bacillus_GCF_018741545.1_spacer_9	virome_phage_824	78.788	33	7	0	1	33	11808	11776	0.15	31.7
Bacillus_GCF_018741545.1_spacer_9	virome_phage_824	67.925	53	17	0	1	53	11862	11810	0.15	31.7
Bacillus_GCF_018741545.1_spacer_9	virome_phage_2382	68.627	51	16	0	3	53	7015	6965	0.15	31.7
Bacillus_GCF_018741545.1_spacer_10	virome_phage_1	75.000	44	11	0	1	44	220545	220588	0.003	36.5
Bacillus_GCF_018741545.1_spacer_10	virome_phage_1	80.645	31	6	0	1	31	218082	218112	0.091	31.7
Bacillus_GCF_018741545.1_spacer_10	virome_phage_1	74.286	35	9	0	1	35	220230	220264	0.82	28.5
Bacillus_GCF_018741545.1_spacer_10	virome_phage_145	75.610	41	10	0	1	41	17512	17552	0.010	34.9
Bacillus_GCF_018741545.1_spacer_10	virome_phage_145	81.818	33	6	0	1	33	17575	17607	0.010	34.9
Bacillus_GCF_018741545.1_spacer_10	virome_phage_145	75.758	33	8	0	1	33	17644	17676	0.82	28.5
Bacillus_GCF_018741545.1_spacer_10	virome_phage_2368	81.818	33	6	0	1	33	3377	3345	0.010	34.9
Bacillus_GCF_018741545.1_spacer_10	virome_phage_2368	73.171	41	11	0	1	41	3440	3400	0.091	31.7
Bacillus_GCF_018741545.1_spacer_10	virome_phage_2368	77.419	31	7	0	4	34	1118	1088	0.82	28.5
Bacillus_GCF_018741545.1_spacer_10	virome_phage_779	85.185	27	4	0	2	28	20287	20261	0.091	31.7
Bacillus_GCF_018741545.1_spacer_10	virome_phage_14	77.143	35	8	0	1	35	31497	31463	0.091	31.7
Bacillus_GCF_018741545.1_spacer_10	virome_phage_955	76.471	34	8	0	9	42	9597	9630	0.27	30.1
Bacillus_GCF_018741545.1_spacer_10	virome_phage_949	76.471	34	8	0	9	42	10008	10041	0.27	30.1
Bacillus_GCF_018741545.1_spacer_10	virome_phage_154	76.471	34	8	0	9	42	9780	9813	0.27	30.1
Bacillus_GCF_018741545.1_spacer_10	virome_phage_1279	73.684	38	10	0	1	38	3524	3561	0.27	30.1
Bacillus_GCF_018741545.1_spacer_10	virome_phage_824	70.455	44	13	0	1	44	11808	11765	0.27	30.1
Bacillus_GCF_018741545.1_spacer_10	virome_phage_786	95.000	20	1	0	22	41	35017	34998	0.27	30.1
Bacillus_GCF_018741545.1_spacer_10	virome_phage_98	77.419	31	7	0	13	43	29308	29338	0.82	28.5
Bacillus_GCF_018741545.1_spacer_10	virome_phage_881	70.732	41	12	0	1	41	2125	2085	0.82	28.5
Bacillus_GCF_018741545.1_spacer_10	virome_phage_864	75.758	33	8	0	3	35	4156	4124	0.82	28.5
Bacillus_GCF_018741545.1_spacer_10	virome_phage_2329	94.737	19	1	0	1	19	27641	27623	0.82	28.5
Bacillus_GCF_018741545.1_spacer_10	virome_phage_2270	81.481	27	5	0	8	34	67840	67814	0.82	28.5
Bacillus_GCF_018741545.1_spacer_11	virome_phage_2382	76.190	42	10	0	12	53	7477	7436	0.005	36.5
Bacillus_GCF_018741545.1_spacer_11	virome_phage_786	86.207	29	4	0	22	50	35017	34989	0.016	34.9
Bacillus_GCF_018741545.1_spacer_11	virome_phage_52	70.588	51	15	0	3	53	44130	44080	0.016	34.9
Bacillus_GCF_018741545.1_spacer_11	virome_phage_14	70.000	50	15	0	1	50	31497	31448	0.049	33.3
Bacillus_GCF_018741545.1_spacer_11	virome_phage_824	78.788	33	7	0	1	33	11808	11776	0.15	31.7
Bacillus_GCF_018741545.1_spacer_11	virome_phage_2368	78.788	33	7	0	1	33	3308	3276	0.15	31.7
Bacillus_GCF_018741545.1_spacer_11	virome_phage_2368	72.093	43	12	0	1	43	3440	3398	0.15	31.7
Bacillus_GCF_018741545.1_spacer_11	virome_phage_2368	73.684	38	10	0	13	50	1127	1090	0.44	30.1
Bacillus_GCF_018741545.1_spacer_11	virome_phage_145	73.171	41	11	0	1	41	17512	17552	0.15	31.7
Bacillus_GCF_018741545.1_spacer_12	virome_phage_71	94.444	18	1	0	4	21	29028	29045	0.76	26.9
Bacillus_GCF_018741545.1_spacer_12	virome_phage_786	86.364	22	3	0	2	23	35019	34998	0.76	26.9
Bacillus_GCF_018741545.1_spacer_13	virome_phage_2368	76.744	43	10	0	2	44	3421	3379	0.001	38.0
Bacillus_GCF_018741545.1_spacer_13	virome_phage_2368	77.419	31	7	0	4	34	1118	1088	0.82	28.5
Bacillus_GCF_018741545.1_spacer_13	virome_phage_2368	75.758	33	8	0	1	33	3377	3345	0.82	28.5
Bacillus_GCF_018741545.1_spacer_13	virome_phage_824	75.000	44	11	0	1	44	11853	11810	0.003	36.5
Bacillus_GCF_018741545.1_spacer_13	virome_phage_824	72.727	44	12	0	1	44	11808	11765	0.030	33.3
Bacillus_GCF_018741545.1_spacer_13	virome_phage_145	74.419	43	11	0	2	44	17531	17573	0.010	34.9
Bacillus_GCF_018741545.1_spacer_13	virome_phage_145	76.471	34	8	0	1	34	17512	17545	0.27	30.1
Bacillus_GCF_018741545.1_spacer_13	virome_phage_145	75.758	33	8	0	1	33	17575	17607	0.82	28.5
Bacillus_GCF_018741545.1_spacer_13	virome_phage_1	78.788	33	7	0	9	41	220229	220261	0.091	31.7
Bacillus_GCF_018741545.1_spacer_13	virome_phage_1	70.455	44	13	0	1	44	220545	220588	0.27	30.1
Bacillus_GCF_018741545.1_spacer_13	virome_phage_743	71.429	42	12	0	2	43	14781	14740	0.27	30.1
Bacillus_GCF_018741545.1_spacer_13	virome_phage_2345	70.455	44	13	0	1	44	2326	2283	0.27	30.1
Bacillus_GCF_018741545.1_spacer_13	virome_phage_2254	73.684	38	10	0	6	43	99185	99148	0.27	30.1
Bacillus_GCF_018741545.1_spacer_13	virome_phage_2238	73.684	38	10	0	6	43	80631	80594	0.27	30.1
Bacillus_GCF_018741545.1_spacer_13	virome_phage_14	72.500	40	11	0	1	40	31182	31143	0.27	30.1
Bacillus_GCF_018741545.1_spacer_13	virome_phage_14	74.286	35	9	0	1	35	31497	31463	0.82	28.5
Bacillus_GCF_018741545.1_spacer_13	total_phage_500	73.684	38	10	0	6	43	27326	27363	0.27	30.1
Bacillus_GCF_018741545.1_spacer_14	virome_phage_824	75.000	60	15	0	1	60	11817	11758	1.15e-06	49.1
Bacillus_GCF_018741545.1_spacer_14	virome_phage_824	81.818	33	6	0	10	42	11844	11812	0.023	34.9
Bacillus_GCF_018741545.1_spacer_14	virome_phage_2368	72.881	59	16	0	4	62	1748	1690	3.09e-05	44.4
Bacillus_GCF_018741545.1_spacer_14	virome_phage_2368	75.000	52	13	0	1	52	1442	1391	9.28e-05	42.8
Bacillus_GCF_018741545.1_spacer_14	virome_phage_2368	74.510	51	13	0	2	52	1192	1142	2.78e-04	41.2
Bacillus_GCF_018741545.1_spacer_14	virome_phage_2368	79.487	39	8	0	4	42	3314	3276	0.003	38.0
Bacillus_GCF_018741545.1_spacer_14	virome_phage_2368	72.000	50	14	0	13	62	1118	1069	0.008	36.5
Bacillus_GCF_018741545.1_spacer_14	virome_phage_2368	68.519	54	17	0	9	62	3432	3379	0.068	33.3
Bacillus_GCF_018741545.1_spacer_14	virome_phage_2368	73.684	38	10	0	22	59	1127	1090	0.61	30.1
Bacillus_GCF_018741545.1_spacer_14	virome_phage_2368	67.308	52	17	0	8	59	2662	2611	0.61	30.1
Bacillus_GCF_018741545.1_spacer_14	virome_phage_145	72.881	59	16	0	4	62	19204	19262	3.09e-05	44.4
Bacillus_GCF_018741545.1_spacer_14	virome_phage_145	82.051	39	7	0	4	42	17638	17676	2.78e-04	41.2
Bacillus_GCF_018741545.1_spacer_14	virome_phage_145	72.222	54	15	0	9	62	17520	17573	8.35e-04	39.6
Bacillus_GCF_018741545.1_spacer_14	virome_phage_145	73.077	52	14	0	1	52	19510	19561	8.35e-04	39.6
Bacillus_GCF_018741545.1_spacer_14	virome_phage_145	72.549	51	14	0	2	52	19760	19810	0.003	38.0
Bacillus_GCF_018741545.1_spacer_14	virome_phage_145	69.643	56	17	0	6	61	18207	18262	0.008	36.5
Bacillus_GCF_018741545.1_spacer_14	virome_phage_145	71.739	46	13	0	10	55	17512	17557	0.068	33.3
Bacillus_GCF_018741545.1_spacer_14	virome_phage_145	70.213	47	14	0	4	50	18214	18260	0.20	31.7
Bacillus_GCF_018741545.1_spacer_14	virome_phage_145	67.308	52	17	0	4	55	17497	17548	0.61	30.1
Bacillus_GCF_018741545.1_spacer_14	virome_phage_145	67.308	52	17	0	4	55	20050	20101	0.61	30.1
Bacillus_GCF_018741545.1_spacer_14	virome_phage_14	76.471	51	12	0	9	59	31498	31448	3.09e-05	44.4
Bacillus_GCF_018741545.1_spacer_14	virome_phage_14	74.468	47	12	0	15	61	31855	31809	0.003	38.0
Bacillus_GCF_018741545.1_spacer_14	virome_phage_14	70.833	48	14	0	11	58	31190	31143	0.068	33.3
Bacillus_GCF_018741545.1_spacer_14	virome_phage_14	76.471	34	8	0	8	41	31472	31439	0.61	30.1
Bacillus_GCF_018741545.1_spacer_14	virome_phage_865	89.655	29	3	0	24	52	26303	26331	0.003	38.0
Bacillus_GCF_018741545.1_spacer_14	virome_phage_52	67.742	62	20	0	1	62	44141	44080	0.008	36.5
Bacillus_GCF_018741545.1_spacer_14	virome_phage_1	69.643	56	17	0	4	59	219882	219937	0.008	36.5
Bacillus_GCF_018741545.1_spacer_14	virome_phage_1	77.778	36	8	0	18	53	220229	220264	0.068	33.3
Bacillus_GCF_018741545.1_spacer_14	virome_phage_1	71.111	45	13	0	6	50	220541	220585	0.20	31.7
Bacillus_GCF_018741545.1_spacer_14	virome_phage_1	80.645	31	6	0	4	34	221421	221451	0.20	31.7
Bacillus_GCF_018741545.1_spacer_14	virome_phage_1	72.500	40	11	0	13	52	220647	220686	0.61	30.1
Bacillus_GCF_018741545.1_spacer_14	virome_phage_5	67.797	59	19	0	4	62	29156	29098	0.023	34.9
Bacillus_GCF_018741545.1_spacer_14	virome_phage_5	77.778	36	8	0	1	36	28682	28647	0.068	33.3
Bacillus_GCF_018741545.1_spacer_14	virome_phage_5	72.093	43	12	0	1	43	28484	28442	0.20	31.7
Bacillus_GCF_018741545.1_spacer_14	virome_phage_5	78.125	32	7	0	3	34	28419	28388	0.61	30.1
Bacillus_GCF_018741545.1_spacer_14	virome_phage_786	66.667	60	20	0	2	61	35028	34969	0.068	33.3
Bacillus_GCF_018741545.1_spacer_14	virome_phage_94	82.759	29	5	0	31	59	5424	5396	0.20	31.7
Bacillus_GCF_018741545.1_spacer_14	virome_phage_94	82.759	29	5	0	31	59	5433	5405	0.20	31.7
Bacillus_GCF_018741545.1_spacer_14	virome_phage_94	82.759	29	5	0	31	59	5442	5414	0.20	31.7
Bacillus_GCF_018741545.1_spacer_14	virome_phage_94	82.759	29	5	0	31	59	5451	5423	0.20	31.7
Bacillus_GCF_018741545.1_spacer_14	virome_phage_94	82.759	29	5	0	31	59	5460	5432	0.20	31.7
Bacillus_GCF_018741545.1_spacer_14	virome_phage_94	82.759	29	5	0	31	59	5469	5441	0.20	31.7
Bacillus_GCF_018741545.1_spacer_14	virome_phage_94	82.759	29	5	0	31	59	5478	5450	0.20	31.7
Bacillus_GCF_018741545.1_spacer_14	virome_phage_94	82.143	28	5	0	31	58	5415	5388	0.61	30.1
Bacillus_GCF_018741545.1_spacer_14	virome_phage_906	82.759	29	5	0	31	59	19760	19732	0.20	31.7
Bacillus_GCF_018741545.1_spacer_14	virome_phage_906	82.759	29	5	0	31	59	19769	19741	0.20	31.7
Bacillus_GCF_018741545.1_spacer_14	virome_phage_906	82.759	29	5	0	31	59	19778	19750	0.20	31.7
Bacillus_GCF_018741545.1_spacer_14	virome_phage_906	82.759	29	5	0	31	59	19787	19759	0.20	31.7
Bacillus_GCF_018741545.1_spacer_14	virome_phage_906	82.759	29	5	0	31	59	19796	19768	0.20	31.7
Bacillus_GCF_018741545.1_spacer_14	virome_phage_906	82.759	29	5	0	31	59	19805	19777	0.20	31.7
Bacillus_GCF_018741545.1_spacer_14	virome_phage_906	82.759	29	5	0	31	59	19838	19810	0.20	31.7
Bacillus_GCF_018741545.1_spacer_14	virome_phage_906	82.759	29	5	0	31	59	19847	19819	0.20	31.7
Bacillus_GCF_018741545.1_spacer_14	virome_phage_906	82.759	29	5	0	31	59	19856	19828	0.20	31.7
Bacillus_GCF_018741545.1_spacer_14	virome_phage_906	82.759	29	5	0	31	59	19865	19837	0.20	31.7
Bacillus_GCF_018741545.1_spacer_14	virome_phage_906	82.759	29	5	0	31	59	21937	21909	0.20	31.7
Bacillus_GCF_018741545.1_spacer_14	virome_phage_906	82.759	29	5	0	31	59	21946	21918	0.20	31.7
Bacillus_GCF_018741545.1_spacer_14	virome_phage_906	82.759	29	5	0	31	59	21955	21927	0.20	31.7
Bacillus_GCF_018741545.1_spacer_14	virome_phage_906	82.759	29	5	0	31	59	21964	21936	0.20	31.7
Bacillus_GCF_018741545.1_spacer_14	virome_phage_906	82.759	29	5	0	31	59	21973	21945	0.20	31.7
Bacillus_GCF_018741545.1_spacer_14	virome_phage_881	73.171	41	11	0	19	59	2125	2085	0.20	31.7
Bacillus_GCF_018741545.1_spacer_14	virome_phage_2282	66.102	59	20	0	1	59	37791	37849	0.20	31.7
Bacillus_GCF_018741545.1_spacer_14	total_phage_929	68.627	51	16	0	10	60	13744	13794	0.20	31.7
Bacillus_GCF_018741545.1_spacer_14	total_phage_725	77.143	35	8	0	24	58	28045	28079	0.20	31.7
Bacillus_GCF_018741545.1_spacer_14	total_phage_653	77.143	35	8	0	24	58	15672	15638	0.20	31.7
Bacillus_GCF_018741545.1_spacer_14	total_phage_604	77.143	35	8	0	24	58	35902	35936	0.20	31.7
Bacillus_GCF_018741545.1_spacer_14	total_phage_525	77.143	35	8	0	24	58	25196	25230	0.20	31.7
Bacillus_GCF_018741545.1_spacer_14	total_phage_483	77.143	35	8	0	24	58	15620	15654	0.20	31.7
Bacillus_GCF_018741545.1_spacer_14	virome_phage_780	68.750	48	15	0	15	62	43715	43762	0.61	30.1
Bacillus_GCF_018741545.1_spacer_14	virome_phage_768	78.125	32	7	0	22	53	16105	16136	0.61	30.1
Bacillus_GCF_018741545.1_spacer_14	virome_phage_2382	71.429	42	12	0	21	62	7477	7436	0.61	30.1
Bacillus_GCF_018741545.1_spacer_14	total_phage_663	95.000	20	1	0	24	43	29320	29339	0.61	30.1
Bacillus_GCF_018741545.1_spacer_14	total_phage_637	95.000	20	1	0	24	43	26054	26073	0.61	30.1
Bacillus_GCF_018741545.1_spacer_15	virome_phage_824	79.245	53	11	0	1	53	11817	11765	2.77e-07	50.7
Bacillus_GCF_018741545.1_spacer_15	virome_phage_824	81.818	33	6	0	10	42	11844	11812	0.016	34.9
Bacillus_GCF_018741545.1_spacer_15	virome_phage_2368	76.000	50	12	0	1	50	1442	1393	6.72e-05	42.8
Bacillus_GCF_018741545.1_spacer_15	virome_phage_2368	78.571	42	9	0	1	42	3386	3345	6.05e-04	39.6
Bacillus_GCF_018741545.1_spacer_15	virome_phage_2368	79.487	39	8	0	4	42	3314	3276	0.002	38.0
Bacillus_GCF_018741545.1_spacer_15	virome_phage_2368	72.000	50	14	0	4	53	3428	3379	0.005	36.5
Bacillus_GCF_018741545.1_spacer_15	virome_phage_2368	72.340	47	13	0	4	50	1190	1144	0.016	34.9
Bacillus_GCF_018741545.1_spacer_15	virome_phage_2368	80.645	31	6	0	13	43	1118	1088	0.15	31.7
Bacillus_GCF_018741545.1_spacer_15	virome_phage_2368	67.925	53	17	0	1	53	1487	1435	0.15	31.7
Bacillus_GCF_018741545.1_spacer_15	virome_phage_2368	72.500	40	11	0	3	42	2667	2628	0.44	30.1
Bacillus_GCF_018741545.1_spacer_15	virome_phage_145	82.051	39	7	0	4	42	17638	17676	2.02e-04	41.2
Bacillus_GCF_018741545.1_spacer_15	virome_phage_145	74.000	50	13	0	4	53	17524	17573	6.05e-04	39.6
Bacillus_GCF_018741545.1_spacer_15	virome_phage_145	78.571	42	9	0	1	42	17566	17607	6.05e-04	39.6
Bacillus_GCF_018741545.1_spacer_15	virome_phage_145	74.000	50	13	0	1	50	19510	19559	6.05e-04	39.6
Bacillus_GCF_018741545.1_spacer_15	virome_phage_145	71.429	49	14	0	4	52	18214	18262	0.016	34.9
Bacillus_GCF_018741545.1_spacer_15	virome_phage_145	67.925	53	17	0	1	53	19465	19517	0.15	31.7
Bacillus_GCF_018741545.1_spacer_15	virome_phage_145	72.093	43	12	0	4	46	19762	19804	0.15	31.7
Bacillus_GCF_018741545.1_spacer_15	virome_phage_14	80.556	36	7	0	9	44	31498	31463	0.005	36.5
Bacillus_GCF_018741545.1_spacer_15	virome_phage_14	75.000	40	10	0	2	41	31478	31439	0.049	33.3
Bacillus_GCF_018741545.1_spacer_15	virome_phage_14	72.500	40	11	0	11	50	31190	31151	0.44	30.1
Bacillus_GCF_018741545.1_spacer_15	virome_phage_14	75.000	36	9	0	15	50	31855	31820	0.44	30.1
Bacillus_GCF_018741545.1_spacer_15	virome_phage_1	72.917	48	13	0	6	53	220541	220588	0.005	36.5
Bacillus_GCF_018741545.1_spacer_15	virome_phage_1	80.645	31	6	0	4	34	221421	221451	0.15	31.7
Bacillus_GCF_018741545.1_spacer_15	virome_phage_1	71.429	42	12	0	2	43	219880	219921	0.44	30.1
Bacillus_GCF_018741545.1_spacer_15	virome_phage_865	88.889	27	3	0	24	50	26303	26329	0.016	34.9
Bacillus_GCF_018741545.1_spacer_15	total_phage_663	95.000	20	1	0	24	43	29320	29339	0.44	30.1
Bacillus_GCF_018741545.1_spacer_15	total_phage_637	95.000	20	1	0	24	43	26054	26073	0.44	30.1
Bacillus_GCF_018741545.1_spacer_16	virome_phage_145	75.806	62	15	0	1	62	17512	17573	1.27e-07	52.3
Bacillus_GCF_018741545.1_spacer_16	virome_phage_145	78.788	33	7	0	1	33	17575	17607	0.20	31.7
Bacillus_GCF_018741545.1_spacer_16	virome_phage_145	78.788	33	7	0	1	33	17644	17676	0.20	31.7
Bacillus_GCF_018741545.1_spacer_16	virome_phage_145	69.388	49	15	0	2	50	18212	18260	0.20	31.7
Bacillus_GCF_018741545.1_spacer_16	virome_phage_145	65.517	58	20	0	2	59	17432	17489	0.61	30.1
Bacillus_GCF_018741545.1_spacer_16	virome_phage_145	66.667	54	18	0	8	61	18209	18262	0.61	30.1
Bacillus_GCF_018741545.1_spacer_16	virome_phage_145	72.500	40	11	0	13	52	19825	19864	0.61	30.1
Bacillus_GCF_018741545.1_spacer_16	virome_phage_2368	72.581	62	17	0	1	62	3440	3379	1.03e-05	46.0
Bacillus_GCF_018741545.1_spacer_16	virome_phage_2368	75.000	40	10	0	13	52	1127	1088	0.068	33.3
Bacillus_GCF_018741545.1_spacer_16	virome_phage_2368	78.788	33	7	0	1	33	3377	3345	0.20	31.7
Bacillus_GCF_018741545.1_spacer_16	virome_phage_2368	73.684	38	10	0	22	59	1127	1090	0.61	30.1
Bacillus_GCF_018741545.1_spacer_16	virome_phage_2368	65.517	58	20	0	2	59	3520	3463	0.61	30.1
Bacillus_GCF_018741545.1_spacer_16	virome_phage_14	73.333	60	16	0	1	60	31497	31438	1.03e-05	46.0
Bacillus_GCF_018741545.1_spacer_16	virome_phage_14	69.643	56	17	0	4	59	31503	31448	0.008	36.5
Bacillus_GCF_018741545.1_spacer_16	virome_phage_14	75.000	40	10	0	21	60	31693	31654	0.068	33.3
Bacillus_GCF_018741545.1_spacer_16	virome_phage_14	67.273	55	18	0	2	56	31190	31136	0.20	31.7
Bacillus_GCF_018741545.1_spacer_16	virome_phage_14	72.093	43	12	0	8	50	31853	31811	0.20	31.7
Bacillus_GCF_018741545.1_spacer_16	virome_phage_94	81.579	38	7	0	22	59	5433	5396	8.35e-04	39.6
Bacillus_GCF_018741545.1_spacer_16	virome_phage_94	81.579	38	7	0	22	59	5442	5405	8.35e-04	39.6
Bacillus_GCF_018741545.1_spacer_16	virome_phage_94	81.579	38	7	0	22	59	5451	5414	8.35e-04	39.6
Bacillus_GCF_018741545.1_spacer_16	virome_phage_94	81.579	38	7	0	22	59	5460	5423	8.35e-04	39.6
Bacillus_GCF_018741545.1_spacer_16	virome_phage_94	81.579	38	7	0	22	59	5469	5432	8.35e-04	39.6
Bacillus_GCF_018741545.1_spacer_16	virome_phage_94	81.579	38	7	0	22	59	5478	5441	8.35e-04	39.6
Bacillus_GCF_018741545.1_spacer_16	virome_phage_94	81.081	37	7	0	22	58	5424	5388	0.003	38.0
Bacillus_GCF_018741545.1_spacer_16	virome_phage_94	78.378	37	8	0	22	58	5415	5379	0.023	34.9
Bacillus_GCF_018741545.1_spacer_16	virome_phage_94	80.000	35	7	0	25	59	5484	5450	0.023	34.9
Bacillus_GCF_018741545.1_spacer_16	virome_phage_94	75.676	37	9	0	22	58	5406	5370	0.20	31.7
Bacillus_GCF_018741545.1_spacer_16	virome_phage_906	81.579	38	7	0	22	59	19769	19732	8.35e-04	39.6
Bacillus_GCF_018741545.1_spacer_16	virome_phage_906	81.579	38	7	0	22	59	19778	19741	8.35e-04	39.6
Bacillus_GCF_018741545.1_spacer_16	virome_phage_906	81.579	38	7	0	22	59	19787	19750	8.35e-04	39.6
Bacillus_GCF_018741545.1_spacer_16	virome_phage_906	81.579	38	7	0	22	59	19796	19759	8.35e-04	39.6
Bacillus_GCF_018741545.1_spacer_16	virome_phage_906	81.579	38	7	0	22	59	19805	19768	8.35e-04	39.6
Bacillus_GCF_018741545.1_spacer_16	virome_phage_906	81.579	38	7	0	22	59	19847	19810	8.35e-04	39.6
Bacillus_GCF_018741545.1_spacer_16	virome_phage_906	81.579	38	7	0	22	59	19856	19819	8.35e-04	39.6
Bacillus_GCF_018741545.1_spacer_16	virome_phage_906	81.579	38	7	0	22	59	19865	19828	8.35e-04	39.6
Bacillus_GCF_018741545.1_spacer_16	virome_phage_906	81.579	38	7	0	22	59	21946	21909	8.35e-04	39.6
Bacillus_GCF_018741545.1_spacer_16	virome_phage_906	81.579	38	7	0	22	59	21955	21918	8.35e-04	39.6
Bacillus_GCF_018741545.1_spacer_16	virome_phage_906	81.579	38	7	0	22	59	21964	21927	8.35e-04	39.6
Bacillus_GCF_018741545.1_spacer_16	virome_phage_906	81.579	38	7	0	22	59	21973	21936	8.35e-04	39.6
Bacillus_GCF_018741545.1_spacer_16	virome_phage_906	84.375	32	5	0	22	53	19760	19729	0.008	36.5
Bacillus_GCF_018741545.1_spacer_16	virome_phage_906	84.375	32	5	0	22	53	19838	19807	0.008	36.5
Bacillus_GCF_018741545.1_spacer_16	virome_phage_906	78.947	38	8	0	22	59	19874	19837	0.008	36.5
Bacillus_GCF_018741545.1_spacer_16	virome_phage_906	84.375	32	5	0	22	53	21937	21906	0.008	36.5
Bacillus_GCF_018741545.1_spacer_16	virome_phage_906	77.778	36	8	0	24	59	19812	19777	0.068	33.3
Bacillus_GCF_018741545.1_spacer_16	virome_phage_906	77.778	36	8	0	24	59	21980	21945	0.068	33.3
Bacillus_GCF_018741545.1_spacer_16	virome_phage_906	78.125	32	7	0	22	53	19829	19798	0.61	30.1
Bacillus_GCF_018741545.1_spacer_16	virome_phage_906	75.000	36	9	0	24	59	19881	19846	0.61	30.1
Bacillus_GCF_018741545.1_spacer_16	virome_phage_906	75.000	36	9	0	24	59	21989	21954	0.61	30.1
Bacillus_GCF_018741545.1_spacer_16	virome_phage_881	70.000	60	18	0	1	60	2125	2066	8.35e-04	39.6
Bacillus_GCF_018741545.1_spacer_16	virome_phage_824	78.571	42	9	0	1	42	11808	11767	8.35e-04	39.6
Bacillus_GCF_018741545.1_spacer_16	virome_phage_824	71.429	49	14	0	11	59	11834	11786	0.023	34.9
Bacillus_GCF_018741545.1_spacer_16	virome_phage_865	89.655	29	3	0	15	43	26303	26331	0.003	38.0
Bacillus_GCF_018741545.1_spacer_16	virome_phage_1	74.419	43	11	0	9	51	220229	220271	0.023	34.9
Bacillus_GCF_018741545.1_spacer_16	virome_phage_1	72.093	43	12	0	10	52	220635	220677	0.20	31.7
Bacillus_GCF_018741545.1_spacer_16	virome_phage_1	65.000	60	21	0	1	60	220941	221000	0.61	30.1
Bacillus_GCF_018741545.1_spacer_16	virome_phage_5	66.129	62	21	0	1	62	29159	29098	0.068	33.3
Bacillus_GCF_018741545.1_spacer_16	virome_phage_24	75.000	40	10	0	19	58	46976	47015	0.068	33.3
Bacillus_GCF_018741545.1_spacer_16	total_phage_725	76.316	38	9	0	15	52	28045	28082	0.068	33.3
Bacillus_GCF_018741545.1_spacer_16	total_phage_653	76.316	38	9	0	15	52	15672	15635	0.068	33.3
Bacillus_GCF_018741545.1_spacer_16	total_phage_604	76.316	38	9	0	15	52	35902	35939	0.068	33.3
Bacillus_GCF_018741545.1_spacer_16	total_phage_525	76.316	38	9	0	15	52	25196	25233	0.068	33.3
Bacillus_GCF_018741545.1_spacer_16	total_phage_483	76.316	38	9	0	15	52	15620	15657	0.068	33.3
Bacillus_GCF_018741545.1_spacer_16	virome_phage_864	78.788	33	7	0	3	35	4156	4124	0.20	31.7
Bacillus_GCF_018741545.1_spacer_16	virome_phage_786	72.093	43	12	0	19	61	35011	34969	0.20	31.7
Bacillus_GCF_018741545.1_spacer_16	virome_phage_786	73.684	38	10	0	22	59	35017	34980	0.61	30.1
Bacillus_GCF_018741545.1_spacer_16	virome_phage_780	82.759	29	5	0	31	59	22703	22731	0.20	31.7
Bacillus_GCF_018741545.1_spacer_16	virome_phage_780	80.000	30	6	0	22	51	22703	22732	0.61	30.1
Bacillus_GCF_018741545.1_spacer_16	virome_phage_768	78.125	32	7	0	13	44	16105	16136	0.61	30.1
Bacillus_GCF_018741545.1_spacer_16	virome_phage_61	82.143	28	5	0	29	56	32387	32360	0.61	30.1
Bacillus_GCF_018741545.1_spacer_16	virome_phage_1279	73.684	38	10	0	1	38	3524	3561	0.61	30.1
Bacillus_GCF_018741545.1_spacer_16	total_phage_663	95.000	20	1	0	15	34	29320	29339	0.61	30.1
Bacillus_GCF_018741545.1_spacer_16	total_phage_637	95.000	20	1	0	15	34	26054	26073	0.61	30.1
Bacillus_GCF_018741545.1_spacer_17	virome_phage_824	75.610	41	10	0	1	41	11808	11768	0.016	34.9
Bacillus_GCF_018741545.1_spacer_17	virome_phage_824	73.171	41	11	0	1	41	11853	11813	0.15	31.7
Bacillus_GCF_018741545.1_spacer_17	virome_phage_145	75.000	40	10	0	2	41	17531	17570	0.049	33.3
Bacillus_GCF_018741545.1_spacer_17	virome_phage_145	78.788	33	7	0	1	33	17575	17607	0.15	31.7
Bacillus_GCF_018741545.1_spacer_17	virome_phage_1	77.778	36	8	0	9	44	220229	220264	0.049	33.3
Bacillus_GCF_018741545.1_spacer_17	virome_phage_2368	70.000	50	15	0	4	53	1118	1069	0.049	33.3
Bacillus_GCF_018741545.1_spacer_17	virome_phage_2368	78.788	33	7	0	1	33	3377	3345	0.15	31.7
Bacillus_GCF_018741545.1_spacer_17	virome_phage_2368	72.500	40	11	0	2	41	3421	3382	0.44	30.1
Bacillus_GCF_018741545.1_spacer_17	virome_phage_14	70.000	50	15	0	1	50	31497	31448	0.049	33.3
Bacillus_GCF_018741545.1_spacer_17	virome_phage_14	70.213	47	14	0	1	47	31182	31136	0.15	31.7
Bacillus_GCF_018741545.1_spacer_17	virome_phage_94	82.759	29	5	0	22	50	5424	5396	0.15	31.7
Bacillus_GCF_018741545.1_spacer_17	virome_phage_94	82.759	29	5	0	22	50	5433	5405	0.15	31.7
Bacillus_GCF_018741545.1_spacer_17	virome_phage_94	82.759	29	5	0	22	50	5442	5414	0.15	31.7
Bacillus_GCF_018741545.1_spacer_17	virome_phage_94	82.759	29	5	0	22	50	5451	5423	0.15	31.7
Bacillus_GCF_018741545.1_spacer_17	virome_phage_94	82.759	29	5	0	22	50	5460	5432	0.15	31.7
Bacillus_GCF_018741545.1_spacer_17	virome_phage_94	82.759	29	5	0	22	50	5469	5441	0.15	31.7
Bacillus_GCF_018741545.1_spacer_17	virome_phage_94	82.759	29	5	0	22	50	5478	5450	0.15	31.7
Bacillus_GCF_018741545.1_spacer_17	virome_phage_94	87.500	24	3	0	22	45	5415	5392	0.44	30.1
Bacillus_GCF_018741545.1_spacer_17	virome_phage_906	85.185	27	4	0	22	48	19751	19725	0.15	31.7
Bacillus_GCF_018741545.1_spacer_17	virome_phage_906	82.759	29	5	0	22	50	19760	19732	0.15	31.7
Bacillus_GCF_018741545.1_spacer_17	virome_phage_906	82.759	29	5	0	22	50	19769	19741	0.15	31.7
Bacillus_GCF_018741545.1_spacer_17	virome_phage_906	82.759	29	5	0	22	50	19778	19750	0.15	31.7
Bacillus_GCF_018741545.1_spacer_17	virome_phage_906	82.759	29	5	0	22	50	19787	19759	0.15	31.7
Bacillus_GCF_018741545.1_spacer_17	virome_phage_906	82.759	29	5	0	22	50	19796	19768	0.15	31.7
Bacillus_GCF_018741545.1_spacer_17	virome_phage_906	82.759	29	5	0	22	50	19805	19777	0.15	31.7
Bacillus_GCF_018741545.1_spacer_17	virome_phage_906	82.759	29	5	0	22	50	19838	19810	0.15	31.7
Bacillus_GCF_018741545.1_spacer_17	virome_phage_906	82.759	29	5	0	22	50	19847	19819	0.15	31.7
Bacillus_GCF_018741545.1_spacer_17	virome_phage_906	82.759	29	5	0	22	50	19856	19828	0.15	31.7
Bacillus_GCF_018741545.1_spacer_17	virome_phage_906	82.759	29	5	0	22	50	19865	19837	0.15	31.7
Bacillus_GCF_018741545.1_spacer_17	virome_phage_906	82.759	29	5	0	22	50	21937	21909	0.15	31.7
Bacillus_GCF_018741545.1_spacer_17	virome_phage_906	82.759	29	5	0	22	50	21946	21918	0.15	31.7
Bacillus_GCF_018741545.1_spacer_17	virome_phage_906	82.759	29	5	0	22	50	21955	21927	0.15	31.7
Bacillus_GCF_018741545.1_spacer_17	virome_phage_906	82.759	29	5	0	22	50	21964	21936	0.15	31.7
Bacillus_GCF_018741545.1_spacer_17	virome_phage_906	82.759	29	5	0	22	50	21973	21945	0.15	31.7
Bacillus_GCF_018741545.1_spacer_17	virome_phage_906	87.500	24	3	0	22	45	19829	19806	0.44	30.1
Bacillus_GCF_018741545.1_spacer_17	virome_phage_906	87.500	24	3	0	22	45	21928	21905	0.44	30.1
Bacillus_GCF_018741545.1_spacer_17	virome_phage_768	76.471	34	8	0	13	46	16105	16138	0.44	30.1
Bacillus_GCF_018741545.1_spacer_17	virome_phage_2411	72.500	40	11	0	11	50	6029	6068	0.44	30.1
Bacillus_GCF_018741545.1_spacer_17	virome_phage_176	72.500	40	11	0	11	50	5930	5969	0.44	30.1
Bacillus_GCF_018741545.1_spacer_17	virome_phage_1279	73.684	38	10	0	1	38	3524	3561	0.44	30.1
Bacillus_GCF_018741545.1_spacer_17	virome_phage_9	87.500	24	3	0	22	45	116652	116629	0.44	30.1
Bacillus_GCF_018741545.1_spacer_17	virome_phage_786	80.000	30	6	0	21	50	34652	34623	0.44	30.1
Bacillus_GCF_018741545.1_spacer_17	virome_phage_52	70.455	44	13	0	2	45	44392	44349	0.44	30.1
Bacillus_GCF_018741545.1_spacer_18	virome_phage_52	70.423	71	21	0	1	71	44141	44071	4.50e-06	47.5
Bacillus_GCF_018741545.1_spacer_18	virome_phage_52	71.429	42	12	0	28	69	44465	44424	0.80	30.1
Bacillus_GCF_018741545.1_spacer_18	virome_phage_824	70.588	68	20	0	1	68	11817	11750	1.35e-05	46.0
Bacillus_GCF_018741545.1_spacer_18	virome_phage_824	66.667	69	23	0	1	69	11871	11803	0.003	38.0
Bacillus_GCF_018741545.1_spacer_18	virome_phage_145	71.429	63	18	0	9	71	17520	17582	4.05e-05	44.4
Bacillus_GCF_018741545.1_spacer_18	virome_phage_145	79.487	39	8	0	4	42	17638	17676	0.003	38.0
Bacillus_GCF_018741545.1_spacer_18	virome_phage_2368	69.841	63	19	0	9	71	3432	3370	3.65e-04	41.2
Bacillus_GCF_018741545.1_spacer_18	virome_phage_2368	70.690	58	17	0	13	70	1118	1061	0.001	39.6
Bacillus_GCF_018741545.1_spacer_18	virome_phage_2342	66.667	66	22	0	4	69	19564	19629	0.010	36.5
Bacillus_GCF_018741545.1_spacer_18	virome_phage_5	80.556	36	7	0	1	36	28682	28647	0.010	36.5
Bacillus_GCF_018741545.1_spacer_18	virome_phage_5	64.615	65	23	0	4	68	28220	28156	0.27	31.7
Bacillus_GCF_018741545.1_spacer_18	virome_phage_152	66.667	66	22	0	3	68	6544	6479	0.010	36.5
Bacillus_GCF_018741545.1_spacer_18	virome_phage_152	69.388	49	15	0	2	50	6680	6632	0.27	31.7
Bacillus_GCF_018741545.1_spacer_18	virome_phage_152	65.517	58	20	0	11	68	6761	6704	0.80	30.1
Bacillus_GCF_018741545.1_spacer_18	virome_phage_14	68.333	60	19	0	9	68	31498	31439	0.010	36.5
Bacillus_GCF_018741545.1_spacer_18	virome_phage_14	69.643	56	17	0	16	71	31854	31799	0.010	36.5
Bacillus_GCF_018741545.1_spacer_18	virome_phage_865	88.889	27	3	0	24	50	26303	26329	0.030	34.9
Bacillus_GCF_018741545.1_spacer_18	virome_phage_2382	71.429	49	14	0	21	69	7477	7429	0.030	34.9
Bacillus_GCF_018741545.1_spacer_18	virome_phage_2282	64.706	68	24	0	1	68	37791	37858	0.089	33.3
Bacillus_GCF_018741545.1_spacer_18	virome_phage_1	68.519	54	17	0	4	57	221421	221474	0.089	33.3
Bacillus_GCF_018741545.1_spacer_18	virome_phage_1	75.000	36	9	0	18	53	220229	220264	0.80	30.1
Bacillus_GCF_018741545.1_spacer_18	virome_phage_1	69.565	46	14	0	10	55	220401	220446	0.80	30.1
Bacillus_GCF_018741545.1_spacer_18	virome_phage_1	66.667	54	18	0	18	71	220544	220597	0.80	30.1
Bacillus_GCF_018741545.1_spacer_18	virome_phage_1	67.308	52	17	0	20	71	221383	221434	0.80	30.1
Bacillus_GCF_018741545.1_spacer_18	virome_phage_864	78.788	33	7	0	12	44	4156	4124	0.27	31.7
Bacillus_GCF_018741545.1_spacer_18	virome_phage_786	91.304	23	2	0	37	59	34645	34623	0.27	31.7
Bacillus_GCF_018741545.1_spacer_18	virome_phage_786	82.759	29	5	0	31	59	35017	34989	0.27	31.7
Bacillus_GCF_018741545.1_spacer_18	virome_phage_155	68.627	51	16	0	1	51	5694	5644	0.27	31.7
Bacillus_GCF_018741545.1_spacer_18	virome_phage_768	76.471	34	8	0	22	55	16105	16138	0.80	30.1
Bacillus_GCF_018741545.1_spacer_18	total_phage_725	78.125	32	7	0	24	55	28045	28076	0.80	30.1
Bacillus_GCF_018741545.1_spacer_18	total_phage_663	95.000	20	1	0	24	43	29320	29339	0.80	30.1
Bacillus_GCF_018741545.1_spacer_18	total_phage_637	95.000	20	1	0	24	43	26054	26073	0.80	30.1
Bacillus_GCF_018741545.1_spacer_18	total_phage_604	78.125	32	7	0	24	55	35902	35933	0.80	30.1
Bacillus_GCF_018741545.1_spacer_18	total_phage_525	78.125	32	7	0	24	55	25196	25227	0.80	30.1
Bacillus_GCF_018741545.1_spacer_18	total_phage_483	78.125	32	7	0	24	55	15620	15651	0.80	30.1
Bacillus_GCF_018741545.1_spacer_18	virome_phage_35	75.000	36	9	0	25	60	470	435	0.80	30.1
Bacillus_GCF_018741545.1_spacer_18	total_phage_653	78.125	32	7	0	24	55	15672	15641	0.80	30.1
Bacillus_GCF_018741545.1_spacer_19	virome_phage_824	72.500	80	22	0	1	80	11844	11765	2.55e-09	58.6
Bacillus_GCF_018741545.1_spacer_19	virome_phage_824	62.821	78	29	0	1	78	11754	11677	0.11	33.3
Bacillus_GCF_018741545.1_spacer_19	virome_phage_824	63.158	76	28	0	2	77	11897	11822	0.11	33.3
Bacillus_GCF_018741545.1_spacer_19	virome_phage_824	62.025	79	30	0	1	79	11745	11667	0.33	31.7
Bacillus_GCF_018741545.1_spacer_19	virome_phage_2368	69.444	72	22	0	2	73	1468	1397	1.67e-05	46.0
Bacillus_GCF_018741545.1_spacer_19	virome_phage_2368	76.923	39	9	0	31	69	3314	3276	0.037	34.9
Bacillus_GCF_018741545.1_spacer_19	virome_phage_2368	65.672	67	23	0	2	68	3448	3382	0.037	34.9
Bacillus_GCF_018741545.1_spacer_19	virome_phage_2368	71.739	46	13	0	8	53	2857	2812	0.11	33.3
Bacillus_GCF_018741545.1_spacer_19	virome_phage_2368	68.000	50	16	0	2	51	1504	1455	0.99	30.1
Bacillus_GCF_018741545.1_spacer_19	virome_phage_2368	78.125	32	7	0	1	32	3308	3277	0.99	30.1
Bacillus_GCF_018741545.1_spacer_19	virome_phage_145	68.056	72	23	0	2	73	19484	19555	1.50e-04	42.8
Bacillus_GCF_018741545.1_spacer_19	virome_phage_145	67.164	67	22	0	2	68	17504	17570	0.004	38.0
Bacillus_GCF_018741545.1_spacer_19	virome_phage_145	64.062	64	23	0	1	64	17467	17530	0.99	30.1
Bacillus_GCF_018741545.1_spacer_19	virome_phage_145	61.842	76	29	0	2	77	17477	17552	0.99	30.1
Bacillus_GCF_018741545.1_spacer_19	virome_phage_145	69.565	46	14	0	8	53	18095	18140	0.99	30.1
Bacillus_GCF_018741545.1_spacer_19	virome_phage_145	68.000	50	16	0	2	51	19448	19497	0.99	30.1
Bacillus_GCF_018741545.1_spacer_19	virome_phage_52	68.852	61	19	0	9	69	44079	44019	0.004	38.0
Bacillus_GCF_018741545.1_spacer_19	virome_phage_52	64.865	74	26	0	4	77	44165	44092	0.012	36.5
Bacillus_GCF_018741545.1_spacer_19	virome_phage_152	77.500	40	9	0	11	50	6509	6470	0.012	36.5
Bacillus_GCF_018741545.1_spacer_19	virome_phage_780	66.667	63	21	0	11	73	21486	21548	0.037	34.9
Bacillus_GCF_018741545.1_spacer_19	virome_phage_780	69.388	49	15	0	11	59	21369	21417	0.33	31.7
Bacillus_GCF_018741545.1_spacer_19	virome_phage_5	67.213	61	20	0	1	61	28448	28388	0.037	34.9
Bacillus_GCF_018741545.1_spacer_19	virome_phage_5	67.925	53	17	0	1	53	29357	29305	0.33	31.7
Bacillus_GCF_018741545.1_spacer_19	virome_phage_2342	67.797	59	19	0	22	80	19510	19568	0.037	34.9
Bacillus_GCF_018741545.1_spacer_19	virome_phage_829	65.625	64	22	0	1	64	14467	14530	0.11	33.3
Bacillus_GCF_018741545.1_spacer_19	virome_phage_829	71.429	42	12	0	1	42	14503	14544	0.99	30.1
Bacillus_GCF_018741545.1_spacer_19	virome_phage_786	100.000	20	0	0	58	77	35017	34998	0.11	33.3
Bacillus_GCF_018741545.1_spacer_19	virome_phage_786	68.000	50	16	0	22	71	34669	34620	0.99	30.1
Bacillus_GCF_018741545.1_spacer_19	virome_phage_2282	67.857	56	18	0	22	77	37785	37840	0.11	33.3
Bacillus_GCF_018741545.1_spacer_19	virome_phage_2282	74.359	39	10	0	13	51	37830	37868	0.33	31.7
Bacillus_GCF_018741545.1_spacer_19	virome_phage_864	78.788	33	7	0	39	71	4156	4124	0.33	31.7
Bacillus_GCF_018741545.1_spacer_19	virome_phage_1	70.213	47	14	0	34	80	220542	220588	0.33	31.7
Bacillus_GCF_018741545.1_spacer_19	virome_phage_1	65.000	60	21	0	11	70	219862	219921	0.99	30.1
Bacillus_GCF_018741545.1_spacer_19	virome_phage_876	70.455	44	13	0	1	44	21075	21118	0.99	30.1
Bacillus_GCF_018741545.1_spacer_19	virome_phage_803	87.500	24	3	0	28	51	35283	35306	0.99	30.1
Bacillus_GCF_018741545.1_spacer_19	virome_phage_803	71.429	42	12	0	1	42	35292	35333	0.99	30.1
Bacillus_GCF_018741545.1_spacer_19	virome_phage_772	87.500	24	3	0	33	56	37113	37090	0.99	30.1
Bacillus_GCF_018741545.1_spacer_19	virome_phage_58	68.000	50	16	0	1	50	225	274	0.99	30.1
Bacillus_GCF_018741545.1_spacer_19	virome_phage_2389	64.516	62	22	0	19	80	6496	6435	0.99	30.1
Bacillus_GCF_018741545.1_spacer_19	virome_phage_2345	71.429	42	12	0	1	42	2281	2240	0.99	30.1
Bacillus_GCF_018741545.1_spacer_19	virome_phage_2345	64.062	64	23	0	1	64	2317	2254	0.99	30.1
Bacillus_GCF_018741545.1_spacer_19	virome_phage_153	67.308	52	17	0	17	68	5559	5508	0.99	30.1
Bacillus_GCF_018741545.1_spacer_19	virome_phage_14	75.000	36	9	0	36	71	31498	31463	0.99	30.1
Bacillus_GCF_018741545.1_spacer_20	virome_phage_786	93.103	29	2	0	22	50	35017	34989	2.02e-04	41.2
Bacillus_GCF_018741545.1_spacer_20	virome_phage_786	69.388	49	15	0	4	52	35017	34969	0.15	31.7
Bacillus_GCF_018741545.1_spacer_20	virome_phage_824	71.698	53	15	0	1	53	11862	11810	0.002	38.0
Bacillus_GCF_018741545.1_spacer_20	virome_phage_2368	72.000	50	14	0	4	53	1118	1069	0.005	36.5
Bacillus_GCF_018741545.1_spacer_20	virome_phage_2368	76.316	38	9	0	13	50	1127	1090	0.049	33.3
Bacillus_GCF_018741545.1_spacer_20	virome_phage_2368	67.925	53	17	0	1	53	3431	3379	0.15	31.7
Bacillus_GCF_018741545.1_spacer_20	virome_phage_52	70.588	51	15	0	3	53	44130	44080	0.016	34.9
Bacillus_GCF_018741545.1_spacer_20	virome_phage_52	71.429	42	12	0	1	42	44213	44172	0.44	30.1
Bacillus_GCF_018741545.1_spacer_20	virome_phage_145	69.811	53	16	0	1	53	17521	17573	0.016	34.9
Bacillus_GCF_018741545.1_spacer_20	virome_phage_2382	68.627	51	16	0	3	53	7015	6965	0.15	31.7
Bacillus_GCF_018741545.1_spacer_20	virome_phage_2269	76.471	34	8	0	2	35	245404	245437	0.44	30.1
Bacillus_GCF_018741545.1_spacer_20	total_phage_808	84.615	26	4	0	19	44	21293	21268	0.44	30.1
Bacillus_GCF_018741545.1_spacer_20	total_phage_115	84.615	26	4	0	19	44	29359	29334	0.44	30.1
Bacillus_GCF_018741545.1_spacer_21	virome_phage_824	75.000	44	11	0	1	44	11817	11774	0.003	36.5
Bacillus_GCF_018741545.1_spacer_21	virome_phage_824	74.286	35	9	0	10	44	11844	11810	0.82	28.5
Bacillus_GCF_018741545.1_spacer_21	virome_phage_2368	78.947	38	8	0	4	41	3314	3277	0.003	36.5
Bacillus_GCF_018741545.1_spacer_21	virome_phage_2368	72.973	37	10	0	1	37	1442	1406	0.82	28.5
Bacillus_GCF_018741545.1_spacer_21	virome_phage_2368	70.732	41	12	0	4	44	1475	1435	0.82	28.5
Bacillus_GCF_018741545.1_spacer_21	virome_phage_145	76.316	38	9	0	4	41	17638	17675	0.030	33.3
Bacillus_GCF_018741545.1_spacer_21	virome_phage_145	70.732	41	12	0	4	44	19477	19517	0.82	28.5
Bacillus_GCF_018741545.1_spacer_21	virome_phage_145	72.973	37	10	0	1	37	19510	19546	0.82	28.5
Bacillus_GCF_018741545.1_spacer_21	virome_phage_780	80.645	31	6	0	6	36	34632	34602	0.091	31.7
Bacillus_GCF_018741545.1_spacer_21	virome_phage_1	80.000	30	6	0	3	32	221420	221449	0.27	30.1
Bacillus_GCF_018741545.1_spacer_21	virome_phage_829	70.732	41	12	0	4	44	14461	14501	0.82	28.5
Bacillus_GCF_018741545.1_spacer_21	virome_phage_11	90.476	21	2	0	9	29	99963	99943	0.82	28.5
