Bacillus_GCA_030237605.1_spacer_0	virome_phage_1	78.571	28	6	0	3	30	194480	194453	0.76	26.9
Bacillus_GCA_030237605.1_spacer_1	virome_phage_331	100.000	16	0	0	13	28	2409	2394	0.76	26.9
Bacillus_GCA_030237605.1_spacer_1	total_phage_730	78.571	28	6	0	4	31	23295	23268	0.76	26.9
Bacillus_GCA_030237605.1_spacer_1	virome_phage_818	86.364	22	3	0	6	27	21125	21146	0.76	26.9
Bacillus_GCA_030237605.1_spacer_1	virome_phage_746	80.769	26	5	0	1	26	19293	19318	0.76	26.9
Bacillus_GCA_030237605.1_spacer_1	virome_phage_3	86.364	22	3	0	4	25	110055	110076	0.76	26.9
Bacillus_GCA_030237605.1_spacer_1	virome_phage_2324	86.364	22	3	0	3	24	9086	9107	0.76	26.9
Bacillus_GCA_030237605.1_spacer_2	virome_phage_798	94.737	19	1	0	3	21	1634	1616	0.25	28.5
Bacillus_GCA_030237605.1_spacer_2	total_phage_795	94.737	19	1	0	3	21	31002	30984	0.25	28.5
Bacillus_GCA_030237605.1_spacer_2	total_phage_113	94.737	19	1	0	3	21	36191	36173	0.25	28.5
Bacillus_GCA_030237605.1_spacer_2	virome_phage_160	78.571	28	6	0	1	28	16264	16237	0.76	26.9
Bacillus_GCA_030237605.1_spacer_3	virome_phage_767	90.909	22	2	0	2	23	44778	44799	0.084	30.1
Bacillus_GCA_030237605.1_spacer_3	virome_phage_17	94.737	19	1	0	5	23	729	747	0.25	28.5
Bacillus_GCA_030237605.1_spacer_3	total_phage_187	100.000	16	0	0	2	17	19588	19573	0.76	26.9
Bacillus_GCA_030237605.1_spacer_3	virome_phage_2308	100.000	16	0	0	2	17	17996	18011	0.76	26.9
Bacillus_GCA_030237605.1_spacer_4	total_phage_927	83.333	24	4	0	1	24	279384	279361	0.76	26.9
Bacillus_GCA_030237605.1_spacer_5	virome_phage_750	87.500	24	3	0	4	27	17814	17791	0.084	30.1
Bacillus_GCA_030237605.1_spacer_5	virome_phage_16	80.769	26	5	0	1	26	62841	62816	0.76	26.9
Bacillus_GCA_030237605.1_spacer_6	virome_phage_750	87.500	24	3	0	4	27	17791	17814	0.084	30.1
Bacillus_GCA_030237605.1_spacer_6	virome_phage_16	80.769	26	5	0	5	30	62816	62841	0.76	26.9
Bacillus_GCA_030237605.1_spacer_7	total_phage_927	83.333	24	4	0	6	29	279361	279384	0.76	26.9
Bacillus_GCA_030237605.1_spacer_8	virome_phage_767	90.909	22	2	0	8	29	44799	44778	0.084	30.1
Bacillus_GCA_030237605.1_spacer_8	virome_phage_17	94.737	19	1	0	8	26	747	729	0.25	28.5
Bacillus_GCA_030237605.1_spacer_8	total_phage_187	100.000	16	0	0	14	29	19573	19588	0.76	26.9
Bacillus_GCA_030237605.1_spacer_8	virome_phage_2308	100.000	16	0	0	14	29	18011	17996	0.76	26.9
Bacillus_GCA_030237605.1_spacer_9	virome_phage_798	94.737	19	1	0	10	28	1616	1634	0.25	28.5
Bacillus_GCA_030237605.1_spacer_9	total_phage_795	94.737	19	1	0	10	28	30984	31002	0.25	28.5
Bacillus_GCA_030237605.1_spacer_9	total_phage_113	94.737	19	1	0	10	28	36173	36191	0.25	28.5
Bacillus_GCA_030237605.1_spacer_9	virome_phage_160	78.571	28	6	0	3	30	16237	16264	0.76	26.9
Bacillus_GCA_030237605.1_spacer_10	virome_phage_331	100.000	16	0	0	4	19	2394	2409	0.76	26.9
Bacillus_GCA_030237605.1_spacer_10	total_phage_730	78.571	28	6	0	1	28	23268	23295	0.76	26.9
Bacillus_GCA_030237605.1_spacer_10	virome_phage_818	86.364	22	3	0	5	26	21146	21125	0.76	26.9
Bacillus_GCA_030237605.1_spacer_10	virome_phage_746	80.769	26	5	0	6	31	19318	19293	0.76	26.9
Bacillus_GCA_030237605.1_spacer_10	virome_phage_3	86.364	22	3	0	7	28	110076	110055	0.76	26.9
Bacillus_GCA_030237605.1_spacer_10	virome_phage_2324	86.364	22	3	0	8	29	9107	9086	0.76	26.9
Bacillus_GCA_030237605.1_spacer_11	virome_phage_1	78.571	28	6	0	1	28	194453	194480	0.76	26.9
