Bacillus_GCA_014982505.1_spacer_0	virome_phage_740	78.571	28	6	0	1	28	22484	22457	0.94	26.9
Bacillus_GCA_014982505.1_spacer_0	virome_phage_21	78.571	28	6	0	1	28	13842	13869	0.94	26.9
Bacillus_GCA_014982505.1_spacer_1	virome_phage_862	90.909	22	2	0	11	32	23769	23748	0.10	30.1
Bacillus_GCA_014982505.1_spacer_1	total_phage_8	82.143	28	5	0	3	30	12069	12042	0.10	30.1
Bacillus_GCA_014982505.1_spacer_1	total_phage_449	76.471	34	8	0	1	34	5458	5491	0.10	30.1
Bacillus_GCA_014982505.1_spacer_1	virome_phage_2254	77.419	31	7	0	3	33	116392	116362	0.31	28.5
Bacillus_GCA_014982505.1_spacer_1	total_phage_500	77.419	31	7	0	3	33	10450	10480	0.31	28.5
Bacillus_GCA_014982505.1_spacer_1	total_phage_500	78.571	28	6	0	4	31	12879	12852	0.94	26.9
Bacillus_GCA_014982505.1_spacer_1	virome_phage_841	90.000	20	2	0	15	34	22136	22155	0.94	26.9
Bacillus_GCA_014982505.1_spacer_1	virome_phage_734	83.333	24	4	0	8	31	174598	174621	0.94	26.9
Bacillus_GCA_014982505.1_spacer_1	virome_phage_2298	76.667	30	7	0	3	32	25832	25861	0.94	26.9
Bacillus_GCA_014982505.1_spacer_2	total_phage_666	85.185	27	4	0	4	30	13817	13843	0.035	31.7
Bacillus_GCA_014982505.1_spacer_2	total_phage_639	85.185	27	4	0	4	30	10204	10178	0.035	31.7
Bacillus_GCA_014982505.1_spacer_2	virome_phage_850	77.419	31	7	0	4	34	21861	21891	0.31	28.5
Bacillus_GCA_014982505.1_spacer_2	virome_phage_828	77.419	31	7	0	4	34	17957	17987	0.31	28.5
Bacillus_GCA_014982505.1_spacer_2	virome_phage_764	77.419	31	7	0	4	34	17455	17485	0.31	28.5
Bacillus_GCA_014982505.1_spacer_2	virome_phage_743	81.481	27	5	0	6	32	39844	39818	0.31	28.5
Bacillus_GCA_014982505.1_spacer_2	virome_phage_28	86.957	23	3	0	1	23	54428	54406	0.31	28.5
Bacillus_GCA_014982505.1_spacer_2	virome_phage_2298	77.419	31	7	0	4	34	18709	18739	0.31	28.5
Bacillus_GCA_014982505.1_spacer_2	virome_phage_2254	75.758	33	8	0	1	33	1538	1570	0.31	28.5
Bacillus_GCA_014982505.1_spacer_2	virome_phage_2254	86.364	22	3	0	1	22	111017	110996	0.94	26.9
Bacillus_GCA_014982505.1_spacer_2	virome_phage_993	90.000	20	2	0	1	20	2379	2360	0.94	26.9
Bacillus_GCA_014982505.1_spacer_2	virome_phage_993	75.000	32	8	0	2	33	2417	2386	0.94	26.9
Bacillus_GCA_014982505.1_spacer_2	virome_phage_795	73.529	34	9	0	1	34	14411	14444	0.94	26.9
Bacillus_GCA_014982505.1_spacer_2	virome_phage_785	83.333	24	4	0	2	25	7512	7535	0.94	26.9
Bacillus_GCA_014982505.1_spacer_2	virome_phage_758	94.444	18	1	0	11	28	44241	44224	0.94	26.9
Bacillus_GCA_014982505.1_spacer_2	virome_phage_742	86.364	22	3	0	1	22	83009	83030	0.94	26.9
Bacillus_GCA_014982505.1_spacer_2	virome_phage_7	80.769	26	5	0	9	34	94405	94430	0.94	26.9
Bacillus_GCA_014982505.1_spacer_2	virome_phage_2322	94.444	18	1	0	7	24	12499	12482	0.94	26.9
Bacillus_GCA_014982505.1_spacer_2	virome_phage_2310	90.000	20	2	0	9	28	9466	9447	0.94	26.9
Bacillus_GCA_014982505.1_spacer_2	virome_phage_2310	83.333	24	4	0	2	25	36060	36037	0.94	26.9
Bacillus_GCA_014982505.1_spacer_2	virome_phage_181	75.000	32	8	0	2	33	14100	14131	0.94	26.9
Bacillus_GCA_014982505.1_spacer_2	virome_phage_181	90.000	20	2	0	1	20	14138	14157	0.94	26.9
Bacillus_GCA_014982505.1_spacer_2	virome_phage_15	78.571	28	6	0	2	29	49277	49250	0.94	26.9
Bacillus_GCA_014982505.1_spacer_2	virome_phage_1004	94.444	18	1	0	3	20	13629	13646	0.94	26.9
Bacillus_GCA_014982505.1_spacer_2	total_phage_92	75.000	32	8	0	3	34	74749	74780	0.94	26.9
Bacillus_GCA_014982505.1_spacer_2	total_phage_804	76.667	30	7	0	1	30	28068	28039	0.94	26.9
Bacillus_GCA_014982505.1_spacer_2	total_phage_734	90.000	20	2	0	9	28	23679	23698	0.94	26.9
Bacillus_GCA_014982505.1_spacer_2	total_phage_500	86.364	22	3	0	1	22	15415	15436	0.94	26.9
Bacillus_GCA_014982505.1_spacer_2	total_phage_361	80.769	26	5	0	4	29	3824	3849	0.94	26.9
Bacillus_GCA_014982505.1_spacer_2	total_phage_242	75.000	32	8	0	3	34	9735	9704	0.94	26.9
Bacillus_GCA_014982505.1_spacer_2	total_phage_18	75.000	32	8	0	2	33	14201	14232	0.94	26.9
Bacillus_GCA_014982505.1_spacer_2	total_phage_18	90.000	20	2	0	1	20	14239	14258	0.94	26.9
Bacillus_GCA_014982505.1_spacer_3	virome_phage_751	86.207	29	4	0	1	29	13773	13745	0.004	34.9
Bacillus_GCA_014982505.1_spacer_3	virome_phage_817	82.759	29	5	0	1	29	30148	30120	0.035	31.7
Bacillus_GCA_014982505.1_spacer_3	virome_phage_850	90.909	22	2	0	13	34	14480	14459	0.10	30.1
Bacillus_GCA_014982505.1_spacer_3	virome_phage_83	90.909	22	2	0	3	24	20973	20952	0.10	30.1
Bacillus_GCA_014982505.1_spacer_3	total_phage_800	95.000	20	1	0	9	28	26144	26125	0.10	30.1
Bacillus_GCA_014982505.1_spacer_3	virome_phage_734	90.476	21	2	0	1	21	159261	159281	0.31	28.5
Bacillus_GCA_014982505.1_spacer_3	virome_phage_2325	84.000	25	4	0	2	26	29293	29317	0.31	28.5
Bacillus_GCA_014982505.1_spacer_3	total_phage_175	81.481	27	5	0	1	27	31114	31140	0.31	28.5
Bacillus_GCA_014982505.1_spacer_3	total_phage_12	75.758	33	8	0	2	34	371	403	0.31	28.5
Bacillus_GCA_014982505.1_spacer_3	virome_phage_748	84.000	25	4	0	4	28	12909	12885	0.31	28.5
Bacillus_GCA_014982505.1_spacer_3	virome_phage_738	90.476	21	2	0	5	25	2665	2645	0.31	28.5
Bacillus_GCA_014982505.1_spacer_3	total_phage_793	81.481	27	5	0	1	27	14245	14219	0.31	28.5
Bacillus_GCA_014982505.1_spacer_3	total_phage_729	79.310	29	6	0	6	34	125340	125312	0.31	28.5
Bacillus_GCA_014982505.1_spacer_3	virome_phage_993	90.000	20	2	0	1	20	15949	15968	0.94	26.9
Bacillus_GCA_014982505.1_spacer_3	virome_phage_865	78.571	28	6	0	4	31	17948	17975	0.94	26.9
Bacillus_GCA_014982505.1_spacer_3	virome_phage_826	80.769	26	5	0	8	33	31553	31578	0.94	26.9
Bacillus_GCA_014982505.1_spacer_3	virome_phage_2342	83.333	24	4	0	2	25	19475	19498	0.94	26.9
Bacillus_GCA_014982505.1_spacer_3	total_phage_730	86.364	22	3	0	13	34	132070	132091	0.94	26.9
Bacillus_GCA_014982505.1_spacer_3	virome_phage_974	73.529	34	9	0	1	34	14979	14946	0.94	26.9
Bacillus_GCA_014982505.1_spacer_3	virome_phage_864	83.333	24	4	0	8	31	1411	1388	0.94	26.9
Bacillus_GCA_014982505.1_spacer_3	virome_phage_834	90.000	20	2	0	2	21	3009	2990	0.94	26.9
Bacillus_GCA_014982505.1_spacer_3	virome_phage_834	83.333	24	4	0	3	26	26248	26225	0.94	26.9
Bacillus_GCA_014982505.1_spacer_3	virome_phage_778	90.000	20	2	0	2	21	44601	44582	0.94	26.9
Bacillus_GCA_014982505.1_spacer_3	virome_phage_17	90.000	20	2	0	1	20	18448	18429	0.94	26.9
Bacillus_GCA_014982505.1_spacer_3	virome_phage_10	86.364	22	3	0	13	34	54658	54637	0.94	26.9
Bacillus_GCA_014982505.1_spacer_3	total_phage_794	90.000	20	2	0	10	29	31752	31733	0.94	26.9
Bacillus_GCA_014982505.1_spacer_3	total_phage_734	90.000	20	2	0	2	21	7647	7628	0.94	26.9
Bacillus_GCA_014982505.1_spacer_4	total_phage_249	77.419	31	7	0	4	34	15214	15184	0.31	28.5
Bacillus_GCA_014982505.1_spacer_4	virome_phage_4	94.444	18	1	0	2	19	8425	8408	0.94	26.9
Bacillus_GCA_014982505.1_spacer_4	virome_phage_2298	86.364	22	3	0	4	25	17192	17171	0.94	26.9
Bacillus_GCA_014982505.1_spacer_4	virome_phage_5	83.333	24	4	0	2	25	43854	43877	0.94	26.9
Bacillus_GCA_014982505.1_spacer_4	virome_phage_38	80.769	26	5	0	7	32	37036	37061	0.94	26.9
Bacillus_GCA_014982505.1_spacer_4	total_phage_739	86.364	22	3	0	4	25	15057	15078	0.94	26.9
Bacillus_GCA_014982505.1_spacer_5	virome_phage_201	94.737	19	1	0	5	23	5785	5803	0.25	28.5
Bacillus_GCA_014982505.1_spacer_5	total_phage_743	94.737	19	1	0	5	23	5926	5944	0.25	28.5
Bacillus_GCA_014982505.1_spacer_5	virome_phage_10	90.000	20	2	0	1	20	118225	118244	0.76	26.9
Bacillus_GCA_014982505.1_spacer_5	total_phage_930	83.333	24	4	0	10	33	14770	14793	0.76	26.9
Bacillus_GCA_014982505.1_spacer_5	total_phage_925	80.769	26	5	0	4	29	34698	34723	0.76	26.9
Bacillus_GCA_014982505.1_spacer_5	virome_phage_8	83.333	24	4	0	6	29	29382	29359	0.76	26.9
Bacillus_GCA_014982505.1_spacer_5	virome_phage_749	78.571	28	6	0	2	29	8338	8311	0.76	26.9
Bacillus_GCA_014982505.1_spacer_5	total_phage_98	83.333	24	4	0	10	33	17117	17094	0.76	26.9
Bacillus_GCA_014982505.1_spacer_6	total_phage_734	82.143	28	5	0	8	35	25159	25132	0.13	30.1
Bacillus_GCA_014982505.1_spacer_6	virome_phage_2322	77.419	31	7	0	4	34	8629	8659	0.38	28.5
Bacillus_GCA_014982505.1_spacer_6	total_phage_520	90.476	21	2	0	15	35	18499	18519	0.38	28.5
Bacillus_GCA_014982505.1_spacer_6	total_phage_106	75.758	33	8	0	1	33	5351	5383	0.38	28.5
Bacillus_GCA_014982505.1_spacer_6	total_phage_793	79.310	29	6	0	3	31	26608	26580	0.38	28.5
Bacillus_GCA_014982505.1_spacer_6	total_phage_696	90.476	21	2	0	15	35	2014	1994	0.38	28.5
Bacillus_GCA_014982505.1_spacer_6	total_phage_655	90.476	21	2	0	15	35	14449	14429	0.38	28.5
Bacillus_GCA_014982505.1_spacer_7	virome_phage_741	78.571	28	6	0	1	28	59287	59260	0.76	26.9
Bacillus_GCA_014982505.1_spacer_7	virome_phage_101	94.444	18	1	0	12	29	2635	2618	0.76	26.9
Bacillus_GCA_014982505.1_spacer_8	virome_phage_28	94.737	19	1	0	15	33	38001	38019	0.25	28.5
Bacillus_GCA_014982505.1_spacer_8	total_phage_246	77.419	31	7	0	2	32	15755	15785	0.25	28.5
Bacillus_GCA_014982505.1_spacer_8	total_phage_729	94.737	19	1	0	14	32	96886	96868	0.25	28.5
Bacillus_GCA_014982505.1_spacer_8	total_phage_729	94.444	18	1	0	1	18	136739	136756	0.76	26.9
Bacillus_GCA_014982505.1_spacer_8	total_phage_415	81.481	27	5	0	2	28	39463	39437	0.25	28.5
Bacillus_GCA_014982505.1_spacer_8	virome_phage_824	83.333	24	4	0	9	32	8300	8323	0.76	26.9
Bacillus_GCA_014982505.1_spacer_8	virome_phage_66	100.000	16	0	0	1	16	9854	9869	0.76	26.9
Bacillus_GCA_014982505.1_spacer_8	virome_phage_844	86.364	22	3	0	1	22	13750	13729	0.76	26.9
Bacillus_GCA_014982505.1_spacer_8	virome_phage_2275	86.364	22	3	0	5	26	46963	46942	0.76	26.9
Bacillus_GCA_014982505.1_spacer_8	total_phage_738	90.000	20	2	0	9	28	11644	11625	0.76	26.9
Bacillus_GCA_014982505.1_spacer_9	virome_phage_27	90.476	21	2	0	4	24	18065	18045	0.25	28.5
Bacillus_GCA_014982505.1_spacer_9	virome_phage_2278	86.957	23	3	0	1	23	25632	25610	0.25	28.5
Bacillus_GCA_014982505.1_spacer_9	virome_phage_4	84.000	25	4	0	3	27	8733	8757	0.25	28.5
Bacillus_GCA_014982505.1_spacer_9	total_phage_106	84.000	25	4	0	3	27	36111	36135	0.25	28.5
Bacillus_GCA_014982505.1_spacer_9	virome_phage_885	100.000	16	0	0	18	33	23406	23391	0.76	26.9
Bacillus_GCA_014982505.1_spacer_9	total_phage_361	90.000	20	2	0	3	22	40496	40477	0.76	26.9
Bacillus_GCA_014982505.1_spacer_9	total_phage_179	100.000	16	0	0	18	33	4185	4170	0.76	26.9
Bacillus_GCA_014982505.1_spacer_9	virome_phage_741	94.444	18	1	0	10	27	40041	40058	0.76	26.9
Bacillus_GCA_014982505.1_spacer_9	virome_phage_1117	75.000	32	8	0	1	32	359	390	0.76	26.9
Bacillus_GCA_014982505.1_spacer_9	total_phage_306	90.000	20	2	0	10	29	17854	17873	0.76	26.9
Bacillus_GCA_014982505.1_spacer_11	total_phage_416	80.769	26	5	0	8	33	29830	29855	0.76	26.9
Bacillus_GCA_014982505.1_spacer_11	virome_phage_7	83.333	24	4	0	3	26	53055	53032	0.76	26.9
Bacillus_GCA_014982505.1_spacer_11	virome_phage_1849	90.000	20	2	0	4	23	5529	5510	0.76	26.9
Bacillus_GCA_014982505.1_spacer_11	virome_phage_17	80.769	26	5	0	1	26	83581	83556	0.76	26.9
Bacillus_GCA_014982505.1_spacer_12	virome_phage_844	90.909	22	2	0	14	35	32864	32885	0.13	30.1
Bacillus_GCA_014982505.1_spacer_12	virome_phage_748	82.143	28	5	0	6	33	11011	11038	0.13	30.1
Bacillus_GCA_014982505.1_spacer_12	total_phage_92	82.143	28	5	0	6	33	129485	129512	0.13	30.1
Bacillus_GCA_014982505.1_spacer_12	virome_phage_28	79.310	29	6	0	6	34	10710	10682	0.38	28.5
Bacillus_GCA_014982505.1_spacer_12	virome_phage_172	81.481	27	5	0	9	35	1491	1465	0.38	28.5
Bacillus_GCA_014982505.1_spacer_12	virome_phage_751	79.310	29	6	0	4	32	36409	36437	0.38	28.5
Bacillus_GCA_014982505.1_spacer_12	virome_phage_17	86.957	23	3	0	13	35	5258	5280	0.38	28.5
Bacillus_GCA_014982505.1_spacer_13	virome_phage_110	91.304	23	2	0	3	25	2905	2883	0.028	31.7
Bacillus_GCA_014982505.1_spacer_13	virome_phage_4	77.419	31	7	0	3	33	16083	16053	0.25	28.5
Bacillus_GCA_014982505.1_spacer_13	virome_phage_1	94.444	18	1	0	15	32	99077	99094	0.76	26.9
Bacillus_GCA_014982505.1_spacer_14	virome_phage_2301	84.615	26	4	0	8	33	474	449	0.084	30.1
Bacillus_GCA_014982505.1_spacer_14	virome_phage_745	86.957	23	3	0	3	25	50368	50346	0.25	28.5
Bacillus_GCA_014982505.1_spacer_14	virome_phage_792	80.769	26	5	0	3	28	20120	20095	0.76	26.9
Bacillus_GCA_014982505.1_spacer_14	virome_phage_3	86.364	22	3	0	4	25	103962	103941	0.76	26.9
Bacillus_GCA_014982505.1_spacer_14	virome_phage_906	94.444	18	1	0	8	25	1769	1786	0.76	26.9
Bacillus_GCA_014982505.1_spacer_14	virome_phage_864	75.000	32	8	0	2	33	18231	18262	0.76	26.9
Bacillus_GCA_014982505.1_spacer_14	virome_phage_56	94.444	18	1	0	13	30	2754	2771	0.76	26.9
Bacillus_GCA_014982505.1_spacer_14	virome_phage_2407	94.444	18	1	0	16	33	6193	6210	0.76	26.9
Bacillus_GCA_014982505.1_spacer_15	total_phage_929	82.143	28	5	0	2	29	6522	6549	0.084	30.1
Bacillus_GCA_014982505.1_spacer_15	virome_phage_734	80.000	30	6	0	4	33	244289	244260	0.084	30.1
Bacillus_GCA_014982505.1_spacer_15	virome_phage_734	76.667	30	7	0	1	30	125535	125564	0.76	26.9
Bacillus_GCA_014982505.1_spacer_15	virome_phage_4	77.419	31	7	0	1	31	126793	126823	0.25	28.5
Bacillus_GCA_014982505.1_spacer_15	virome_phage_848	79.310	29	6	0	1	29	20306	20278	0.25	28.5
Bacillus_GCA_014982505.1_spacer_15	virome_phage_834	81.481	27	5	0	2	28	34146	34120	0.25	28.5
Bacillus_GCA_014982505.1_spacer_15	virome_phage_738	77.419	31	7	0	1	31	115663	115633	0.25	28.5
Bacillus_GCA_014982505.1_spacer_15	virome_phage_2357	81.481	27	5	0	2	28	5767	5741	0.25	28.5
Bacillus_GCA_014982505.1_spacer_15	total_phage_98	86.957	23	3	0	11	33	15075	15053	0.25	28.5
Bacillus_GCA_014982505.1_spacer_15	total_phage_232	75.758	33	8	0	1	33	29470	29438	0.25	28.5
Bacillus_GCA_014982505.1_spacer_15	virome_phage_840	78.571	28	6	0	2	29	13726	13753	0.76	26.9
Bacillus_GCA_014982505.1_spacer_15	virome_phage_749	86.364	22	3	0	8	29	16615	16636	0.76	26.9
Bacillus_GCA_014982505.1_spacer_15	virome_phage_2294	90.000	20	2	0	5	24	38621	38640	0.76	26.9
Bacillus_GCA_014982505.1_spacer_15	virome_phage_145	86.364	22	3	0	5	26	2101	2122	0.76	26.9
Bacillus_GCA_014982505.1_spacer_15	total_phage_807	100.000	16	0	0	15	30	1088	1103	0.76	26.9
Bacillus_GCA_014982505.1_spacer_15	total_phage_500	80.769	26	5	0	5	30	75118	75143	0.76	26.9
Bacillus_GCA_014982505.1_spacer_15	total_phage_244	94.444	18	1	0	15	32	16948	16965	0.76	26.9
Bacillus_GCA_014982505.1_spacer_15	virome_phage_92	90.000	20	2	0	5	24	32649	32630	0.76	26.9
Bacillus_GCA_014982505.1_spacer_15	virome_phage_8	83.333	24	4	0	5	28	107324	107301	0.76	26.9
Bacillus_GCA_014982505.1_spacer_15	virome_phage_771	80.769	26	5	0	1	26	24827	24802	0.76	26.9
Bacillus_GCA_014982505.1_spacer_15	virome_phage_752	76.667	30	7	0	1	30	19647	19618	0.76	26.9
Bacillus_GCA_014982505.1_spacer_15	virome_phage_2260	94.444	18	1	0	2	19	6279	6262	0.76	26.9
Bacillus_GCA_014982505.1_spacer_15	virome_phage_2238	80.769	26	5	0	5	30	32839	32814	0.76	26.9
Bacillus_GCA_014982505.1_spacer_15	virome_phage_115	80.769	26	5	0	1	26	8531	8506	0.76	26.9
Bacillus_GCA_014982505.1_spacer_15	total_phage_664	86.364	22	3	0	7	28	4924	4903	0.76	26.9
Bacillus_GCA_014982505.1_spacer_16	total_phage_362	84.000	25	4	0	2	26	17354	17378	0.31	28.5
Bacillus_GCA_014982505.1_spacer_16	total_phage_308	84.000	25	4	0	2	26	5759	5783	0.31	28.5
Bacillus_GCA_014982505.1_spacer_16	virome_phage_11	86.364	22	3	0	9	30	68554	68575	0.94	26.9
Bacillus_GCA_014982505.1_spacer_16	virome_phage_2269	86.364	22	3	0	12	33	179416	179395	0.94	26.9
Bacillus_GCA_014982505.1_spacer_17	virome_phage_843	95.455	22	1	0	9	30	33974	33995	0.014	33.3
Bacillus_GCA_014982505.1_spacer_17	virome_phage_866	87.500	24	3	0	10	33	7219	7242	0.13	30.1
Bacillus_GCA_014982505.1_spacer_17	total_phage_605	90.909	22	2	0	3	24	16554	16575	0.13	30.1
Bacillus_GCA_014982505.1_spacer_17	total_phage_526	90.909	22	2	0	3	24	6359	6380	0.13	30.1
Bacillus_GCA_014982505.1_spacer_18	virome_phage_773	78.571	28	6	0	4	31	25285	25312	0.94	26.9
Bacillus_GCA_014982505.1_spacer_18	virome_phage_734	83.333	24	4	0	2	25	149699	149722	0.94	26.9
Bacillus_GCA_014982505.1_spacer_20	virome_phage_864	78.125	32	7	0	2	33	18231	18262	0.084	30.1
Bacillus_GCA_014982505.1_spacer_20	virome_phage_857	94.737	19	1	0	15	33	31856	31838	0.25	28.5
Bacillus_GCA_014982505.1_spacer_20	virome_phage_32	90.476	21	2	0	10	30	35385	35365	0.25	28.5
Bacillus_GCA_014982505.1_spacer_20	total_phage_729	86.957	23	3	0	11	33	112205	112227	0.25	28.5
Bacillus_GCA_014982505.1_spacer_20	total_phage_727	79.310	29	6	0	2	30	2282	2310	0.25	28.5
Bacillus_GCA_014982505.1_spacer_20	total_phage_518	79.310	29	6	0	2	30	14492	14520	0.25	28.5
Bacillus_GCA_014982505.1_spacer_20	total_phage_92	83.333	24	4	0	6	29	108906	108883	0.76	26.9
Bacillus_GCA_014982505.1_spacer_21	virome_phage_2238	82.143	28	5	0	2	29	32841	32814	0.084	30.1
Bacillus_GCA_014982505.1_spacer_21	virome_phage_145	87.500	24	3	0	2	25	2099	2122	0.084	30.1
Bacillus_GCA_014982505.1_spacer_21	total_phage_500	82.143	28	5	0	2	29	75116	75143	0.084	30.1
Bacillus_GCA_014982505.1_spacer_21	virome_phage_738	84.000	25	4	0	7	31	115656	115632	0.25	28.5
Bacillus_GCA_014982505.1_spacer_21	virome_phage_4	84.000	25	4	0	7	31	126800	126824	0.25	28.5
Bacillus_GCA_014982505.1_spacer_21	virome_phage_939	78.571	28	6	0	3	30	4951	4924	0.76	26.9
Bacillus_GCA_014982505.1_spacer_21	virome_phage_92	90.000	20	2	0	4	23	32649	32630	0.76	26.9
Bacillus_GCA_014982505.1_spacer_21	virome_phage_866	78.571	28	6	0	2	29	20778	20751	0.76	26.9
Bacillus_GCA_014982505.1_spacer_21	virome_phage_8	83.333	24	4	0	4	27	107324	107301	0.76	26.9
Bacillus_GCA_014982505.1_spacer_21	virome_phage_749	86.364	22	3	0	7	28	16615	16636	0.76	26.9
Bacillus_GCA_014982505.1_spacer_21	virome_phage_739	76.667	30	7	0	1	30	32943	32914	0.76	26.9
Bacillus_GCA_014982505.1_spacer_21	virome_phage_739	86.364	22	3	0	2	23	69657	69636	0.76	26.9
Bacillus_GCA_014982505.1_spacer_21	virome_phage_734	83.333	24	4	0	4	27	244288	244265	0.76	26.9
Bacillus_GCA_014982505.1_spacer_21	virome_phage_7	76.667	30	7	0	3	32	79619	79590	0.76	26.9
Bacillus_GCA_014982505.1_spacer_21	virome_phage_2407	86.364	22	3	0	1	22	8762	8741	0.76	26.9
Bacillus_GCA_014982505.1_spacer_21	virome_phage_2368	83.333	24	4	0	2	25	19269	19246	0.76	26.9
Bacillus_GCA_014982505.1_spacer_21	virome_phage_2327	94.444	18	1	0	14	31	108	91	0.76	26.9
Bacillus_GCA_014982505.1_spacer_21	virome_phage_2294	90.000	20	2	0	4	23	38621	38640	0.76	26.9
Bacillus_GCA_014982505.1_spacer_21	virome_phage_2254	78.571	28	6	0	2	29	51327	51300	0.76	26.9
Bacillus_GCA_014982505.1_spacer_21	virome_phage_18	78.571	28	6	0	2	29	34169	34142	0.76	26.9
Bacillus_GCA_014982505.1_spacer_21	virome_phage_10	86.364	22	3	0	3	24	119050	119029	0.76	26.9
Bacillus_GCA_014982505.1_spacer_21	total_phage_92	100.000	16	0	0	17	32	152198	152213	0.76	26.9
Bacillus_GCA_014982505.1_spacer_21	total_phage_807	100.000	16	0	0	14	29	1088	1103	0.76	26.9
Bacillus_GCA_014982505.1_spacer_21	total_phage_664	86.364	22	3	0	6	27	4924	4903	0.76	26.9
Bacillus_GCA_014982505.1_spacer_21	total_phage_453	94.444	18	1	0	2	19	16680	16697	0.76	26.9
Bacillus_GCA_014982505.1_spacer_21	total_phage_416	86.364	22	3	0	11	32	23738	23759	0.76	26.9
Bacillus_GCA_014982505.1_spacer_21	total_phage_231	100.000	16	0	0	17	32	130555	130570	0.76	26.9
Bacillus_GCA_014982505.1_spacer_21	total_phage_11	86.364	22	3	0	11	32	24456	24477	0.76	26.9
Bacillus_GCA_014982505.1_spacer_22	virome_phage_2322	86.364	22	3	0	1	22	29863	29842	0.76	26.9
Bacillus_GCA_014982505.1_spacer_22	total_phage_179	78.571	28	6	0	3	30	8453	8426	0.76	26.9
Bacillus_GCA_014982505.1_spacer_22	virome_phage_742	86.364	22	3	0	9	30	11420	11441	0.76	26.9
