Bacillus_GCA_002911955.1_spacer_0	total_phage_735	95.000	20	1	0	12	31	24927	24946	0.084	30.1
Bacillus_GCA_002911955.1_spacer_0	virome_phage_842	86.364	22	3	0	12	33	28254	28233	0.76	26.9
Bacillus_GCA_002911955.1_spacer_0	virome_phage_839	90.000	20	2	0	12	31	16299	16280	0.76	26.9
Bacillus_GCA_002911955.1_spacer_0	virome_phage_785	86.364	22	3	0	12	33	8276	8255	0.76	26.9
Bacillus_GCA_002911955.1_spacer_0	virome_phage_748	94.444	18	1	0	14	31	60779	60762	0.76	26.9
Bacillus_GCA_002911955.1_spacer_0	virome_phage_2275	100.000	16	0	0	14	29	39637	39622	0.76	26.9
Bacillus_GCA_002911955.1_spacer_0	total_phage_294	90.000	20	2	0	2	21	13294	13275	0.76	26.9
Bacillus_GCA_002911955.1_spacer_0	virome_phage_828	100.000	16	0	0	16	31	26782	26797	0.76	26.9
Bacillus_GCA_002911955.1_spacer_0	virome_phage_810	80.769	26	5	0	3	28	21566	21591	0.76	26.9
Bacillus_GCA_002911955.1_spacer_0	virome_phage_5	94.444	18	1	0	15	32	97971	97988	0.76	26.9
Bacillus_GCA_002911955.1_spacer_0	virome_phage_2335	90.000	20	2	0	12	31	20030	20049	0.76	26.9
Bacillus_GCA_002911955.1_spacer_0	virome_phage_2310	86.364	22	3	0	12	33	35297	35318	0.76	26.9
Bacillus_GCA_002911955.1_spacer_0	virome_phage_2298	100.000	16	0	0	16	31	26613	26628	0.76	26.9
Bacillus_GCA_002911955.1_spacer_0	virome_phage_2269	90.000	20	2	0	8	27	147937	147956	0.76	26.9
Bacillus_GCA_002911955.1_spacer_1	virome_phage_756	94.737	19	1	0	9	27	42585	42567	0.25	28.5
Bacillus_GCA_002911955.1_spacer_1	virome_phage_10	90.476	21	2	0	10	30	64219	64199	0.25	28.5
Bacillus_GCA_002911955.1_spacer_1	virome_phage_818	94.444	18	1	0	14	31	22145	22162	0.76	26.9
Bacillus_GCA_002911955.1_spacer_1	virome_phage_745	86.364	22	3	0	7	28	64010	64031	0.76	26.9
Bacillus_GCA_002911955.1_spacer_1	virome_phage_2280	90.000	20	2	0	13	32	47556	47537	0.76	26.9
Bacillus_GCA_002911955.1_spacer_2	virome_phage_46	84.615	26	4	0	4	29	6117	6142	0.084	30.1
Bacillus_GCA_002911955.1_spacer_2	virome_phage_28	83.333	24	4	0	9	32	20591	20568	0.76	26.9
Bacillus_GCA_002911955.1_spacer_2	virome_phage_2282	90.000	20	2	0	10	29	26828	26847	0.76	26.9
Bacillus_GCA_002911955.1_spacer_3	virome_phage_784	86.364	22	3	0	2	23	23062	23083	0.76	26.9
Bacillus_GCA_002911955.1_spacer_4	virome_phage_741	95.000	20	1	0	2	21	73015	73034	0.084	30.1
Bacillus_GCA_002911955.1_spacer_4	virome_phage_764	86.957	23	3	0	1	23	6415	6393	0.25	28.5
Bacillus_GCA_002911955.1_spacer_4	virome_phage_750	79.310	29	6	0	1	29	52193	52165	0.25	28.5
Bacillus_GCA_002911955.1_spacer_4	virome_phage_2327	90.476	21	2	0	2	22	13788	13768	0.25	28.5
Bacillus_GCA_002911955.1_spacer_4	virome_phage_2292	86.957	23	3	0	8	30	2122	2100	0.25	28.5
Bacillus_GCA_002911955.1_spacer_4	virome_phage_778	90.476	21	2	0	2	22	41296	41316	0.25	28.5
Bacillus_GCA_002911955.1_spacer_4	virome_phage_771	86.957	23	3	0	8	30	8524	8546	0.25	28.5
Bacillus_GCA_002911955.1_spacer_4	virome_phage_2345	90.000	20	2	0	1	20	24388	24369	0.76	26.9
Bacillus_GCA_002911955.1_spacer_4	virome_phage_2254	83.333	24	4	0	1	24	81553	81530	0.76	26.9
Bacillus_GCA_002911955.1_spacer_4	virome_phage_2238	83.333	24	4	0	1	24	63069	63046	0.76	26.9
Bacillus_GCA_002911955.1_spacer_4	total_phage_798	90.000	20	2	0	3	22	21497	21478	0.76	26.9
Bacillus_GCA_002911955.1_spacer_4	total_phage_711	86.364	22	3	0	6	27	5609	5588	0.76	26.9
Bacillus_GCA_002911955.1_spacer_4	total_phage_650	86.364	22	3	0	6	27	5632	5611	0.76	26.9
Bacillus_GCA_002911955.1_spacer_4	total_phage_413	94.444	18	1	0	11	28	49446	49429	0.76	26.9
Bacillus_GCA_002911955.1_spacer_4	virome_phage_876	90.000	20	2	0	1	20	1449	1468	0.76	26.9
Bacillus_GCA_002911955.1_spacer_4	virome_phage_318	78.571	28	6	0	1	28	8871	8898	0.76	26.9
Bacillus_GCA_002911955.1_spacer_4	virome_phage_2530	90.000	20	2	0	2	21	3227	3246	0.76	26.9
Bacillus_GCA_002911955.1_spacer_4	virome_phage_2407	78.571	28	6	0	1	28	16392	16419	0.76	26.9
Bacillus_GCA_002911955.1_spacer_4	virome_phage_119	90.000	20	2	0	1	20	12424	12443	0.76	26.9
Bacillus_GCA_002911955.1_spacer_4	total_phage_500	83.333	24	4	0	1	24	44888	44911	0.76	26.9
Bacillus_GCA_002911955.1_spacer_5	total_phage_797	81.250	32	6	0	6	37	34465	34434	0.026	33.3
Bacillus_GCA_002911955.1_spacer_5	total_phage_293	81.250	32	6	0	6	37	40885	40854	0.026	33.3
Bacillus_GCA_002911955.1_spacer_5	total_phage_249	88.462	26	3	0	12	37	1337	1362	0.026	33.3
Bacillus_GCA_002911955.1_spacer_5	virome_phage_7	80.645	31	6	0	10	40	114547	114517	0.077	31.7
Bacillus_GCA_002911955.1_spacer_5	virome_phage_4	77.143	35	8	0	6	40	41795	41761	0.077	31.7
Bacillus_GCA_002911955.1_spacer_5	virome_phage_4	84.000	25	4	0	7	31	8757	8733	0.69	28.5
Bacillus_GCA_002911955.1_spacer_5	virome_phage_21	88.000	25	3	0	11	35	33392	33368	0.077	31.7
Bacillus_GCA_002911955.1_spacer_5	total_phage_106	88.000	25	3	0	7	31	36135	36111	0.077	31.7
Bacillus_GCA_002911955.1_spacer_5	virome_phage_740	88.000	25	3	0	11	35	2934	2958	0.077	31.7
Bacillus_GCA_002911955.1_spacer_5	virome_phage_740	79.310	29	6	0	7	35	72492	72520	0.69	28.5
Bacillus_GCA_002911955.1_spacer_5	virome_phage_776	75.000	36	9	0	1	36	18589	18554	0.23	30.1
Bacillus_GCA_002911955.1_spacer_5	virome_phage_771	87.500	24	3	0	18	41	30562	30539	0.23	30.1
Bacillus_GCA_002911955.1_spacer_5	virome_phage_115	87.500	24	3	0	18	41	14266	14243	0.23	30.1
Bacillus_GCA_002911955.1_spacer_5	total_phage_12	84.615	26	4	0	12	37	20309	20284	0.23	30.1
Bacillus_GCA_002911955.1_spacer_5	virome_phage_738	80.000	30	6	0	5	34	71998	72027	0.23	30.1
Bacillus_GCA_002911955.1_spacer_5	virome_phage_738	75.758	33	8	0	2	34	134605	134573	0.69	28.5
Bacillus_GCA_002911955.1_spacer_5	virome_phage_62	80.000	30	6	0	11	40	37657	37686	0.23	30.1
Bacillus_GCA_002911955.1_spacer_5	virome_phage_935	81.481	27	5	0	12	38	11902	11876	0.69	28.5
Bacillus_GCA_002911955.1_spacer_5	virome_phage_913	77.419	31	7	0	10	40	15311	15281	0.69	28.5
Bacillus_GCA_002911955.1_spacer_5	virome_phage_1004	84.000	25	4	0	16	40	2090	2066	0.69	28.5
Bacillus_GCA_002911955.1_spacer_5	total_phage_729	81.481	27	5	0	15	41	51387	51361	0.69	28.5
Bacillus_GCA_002911955.1_spacer_5	total_phage_445	75.758	33	8	0	9	41	1946	1914	0.69	28.5
Bacillus_GCA_002911955.1_spacer_5	virome_phage_815	72.973	37	10	0	3	39	22704	22740	0.69	28.5
Bacillus_GCA_002911955.1_spacer_5	virome_phage_8	84.000	25	4	0	17	41	34328	34352	0.69	28.5
Bacillus_GCA_002911955.1_spacer_5	total_phage_730	77.419	31	7	0	4	34	42227	42257	0.69	28.5
Bacillus_GCA_002911955.1_spacer_5	total_phage_366	79.310	29	6	0	1	29	1171	1199	0.69	28.5
Bacillus_GCA_002911955.1_spacer_5	total_phage_111	72.973	37	10	0	3	39	25607	25643	0.69	28.5
Bacillus_GCA_002911955.1_spacer_5	total_phage_111	72.973	37	10	0	3	39	65849	65885	0.69	28.5
Bacillus_GCA_002911955.1_spacer_6	virome_phage_1217	81.481	27	5	0	11	37	3870	3896	0.76	28.5
Bacillus_GCA_002911955.1_spacer_6	total_phage_112	79.310	29	6	0	8	36	11896	11924	0.76	28.5
Bacillus_GCA_002911955.1_spacer_6	virome_phage_739	84.000	25	4	0	13	37	36404	36380	0.76	28.5
Bacillus_GCA_002911955.1_spacer_7	virome_phage_66	100.000	18	0	0	18	35	9869	9852	0.23	30.1
Bacillus_GCA_002911955.1_spacer_7	virome_phage_834	77.419	31	7	0	10	40	10630	10660	0.69	28.5
Bacillus_GCA_002911955.1_spacer_7	virome_phage_8	81.481	27	5	0	11	37	118831	118805	0.69	28.5
Bacillus_GCA_002911955.1_spacer_7	virome_phage_5	70.732	41	12	0	2	42	129369	129409	0.69	28.5
Bacillus_GCA_002911955.1_spacer_7	virome_phage_28	94.737	19	1	0	1	19	38019	38001	0.69	28.5
Bacillus_GCA_002911955.1_spacer_7	virome_phage_2424	71.795	39	11	0	3	41	15178	15140	0.69	28.5
Bacillus_GCA_002911955.1_spacer_7	total_phage_729	94.737	19	1	0	2	20	96868	96886	0.69	28.5
Bacillus_GCA_002911955.1_spacer_7	total_phage_729	94.737	19	1	0	16	34	136756	136738	0.69	28.5
Bacillus_GCA_002911955.1_spacer_7	total_phage_415	81.481	27	5	0	6	32	39437	39463	0.69	28.5
Bacillus_GCA_002911955.1_spacer_7	total_phage_246	77.419	31	7	0	2	32	15785	15755	0.69	28.5
Bacillus_GCA_002911955.1_spacer_8	virome_phage_2310	94.737	19	1	0	7	25	29414	29432	0.76	28.5
Bacillus_GCA_002911955.1_spacer_8	virome_phage_1217	81.481	27	5	0	11	37	3870	3896	0.76	28.5
Bacillus_GCA_002911955.1_spacer_8	total_phage_799	94.737	19	1	0	7	25	6577	6595	0.76	28.5
Bacillus_GCA_002911955.1_spacer_8	total_phage_413	86.957	23	3	0	2	24	85520	85542	0.76	28.5
Bacillus_GCA_002911955.1_spacer_8	virome_phage_739	84.000	25	4	0	13	37	36404	36380	0.76	28.5
Bacillus_GCA_002911955.1_spacer_8	total_phage_734	94.737	19	1	0	7	25	4342	4324	0.76	28.5
Bacillus_GCA_002911955.1_spacer_9	virome_phage_2269	95.455	22	1	0	16	37	25324	25303	0.026	33.3
Bacillus_GCA_002911955.1_spacer_9	virome_phage_890	81.481	27	5	0	2	28	9043	9069	0.69	28.5
Bacillus_GCA_002911955.1_spacer_9	virome_phage_750	84.000	25	4	0	8	32	8770	8794	0.69	28.5
Bacillus_GCA_002911955.1_spacer_9	total_phage_807	77.419	31	7	0	10	40	13845	13875	0.69	28.5
Bacillus_GCA_002911955.1_spacer_9	total_phage_737	79.310	29	6	0	14	42	2472	2500	0.69	28.5
Bacillus_GCA_002911955.1_spacer_9	virome_phage_824	84.000	25	4	0	2	26	24156	24132	0.69	28.5
Bacillus_GCA_002911955.1_spacer_9	virome_phage_65	81.481	27	5	0	2	28	31419	31393	0.69	28.5
Bacillus_GCA_002911955.1_spacer_10	virome_phage_45	85.185	27	4	0	16	42	42252	42226	0.077	31.7
Bacillus_GCA_002911955.1_spacer_10	virome_phage_2292	95.000	20	1	0	13	32	34258	34277	0.23	30.1
Bacillus_GCA_002911955.1_spacer_10	virome_phage_48	94.737	19	1	0	16	34	42546	42528	0.69	28.5
Bacillus_GCA_002911955.1_spacer_10	virome_phage_3	86.957	23	3	0	18	40	94042	94020	0.69	28.5
Bacillus_GCA_002911955.1_spacer_11	virome_phage_2322	95.652	23	1	0	8	30	3889	3911	0.008	34.9
Bacillus_GCA_002911955.1_spacer_11	virome_phage_734	77.143	35	8	0	7	41	275727	275693	0.070	31.7
Bacillus_GCA_002911955.1_spacer_11	virome_phage_2274	82.759	29	5	0	13	41	36240	36212	0.070	31.7
Bacillus_GCA_002911955.1_spacer_11	total_phage_364	75.676	37	9	0	4	40	4505	4469	0.070	31.7
Bacillus_GCA_002911955.1_spacer_11	total_phage_935	75.676	37	9	0	4	40	12480	12516	0.070	31.7
Bacillus_GCA_002911955.1_spacer_11	total_phage_800	80.645	31	6	0	6	36	2354	2384	0.070	31.7
Bacillus_GCA_002911955.1_spacer_11	total_phage_111	82.759	29	5	0	8	36	89943	89971	0.070	31.7
Bacillus_GCA_002911955.1_spacer_11	virome_phage_144	76.471	34	8	0	7	40	2411	2378	0.21	30.1
Bacillus_GCA_002911955.1_spacer_11	total_phage_415	75.000	36	9	0	6	41	30862	30827	0.21	30.1
Bacillus_GCA_002911955.1_spacer_11	total_phage_4	75.000	36	9	0	6	41	26536	26501	0.21	30.1
Bacillus_GCA_002911955.1_spacer_11	virome_phage_894	78.125	32	7	0	8	39	24223	24254	0.21	30.1
Bacillus_GCA_002911955.1_spacer_11	virome_phage_823	84.615	26	4	0	16	41	14869	14894	0.21	30.1
Bacillus_GCA_002911955.1_spacer_11	total_phage_114	72.500	40	11	0	1	40	36141	36180	0.21	30.1
Bacillus_GCA_002911955.1_spacer_11	virome_phage_855	75.758	33	8	0	7	39	24918	24886	0.63	28.5
Bacillus_GCA_002911955.1_spacer_11	virome_phage_743	84.000	25	4	0	8	32	39025	39001	0.63	28.5
Bacillus_GCA_002911955.1_spacer_11	virome_phage_5	94.737	19	1	0	18	36	113072	113054	0.63	28.5
Bacillus_GCA_002911955.1_spacer_11	virome_phage_2342	84.000	25	4	0	7	31	290	266	0.63	28.5
Bacillus_GCA_002911955.1_spacer_11	total_phage_804	100.000	17	0	0	8	24	8343	8327	0.63	28.5
Bacillus_GCA_002911955.1_spacer_11	total_phage_783	74.286	35	9	0	2	36	22926	22892	0.63	28.5
Bacillus_GCA_002911955.1_spacer_11	total_phage_745	74.286	35	9	0	7	41	7962	7928	0.63	28.5
Bacillus_GCA_002911955.1_spacer_11	total_phage_483	84.000	25	4	0	15	39	21471	21447	0.63	28.5
Bacillus_GCA_002911955.1_spacer_11	total_phage_296	74.286	35	9	0	7	41	4539	4505	0.63	28.5
Bacillus_GCA_002911955.1_spacer_11	total_phage_296	74.286	35	9	0	7	41	9921	9887	0.63	28.5
Bacillus_GCA_002911955.1_spacer_11	total_phage_123	90.476	21	2	0	6	26	8817	8797	0.63	28.5
Bacillus_GCA_002911955.1_spacer_11	virome_phage_903	74.286	35	9	0	7	41	17923	17957	0.63	28.5
Bacillus_GCA_002911955.1_spacer_11	virome_phage_841	79.310	29	6	0	8	36	9492	9520	0.63	28.5
Bacillus_GCA_002911955.1_spacer_11	virome_phage_33	79.310	29	6	0	9	37	33895	33923	0.63	28.5
Bacillus_GCA_002911955.1_spacer_11	virome_phage_2303	100.000	17	0	0	8	24	25677	25693	0.63	28.5
Bacillus_GCA_002911955.1_spacer_11	virome_phage_1770	71.795	39	11	0	3	41	1320	1358	0.63	28.5
Bacillus_GCA_002911955.1_spacer_11	total_phage_653	84.000	25	4	0	15	39	9821	9845	0.63	28.5
Bacillus_GCA_002911955.1_spacer_11	total_phage_368	90.476	21	2	0	6	26	12132	12152	0.63	28.5
Bacillus_GCA_002911955.1_spacer_11	total_phage_11	77.419	31	7	0	6	36	8851	8881	0.63	28.5
Bacillus_GCA_002911955.1_spacer_12	virome_phage_734	95.238	21	1	0	23	43	149096	149116	0.091	31.7
Bacillus_GCA_002911955.1_spacer_12	virome_phage_843	90.909	22	2	0	6	27	33995	33974	0.27	30.1
Bacillus_GCA_002911955.1_spacer_12	virome_phage_35	84.000	25	4	0	5	29	21574	21598	0.82	28.5
Bacillus_GCA_002911955.1_spacer_12	total_phage_730	86.957	23	3	0	21	43	4140	4118	0.82	28.5
Bacillus_GCA_002911955.1_spacer_13	virome_phage_759	84.615	26	4	0	12	37	20705	20730	0.25	30.1
Bacillus_GCA_002911955.1_spacer_13	virome_phage_201	75.000	36	9	0	6	41	2622	2657	0.25	30.1
Bacillus_GCA_002911955.1_spacer_13	total_phage_743	75.000	36	9	0	6	41	2763	2798	0.25	30.1
Bacillus_GCA_002911955.1_spacer_13	virome_phage_82	84.615	26	4	0	12	37	14114	14089	0.25	30.1
Bacillus_GCA_002911955.1_spacer_13	virome_phage_751	90.476	21	2	0	4	24	27996	27976	0.76	28.5
Bacillus_GCA_002911955.1_spacer_13	total_phage_803	90.476	21	2	0	12	32	24911	24891	0.76	28.5
