Bacillus_GCF_003020795.1_spacer_0	virome_phage_825	84.000	25	4	0	9	33	27601	27625	0.25	28.5
Bacillus_GCF_003020795.1_spacer_0	virome_phage_860	83.333	24	4	0	7	30	18098	18121	0.76	26.9
Bacillus_GCF_003020795.1_spacer_0	virome_phage_22	83.333	24	4	0	4	27	19767	19790	0.76	26.9
Bacillus_GCF_003020795.1_spacer_0	virome_phage_761	90.000	20	2	0	11	30	22945	22926	0.76	26.9
Bacillus_GCF_003020795.1_spacer_1	virome_phage_8	90.476	21	2	0	13	33	11340	11320	0.31	28.5
Bacillus_GCF_003020795.1_spacer_1	total_phage_248	78.571	28	6	0	3	30	17757	17784	0.94	26.9
Bacillus_GCF_003020795.1_spacer_1	total_phage_232	94.444	18	1	0	16	33	41311	41328	0.94	26.9
Bacillus_GCF_003020795.1_spacer_1	total_phage_92	86.364	22	3	0	4	25	40463	40442	0.94	26.9
Bacillus_GCF_003020795.1_spacer_1	total_phage_245	78.571	28	6	0	3	30	322	295	0.94	26.9
Bacillus_GCF_003020795.1_spacer_2	virome_phage_824	78.125	32	7	0	2	33	36313	36282	0.084	30.1
Bacillus_GCF_003020795.1_spacer_2	virome_phage_10	84.000	25	4	0	2	26	54159	54183	0.25	28.5
Bacillus_GCF_003020795.1_spacer_2	virome_phage_46	84.000	25	4	0	6	30	201	177	0.25	28.5
Bacillus_GCF_003020795.1_spacer_2	virome_phage_28	79.310	29	6	0	2	30	16697	16669	0.25	28.5
Bacillus_GCF_003020795.1_spacer_2	total_phage_730	84.000	25	4	0	2	26	132569	132545	0.25	28.5
Bacillus_GCF_003020795.1_spacer_2	virome_phage_739	86.364	22	3	0	6	27	72481	72502	0.76	26.9
Bacillus_GCF_003020795.1_spacer_2	virome_phage_2280	83.333	24	4	0	9	32	54367	54390	0.76	26.9
Bacillus_GCF_003020795.1_spacer_2	virome_phage_2	86.364	22	3	0	2	23	70459	70480	0.76	26.9
Bacillus_GCF_003020795.1_spacer_2	virome_phage_191	78.571	28	6	0	6	33	12612	12639	0.76	26.9
Bacillus_GCF_003020795.1_spacer_2	total_phage_254	78.571	28	6	0	6	33	12528	12555	0.76	26.9
Bacillus_GCF_003020795.1_spacer_2	virome_phage_868	90.000	20	2	0	13	32	12172	12153	0.76	26.9
Bacillus_GCF_003020795.1_spacer_2	virome_phage_767	75.000	32	8	0	2	33	46058	46027	0.76	26.9
Bacillus_GCF_003020795.1_spacer_2	total_phage_636	100.000	16	0	0	18	33	25689	25674	0.76	26.9
Bacillus_GCF_003020795.1_spacer_3	virome_phage_8	90.476	21	2	0	13	33	11340	11320	0.31	28.5
Bacillus_GCF_003020795.1_spacer_3	total_phage_248	78.571	28	6	0	3	30	17757	17784	0.94	26.9
Bacillus_GCF_003020795.1_spacer_3	total_phage_232	94.444	18	1	0	16	33	41311	41328	0.94	26.9
Bacillus_GCF_003020795.1_spacer_3	total_phage_92	86.364	22	3	0	4	25	40463	40442	0.94	26.9
Bacillus_GCF_003020795.1_spacer_3	total_phage_245	78.571	28	6	0	3	30	322	295	0.94	26.9
Bacillus_GCF_003020795.1_spacer_4	virome_phage_824	78.125	32	7	0	2	33	36313	36282	0.084	30.1
Bacillus_GCF_003020795.1_spacer_4	virome_phage_10	84.000	25	4	0	2	26	54159	54183	0.25	28.5
Bacillus_GCF_003020795.1_spacer_4	virome_phage_46	84.000	25	4	0	6	30	201	177	0.25	28.5
Bacillus_GCF_003020795.1_spacer_4	virome_phage_28	79.310	29	6	0	2	30	16697	16669	0.25	28.5
Bacillus_GCF_003020795.1_spacer_4	total_phage_730	84.000	25	4	0	2	26	132569	132545	0.25	28.5
Bacillus_GCF_003020795.1_spacer_4	virome_phage_739	86.364	22	3	0	6	27	72481	72502	0.76	26.9
Bacillus_GCF_003020795.1_spacer_4	virome_phage_2280	83.333	24	4	0	9	32	54367	54390	0.76	26.9
Bacillus_GCF_003020795.1_spacer_4	virome_phage_2	86.364	22	3	0	2	23	70459	70480	0.76	26.9
Bacillus_GCF_003020795.1_spacer_4	virome_phage_191	78.571	28	6	0	6	33	12612	12639	0.76	26.9
Bacillus_GCF_003020795.1_spacer_4	total_phage_254	78.571	28	6	0	6	33	12528	12555	0.76	26.9
Bacillus_GCF_003020795.1_spacer_4	virome_phage_868	90.000	20	2	0	13	32	12172	12153	0.76	26.9
Bacillus_GCF_003020795.1_spacer_4	virome_phage_767	75.000	32	8	0	2	33	46058	46027	0.76	26.9
Bacillus_GCF_003020795.1_spacer_4	total_phage_636	100.000	16	0	0	18	33	25689	25674	0.76	26.9
Bacillus_GCF_003020795.1_spacer_5	virome_phage_8	90.476	21	2	0	13	33	11340	11320	0.31	28.5
Bacillus_GCF_003020795.1_spacer_5	total_phage_248	78.571	28	6	0	3	30	17757	17784	0.94	26.9
Bacillus_GCF_003020795.1_spacer_5	total_phage_232	94.444	18	1	0	16	33	41311	41328	0.94	26.9
Bacillus_GCF_003020795.1_spacer_5	total_phage_92	86.364	22	3	0	4	25	40463	40442	0.94	26.9
Bacillus_GCF_003020795.1_spacer_5	total_phage_245	78.571	28	6	0	3	30	322	295	0.94	26.9
Bacillus_GCF_003020795.1_spacer_6	virome_phage_8	84.615	26	4	0	6	31	118399	118374	0.10	30.1
Bacillus_GCF_003020795.1_spacer_6	virome_phage_47	87.500	24	3	0	8	31	22140	22163	0.10	30.1
Bacillus_GCF_003020795.1_spacer_6	virome_phage_47	75.000	32	8	0	1	32	30261	30292	0.94	26.9
Bacillus_GCF_003020795.1_spacer_6	virome_phage_2269	81.481	27	5	0	5	31	31108	31134	0.31	28.5
Bacillus_GCF_003020795.1_spacer_6	total_phage_104	79.310	29	6	0	2	30	651	679	0.31	28.5
Bacillus_GCF_003020795.1_spacer_6	virome_phage_734	86.364	22	3	0	13	34	280993	281014	0.94	26.9
Bacillus_GCF_003020795.1_spacer_6	virome_phage_1675	100.000	16	0	0	11	26	3131	3146	0.94	26.9
Bacillus_GCF_003020795.1_spacer_6	virome_phage_14	94.444	18	1	0	11	28	41365	41382	0.94	26.9
Bacillus_GCF_003020795.1_spacer_6	virome_phage_1279	100.000	16	0	0	11	26	859	844	0.94	26.9
Bacillus_GCF_003020795.1_spacer_7	virome_phage_742	87.500	24	3	0	9	32	11416	11393	0.084	30.1
Bacillus_GCF_003020795.1_spacer_7	virome_phage_837	94.737	19	1	0	3	21	24484	24466	0.25	28.5
Bacillus_GCF_003020795.1_spacer_7	virome_phage_123	94.737	19	1	0	3	21	25453	25435	0.25	28.5
Bacillus_GCF_003020795.1_spacer_7	total_phage_935	84.000	25	4	0	5	29	5172	5148	0.25	28.5
Bacillus_GCF_003020795.1_spacer_7	virome_phage_878	90.000	20	2	0	13	32	11422	11403	0.76	26.9
Bacillus_GCF_003020795.1_spacer_7	virome_phage_736	76.667	30	7	0	2	31	124069	124040	0.76	26.9
Bacillus_GCF_003020795.1_spacer_7	total_phage_363	90.000	20	2	0	7	26	22834	22853	0.76	26.9
Bacillus_GCF_003020795.1_spacer_8	virome_phage_76	79.310	29	6	0	2	30	27282	27310	0.25	28.5
Bacillus_GCF_003020795.1_spacer_8	total_phage_731	90.000	20	2	0	13	32	40201	40182	0.76	26.9
Bacillus_GCF_003020795.1_spacer_8	total_phage_299	90.000	20	2	0	11	30	19746	19765	0.76	26.9
Bacillus_GCF_003020795.1_spacer_9	virome_phage_734	87.500	24	3	0	3	26	214019	214042	0.15	30.1
Bacillus_GCF_003020795.1_spacer_9	virome_phage_96	100.000	17	0	0	4	20	20033	20049	0.44	28.5
Bacillus_GCF_003020795.1_spacer_9	virome_phage_2272	94.737	19	1	0	10	28	13683	13665	0.44	28.5
Bacillus_GCF_003020795.1_spacer_10	virome_phage_857	90.909	22	2	0	7	28	1982	1961	0.10	30.1
Bacillus_GCF_003020795.1_spacer_10	virome_phage_2272	80.769	26	5	0	9	34	65496	65521	0.94	26.9
Bacillus_GCF_003020795.1_spacer_10	virome_phage_14	86.364	22	3	0	10	31	85756	85777	0.94	26.9
Bacillus_GCF_003020795.1_spacer_10	total_phage_604	78.571	28	6	0	3	30	13169	13196	0.94	26.9
Bacillus_GCF_003020795.1_spacer_10	total_phage_525	78.571	28	6	0	3	30	2476	2503	0.94	26.9
Bacillus_GCF_003020795.1_spacer_11	virome_phage_746	84.615	26	4	0	1	26	49546	49521	0.084	30.1
Bacillus_GCF_003020795.1_spacer_11	virome_phage_2280	81.481	27	5	0	1	27	3828	3802	0.25	28.5
Bacillus_GCF_003020795.1_spacer_11	virome_phage_8	83.333	24	4	0	3	26	2460	2483	0.76	26.9
Bacillus_GCF_003020795.1_spacer_11	virome_phage_794	86.364	22	3	0	1	22	6779	6800	0.76	26.9
Bacillus_GCF_003020795.1_spacer_11	total_phage_307	90.000	20	2	0	1	20	13705	13724	0.76	26.9
Bacillus_GCF_003020795.1_spacer_12	virome_phage_745	81.481	27	5	0	8	34	66416	66442	0.38	28.5
Bacillus_GCF_003020795.1_spacer_12	virome_phage_36	81.481	27	5	0	3	29	23138	23164	0.38	28.5
Bacillus_GCF_003020795.1_spacer_13	virome_phage_844	85.185	27	4	0	1	27	32049	32023	0.028	31.7
Bacillus_GCF_003020795.1_spacer_13	virome_phage_8	90.909	22	2	0	8	29	34751	34730	0.084	30.1
Bacillus_GCF_003020795.1_spacer_13	virome_phage_8	90.476	21	2	0	9	29	123514	123494	0.25	28.5
Bacillus_GCF_003020795.1_spacer_13	virome_phage_743	84.615	26	4	0	7	32	85532	85557	0.084	30.1
Bacillus_GCF_003020795.1_spacer_13	virome_phage_67	78.125	32	7	0	1	32	4197	4166	0.084	30.1
Bacillus_GCF_003020795.1_spacer_13	virome_phage_66	84.000	25	4	0	2	26	684	660	0.25	28.5
Bacillus_GCF_003020795.1_spacer_13	virome_phage_2325	84.000	25	4	0	3	27	12763	12739	0.25	28.5
Bacillus_GCF_003020795.1_spacer_13	virome_phage_1	86.957	23	3	0	1	23	137953	137931	0.25	28.5
Bacillus_GCF_003020795.1_spacer_13	total_phage_413	77.419	31	7	0	2	32	105595	105565	0.25	28.5
Bacillus_GCF_003020795.1_spacer_13	virome_phage_963	94.444	18	1	0	15	32	7437	7454	0.76	26.9
Bacillus_GCF_003020795.1_spacer_13	virome_phage_739	90.000	20	2	0	2	21	115055	115036	0.76	26.9
Bacillus_GCF_003020795.1_spacer_13	virome_phage_734	78.571	28	6	0	1	28	31223	31196	0.76	26.9
Bacillus_GCF_003020795.1_spacer_13	virome_phage_2400	86.364	22	3	0	9	30	10898	10877	0.76	26.9
Bacillus_GCF_003020795.1_spacer_13	virome_phage_2353	86.364	22	3	0	1	22	21553	21532	0.76	26.9
Bacillus_GCF_003020795.1_spacer_13	virome_phage_2342	80.769	26	5	0	1	26	21513	21488	0.76	26.9
Bacillus_GCF_003020795.1_spacer_13	virome_phage_2239	90.000	20	2	0	10	29	1832	1813	0.76	26.9
Bacillus_GCF_003020795.1_spacer_13	virome_phage_158	86.364	22	3	0	9	30	7814	7835	0.76	26.9
Bacillus_GCF_003020795.1_spacer_13	virome_phage_1061	86.364	22	3	0	9	30	11392	11371	0.76	26.9
Bacillus_GCF_003020795.1_spacer_13	total_phage_804	100.000	16	0	0	1	16	27350	27335	0.76	26.9
Bacillus_GCF_003020795.1_spacer_13	total_phage_800	83.333	24	4	0	7	30	27024	27001	0.76	26.9
Bacillus_GCF_003020795.1_spacer_13	total_phage_793	94.444	18	1	0	12	29	32884	32867	0.76	26.9
Bacillus_GCF_003020795.1_spacer_13	total_phage_737	86.364	22	3	0	9	30	1183	1204	0.76	26.9
Bacillus_GCF_003020795.1_spacer_13	total_phage_729	80.769	26	5	0	1	26	130566	130541	0.76	26.9
Bacillus_GCF_003020795.1_spacer_13	total_phage_604	78.571	28	6	0	1	28	5104	5077	0.76	26.9
Bacillus_GCF_003020795.1_spacer_13	total_phage_600	90.000	20	2	0	7	26	476	495	0.76	26.9
Bacillus_GCF_003020795.1_spacer_13	total_phage_600	100.000	16	0	0	17	32	23626	23611	0.76	26.9
Bacillus_GCF_003020795.1_spacer_13	total_phage_363	83.333	24	4	0	9	32	15132	15109	0.76	26.9
Bacillus_GCF_003020795.1_spacer_13	total_phage_231	83.333	24	4	0	9	32	1737	1760	0.76	26.9
Bacillus_GCF_003020795.1_spacer_13	total_phage_231	83.333	24	4	0	9	32	23988	24011	0.76	26.9
Bacillus_GCF_003020795.1_spacer_14	total_phage_363	91.667	24	2	0	11	34	18279	18256	0.012	33.3
Bacillus_GCF_003020795.1_spacer_14	virome_phage_2294	94.737	19	1	0	11	29	29385	29367	0.31	28.5
Bacillus_GCF_003020795.1_spacer_14	virome_phage_183	81.481	27	5	0	5	31	1202	1176	0.31	28.5
Bacillus_GCF_003020795.1_spacer_14	virome_phage_1033	81.481	27	5	0	5	31	1049	1023	0.31	28.5
Bacillus_GCF_003020795.1_spacer_14	virome_phage_858	80.769	26	5	0	5	30	3353	3328	0.94	26.9
Bacillus_GCF_003020795.1_spacer_14	virome_phage_822	90.000	20	2	0	7	26	34035	34016	0.94	26.9
Bacillus_GCF_003020795.1_spacer_14	virome_phage_760	90.000	20	2	0	8	27	4036	4017	0.94	26.9
Bacillus_GCF_003020795.1_spacer_14	virome_phage_2327	90.000	20	2	0	15	34	18587	18568	0.94	26.9
Bacillus_GCF_003020795.1_spacer_14	virome_phage_2286	83.333	24	4	0	4	27	15327	15304	0.94	26.9
Bacillus_GCF_003020795.1_spacer_14	total_phage_782	86.364	22	3	0	4	25	25047	25026	0.94	26.9
Bacillus_GCF_003020795.1_spacer_14	total_phage_730	94.444	18	1	0	8	25	64311	64294	0.94	26.9
Bacillus_GCF_003020795.1_spacer_14	virome_phage_867	80.769	26	5	0	4	29	28601	28626	0.94	26.9
Bacillus_GCF_003020795.1_spacer_14	virome_phage_833	83.333	24	4	0	10	33	32118	32141	0.94	26.9
Bacillus_GCF_003020795.1_spacer_14	virome_phage_792	86.364	22	3	0	1	22	38784	38805	0.94	26.9
Bacillus_GCF_003020795.1_spacer_14	virome_phage_2297	80.769	26	5	0	5	30	9663	9688	0.94	26.9
Bacillus_GCF_003020795.1_spacer_14	total_phage_99	86.364	22	3	0	4	25	7407	7428	0.94	26.9
Bacillus_GCF_003020795.1_spacer_14	total_phage_930	86.364	22	3	0	4	25	4665	4686	0.94	26.9
Bacillus_GCF_003020795.1_spacer_15	total_phage_605	90.476	21	2	0	7	27	23734	23714	0.38	28.5
Bacillus_GCF_003020795.1_spacer_15	total_phage_526	90.476	21	2	0	7	27	13539	13519	0.38	28.5
Bacillus_GCF_003020795.1_spacer_17	virome_phage_2270	84.615	26	4	0	8	33	62652	62627	0.13	30.1
Bacillus_GCF_003020795.1_spacer_18	virome_phage_2278	100.000	16	0	0	16	31	15586	15571	0.94	26.9
Bacillus_GCF_003020795.1_spacer_19	virome_phage_734	86.957	23	3	0	1	23	260342	260320	0.38	28.5
