Bacillus_GCF_029857195.1_spacer_0	virome_phage_1	77.419	31	7	0	2	32	211261	211291	0.63	28.5
Bacillus_GCF_029857195.1_spacer_0	total_phage_231	90.476	21	2	0	11	31	70459	70439	0.63	28.5
Bacillus_GCF_029857195.1_spacer_1	virome_phage_46	80.645	31	6	0	9	39	3532	3502	0.070	31.7
Bacillus_GCF_029857195.1_spacer_1	virome_phage_747	88.000	25	3	0	15	39	73908	73932	0.070	31.7
Bacillus_GCF_029857195.1_spacer_1	virome_phage_76	81.481	27	5	0	14	40	6120	6094	0.63	28.5
Bacillus_GCF_029857195.1_spacer_1	total_phage_795	77.419	31	7	0	8	38	21746	21716	0.63	28.5
Bacillus_GCF_029857195.1_spacer_1	total_phage_790	94.737	19	1	0	10	28	16261	16243	0.63	28.5
Bacillus_GCF_029857195.1_spacer_1	total_phage_788	84.000	25	4	0	15	39	40322	40298	0.63	28.5
Bacillus_GCF_029857195.1_spacer_1	total_phage_358	84.000	25	4	0	15	39	41496	41472	0.63	28.5
Bacillus_GCF_029857195.1_spacer_1	virome_phage_881	79.310	29	6	0	8	36	5326	5354	0.63	28.5
Bacillus_GCF_029857195.1_spacer_2	virome_phage_12	90.909	22	2	0	2	23	83642	83663	0.084	30.1
Bacillus_GCF_029857195.1_spacer_2	total_phage_927	100.000	16	0	0	5	20	245729	245714	0.76	26.9
Bacillus_GCF_029857195.1_spacer_2	virome_phage_7	94.444	18	1	0	1	18	14346	14363	0.76	26.9
Bacillus_GCF_029857195.1_spacer_3	virome_phage_807	77.419	31	7	0	1	31	25895	25865	0.31	28.5
Bacillus_GCF_029857195.1_spacer_3	virome_phage_7	84.000	25	4	0	5	29	54354	54330	0.31	28.5
Bacillus_GCF_029857195.1_spacer_3	virome_phage_2322	100.000	17	0	0	18	34	15530	15514	0.31	28.5
Bacillus_GCF_029857195.1_spacer_3	total_phage_305	77.419	31	7	0	1	31	8571	8541	0.31	28.5
Bacillus_GCF_029857195.1_spacer_3	virome_phage_843	84.000	25	4	0	5	29	21197	21221	0.31	28.5
Bacillus_GCF_029857195.1_spacer_3	virome_phage_750	81.481	27	5	0	4	30	57548	57574	0.31	28.5
Bacillus_GCF_029857195.1_spacer_3	virome_phage_903	76.667	30	7	0	1	30	7218	7189	0.94	26.9
Bacillus_GCF_029857195.1_spacer_3	virome_phage_851	86.364	22	3	0	2	23	25855	25834	0.94	26.9
Bacillus_GCF_029857195.1_spacer_3	virome_phage_837	100.000	16	0	0	17	32	7142	7127	0.94	26.9
Bacillus_GCF_029857195.1_spacer_3	virome_phage_747	78.571	28	6	0	1	28	63166	63139	0.94	26.9
Bacillus_GCF_029857195.1_spacer_3	virome_phage_734	75.000	32	8	0	3	34	211992	211961	0.94	26.9
Bacillus_GCF_029857195.1_spacer_3	virome_phage_734	76.667	30	7	0	2	31	99801	99830	0.94	26.9
Bacillus_GCF_029857195.1_spacer_3	virome_phage_34	86.364	22	3	0	8	29	14089	14068	0.94	26.9
Bacillus_GCF_029857195.1_spacer_3	virome_phage_2272	86.364	22	3	0	8	29	17051	17030	0.94	26.9
Bacillus_GCF_029857195.1_spacer_3	virome_phage_123	100.000	16	0	0	17	32	8977	8962	0.94	26.9
Bacillus_GCF_029857195.1_spacer_3	virome_phage_997	80.769	26	5	0	1	26	3651	3676	0.94	26.9
Bacillus_GCF_029857195.1_spacer_3	virome_phage_894	80.769	26	5	0	5	30	8654	8679	0.94	26.9
Bacillus_GCF_029857195.1_spacer_3	virome_phage_87	86.364	22	3	0	6	27	21557	21578	0.94	26.9
Bacillus_GCF_029857195.1_spacer_3	virome_phage_2270	86.364	22	3	0	2	23	48665	48686	0.94	26.9
Bacillus_GCF_029857195.1_spacer_3	total_phage_791	76.667	30	7	0	5	34	45601	45630	0.94	26.9
Bacillus_GCF_029857195.1_spacer_3	total_phage_237	83.333	24	4	0	10	33	7010	7033	0.94	26.9
Bacillus_GCF_029857195.1_spacer_3	total_phage_121	78.571	28	6	0	1	28	2656	2683	0.94	26.9
Bacillus_GCF_029857195.1_spacer_4	virome_phage_809	76.471	34	8	0	2	35	14752	14785	0.13	30.1
Bacillus_GCF_029857195.1_spacer_5	virome_phage_2	81.481	27	5	0	6	32	170002	170028	0.31	28.5
Bacillus_GCF_029857195.1_spacer_5	virome_phage_824	86.364	22	3	0	6	27	34692	34713	0.94	26.9
Bacillus_GCF_029857195.1_spacer_5	virome_phage_2281	78.571	28	6	0	7	34	1585	1612	0.94	26.9
Bacillus_GCF_029857195.1_spacer_5	virome_phage_797	83.333	24	4	0	9	32	35954	35931	0.94	26.9
Bacillus_GCF_029857195.1_spacer_7	virome_phage_771	90.476	21	2	0	5	25	7722	7702	0.31	28.5
Bacillus_GCF_029857195.1_spacer_7	virome_phage_739	94.737	19	1	0	6	24	5863	5881	0.31	28.5
Bacillus_GCF_029857195.1_spacer_7	total_phage_733	84.000	25	4	0	1	25	4488	4512	0.31	28.5
Bacillus_GCF_029857195.1_spacer_7	total_phage_1	84.000	25	4	0	1	25	5421	5445	0.31	28.5
Bacillus_GCF_029857195.1_spacer_7	virome_phage_884	94.444	18	1	0	8	25	13703	13686	0.94	26.9
Bacillus_GCF_029857195.1_spacer_7	virome_phage_743	83.333	24	4	0	4	27	49360	49337	0.94	26.9
Bacillus_GCF_029857195.1_spacer_7	virome_phage_91	94.444	18	1	0	17	34	5205	5222	0.94	26.9
Bacillus_GCF_029857195.1_spacer_7	virome_phage_748	80.769	26	5	0	5	30	381	406	0.94	26.9
Bacillus_GCF_029857195.1_spacer_7	virome_phage_734	86.364	22	3	0	4	25	181582	181603	0.94	26.9
Bacillus_GCF_029857195.1_spacer_7	virome_phage_2259	86.364	22	3	0	6	27	13690	13711	0.94	26.9
Bacillus_GCF_029857195.1_spacer_7	total_phage_437	83.333	24	4	0	4	27	26086	26109	0.94	26.9
Bacillus_GCF_029857195.1_spacer_8	virome_phage_2325	94.444	18	1	0	5	22	5241	5258	0.76	26.9
Bacillus_GCF_029857195.1_spacer_9	virome_phage_26	94.737	19	1	0	17	35	49704	49686	0.38	28.5
Bacillus_GCF_029857195.1_spacer_10	virome_phage_32	81.481	27	5	0	2	28	6093	6067	0.25	28.5
Bacillus_GCF_029857195.1_spacer_10	virome_phage_778	75.000	32	8	0	2	33	9221	9190	0.76	26.9
Bacillus_GCF_029857195.1_spacer_10	total_phage_92	78.571	28	6	0	6	33	85842	85815	0.76	26.9
Bacillus_GCF_029857195.1_spacer_10	total_phage_360	80.769	26	5	0	5	30	17966	17941	0.76	26.9
Bacillus_GCF_029857195.1_spacer_10	total_phage_371	80.769	26	5	0	5	30	13196	13221	0.76	26.9
Bacillus_GCF_029857195.1_spacer_11	virome_phage_2356	90.000	20	2	0	3	22	11680	11661	0.94	26.9
Bacillus_GCF_029857195.1_spacer_11	virome_phage_822	90.000	20	2	0	3	22	13011	13030	0.94	26.9
Bacillus_GCF_029857195.1_spacer_11	virome_phage_5	90.000	20	2	0	6	25	112388	112407	0.94	26.9
Bacillus_GCF_029857195.1_spacer_11	virome_phage_2346	90.000	20	2	0	15	34	1498	1517	0.94	26.9
Bacillus_GCF_029857195.1_spacer_11	virome_phage_2320	90.000	20	2	0	3	22	12914	12933	0.94	26.9
Bacillus_GCF_029857195.1_spacer_12	virome_phage_875	82.759	29	5	0	2	30	16114	16142	0.035	31.7
Bacillus_GCF_029857195.1_spacer_12	virome_phage_790	84.615	26	4	0	4	29	43030	43005	0.10	30.1
Bacillus_GCF_029857195.1_spacer_12	virome_phage_736	84.615	26	4	0	2	27	66000	65975	0.10	30.1
Bacillus_GCF_029857195.1_spacer_12	total_phage_796	94.737	19	1	0	7	25	25100	25118	0.31	28.5
Bacillus_GCF_029857195.1_spacer_12	virome_phage_88	94.737	19	1	0	7	25	30660	30642	0.31	28.5
Bacillus_GCF_029857195.1_spacer_12	virome_phage_800	94.737	19	1	0	7	25	29737	29719	0.31	28.5
Bacillus_GCF_029857195.1_spacer_12	virome_phage_2368	79.310	29	6	0	6	34	12117	12089	0.31	28.5
Bacillus_GCF_029857195.1_spacer_12	virome_phage_2360	94.737	19	1	0	7	25	12973	12955	0.31	28.5
Bacillus_GCF_029857195.1_spacer_12	virome_phage_3	78.571	28	6	0	5	32	93623	93650	0.94	26.9
Bacillus_GCF_029857195.1_spacer_12	total_phage_638	78.571	28	6	0	6	33	16119	16146	0.94	26.9
Bacillus_GCF_029857195.1_spacer_12	total_phage_368	86.364	22	3	0	7	28	41888	41909	0.94	26.9
Bacillus_GCF_029857195.1_spacer_12	virome_phage_7	78.571	28	6	0	1	28	85592	85565	0.94	26.9
Bacillus_GCF_029857195.1_spacer_12	virome_phage_69	83.333	24	4	0	9	32	12032	12009	0.94	26.9
Bacillus_GCF_029857195.1_spacer_12	virome_phage_14	83.333	24	4	0	8	31	71685	71662	0.94	26.9
Bacillus_GCF_029857195.1_spacer_13	virome_phage_8	85.714	28	4	0	1	28	71376	71349	0.014	33.3
Bacillus_GCF_029857195.1_spacer_13	total_phage_725	87.500	24	3	0	2	25	18500	18477	0.13	30.1
Bacillus_GCF_029857195.1_spacer_13	total_phage_483	87.500	24	3	0	2	25	6075	6052	0.13	30.1
Bacillus_GCF_029857195.1_spacer_13	virome_phage_734	84.000	25	4	0	5	29	266314	266290	0.38	28.5
Bacillus_GCF_029857195.1_spacer_13	total_phage_729	75.758	33	8	0	3	35	61389	61357	0.38	28.5
Bacillus_GCF_029857195.1_spacer_16	virome_phage_740	90.909	22	2	0	10	31	93722	93701	0.10	30.1
Bacillus_GCF_029857195.1_spacer_16	virome_phage_66	95.000	20	1	0	9	28	38469	38488	0.10	30.1
Bacillus_GCF_029857195.1_spacer_16	virome_phage_2235	90.000	20	2	0	13	32	25837	25818	0.94	26.9
Bacillus_GCF_029857195.1_spacer_17	virome_phage_817	82.143	28	5	0	2	29	29689	29716	0.084	30.1
Bacillus_GCF_029857195.1_spacer_17	virome_phage_17	81.481	27	5	0	5	31	80804	80778	0.25	28.5
Bacillus_GCF_029857195.1_spacer_17	virome_phage_17	90.000	20	2	0	4	23	71551	71532	0.76	26.9
Bacillus_GCF_029857195.1_spacer_17	virome_phage_795	100.000	16	0	0	18	33	16507	16522	0.76	26.9
Bacillus_GCF_029857195.1_spacer_17	virome_phage_774	80.769	26	5	0	2	27	9556	9581	0.76	26.9
Bacillus_GCF_029857195.1_spacer_17	virome_phage_742	90.000	20	2	0	8	27	93842	93861	0.76	26.9
Bacillus_GCF_029857195.1_spacer_17	virome_phage_742	86.364	22	3	0	7	28	94033	94054	0.76	26.9
Bacillus_GCF_029857195.1_spacer_17	virome_phage_183	86.364	22	3	0	5	26	13387	13408	0.76	26.9
Bacillus_GCF_029857195.1_spacer_17	virome_phage_1033	86.364	22	3	0	5	26	13236	13257	0.76	26.9
Bacillus_GCF_029857195.1_spacer_17	total_phage_734	86.364	22	3	0	5	26	24483	24504	0.76	26.9
Bacillus_GCF_029857195.1_spacer_17	total_phage_609	86.364	22	3	0	8	29	6275	6296	0.76	26.9
Bacillus_GCF_029857195.1_spacer_17	total_phage_512	86.364	22	3	0	8	29	6278	6299	0.76	26.9
Bacillus_GCF_029857195.1_spacer_17	total_phage_5	80.769	26	5	0	1	26	26539	26564	0.76	26.9
Bacillus_GCF_029857195.1_spacer_17	total_phage_471	86.364	22	3	0	8	29	6250	6271	0.76	26.9
Bacillus_GCF_029857195.1_spacer_17	total_phage_172	94.444	18	1	0	10	27	18853	18870	0.76	26.9
Bacillus_GCF_029857195.1_spacer_17	virome_phage_734	100.000	16	0	0	5	20	99611	99596	0.76	26.9
Bacillus_GCF_029857195.1_spacer_17	virome_phage_734	100.000	16	0	0	5	20	290326	290311	0.76	26.9
Bacillus_GCF_029857195.1_spacer_17	total_phage_711	90.000	20	2	0	6	25	5282	5263	0.76	26.9
Bacillus_GCF_029857195.1_spacer_17	total_phage_650	90.000	20	2	0	6	25	5305	5286	0.76	26.9
Bacillus_GCF_029857195.1_spacer_17	total_phage_636	78.571	28	6	0	4	31	1205	1178	0.76	26.9
Bacillus_GCF_029857195.1_spacer_17	total_phage_306	94.444	18	1	0	10	27	14140	14123	0.76	26.9
Bacillus_GCF_029857195.1_spacer_18	virome_phage_2269	80.000	30	6	0	3	32	34534	34563	0.084	30.1
Bacillus_GCF_029857195.1_spacer_18	virome_phage_2269	78.571	28	6	0	3	30	18842	18815	0.76	26.9
Bacillus_GCF_029857195.1_spacer_18	virome_phage_739	90.000	20	2	0	11	30	64748	64729	0.76	26.9
Bacillus_GCF_029857195.1_spacer_18	virome_phage_2254	90.000	20	2	0	2	21	6645	6626	0.76	26.9
Bacillus_GCF_029857195.1_spacer_18	virome_phage_12	76.667	30	7	0	4	33	38368	38339	0.76	26.9
Bacillus_GCF_029857195.1_spacer_18	total_phage_121	76.667	30	7	0	1	30	3129	3100	0.76	26.9
Bacillus_GCF_029857195.1_spacer_18	virome_phage_2342	90.000	20	2	0	11	30	26818	26837	0.76	26.9
Bacillus_GCF_029857195.1_spacer_19	virome_phage_51	90.476	21	2	0	7	27	2742	2722	0.50	28.5
Bacillus_GCF_029857195.1_spacer_19	total_phage_664	86.957	23	3	0	14	36	12231	12253	0.50	28.5
Bacillus_GCF_029857195.1_spacer_21	virome_phage_52	83.333	24	4	0	1	24	27944	27967	0.94	26.9
Bacillus_GCF_029857195.1_spacer_21	virome_phage_849	86.364	22	3	0	10	31	501	480	0.94	26.9
Bacillus_GCF_029857195.1_spacer_22	virome_phage_1131	84.615	26	4	0	10	35	5951	5926	0.13	30.1
Bacillus_GCF_029857195.1_spacer_22	total_phage_233	79.310	29	6	0	2	30	78283	78311	0.38	28.5
Bacillus_GCF_029857195.1_spacer_22	virome_phage_771	81.481	27	5	0	2	28	4600	4574	0.38	28.5
Bacillus_GCF_029857195.1_spacer_22	virome_phage_748	81.481	27	5	0	4	30	5750	5724	0.38	28.5
Bacillus_GCF_029857195.1_spacer_22	virome_phage_2305	84.000	25	4	0	3	27	16553	16529	0.38	28.5
Bacillus_GCF_029857195.1_spacer_22	virome_phage_2288	79.310	29	6	0	2	30	32410	32382	0.38	28.5
Bacillus_GCF_029857195.1_spacer_22	total_phage_122	81.481	27	5	0	2	28	17361	17335	0.38	28.5
Bacillus_GCF_029857195.1_spacer_23	virome_phage_908	84.000	25	4	0	2	26	1181	1205	0.31	28.5
Bacillus_GCF_029857195.1_spacer_23	total_phage_745	81.481	27	5	0	4	30	1823	1797	0.31	28.5
Bacillus_GCF_029857195.1_spacer_23	total_phage_360	77.419	31	7	0	1	31	4666	4636	0.31	28.5
Bacillus_GCF_029857195.1_spacer_23	total_phage_296	81.481	27	5	0	4	30	3781	3755	0.31	28.5
Bacillus_GCF_029857195.1_spacer_23	virome_phage_914	83.333	24	4	0	8	31	974	951	0.94	26.9
Bacillus_GCF_029857195.1_spacer_23	virome_phage_861	78.571	28	6	0	5	32	28243	28216	0.94	26.9
Bacillus_GCF_029857195.1_spacer_23	virome_phage_4	83.333	24	4	0	1	24	113923	113900	0.94	26.9
Bacillus_GCF_029857195.1_spacer_23	virome_phage_2254	78.571	28	6	0	3	30	23702	23729	0.94	26.9
Bacillus_GCF_029857195.1_spacer_23	virome_phage_2238	78.571	28	6	0	3	30	5217	5244	0.94	26.9
Bacillus_GCF_029857195.1_spacer_23	total_phage_413	83.333	24	4	0	1	24	120827	120804	0.94	26.9
Bacillus_GCF_029857195.1_spacer_24	total_phage_293	86.957	23	3	0	1	23	20302	20280	0.25	28.5
Bacillus_GCF_029857195.1_spacer_24	total_phage_11	86.957	23	3	0	1	23	17899	17877	0.25	28.5
Bacillus_GCF_029857195.1_spacer_24	virome_phage_825	90.000	20	2	0	12	31	22296	22315	0.76	26.9
Bacillus_GCF_029857195.1_spacer_25	total_phage_786	82.143	28	5	0	5	32	5339	5312	0.10	30.1
Bacillus_GCF_029857195.1_spacer_25	virome_phage_2388	84.000	25	4	0	6	30	626	602	0.31	28.5
Bacillus_GCF_029857195.1_spacer_25	virome_phage_786	100.000	16	0	0	16	31	23492	23507	0.94	26.9
Bacillus_GCF_029857195.1_spacer_25	virome_phage_76	90.000	20	2	0	14	33	20528	20509	0.94	26.9
Bacillus_GCF_029857195.1_spacer_26	virome_phage_2270	79.310	29	6	0	4	32	129091	129119	0.38	28.5
Bacillus_GCF_029857195.1_spacer_27	virome_phage_2269	85.185	27	4	0	5	31	184244	184218	0.028	31.7
Bacillus_GCF_029857195.1_spacer_27	virome_phage_2269	90.000	20	2	0	5	24	150443	150424	0.76	26.9
Bacillus_GCF_029857195.1_spacer_27	virome_phage_814	95.000	20	1	0	8	27	4250	4269	0.084	30.1
Bacillus_GCF_029857195.1_spacer_27	virome_phage_2342	86.957	23	3	0	11	33	4065	4043	0.25	28.5
Bacillus_GCF_029857195.1_spacer_27	virome_phage_1	84.000	25	4	0	8	32	72319	72295	0.25	28.5
Bacillus_GCF_029857195.1_spacer_27	virome_phage_1	83.333	24	4	0	7	30	162266	162289	0.76	26.9
Bacillus_GCF_029857195.1_spacer_27	total_phage_807	81.481	27	5	0	3	29	4720	4746	0.25	28.5
Bacillus_GCF_029857195.1_spacer_27	virome_phage_915	83.333	24	4	0	4	27	4072	4049	0.76	26.9
Bacillus_GCF_029857195.1_spacer_27	virome_phage_906	76.667	30	7	0	2	31	7657	7628	0.76	26.9
Bacillus_GCF_029857195.1_spacer_27	virome_phage_735	100.000	16	0	0	7	22	151996	151981	0.76	26.9
Bacillus_GCF_029857195.1_spacer_27	total_phage_102	86.364	22	3	0	5	26	33700	33679	0.76	26.9
Bacillus_GCF_029857195.1_spacer_28	virome_phage_751	90.000	20	2	0	13	32	46331	46312	0.94	26.9
Bacillus_GCF_029857195.1_spacer_28	virome_phage_37	80.769	26	5	0	2	27	5020	4995	0.94	26.9
Bacillus_GCF_029857195.1_spacer_28	virome_phage_2288	100.000	16	0	0	5	20	23805	23790	0.94	26.9
Bacillus_GCF_029857195.1_spacer_28	total_phage_413	94.444	18	1	0	15	32	74697	74680	0.94	26.9
Bacillus_GCF_029857195.1_spacer_28	virome_phage_79	100.000	16	0	0	5	20	8372	8387	0.94	26.9
Bacillus_GCF_029857195.1_spacer_29	virome_phage_828	87.500	24	3	0	7	30	17051	17074	0.10	30.1
Bacillus_GCF_029857195.1_spacer_29	virome_phage_745	84.615	26	4	0	5	30	62917	62892	0.10	30.1
Bacillus_GCF_029857195.1_spacer_29	virome_phage_5	82.143	28	5	0	6	33	67015	66988	0.10	30.1
Bacillus_GCF_029857195.1_spacer_29	virome_phage_2368	80.000	30	6	0	4	33	6316	6345	0.10	30.1
Bacillus_GCF_029857195.1_spacer_29	virome_phage_2254	82.143	28	5	0	6	33	114724	114697	0.10	30.1
Bacillus_GCF_029857195.1_spacer_29	total_phage_730	84.615	26	4	0	6	31	65293	65268	0.10	30.1
Bacillus_GCF_029857195.1_spacer_29	total_phage_730	84.000	25	4	0	6	30	60629	60605	0.31	28.5
Bacillus_GCF_029857195.1_spacer_29	total_phage_730	84.000	25	4	0	6	30	61480	61456	0.31	28.5
Bacillus_GCF_029857195.1_spacer_29	total_phage_730	80.769	26	5	0	4	29	42181	42156	0.94	26.9
Bacillus_GCF_029857195.1_spacer_29	total_phage_500	82.143	28	5	0	6	33	11972	11999	0.10	30.1
Bacillus_GCF_029857195.1_spacer_29	virome_phage_908	79.310	29	6	0	4	32	2872	2900	0.31	28.5
Bacillus_GCF_029857195.1_spacer_29	virome_phage_746	84.000	25	4	0	5	29	18061	18037	0.31	28.5
Bacillus_GCF_029857195.1_spacer_29	virome_phage_746	75.000	32	8	0	1	32	55778	55747	0.94	26.9
Bacillus_GCF_029857195.1_spacer_29	virome_phage_2292	84.000	25	4	0	2	26	34352	34328	0.31	28.5
Bacillus_GCF_029857195.1_spacer_29	total_phage_358	86.957	23	3	0	8	30	22981	23003	0.31	28.5
Bacillus_GCF_029857195.1_spacer_29	total_phage_247	84.000	25	4	0	10	34	9057	9033	0.31	28.5
Bacillus_GCF_029857195.1_spacer_29	virome_phage_91	83.333	24	4	0	7	30	21441	21418	0.94	26.9
Bacillus_GCF_029857195.1_spacer_29	virome_phage_882	83.333	24	4	0	7	30	655	678	0.94	26.9
Bacillus_GCF_029857195.1_spacer_29	virome_phage_850	80.769	26	5	0	7	32	20959	20984	0.94	26.9
Bacillus_GCF_029857195.1_spacer_29	virome_phage_835	86.364	22	3	0	12	33	5190	5169	0.94	26.9
Bacillus_GCF_029857195.1_spacer_29	virome_phage_835	78.571	28	6	0	7	34	14977	15004	0.94	26.9
Bacillus_GCF_029857195.1_spacer_29	virome_phage_738	83.333	24	4	0	6	29	91904	91881	0.94	26.9
Bacillus_GCF_029857195.1_spacer_29	virome_phage_734	86.364	22	3	0	11	32	74181	74202	0.94	26.9
Bacillus_GCF_029857195.1_spacer_29	virome_phage_7	73.529	34	9	0	1	34	95480	95513	0.94	26.9
Bacillus_GCF_029857195.1_spacer_29	virome_phage_4	90.000	20	2	0	1	20	3631	3650	0.94	26.9
Bacillus_GCF_029857195.1_spacer_29	virome_phage_2314	75.000	32	8	0	1	32	21699	21668	0.94	26.9
Bacillus_GCF_029857195.1_spacer_29	virome_phage_1006	75.000	32	8	0	3	34	14751	14782	0.94	26.9
Bacillus_GCF_029857195.1_spacer_29	virome_phage_1004	75.000	32	8	0	3	34	1006	975	0.94	26.9
Bacillus_GCF_029857195.1_spacer_29	total_phage_731	78.571	28	6	0	1	28	34646	34619	0.94	26.9
Bacillus_GCF_029857195.1_spacer_29	total_phage_188	73.529	34	9	0	1	34	16304	16271	0.94	26.9
Bacillus_GCF_029857195.1_spacer_30	virome_phage_2330	90.000	20	2	0	3	22	7762	7781	0.94	26.9
Bacillus_GCF_029857195.1_spacer_30	total_phage_102	80.769	26	5	0	7	32	22294	22319	0.94	26.9
Bacillus_GCF_029857195.1_spacer_30	total_phage_102	83.333	24	4	0	10	33	32165	32142	0.94	26.9
Bacillus_GCF_029857195.1_spacer_30	virome_phage_913	83.333	24	4	0	10	33	22905	22882	0.94	26.9
Bacillus_GCF_029857195.1_spacer_30	virome_phage_8	86.364	22	3	0	11	32	72230	72209	0.94	26.9
