Bacillus_GCA_000338315.1_spacer_0	total_phage_731	83.333	30	5	0	8	37	126887	126916	0.054	33.3
Bacillus_GCA_000338315.1_spacer_1	total_phage_362	74.359	39	10	0	3	41	40137	40175	0.16	31.7
Bacillus_GCA_000338315.1_spacer_1	virome_phage_797	82.143	28	5	0	10	37	35984	36011	0.48	30.1
Bacillus_GCA_000338315.1_spacer_1	virome_phage_67	80.000	30	6	0	10	39	11267	11296	0.48	30.1
Bacillus_GCA_000338315.1_spacer_2	virome_phage_739	84.615	26	4	0	14	39	50720	50695	0.48	30.1
Bacillus_GCA_000338315.1_spacer_2	virome_phage_2327	68.750	48	15	0	2	49	30553	30600	0.48	30.1
Bacillus_GCA_000338315.1_spacer_4	virome_phage_749	85.185	27	4	0	12	38	25647	25673	0.16	31.7
Bacillus_GCA_000338315.1_spacer_4	virome_phage_734	74.359	39	10	0	17	55	311769	311807	0.16	31.7
Bacillus_GCA_000338315.1_spacer_4	virome_phage_67	80.645	31	6	0	18	48	11275	11305	0.16	31.7
Bacillus_GCA_000338315.1_spacer_4	virome_phage_797	78.125	32	7	0	6	37	35980	36011	0.48	30.1
