Bacillus_GCF_002586215.1_spacer_0	total_phage_935	87.500	24	3	0	1	24	10623	10646	0.084	30.1
Bacillus_GCF_002586215.1_spacer_0	total_phage_636	81.481	27	5	0	3	29	10227	10201	0.25	28.5
Bacillus_GCF_002586215.1_spacer_0	virome_phage_91	86.364	22	3	0	11	32	17445	17424	0.76	26.9
Bacillus_GCF_002586215.1_spacer_0	virome_phage_817	76.667	30	7	0	1	30	340	311	0.76	26.9
Bacillus_GCF_002586215.1_spacer_0	virome_phage_2235	94.444	18	1	0	11	28	29885	29868	0.76	26.9
Bacillus_GCF_002586215.1_spacer_0	total_phage_106	80.769	26	5	0	7	32	8560	8535	0.76	26.9
Bacillus_GCF_002586215.1_spacer_0	virome_phage_841	94.444	18	1	0	11	28	45	62	0.76	26.9
Bacillus_GCF_002586215.1_spacer_0	virome_phage_841	94.444	18	1	0	11	28	35089	35106	0.76	26.9
Bacillus_GCF_002586215.1_spacer_0	virome_phage_742	100.000	16	0	0	1	16	37518	37533	0.76	26.9
Bacillus_GCF_002586215.1_spacer_0	virome_phage_2368	83.333	24	4	0	5	28	206	229	0.76	26.9
Bacillus_GCF_002586215.1_spacer_0	total_phage_4	83.333	24	4	0	2	25	11372	11395	0.76	26.9
Bacillus_GCF_002586215.1_spacer_1	virome_phage_783	81.481	27	5	0	3	29	33103	33077	0.25	28.5
Bacillus_GCF_002586215.1_spacer_1	virome_phage_7	80.769	26	5	0	8	33	34713	34688	0.76	26.9
Bacillus_GCF_002586215.1_spacer_3	virome_phage_734	79.310	29	6	0	7	35	87956	87928	0.38	28.5
Bacillus_GCF_002586215.1_spacer_3	virome_phage_65	79.310	29	6	0	5	33	17963	17935	0.38	28.5
Bacillus_GCF_002586215.1_spacer_3	virome_phage_890	79.310	29	6	0	5	33	22499	22527	0.38	28.5
Bacillus_GCF_002586215.1_spacer_3	total_phage_745	79.310	29	6	0	5	33	2611	2639	0.38	28.5
Bacillus_GCF_002586215.1_spacer_3	total_phage_443	94.737	19	1	0	13	31	11224	11242	0.38	28.5
Bacillus_GCF_002586215.1_spacer_3	total_phage_296	79.310	29	6	0	5	33	4570	4598	0.38	28.5
Bacillus_GCF_002586215.1_spacer_3	total_phage_233	79.310	29	6	0	5	33	4793	4821	0.38	28.5
Bacillus_GCF_002586215.1_spacer_4	virome_phage_4	78.125	32	7	0	2	33	126824	126793	0.084	30.1
Bacillus_GCF_002586215.1_spacer_4	total_phage_929	82.143	28	5	0	5	32	6549	6522	0.084	30.1
Bacillus_GCF_002586215.1_spacer_4	virome_phage_738	78.125	32	7	0	2	33	115632	115663	0.084	30.1
Bacillus_GCF_002586215.1_spacer_4	virome_phage_848	79.310	29	6	0	5	33	20278	20306	0.25	28.5
Bacillus_GCF_002586215.1_spacer_4	virome_phage_834	81.481	27	5	0	6	32	34120	34146	0.25	28.5
Bacillus_GCF_002586215.1_spacer_4	virome_phage_752	75.758	33	8	0	1	33	19615	19647	0.25	28.5
Bacillus_GCF_002586215.1_spacer_4	virome_phage_734	84.000	25	4	0	6	30	244265	244289	0.25	28.5
Bacillus_GCF_002586215.1_spacer_4	virome_phage_734	76.667	30	7	0	4	33	125564	125535	0.76	26.9
Bacillus_GCF_002586215.1_spacer_4	virome_phage_2357	81.481	27	5	0	6	32	5741	5767	0.25	28.5
Bacillus_GCF_002586215.1_spacer_4	virome_phage_840	78.571	28	6	0	5	32	13753	13726	0.76	26.9
Bacillus_GCF_002586215.1_spacer_4	virome_phage_749	86.364	22	3	0	5	26	16636	16615	0.76	26.9
Bacillus_GCF_002586215.1_spacer_4	virome_phage_2294	90.000	20	2	0	10	29	38640	38621	0.76	26.9
Bacillus_GCF_002586215.1_spacer_4	virome_phage_145	86.364	22	3	0	8	29	2122	2101	0.76	26.9
Bacillus_GCF_002586215.1_spacer_4	total_phage_92	100.000	16	0	0	1	16	152213	152198	0.76	26.9
Bacillus_GCF_002586215.1_spacer_4	total_phage_807	100.000	16	0	0	4	19	1103	1088	0.76	26.9
Bacillus_GCF_002586215.1_spacer_4	total_phage_500	80.769	26	5	0	4	29	75143	75118	0.76	26.9
Bacillus_GCF_002586215.1_spacer_4	total_phage_416	86.364	22	3	0	1	22	23759	23738	0.76	26.9
Bacillus_GCF_002586215.1_spacer_4	total_phage_231	100.000	16	0	0	1	16	130570	130555	0.76	26.9
Bacillus_GCF_002586215.1_spacer_4	total_phage_11	86.364	22	3	0	1	22	24477	24456	0.76	26.9
Bacillus_GCF_002586215.1_spacer_4	virome_phage_92	90.000	20	2	0	10	29	32630	32649	0.76	26.9
Bacillus_GCF_002586215.1_spacer_4	virome_phage_8	83.333	24	4	0	6	29	107301	107324	0.76	26.9
Bacillus_GCF_002586215.1_spacer_4	virome_phage_771	80.769	26	5	0	8	33	24802	24827	0.76	26.9
Bacillus_GCF_002586215.1_spacer_4	virome_phage_2327	94.444	18	1	0	2	19	91	108	0.76	26.9
Bacillus_GCF_002586215.1_spacer_4	virome_phage_2260	94.444	18	1	0	15	32	6262	6279	0.76	26.9
Bacillus_GCF_002586215.1_spacer_4	virome_phage_2238	80.769	26	5	0	4	29	32814	32839	0.76	26.9
Bacillus_GCF_002586215.1_spacer_4	virome_phage_115	80.769	26	5	0	8	33	8506	8531	0.76	26.9
Bacillus_GCF_002586215.1_spacer_4	total_phage_734	76.667	30	7	0	1	30	17244	17273	0.76	26.9
Bacillus_GCF_002586215.1_spacer_4	total_phage_664	86.364	22	3	0	6	27	4903	4924	0.76	26.9
Bacillus_GCF_002586215.1_spacer_4	total_phage_232	76.667	30	7	0	4	33	29441	29470	0.76	26.9
Bacillus_GCF_002586215.1_spacer_5	virome_phage_738	86.957	23	3	0	11	33	4031	4009	0.38	28.5
Bacillus_GCF_002586215.1_spacer_5	virome_phage_4	86.957	23	3	0	11	33	93137	93159	0.38	28.5
Bacillus_GCF_002586215.1_spacer_6	virome_phage_2301	88.462	26	3	0	1	26	449	474	0.009	33.3
Bacillus_GCF_002586215.1_spacer_6	virome_phage_864	78.125	32	7	0	1	32	18262	18231	0.084	30.1
Bacillus_GCF_002586215.1_spacer_6	virome_phage_736	79.310	29	6	0	5	33	178516	178488	0.25	28.5
Bacillus_GCF_002586215.1_spacer_6	virome_phage_58	86.957	23	3	0	6	28	4108	4086	0.25	28.5
Bacillus_GCF_002586215.1_spacer_6	virome_phage_2407	94.737	19	1	0	1	19	6210	6192	0.25	28.5
Bacillus_GCF_002586215.1_spacer_6	virome_phage_51	83.333	24	4	0	7	30	12983	13006	0.76	26.9
Bacillus_GCF_002586215.1_spacer_6	virome_phage_116	86.364	22	3	0	9	30	17696	17717	0.76	26.9
Bacillus_GCF_002586215.1_spacer_6	total_phage_92	83.333	24	4	0	5	28	108883	108906	0.76	26.9
Bacillus_GCF_002586215.1_spacer_6	total_phage_692	94.444	18	1	0	3	20	42653	42670	0.76	26.9
Bacillus_GCF_002586215.1_spacer_6	total_phage_239	80.769	26	5	0	8	33	9347	9372	0.76	26.9
Bacillus_GCF_002586215.1_spacer_6	virome_phage_2308	86.364	22	3	0	11	32	25186	25165	0.76	26.9
Bacillus_GCF_002586215.1_spacer_6	total_phage_929	86.364	22	3	0	3	24	10728	10707	0.76	26.9
Bacillus_GCF_002586215.1_spacer_6	total_phage_658	94.444	18	1	0	3	20	3249	3232	0.76	26.9
Bacillus_GCF_002586215.1_spacer_7	virome_phage_748	90.000	20	2	0	7	26	15336	15317	0.94	26.9
Bacillus_GCF_002586215.1_spacer_7	total_phage_361	90.000	20	2	0	2	21	41676	41657	0.94	26.9
Bacillus_GCF_002586215.1_spacer_7	virome_phage_795	80.769	26	5	0	1	26	9324	9349	0.94	26.9
Bacillus_GCF_002586215.1_spacer_7	total_phage_92	86.364	22	3	0	2	23	111309	111330	0.94	26.9
Bacillus_GCF_002586215.1_spacer_9	total_phage_231	100.000	19	0	0	7	25	85848	85866	0.035	31.7
Bacillus_GCF_002586215.1_spacer_9	total_phage_791	90.909	22	2	0	3	24	27845	27866	0.10	30.1
Bacillus_GCF_002586215.1_spacer_9	virome_phage_1006	95.000	20	1	0	12	31	8274	8255	0.10	30.1
Bacillus_GCF_002586215.1_spacer_9	virome_phage_734	77.419	31	7	0	2	32	317578	317608	0.31	28.5
Bacillus_GCF_002586215.1_spacer_9	virome_phage_37	90.476	21	2	0	1	21	784	804	0.31	28.5
Bacillus_GCF_002586215.1_spacer_9	total_phage_92	100.000	17	0	0	9	25	117213	117229	0.31	28.5
Bacillus_GCF_002586215.1_spacer_9	total_phage_731	86.957	23	3	0	3	25	32559	32581	0.31	28.5
Bacillus_GCF_002586215.1_spacer_9	total_phage_731	90.000	20	2	0	6	25	31909	31928	0.94	26.9
Bacillus_GCF_002586215.1_spacer_9	virome_phage_790	81.481	27	5	0	4	30	36994	36968	0.31	28.5
Bacillus_GCF_002586215.1_spacer_9	virome_phage_760	94.444	18	1	0	17	34	10125	10142	0.94	26.9
Bacillus_GCF_002586215.1_spacer_9	virome_phage_64	83.333	24	4	0	2	25	3989	4012	0.94	26.9
Bacillus_GCF_002586215.1_spacer_9	virome_phage_191	90.000	20	2	0	12	31	7555	7574	0.94	26.9
Bacillus_GCF_002586215.1_spacer_9	total_phage_479	86.364	22	3	0	2	23	22477	22498	0.94	26.9
Bacillus_GCF_002586215.1_spacer_9	total_phage_254	90.000	20	2	0	12	31	7471	7490	0.94	26.9
Bacillus_GCF_002586215.1_spacer_9	total_phage_1	94.444	18	1	0	12	29	38536	38553	0.94	26.9
Bacillus_GCF_002586215.1_spacer_9	virome_phage_855	86.364	22	3	0	1	22	1981	1960	0.94	26.9
Bacillus_GCF_002586215.1_spacer_9	virome_phage_743	94.444	18	1	0	13	30	27703	27686	0.94	26.9
Bacillus_GCF_002586215.1_spacer_10	virome_phage_844	100.000	17	0	0	14	30	31182	31198	0.25	28.5
Bacillus_GCF_002586215.1_spacer_10	virome_phage_1092	78.571	28	6	0	1	28	9200	9227	0.76	26.9
Bacillus_GCF_002586215.1_spacer_10	total_phage_927	83.333	24	4	0	2	25	20938	20961	0.76	26.9
Bacillus_GCF_002586215.1_spacer_10	total_phage_437	78.571	28	6	0	1	28	31080	31107	0.76	26.9
Bacillus_GCF_002586215.1_spacer_11	virome_phage_856	94.737	19	1	0	10	28	13185	13167	0.25	28.5
Bacillus_GCF_002586215.1_spacer_11	virome_phage_2269	84.000	25	4	0	8	32	221210	221186	0.25	28.5
Bacillus_GCF_002586215.1_spacer_11	virome_phage_75	86.364	22	3	0	9	30	10300	10321	0.76	26.9
Bacillus_GCF_002586215.1_spacer_11	total_phage_446	76.667	30	7	0	1	30	4857	4828	0.76	26.9
Bacillus_GCF_002586215.1_spacer_12	virome_phage_8	84.000	25	4	0	10	34	111214	111190	0.31	28.5
Bacillus_GCF_002586215.1_spacer_12	virome_phage_747	75.758	33	8	0	2	34	44409	44441	0.31	28.5
Bacillus_GCF_002586215.1_spacer_12	virome_phage_2239	77.419	31	7	0	1	31	29062	29092	0.31	28.5
Bacillus_GCF_002586215.1_spacer_12	total_phage_727	86.957	23	3	0	3	25	11018	10996	0.31	28.5
Bacillus_GCF_002586215.1_spacer_12	total_phage_518	86.957	23	3	0	3	25	23228	23206	0.31	28.5
Bacillus_GCF_002586215.1_spacer_12	total_phage_483	77.419	31	7	0	1	31	759	729	0.31	28.5
Bacillus_GCF_002586215.1_spacer_12	total_phage_454	77.419	31	7	0	1	31	23088	23118	0.31	28.5
Bacillus_GCF_002586215.1_spacer_12	total_phage_176	79.310	29	6	0	2	30	2747	2775	0.31	28.5
Bacillus_GCF_002586215.1_spacer_12	virome_phage_979	78.571	28	6	0	7	34	3753	3726	0.94	26.9
Bacillus_GCF_002586215.1_spacer_12	virome_phage_939	94.444	18	1	0	17	34	15437	15454	0.94	26.9
Bacillus_GCF_002586215.1_spacer_12	virome_phage_891	86.364	22	3	0	2	23	14040	14019	0.94	26.9
Bacillus_GCF_002586215.1_spacer_12	virome_phage_842	76.667	30	7	0	2	31	17780	17751	0.94	26.9
Bacillus_GCF_002586215.1_spacer_12	virome_phage_835	75.000	32	8	0	1	32	10502	10533	0.94	26.9
Bacillus_GCF_002586215.1_spacer_12	virome_phage_807	86.364	22	3	0	1	22	31162	31141	0.94	26.9
Bacillus_GCF_002586215.1_spacer_12	virome_phage_764	83.333	24	4	0	10	33	36633	36656	0.94	26.9
Bacillus_GCF_002586215.1_spacer_12	virome_phage_745	78.571	28	6	0	5	32	16541	16568	0.94	26.9
Bacillus_GCF_002586215.1_spacer_12	virome_phage_738	76.667	30	7	0	2	31	121227	121256	0.94	26.9
Bacillus_GCF_002586215.1_spacer_12	virome_phage_734	75.000	32	8	0	3	34	286466	286435	0.94	26.9
Bacillus_GCF_002586215.1_spacer_12	virome_phage_1109	83.333	24	4	0	10	33	2586	2609	0.94	26.9
Bacillus_GCF_002586215.1_spacer_12	total_phage_692	90.000	20	2	0	15	34	1408	1427	0.94	26.9
Bacillus_GCF_002586215.1_spacer_12	total_phage_658	90.000	20	2	0	15	34	44494	44475	0.94	26.9
Bacillus_GCF_002586215.1_spacer_12	total_phage_600	94.444	18	1	0	13	30	126	143	0.94	26.9
Bacillus_GCF_002586215.1_spacer_12	total_phage_305	86.364	22	3	0	1	22	13838	13817	0.94	26.9
Bacillus_GCF_002586215.1_spacer_12	total_phage_3	76.667	30	7	0	2	31	18157	18186	0.94	26.9
Bacillus_GCF_002586215.1_spacer_12	total_phage_189	86.364	22	3	0	2	23	9712	9733	0.94	26.9
Bacillus_GCF_002586215.1_spacer_12	total_phage_12	86.364	22	3	0	1	22	13101	13122	0.94	26.9
Bacillus_GCF_002586215.1_spacer_12	total_phage_114	86.364	22	3	0	1	22	11681	11660	0.94	26.9
Bacillus_GCF_002586215.1_spacer_13	virome_phage_2385	79.310	29	6	0	1	29	17586	17558	0.31	28.5
Bacillus_GCF_002586215.1_spacer_13	total_phage_524	94.444	18	1	0	15	32	32521	32538	0.94	26.9
Bacillus_GCF_002586215.1_spacer_13	virome_phage_974	73.529	34	9	0	1	34	16506	16473	0.94	26.9
Bacillus_GCF_002586215.1_spacer_13	virome_phage_28	76.667	30	7	0	1	30	15552	15523	0.94	26.9
Bacillus_GCF_002586215.1_spacer_14	virome_phage_2254	100.000	16	0	0	10	25	74200	74215	0.94	26.9
Bacillus_GCF_002586215.1_spacer_14	virome_phage_2238	100.000	16	0	0	10	25	55714	55729	0.94	26.9
Bacillus_GCF_002586215.1_spacer_14	virome_phage_1217	86.364	22	3	0	11	32	3870	3891	0.94	26.9
Bacillus_GCF_002586215.1_spacer_14	total_phage_500	100.000	16	0	0	10	25	52243	52228	0.94	26.9
Bacillus_GCF_002586215.1_spacer_15	virome_phage_752	78.125	32	7	0	1	32	22149	22180	0.10	30.1
Bacillus_GCF_002586215.1_spacer_15	total_phage_111	84.000	25	4	0	10	34	4699	4723	0.31	28.5
Bacillus_GCF_002586215.1_spacer_15	virome_phage_751	77.419	31	7	0	4	34	11228	11198	0.31	28.5
Bacillus_GCF_002586215.1_spacer_15	virome_phage_28	90.476	21	2	0	2	22	15764	15744	0.31	28.5
Bacillus_GCF_002586215.1_spacer_15	total_phage_92	75.758	33	8	0	2	34	113333	113301	0.31	28.5
Bacillus_GCF_002586215.1_spacer_15	total_phage_731	84.000	25	4	0	2	26	64777	64753	0.31	28.5
Bacillus_GCF_002586215.1_spacer_15	total_phage_636	79.310	29	6	0	4	32	19304	19276	0.31	28.5
Bacillus_GCF_002586215.1_spacer_15	total_phage_370	77.419	31	7	0	3	33	26599	26569	0.31	28.5
Bacillus_GCF_002586215.1_spacer_15	virome_phage_925	80.769	26	5	0	2	27	16841	16866	0.94	26.9
Bacillus_GCF_002586215.1_spacer_15	virome_phage_841	90.000	20	2	0	2	21	32590	32609	0.94	26.9
Bacillus_GCF_002586215.1_spacer_15	virome_phage_82	90.000	20	2	0	2	21	36405	36424	0.94	26.9
Bacillus_GCF_002586215.1_spacer_15	virome_phage_8	73.529	34	9	0	1	34	113647	113680	0.94	26.9
Bacillus_GCF_002586215.1_spacer_15	virome_phage_745	90.000	20	2	0	7	26	29781	29800	0.94	26.9
Bacillus_GCF_002586215.1_spacer_15	virome_phage_2368	80.769	26	5	0	3	28	3863	3888	0.94	26.9
Bacillus_GCF_002586215.1_spacer_15	virome_phage_2280	78.571	28	6	0	6	33	12519	12546	0.94	26.9
Bacillus_GCF_002586215.1_spacer_15	total_phage_737	80.769	26	5	0	2	27	896	921	0.94	26.9
Bacillus_GCF_002586215.1_spacer_15	total_phage_727	90.000	20	2	0	14	33	33575	33594	0.94	26.9
Bacillus_GCF_002586215.1_spacer_15	total_phage_518	90.000	20	2	0	14	33	45785	45804	0.94	26.9
Bacillus_GCF_002586215.1_spacer_15	virome_phage_9	90.000	20	2	0	15	34	4432	4413	0.94	26.9
Bacillus_GCF_002586215.1_spacer_15	virome_phage_778	80.769	26	5	0	2	27	42892	42867	0.94	26.9
Bacillus_GCF_002586215.1_spacer_15	virome_phage_759	90.000	20	2	0	2	21	47724	47705	0.94	26.9
Bacillus_GCF_002586215.1_spacer_15	virome_phage_738	86.364	22	3	0	4	25	92593	92572	0.94	26.9
Bacillus_GCF_002586215.1_spacer_15	virome_phage_4	80.769	26	5	0	2	27	2152	2127	0.94	26.9
Bacillus_GCF_002586215.1_spacer_15	virome_phage_2359	83.333	24	4	0	2	25	19010	18987	0.94	26.9
Bacillus_GCF_002586215.1_spacer_15	virome_phage_145	80.769	26	5	0	3	28	17089	17064	0.94	26.9
Bacillus_GCF_002586215.1_spacer_15	total_phage_745	80.769	26	5	0	1	26	5874	5849	0.94	26.9
Bacillus_GCF_002586215.1_spacer_15	total_phage_655	94.444	18	1	0	4	21	6774	6757	0.94	26.9
Bacillus_GCF_002586215.1_spacer_15	total_phage_296	80.769	26	5	0	1	26	7833	7808	0.94	26.9
Bacillus_GCF_002586215.1_spacer_15	total_phage_245	78.571	28	6	0	1	28	7483	7456	0.94	26.9
Bacillus_GCF_002586215.1_spacer_16	virome_phage_2270	80.000	30	6	0	2	31	181573	181544	0.10	30.1
Bacillus_GCF_002586215.1_spacer_17	total_phage_231	82.759	29	5	0	6	34	41350	41378	0.035	31.7
Bacillus_GCF_002586215.1_spacer_17	virome_phage_734	88.000	25	3	0	10	34	31096	31072	0.035	31.7
Bacillus_GCF_002586215.1_spacer_17	virome_phage_866	90.476	21	2	0	8	28	23961	23981	0.31	28.5
Bacillus_GCF_002586215.1_spacer_17	virome_phage_7	100.000	17	0	0	12	28	117919	117935	0.31	28.5
Bacillus_GCF_002586215.1_spacer_17	virome_phage_7	94.444	18	1	0	6	23	4317	4300	0.94	26.9
Bacillus_GCF_002586215.1_spacer_17	virome_phage_25	86.957	23	3	0	9	31	16466	16444	0.31	28.5
Bacillus_GCF_002586215.1_spacer_17	virome_phage_993	94.444	18	1	0	15	32	15893	15910	0.94	26.9
Bacillus_GCF_002586215.1_spacer_17	virome_phage_743	83.333	24	4	0	11	34	44422	44445	0.94	26.9
Bacillus_GCF_002586215.1_spacer_17	virome_phage_127	83.333	24	4	0	6	29	7177	7200	0.94	26.9
Bacillus_GCF_002586215.1_spacer_17	total_phage_188	94.444	18	1	0	6	23	13209	13226	0.94	26.9
Bacillus_GCF_002586215.1_spacer_17	total_phage_18	78.571	28	6	0	5	32	16077	16104	0.94	26.9
Bacillus_GCF_002586215.1_spacer_17	total_phage_176	83.333	24	4	0	11	34	9768	9791	0.94	26.9
Bacillus_GCF_002586215.1_spacer_17	virome_phage_59	83.333	24	4	0	1	24	23681	23658	0.94	26.9
Bacillus_GCF_002586215.1_spacer_17	virome_phage_2368	86.364	22	3	0	6	27	21121	21100	0.94	26.9
Bacillus_GCF_002586215.1_spacer_17	total_phage_927	80.769	26	5	0	5	30	154129	154104	0.94	26.9
Bacillus_GCF_002586215.1_spacer_17	total_phage_453	78.571	28	6	0	7	34	19465	19438	0.94	26.9
Bacillus_GCF_002586215.1_spacer_17	total_phage_445	78.571	28	6	0	6	33	26541	26514	0.94	26.9
Bacillus_GCF_002586215.1_spacer_18	virome_phage_840	90.909	22	2	0	13	34	18340	18319	0.10	30.1
Bacillus_GCF_002586215.1_spacer_18	virome_phage_2235	84.615	26	4	0	6	31	3000	3025	0.10	30.1
Bacillus_GCF_002586215.1_spacer_18	virome_phage_738	79.310	29	6	0	1	29	8307	8279	0.31	28.5
Bacillus_GCF_002586215.1_spacer_18	virome_phage_848	94.737	19	1	0	5	23	29279	29297	0.31	28.5
Bacillus_GCF_002586215.1_spacer_18	virome_phage_741	86.364	22	3	0	8	29	27664	27643	0.94	26.9
Bacillus_GCF_002586215.1_spacer_18	virome_phage_4	83.333	24	4	0	1	24	88861	88884	0.94	26.9
Bacillus_GCF_002586215.1_spacer_18	virome_phage_2306	86.364	22	3	0	2	23	12239	12260	0.94	26.9
Bacillus_GCF_002586215.1_spacer_18	virome_phage_15	86.364	22	3	0	13	34	86403	86424	0.94	26.9
Bacillus_GCF_002586215.1_spacer_18	total_phage_794	76.667	30	7	0	5	34	9861	9890	0.94	26.9
Bacillus_GCF_002586215.1_spacer_18	total_phage_242	76.667	30	7	0	5	34	24467	24496	0.94	26.9
Bacillus_GCF_002586215.1_spacer_19	virome_phage_768	84.000	25	4	0	10	34	8082	8106	0.31	28.5
Bacillus_GCF_002586215.1_spacer_19	virome_phage_75	84.000	25	4	0	7	31	35565	35589	0.31	28.5
Bacillus_GCF_002586215.1_spacer_19	virome_phage_14	78.571	28	6	0	4	31	23242	23215	0.94	26.9
Bacillus_GCF_002586215.1_spacer_19	total_phage_604	94.444	18	1	0	10	27	34392	34409	0.94	26.9
Bacillus_GCF_002586215.1_spacer_20	virome_phage_748	90.000	20	2	0	1	20	57289	57308	0.76	26.9
Bacillus_GCF_002586215.1_spacer_20	virome_phage_739	76.667	30	7	0	4	33	82816	82845	0.76	26.9
Bacillus_GCF_002586215.1_spacer_20	virome_phage_22	90.000	20	2	0	7	26	31655	31674	0.76	26.9
Bacillus_GCF_002586215.1_spacer_20	virome_phage_78	94.444	18	1	0	10	27	20834	20817	0.76	26.9
Bacillus_GCF_002586215.1_spacer_21	virome_phage_2368	90.909	22	2	0	1	22	17705	17726	0.13	30.1
Bacillus_GCF_002586215.1_spacer_21	virome_phage_145	90.909	22	2	0	1	22	3663	3642	0.13	30.1
Bacillus_GCF_002586215.1_spacer_21	virome_phage_734	84.000	25	4	0	1	25	187153	187177	0.38	28.5
Bacillus_GCF_002586215.1_spacer_21	virome_phage_747	84.000	25	4	0	4	28	25143	25119	0.38	28.5
Bacillus_GCF_002586215.1_spacer_21	virome_phage_2269	90.476	21	2	0	8	28	97234	97214	0.38	28.5
Bacillus_GCF_002586215.1_spacer_21	total_phage_524	84.000	25	4	0	1	25	37494	37470	0.38	28.5
Bacillus_GCF_002586215.1_spacer_22	total_phage_793	81.481	27	5	0	1	27	27610	27636	0.31	28.5
Bacillus_GCF_002586215.1_spacer_22	total_phage_363	81.481	27	5	0	1	27	19090	19116	0.31	28.5
Bacillus_GCF_002586215.1_spacer_22	total_phage_175	81.481	27	5	0	1	27	17320	17294	0.31	28.5
Bacillus_GCF_002586215.1_spacer_22	virome_phage_901	100.000	16	0	0	3	18	21652	21637	0.94	26.9
Bacillus_GCF_002586215.1_spacer_22	virome_phage_116	80.769	26	5	0	8	33	7199	7174	0.94	26.9
Bacillus_GCF_002586215.1_spacer_22	total_phage_9	80.769	26	5	0	1	26	26944	26919	0.94	26.9
Bacillus_GCF_002586215.1_spacer_23	virome_phage_743	84.615	26	4	0	1	26	7493	7468	0.10	30.1
Bacillus_GCF_002586215.1_spacer_23	virome_phage_10	78.125	32	7	0	3	34	112569	112600	0.10	30.1
Bacillus_GCF_002586215.1_spacer_23	virome_phage_10	78.571	28	6	0	6	33	4663	4690	0.94	26.9
Bacillus_GCF_002586215.1_spacer_23	virome_phage_10	78.571	28	6	0	6	33	39706	39679	0.94	26.9
Bacillus_GCF_002586215.1_spacer_23	virome_phage_817	94.737	19	1	0	12	30	16904	16922	0.31	28.5
Bacillus_GCF_002586215.1_spacer_23	virome_phage_739	86.957	23	3	0	5	27	108194	108172	0.31	28.5
Bacillus_GCF_002586215.1_spacer_23	virome_phage_739	83.333	24	4	0	7	30	92141	92164	0.94	26.9
Bacillus_GCF_002586215.1_spacer_23	virome_phage_7	84.000	25	4	0	6	30	124174	124198	0.31	28.5
Bacillus_GCF_002586215.1_spacer_23	virome_phage_7	90.000	20	2	0	7	26	56384	56403	0.94	26.9
Bacillus_GCF_002586215.1_spacer_23	virome_phage_2304	86.957	23	3	0	5	27	41667	41645	0.31	28.5
Bacillus_GCF_002586215.1_spacer_23	virome_phage_18	86.957	23	3	0	9	31	48605	48583	0.31	28.5
Bacillus_GCF_002586215.1_spacer_23	virome_phage_890	86.364	22	3	0	4	25	24715	24694	0.94	26.9
Bacillus_GCF_002586215.1_spacer_23	virome_phage_882	94.444	18	1	0	3	20	11311	11328	0.94	26.9
Bacillus_GCF_002586215.1_spacer_23	virome_phage_875	90.000	20	2	0	2	21	29430	29449	0.94	26.9
Bacillus_GCF_002586215.1_spacer_23	virome_phage_860	90.000	20	2	0	10	29	6599	6580	0.94	26.9
Bacillus_GCF_002586215.1_spacer_23	virome_phage_857	83.333	24	4	0	5	28	9373	9396	0.94	26.9
Bacillus_GCF_002586215.1_spacer_23	virome_phage_834	76.667	30	7	0	3	32	11290	11261	0.94	26.9
Bacillus_GCF_002586215.1_spacer_23	virome_phage_79	76.667	30	7	0	1	30	1009	980	0.94	26.9
Bacillus_GCF_002586215.1_spacer_23	virome_phage_742	78.571	28	6	0	5	32	11568	11541	0.94	26.9
Bacillus_GCF_002586215.1_spacer_23	virome_phage_734	86.364	22	3	0	6	27	11099	11120	0.94	26.9
Bacillus_GCF_002586215.1_spacer_23	virome_phage_734	83.333	24	4	0	9	32	158865	158888	0.94	26.9
Bacillus_GCF_002586215.1_spacer_23	virome_phage_734	78.571	28	6	0	3	30	226167	226140	0.94	26.9
Bacillus_GCF_002586215.1_spacer_23	virome_phage_69	90.000	20	2	0	5	24	33481	33500	0.94	26.9
Bacillus_GCF_002586215.1_spacer_23	virome_phage_65	86.364	22	3	0	4	25	15747	15768	0.94	26.9
Bacillus_GCF_002586215.1_spacer_23	virome_phage_2522	100.000	16	0	0	7	22	2955	2940	0.94	26.9
Bacillus_GCF_002586215.1_spacer_23	virome_phage_2424	90.000	20	2	0	7	26	3681	3662	0.94	26.9
Bacillus_GCF_002586215.1_spacer_23	virome_phage_2424	86.364	22	3	0	9	30	15339	15360	0.94	26.9
Bacillus_GCF_002586215.1_spacer_23	virome_phage_239	90.000	20	2	0	7	26	1793	1774	0.94	26.9
Bacillus_GCF_002586215.1_spacer_23	virome_phage_2353	94.444	18	1	0	9	26	22274	22257	0.94	26.9
Bacillus_GCF_002586215.1_spacer_23	virome_phage_2327	90.000	20	2	0	8	27	27275	27256	0.94	26.9
Bacillus_GCF_002586215.1_spacer_23	virome_phage_2294	76.667	30	7	0	2	31	30516	30545	0.94	26.9
Bacillus_GCF_002586215.1_spacer_23	virome_phage_2280	100.000	16	0	0	1	16	34787	34772	0.94	26.9
Bacillus_GCF_002586215.1_spacer_23	virome_phage_2254	78.571	28	6	0	5	32	34754	34781	0.94	26.9
Bacillus_GCF_002586215.1_spacer_23	virome_phage_2238	78.571	28	6	0	5	32	16269	16296	0.94	26.9
Bacillus_GCF_002586215.1_spacer_23	virome_phage_1849	83.333	24	4	0	2	25	2751	2774	0.94	26.9
Bacillus_GCF_002586215.1_spacer_23	virome_phage_14	83.333	24	4	0	6	29	23580	23557	0.94	26.9
Bacillus_GCF_002586215.1_spacer_23	total_phage_806	94.444	18	1	0	9	26	24411	24394	0.94	26.9
Bacillus_GCF_002586215.1_spacer_23	total_phage_800	90.000	20	2	0	6	25	21790	21771	0.94	26.9
Bacillus_GCF_002586215.1_spacer_23	total_phage_8	100.000	16	0	0	18	33	6797	6812	0.94	26.9
Bacillus_GCF_002586215.1_spacer_23	total_phage_788	86.364	22	3	0	6	27	40217	40196	0.94	26.9
Bacillus_GCF_002586215.1_spacer_23	total_phage_734	86.364	22	3	0	9	30	35175	35154	0.94	26.9
Bacillus_GCF_002586215.1_spacer_23	total_phage_731	90.000	20	2	0	8	27	11447	11428	0.94	26.9
Bacillus_GCF_002586215.1_spacer_23	total_phage_730	78.571	28	6	0	6	33	34543	34516	0.94	26.9
Bacillus_GCF_002586215.1_spacer_23	total_phage_729	90.000	20	2	0	6	25	125546	125565	0.94	26.9
Bacillus_GCF_002586215.1_spacer_23	total_phage_360	80.769	26	5	0	1	26	4133	4108	0.94	26.9
Bacillus_GCF_002586215.1_spacer_23	total_phage_358	86.364	22	3	0	6	27	41391	41370	0.94	26.9
Bacillus_GCF_002586215.1_spacer_23	total_phage_294	94.444	18	1	0	9	26	16465	16482	0.94	26.9
Bacillus_GCF_002586215.1_spacer_23	total_phage_293	90.000	20	2	0	6	25	29641	29622	0.94	26.9
Bacillus_GCF_002586215.1_spacer_23	total_phage_237	86.364	22	3	0	6	27	1560	1539	0.94	26.9
Bacillus_GCF_002586215.1_spacer_23	total_phage_233	94.444	18	1	0	9	26	28188	28205	0.94	26.9
Bacillus_GCF_002586215.1_spacer_23	total_phage_231	90.000	20	2	0	8	27	80142	80161	0.94	26.9
Bacillus_GCF_002586215.1_spacer_23	total_phage_231	94.444	18	1	0	7	24	136053	136036	0.94	26.9
Bacillus_GCF_002586215.1_spacer_23	total_phage_178	86.364	22	3	0	1	22	26525	26504	0.94	26.9
Bacillus_GCF_002586215.1_spacer_23	total_phage_172	75.000	32	8	0	2	33	28494	28525	0.94	26.9
Bacillus_GCF_002586215.1_spacer_23	total_phage_117	90.000	20	2	0	6	25	28035	28016	0.94	26.9
Bacillus_GCF_002586215.1_spacer_24	total_phage_663	86.957	23	3	0	8	30	29811	29833	0.25	28.5
Bacillus_GCF_002586215.1_spacer_24	total_phage_637	86.957	23	3	0	8	30	26545	26567	0.25	28.5
Bacillus_GCF_002586215.1_spacer_24	virome_phage_742	90.000	20	2	0	13	32	82038	82019	0.76	26.9
Bacillus_GCF_002586215.1_spacer_24	virome_phage_2	90.000	20	2	0	11	30	80742	80723	0.76	26.9
