Bacillus_GCF_019037495.1_spacer_0	total_phage_524	83.333	24	4	0	11	34	15346	15369	0.94	26.9
Bacillus_GCF_019037495.1_spacer_1	virome_phage_752	75.758	33	8	0	2	34	6577	6609	0.44	28.5
Bacillus_GCF_019037495.1_spacer_2	virome_phage_739	85.714	28	4	0	3	30	89836	89863	0.014	33.3
Bacillus_GCF_019037495.1_spacer_2	virome_phage_849	84.615	26	4	0	1	26	6605	6580	0.13	30.1
Bacillus_GCF_019037495.1_spacer_2	virome_phage_2372	81.481	27	5	0	5	31	5028	5002	0.38	28.5
Bacillus_GCF_019037495.1_spacer_2	virome_phage_2350	94.737	19	1	0	16	34	15831	15813	0.38	28.5
Bacillus_GCF_019037495.1_spacer_3	total_phage_797	77.143	35	8	0	1	35	16602	16568	0.042	31.7
Bacillus_GCF_019037495.1_spacer_3	total_phage_371	77.143	35	8	0	1	35	9119	9153	0.042	31.7
Bacillus_GCF_019037495.1_spacer_3	virome_phage_2325	82.143	28	5	0	4	31	26441	26468	0.13	30.1
Bacillus_GCF_019037495.1_spacer_3	total_phage_692	80.000	30	6	0	5	34	26232	26203	0.13	30.1
Bacillus_GCF_019037495.1_spacer_3	total_phage_658	80.000	30	6	0	5	34	19670	19699	0.13	30.1
Bacillus_GCF_019037495.1_spacer_3	virome_phage_47	75.758	33	8	0	4	36	19591	19559	0.38	28.5
Bacillus_GCF_019037495.1_spacer_3	total_phage_524	81.481	27	5	0	1	27	1240	1266	0.38	28.5
Bacillus_GCF_019037495.1_spacer_3	total_phage_102	84.000	25	4	0	1	25	11793	11817	0.38	28.5
Bacillus_GCF_019037495.1_spacer_4	total_phage_795	86.957	23	3	0	1	23	5954	5932	0.25	28.5
Bacillus_GCF_019037495.1_spacer_4	virome_phage_1063	83.333	24	4	0	5	28	2816	2793	0.76	26.9
Bacillus_GCF_019037495.1_spacer_5	virome_phage_84	90.000	20	2	0	6	25	25665	25684	0.76	26.9
Bacillus_GCF_019037495.1_spacer_5	virome_phage_811	86.364	22	3	0	6	27	29314	29335	0.76	26.9
Bacillus_GCF_019037495.1_spacer_5	virome_phage_8	94.444	18	1	0	11	28	10918	10935	0.76	26.9
Bacillus_GCF_019037495.1_spacer_5	virome_phage_2350	90.000	20	2	0	6	25	12252	12233	0.76	26.9
