Bacillus_GCA_003944805.1_spacer_1	total_phage_358	81.481	27	5	0	3	29	40186	40160	0.31	28.5
Bacillus_GCA_003944805.1_spacer_1	total_phage_293	81.481	27	5	0	2	28	39384	39358	0.31	28.5
Bacillus_GCA_003944805.1_spacer_1	virome_phage_10	94.737	19	1	0	16	34	113420	113438	0.31	28.5
Bacillus_GCA_003944805.1_spacer_1	total_phage_188	81.481	27	5	0	2	28	4145	4171	0.31	28.5
Bacillus_GCA_003944805.1_spacer_1	virome_phage_88	90.000	20	2	0	15	34	30343	30324	0.94	26.9
Bacillus_GCA_003944805.1_spacer_1	virome_phage_800	90.000	20	2	0	15	34	29420	29401	0.94	26.9
Bacillus_GCA_003944805.1_spacer_1	virome_phage_2360	90.000	20	2	0	15	34	12656	12637	0.94	26.9
Bacillus_GCA_003944805.1_spacer_1	virome_phage_151	75.000	32	8	0	2	33	14324	14293	0.94	26.9
Bacillus_GCA_003944805.1_spacer_1	virome_phage_804	78.571	28	6	0	1	28	9633	9660	0.94	26.9
Bacillus_GCA_003944805.1_spacer_1	virome_phage_742	83.333	24	4	0	6	29	72481	72504	0.94	26.9
Bacillus_GCA_003944805.1_spacer_1	virome_phage_2278	76.667	30	7	0	1	30	647	676	0.94	26.9
Bacillus_GCA_003944805.1_spacer_1	virome_phage_1	90.000	20	2	0	10	29	48595	48614	0.94	26.9
Bacillus_GCA_003944805.1_spacer_1	total_phage_796	90.000	20	2	0	15	34	25417	25436	0.94	26.9
Bacillus_GCA_003944805.1_spacer_2	total_phage_3	86.957	23	3	0	8	30	6507	6529	0.38	28.5
Bacillus_GCA_003944805.1_spacer_3	total_phage_926	88.000	25	3	0	1	25	8792	8768	0.035	31.7
Bacillus_GCA_003944805.1_spacer_3	virome_phage_840	78.125	32	7	0	1	32	23052	23083	0.10	30.1
Bacillus_GCA_003944805.1_spacer_3	virome_phage_39	87.500	24	3	0	11	34	43881	43904	0.10	30.1
Bacillus_GCA_003944805.1_spacer_3	virome_phage_747	90.476	21	2	0	14	34	33863	33843	0.31	28.5
Bacillus_GCA_003944805.1_spacer_3	virome_phage_18	90.476	21	2	0	14	34	2630	2610	0.31	28.5
Bacillus_GCA_003944805.1_spacer_3	virome_phage_98	94.444	18	1	0	10	27	23847	23830	0.94	26.9
Bacillus_GCA_003944805.1_spacer_3	virome_phage_776	86.364	22	3	0	13	34	1444	1423	0.94	26.9
Bacillus_GCA_003944805.1_spacer_3	virome_phage_1	80.769	26	5	0	8	33	135298	135273	0.94	26.9
Bacillus_GCA_003944805.1_spacer_3	total_phage_797	83.333	24	4	0	11	34	22453	22430	0.94	26.9
Bacillus_GCA_003944805.1_spacer_3	total_phage_360	83.333	24	4	0	11	34	28376	28353	0.94	26.9
Bacillus_GCA_003944805.1_spacer_3	total_phage_114	83.333	24	4	0	11	34	24665	24642	0.94	26.9
Bacillus_GCA_003944805.1_spacer_3	virome_phage_58	86.364	22	3	0	10	31	12263	12284	0.94	26.9
Bacillus_GCA_003944805.1_spacer_4	virome_phage_2319	88.000	25	3	0	5	29	17126	17102	0.035	31.7
Bacillus_GCA_003944805.1_spacer_4	virome_phage_798	86.957	23	3	0	3	25	19617	19595	0.31	28.5
Bacillus_GCA_003944805.1_spacer_4	virome_phage_7	79.310	29	6	0	6	34	8903	8875	0.31	28.5
Bacillus_GCA_003944805.1_spacer_4	virome_phage_7	86.957	23	3	0	5	27	41740	41718	0.31	28.5
Bacillus_GCA_003944805.1_spacer_4	total_phage_113	86.957	23	3	0	3	25	13035	13013	0.31	28.5
Bacillus_GCA_003944805.1_spacer_4	virome_phage_738	84.000	25	4	0	1	25	118899	118923	0.31	28.5
Bacillus_GCA_003944805.1_spacer_4	virome_phage_734	79.310	29	6	0	6	34	313054	313082	0.31	28.5
Bacillus_GCA_003944805.1_spacer_4	virome_phage_734	90.000	20	2	0	6	25	36180	36161	0.94	26.9
Bacillus_GCA_003944805.1_spacer_4	virome_phage_734	94.444	18	1	0	14	31	174350	174333	0.94	26.9
Bacillus_GCA_003944805.1_spacer_4	virome_phage_3	100.000	17	0	0	10	26	48638	48654	0.31	28.5
Bacillus_GCA_003944805.1_spacer_4	virome_phage_2411	90.476	21	2	0	7	27	13345	13365	0.31	28.5
Bacillus_GCA_003944805.1_spacer_4	virome_phage_2254	90.476	21	2	0	11	31	128212	128232	0.31	28.5
Bacillus_GCA_003944805.1_spacer_4	virome_phage_176	90.476	21	2	0	7	27	13246	13266	0.31	28.5
Bacillus_GCA_003944805.1_spacer_4	virome_phage_15	79.310	29	6	0	6	34	45566	45594	0.31	28.5
Bacillus_GCA_003944805.1_spacer_4	virome_phage_868	76.667	30	7	0	1	30	29809	29780	0.94	26.9
Bacillus_GCA_003944805.1_spacer_4	virome_phage_8	80.769	26	5	0	2	27	19565	19540	0.94	26.9
Bacillus_GCA_003944805.1_spacer_4	virome_phage_776	83.333	24	4	0	3	26	42513	42490	0.94	26.9
Bacillus_GCA_003944805.1_spacer_4	virome_phage_2913	83.333	24	4	0	4	27	24134	24111	0.94	26.9
Bacillus_GCA_003944805.1_spacer_4	virome_phage_10	94.444	18	1	0	10	27	114341	114324	0.94	26.9
Bacillus_GCA_003944805.1_spacer_4	total_phage_806	80.769	26	5	0	2	27	8515	8490	0.94	26.9
Bacillus_GCA_003944805.1_spacer_4	total_phage_361	83.333	24	4	0	2	25	7263	7240	0.94	26.9
Bacillus_GCA_003944805.1_spacer_4	total_phage_239	83.333	24	4	0	3	26	8511	8488	0.94	26.9
Bacillus_GCA_003944805.1_spacer_4	total_phage_233	90.000	20	2	0	4	23	10619	10600	0.94	26.9
Bacillus_GCA_003944805.1_spacer_4	total_phage_232	83.333	24	4	0	7	30	55115	55092	0.94	26.9
Bacillus_GCA_003944805.1_spacer_4	total_phage_106	90.000	20	2	0	5	24	35650	35631	0.94	26.9
Bacillus_GCA_003944805.1_spacer_4	virome_phage_792	80.769	26	5	0	2	27	24300	24325	0.94	26.9
Bacillus_GCA_003944805.1_spacer_4	virome_phage_46	90.000	20	2	0	1	20	18646	18665	0.94	26.9
Bacillus_GCA_003944805.1_spacer_4	virome_phage_191	90.000	20	2	0	10	29	7916	7935	0.94	26.9
Bacillus_GCA_003944805.1_spacer_4	total_phage_791	83.333	24	4	0	2	25	38639	38662	0.94	26.9
Bacillus_GCA_003944805.1_spacer_4	total_phage_254	90.000	20	2	0	10	29	7832	7851	0.94	26.9
Bacillus_GCA_003944805.1_spacer_5	total_phage_807	86.957	23	3	0	5	27	3240	3262	0.31	28.5
Bacillus_GCA_003944805.1_spacer_5	total_phage_745	86.957	23	3	0	5	27	4271	4293	0.31	28.5
Bacillus_GCA_003944805.1_spacer_5	total_phage_364	86.957	23	3	0	5	27	831	853	0.31	28.5
Bacillus_GCA_003944805.1_spacer_5	total_phage_296	86.957	23	3	0	5	27	6230	6252	0.31	28.5
Bacillus_GCA_003944805.1_spacer_5	total_phage_233	86.957	23	3	0	5	27	6452	6474	0.31	28.5
Bacillus_GCA_003944805.1_spacer_5	total_phage_935	86.957	23	3	0	5	27	16154	16132	0.31	28.5
Bacillus_GCA_003944805.1_spacer_5	total_phage_451	86.957	23	3	0	5	27	21984	21962	0.31	28.5
Bacillus_GCA_003944805.1_spacer_5	total_phage_237	86.957	23	3	0	5	27	14712	14690	0.31	28.5
Bacillus_GCA_003944805.1_spacer_5	virome_phage_17	86.364	22	3	0	12	33	77603	77624	0.94	26.9
Bacillus_GCA_003944805.1_spacer_5	total_phage_731	86.364	22	3	0	9	30	31945	31966	0.94	26.9
Bacillus_GCA_003944805.1_spacer_5	total_phage_731	80.769	26	5	0	6	31	137622	137647	0.94	26.9
Bacillus_GCA_003944805.1_spacer_5	virome_phage_77	76.667	30	7	0	4	33	27169	27140	0.94	26.9
Bacillus_GCA_003944805.1_spacer_6	virome_phage_96	87.500	24	3	0	1	24	2376	2399	0.10	30.1
Bacillus_GCA_003944805.1_spacer_6	virome_phage_844	77.419	31	7	0	4	34	17846	17876	0.31	28.5
Bacillus_GCA_003944805.1_spacer_6	virome_phage_778	84.000	25	4	0	1	25	26883	26859	0.31	28.5
Bacillus_GCA_003944805.1_spacer_6	virome_phage_59	94.444	18	1	0	12	29	11040	11057	0.94	26.9
Bacillus_GCA_003944805.1_spacer_6	total_phage_371	86.364	22	3	0	7	28	5028	5049	0.94	26.9
Bacillus_GCA_003944805.1_spacer_6	total_phage_245	86.364	22	3	0	7	28	8479	8500	0.94	26.9
Bacillus_GCA_003944805.1_spacer_6	total_phage_244	86.364	22	3	0	7	28	29011	29032	0.94	26.9
Bacillus_GCA_003944805.1_spacer_6	virome_phage_901	100.000	16	0	0	8	23	5867	5852	0.94	26.9
Bacillus_GCA_003944805.1_spacer_6	virome_phage_1217	76.667	30	7	0	2	31	4268	4239	0.94	26.9
Bacillus_GCA_003944805.1_spacer_6	total_phage_797	86.364	22	3	0	7	28	20694	20673	0.94	26.9
Bacillus_GCA_003944805.1_spacer_6	total_phage_360	86.364	22	3	0	7	28	26134	26113	0.94	26.9
Bacillus_GCA_003944805.1_spacer_7	virome_phage_1142	79.310	29	6	0	1	29	837	809	0.31	28.5
Bacillus_GCA_003944805.1_spacer_7	virome_phage_911	86.364	22	3	0	11	32	6450	6471	0.94	26.9
Bacillus_GCA_003944805.1_spacer_7	virome_phage_67	94.444	18	1	0	3	20	10786	10803	0.94	26.9
Bacillus_GCA_003944805.1_spacer_9	virome_phage_91	77.419	31	7	0	2	32	20150	20120	0.31	28.5
Bacillus_GCA_003944805.1_spacer_9	virome_phage_857	77.419	31	7	0	4	34	28987	28957	0.31	28.5
Bacillus_GCA_003944805.1_spacer_9	virome_phage_817	100.000	16	0	0	5	20	6765	6750	0.94	26.9
Bacillus_GCA_003944805.1_spacer_9	virome_phage_75	90.000	20	2	0	1	20	11473	11492	0.94	26.9
Bacillus_GCA_003944805.1_spacer_9	virome_phage_33	100.000	16	0	0	8	23	22558	22543	0.94	26.9
Bacillus_GCA_003944805.1_spacer_9	virome_phage_2359	80.769	26	5	0	9	34	13538	13563	0.94	26.9
Bacillus_GCA_003944805.1_spacer_9	virome_phage_2294	90.000	20	2	0	3	22	28879	28860	0.94	26.9
Bacillus_GCA_003944805.1_spacer_9	virome_phage_2243	78.571	28	6	0	7	34	15818	15845	0.94	26.9
Bacillus_GCA_003944805.1_spacer_9	virome_phage_2237	78.571	28	6	0	7	34	1967	1940	0.94	26.9
Bacillus_GCA_003944805.1_spacer_9	total_phage_92	86.364	22	3	0	1	22	150811	150832	0.94	26.9
Bacillus_GCA_003944805.1_spacer_9	total_phage_788	78.571	28	6	0	4	31	15097	15124	0.94	26.9
Bacillus_GCA_003944805.1_spacer_9	total_phage_644	78.571	28	6	0	7	34	15707	15734	0.94	26.9
Bacillus_GCA_003944805.1_spacer_9	total_phage_233	83.333	24	4	0	9	32	46766	46743	0.94	26.9
Bacillus_GCA_003944805.1_spacer_10	virome_phage_817	88.462	26	3	0	6	31	5491	5466	0.012	33.3
Bacillus_GCA_003944805.1_spacer_10	virome_phage_858	81.481	27	5	0	5	31	62	88	0.31	28.5
Bacillus_GCA_003944805.1_spacer_10	virome_phage_39	90.476	21	2	0	5	25	16081	16101	0.31	28.5
Bacillus_GCA_003944805.1_spacer_11	virome_phage_851	94.444	18	1	0	15	32	14292	14309	0.76	26.9
Bacillus_GCA_003944805.1_spacer_11	virome_phage_798	94.444	18	1	0	7	24	114	131	0.76	26.9
Bacillus_GCA_003944805.1_spacer_11	total_phage_113	94.444	18	1	0	7	24	34671	34688	0.76	26.9
Bacillus_GCA_003944805.1_spacer_12	virome_phage_925	86.957	23	3	0	2	24	5987	5965	0.31	28.5
Bacillus_GCA_003944805.1_spacer_12	virome_phage_899	86.364	22	3	0	7	28	6794	6773	0.94	26.9
Bacillus_GCA_003944805.1_spacer_12	total_phage_231	94.444	18	1	0	4	21	95810	95793	0.94	26.9
Bacillus_GCA_003944805.1_spacer_12	virome_phage_865	80.769	26	5	0	3	28	18268	18293	0.94	26.9
Bacillus_GCA_003944805.1_spacer_12	virome_phage_734	83.333	24	4	0	8	31	79685	79708	0.94	26.9
Bacillus_GCA_003944805.1_spacer_12	virome_phage_280	83.333	24	4	0	8	31	5620	5643	0.94	26.9
Bacillus_GCA_003944805.1_spacer_12	virome_phage_2496	83.333	24	4	0	8	31	5732	5755	0.94	26.9
Bacillus_GCA_003944805.1_spacer_12	virome_phage_2272	90.000	20	2	0	9	28	65906	65925	0.94	26.9
Bacillus_GCA_003944805.1_spacer_12	virome_phage_2263	83.333	24	4	0	8	31	5514	5537	0.94	26.9
Bacillus_GCA_003944805.1_spacer_12	total_phage_611	83.333	24	4	0	8	31	5688	5711	0.94	26.9
Bacillus_GCA_003944805.1_spacer_13	virome_phage_5	83.333	30	5	0	3	32	96891	96862	0.012	33.3
Bacillus_GCA_003944805.1_spacer_13	virome_phage_745	90.476	21	2	0	3	23	15700	15680	0.31	28.5
Bacillus_GCA_003944805.1_spacer_13	total_phage_729	75.758	33	8	0	2	34	121589	121621	0.31	28.5
Bacillus_GCA_003944805.1_spacer_13	virome_phage_861	90.000	20	2	0	14	33	8557	8538	0.94	26.9
Bacillus_GCA_003944805.1_spacer_13	virome_phage_2424	100.000	16	0	0	8	23	12850	12865	0.94	26.9
Bacillus_GCA_003944805.1_spacer_13	virome_phage_239	100.000	16	0	0	8	23	10926	10941	0.94	26.9
Bacillus_GCA_003944805.1_spacer_13	virome_phage_2260	78.571	28	6	0	5	32	7434	7461	0.94	26.9
Bacillus_GCA_003944805.1_spacer_15	virome_phage_2303	95.000	20	1	0	1	20	4256	4237	0.10	30.1
Bacillus_GCA_003944805.1_spacer_15	virome_phage_784	90.476	21	2	0	14	34	42407	42387	0.31	28.5
Bacillus_GCA_003944805.1_spacer_15	virome_phage_949	80.769	26	5	0	1	26	6423	6448	0.94	26.9
Bacillus_GCA_003944805.1_spacer_15	virome_phage_884	86.364	22	3	0	4	25	10175	10154	0.94	26.9
Bacillus_GCA_003944805.1_spacer_15	virome_phage_2398	76.667	30	7	0	1	30	5956	5985	0.94	26.9
Bacillus_GCA_003944805.1_spacer_15	virome_phage_154	80.769	26	5	0	1	26	6194	6219	0.94	26.9
Bacillus_GCA_003944805.1_spacer_15	virome_phage_123	94.444	18	1	0	1	18	415	432	0.94	26.9
Bacillus_GCA_003944805.1_spacer_15	total_phage_297	80.769	26	5	0	2	27	37485	37460	0.94	26.9
Bacillus_GCA_003944805.1_spacer_15	total_phage_294	94.444	18	1	0	1	18	51661	51644	0.94	26.9
Bacillus_GCA_003944805.1_spacer_17	virome_phage_974	84.615	26	4	0	3	28	7090	7115	0.10	30.1
Bacillus_GCA_003944805.1_spacer_17	virome_phage_756	78.571	28	6	0	2	29	36853	36880	0.94	26.9
Bacillus_GCA_003944805.1_spacer_17	total_phage_803	73.529	34	9	0	1	34	12216	12183	0.94	26.9
Bacillus_GCA_003944805.1_spacer_18	virome_phage_847	84.000	25	4	0	4	28	18204	18180	0.25	28.5
Bacillus_GCA_003944805.1_spacer_18	virome_phage_875	100.000	16	0	0	16	31	18848	18863	0.76	26.9
Bacillus_GCA_003944805.1_spacer_18	virome_phage_742	78.571	28	6	0	1	28	56415	56442	0.76	26.9
Bacillus_GCA_003944805.1_spacer_18	virome_phage_2297	94.444	18	1	0	15	32	23640	23657	0.76	26.9
Bacillus_GCA_003944805.1_spacer_18	virome_phage_1	83.333	24	4	0	1	24	179832	179809	0.76	26.9
Bacillus_GCA_003944805.1_spacer_19	virome_phage_865	82.143	28	5	0	4	31	26533	26506	0.13	30.1
Bacillus_GCA_003944805.1_spacer_19	total_phage_231	86.957	23	3	0	11	33	96322	96344	0.38	28.5
Bacillus_GCA_003944805.1_spacer_20	virome_phage_741	78.571	28	6	0	4	31	39761	39734	0.94	26.9
Bacillus_GCA_003944805.1_spacer_20	virome_phage_735	94.444	18	1	0	16	33	73522	73505	0.94	26.9
Bacillus_GCA_003944805.1_spacer_20	virome_phage_155	80.769	26	5	0	2	27	18329	18304	0.94	26.9
Bacillus_GCA_003944805.1_spacer_21	virome_phage_1236	78.571	28	6	0	5	32	1827	1800	0.94	26.9
Bacillus_GCA_003944805.1_spacer_22	virome_phage_812	77.419	31	7	0	1	31	4399	4429	0.25	28.5
Bacillus_GCA_003944805.1_spacer_22	virome_phage_747	90.476	21	2	0	5	25	6150	6170	0.25	28.5
Bacillus_GCA_003944805.1_spacer_22	virome_phage_764	86.364	22	3	0	1	22	29848	29869	0.76	26.9
Bacillus_GCA_003944805.1_spacer_22	virome_phage_844	90.000	20	2	0	13	32	421	402	0.76	26.9
Bacillus_GCA_003944805.1_spacer_22	total_phage_729	75.000	32	8	0	2	33	187081	187050	0.76	26.9
Bacillus_GCA_003944805.1_spacer_23	virome_phage_33	90.476	21	2	0	1	21	45568	45548	0.31	28.5
Bacillus_GCA_003944805.1_spacer_23	virome_phage_25	83.333	24	4	0	9	32	60009	59986	0.94	26.9
Bacillus_GCA_003944805.1_spacer_23	virome_phage_2299	78.571	28	6	0	7	34	35480	35453	0.94	26.9
Bacillus_GCA_003944805.1_spacer_23	total_phage_520	90.000	20	2	0	2	21	18785	18766	0.94	26.9
Bacillus_GCA_003944805.1_spacer_23	total_phage_242	86.364	22	3	0	3	24	670	649	0.94	26.9
Bacillus_GCA_003944805.1_spacer_23	total_phage_696	90.000	20	2	0	2	21	1729	1748	0.94	26.9
Bacillus_GCA_003944805.1_spacer_23	total_phage_655	90.000	20	2	0	2	21	14164	14183	0.94	26.9
Bacillus_GCA_003944805.1_spacer_24	total_phage_95	94.444	18	1	0	2	19	115960	115977	0.76	26.9
Bacillus_GCA_003944805.1_spacer_25	virome_phage_746	80.000	30	6	0	2	31	16199	16228	0.084	30.1
Bacillus_GCA_003944805.1_spacer_25	virome_phage_939	77.419	31	7	0	3	33	18361	18391	0.25	28.5
Bacillus_GCA_003944805.1_spacer_26	virome_phage_2303	90.000	20	2	0	7	26	36391	36372	0.94	26.9
Bacillus_GCA_003944805.1_spacer_27	virome_phage_2324	88.000	25	3	0	3	27	22218	22194	0.035	31.7
Bacillus_GCA_003944805.1_spacer_27	virome_phage_2272	85.185	27	4	0	7	33	78181	78155	0.035	31.7
Bacillus_GCA_003944805.1_spacer_27	virome_phage_14	86.957	23	3	0	6	28	13410	13388	0.31	28.5
Bacillus_GCA_003944805.1_spacer_27	virome_phage_2269	80.769	26	5	0	3	28	95350	95325	0.94	26.9
Bacillus_GCA_003944805.1_spacer_28	virome_phage_65	95.238	21	1	0	9	29	31736	31716	0.035	31.7
Bacillus_GCA_003944805.1_spacer_28	total_phage_800	80.645	31	6	0	2	32	1581	1551	0.035	31.7
Bacillus_GCA_003944805.1_spacer_28	virome_phage_890	95.238	21	1	0	9	29	8726	8746	0.035	31.7
Bacillus_GCA_003944805.1_spacer_28	virome_phage_16	87.500	24	3	0	10	33	26633	26656	0.10	30.1
Bacillus_GCA_003944805.1_spacer_28	virome_phage_815	84.000	25	4	0	6	30	38150	38126	0.31	28.5
Bacillus_GCA_003944805.1_spacer_28	virome_phage_79	84.000	25	4	0	6	30	29265	29241	0.31	28.5
Bacillus_GCA_003944805.1_spacer_28	total_phage_111	84.000	25	4	0	6	30	41053	41029	0.31	28.5
Bacillus_GCA_003944805.1_spacer_28	total_phage_111	84.000	25	4	0	6	30	81295	81271	0.31	28.5
Bacillus_GCA_003944805.1_spacer_28	virome_phage_2288	84.000	25	4	0	6	30	3036	3060	0.31	28.5
Bacillus_GCA_003944805.1_spacer_28	virome_phage_2275	84.000	25	4	0	7	31	7140	7164	0.31	28.5
Bacillus_GCA_003944805.1_spacer_28	virome_phage_878	80.769	26	5	0	8	33	4490	4465	0.94	26.9
Bacillus_GCA_003944805.1_spacer_28	virome_phage_7	83.333	24	4	0	8	31	91534	91511	0.94	26.9
Bacillus_GCA_003944805.1_spacer_28	virome_phage_2292	80.769	26	5	0	4	29	3417	3392	0.94	26.9
Bacillus_GCA_003944805.1_spacer_28	virome_phage_2270	94.444	18	1	0	2	19	51294	51277	0.94	26.9
Bacillus_GCA_003944805.1_spacer_28	virome_phage_2269	83.333	24	4	0	9	32	35631	35608	0.94	26.9
Bacillus_GCA_003944805.1_spacer_28	total_phage_926	100.000	16	0	0	19	34	48274	48259	0.94	26.9
Bacillus_GCA_003944805.1_spacer_28	total_phage_735	94.444	18	1	0	15	32	226	209	0.94	26.9
Bacillus_GCA_003944805.1_spacer_28	total_phage_734	94.444	18	1	0	15	32	33936	33919	0.94	26.9
Bacillus_GCA_003944805.1_spacer_28	total_phage_525	100.000	16	0	0	8	23	788	773	0.94	26.9
Bacillus_GCA_003944805.1_spacer_28	total_phage_231	86.364	22	3	0	8	29	110095	110074	0.94	26.9
Bacillus_GCA_003944805.1_spacer_28	virome_phage_2294	80.769	26	5	0	9	34	27687	27712	0.94	26.9
Bacillus_GCA_003944805.1_spacer_28	total_phage_414	94.444	18	1	0	15	32	22276	22293	0.94	26.9
Bacillus_GCA_003944805.1_spacer_29	total_phage_2	84.000	25	4	0	2	26	24681	24705	0.31	28.5
Bacillus_GCA_003944805.1_spacer_29	virome_phage_904	86.957	23	3	0	2	24	17741	17719	0.31	28.5
Bacillus_GCA_003944805.1_spacer_29	total_phage_664	94.444	18	1	0	1	18	6514	6497	0.94	26.9
Bacillus_GCA_003944805.1_spacer_30	virome_phage_760	90.909	22	2	0	4	25	53706	53727	0.10	30.1
Bacillus_GCA_003944805.1_spacer_30	total_phage_413	78.125	32	7	0	3	34	20100	20131	0.10	30.1
Bacillus_GCA_003944805.1_spacer_30	total_phage_102	86.957	23	3	0	5	27	33147	33125	0.31	28.5
Bacillus_GCA_003944805.1_spacer_30	virome_phage_974	86.957	23	3	0	10	32	8474	8496	0.31	28.5
Bacillus_GCA_003944805.1_spacer_30	virome_phage_69	79.310	29	6	0	2	30	35391	35419	0.31	28.5
Bacillus_GCA_003944805.1_spacer_30	total_phage_927	100.000	16	0	0	5	20	169738	169723	0.94	26.9
Bacillus_GCA_003944805.1_spacer_30	total_phage_501	86.364	22	3	0	11	32	3521	3500	0.94	26.9
Bacillus_GCA_003944805.1_spacer_30	virome_phage_824	80.769	26	5	0	9	34	3419	3444	0.94	26.9
Bacillus_GCA_003944805.1_spacer_30	virome_phage_7	90.000	20	2	0	14	33	36596	36615	0.94	26.9
Bacillus_GCA_003944805.1_spacer_30	virome_phage_2288	83.333	24	4	0	9	32	33330	33353	0.94	26.9
Bacillus_GCA_003944805.1_spacer_30	virome_phage_2239	86.364	22	3	0	11	32	24124	24145	0.94	26.9
Bacillus_GCA_003944805.1_spacer_30	total_phage_925	86.364	22	3	0	6	27	1849	1870	0.94	26.9
Bacillus_GCA_003944805.1_spacer_30	total_phage_794	90.000	20	2	0	15	34	26719	26738	0.94	26.9
Bacillus_GCA_003944805.1_spacer_30	total_phage_454	86.364	22	3	0	11	32	18150	18171	0.94	26.9
Bacillus_GCA_003944805.1_spacer_30	total_phage_360	73.529	34	9	0	1	34	29667	29700	0.94	26.9
Bacillus_GCA_003944805.1_spacer_31	total_phage_188	84.615	26	4	0	3	28	4610	4635	0.13	30.1
Bacillus_GCA_003944805.1_spacer_31	virome_phage_2322	81.481	27	5	0	6	32	28145	28119	0.38	28.5
Bacillus_GCA_003944805.1_spacer_31	total_phage_445	79.310	29	6	0	7	35	8431	8403	0.38	28.5
Bacillus_GCA_003944805.1_spacer_32	virome_phage_760	90.909	22	2	0	4	25	53706	53727	0.10	30.1
Bacillus_GCA_003944805.1_spacer_32	total_phage_413	78.125	32	7	0	3	34	20100	20131	0.10	30.1
Bacillus_GCA_003944805.1_spacer_32	total_phage_102	86.957	23	3	0	5	27	33147	33125	0.31	28.5
Bacillus_GCA_003944805.1_spacer_32	virome_phage_974	86.957	23	3	0	10	32	8474	8496	0.31	28.5
Bacillus_GCA_003944805.1_spacer_32	virome_phage_69	79.310	29	6	0	2	30	35391	35419	0.31	28.5
Bacillus_GCA_003944805.1_spacer_32	total_phage_927	100.000	16	0	0	5	20	169738	169723	0.94	26.9
Bacillus_GCA_003944805.1_spacer_32	total_phage_501	86.364	22	3	0	11	32	3521	3500	0.94	26.9
Bacillus_GCA_003944805.1_spacer_32	virome_phage_824	80.769	26	5	0	9	34	3419	3444	0.94	26.9
Bacillus_GCA_003944805.1_spacer_32	virome_phage_7	90.000	20	2	0	14	33	36596	36615	0.94	26.9
Bacillus_GCA_003944805.1_spacer_32	virome_phage_2288	83.333	24	4	0	9	32	33330	33353	0.94	26.9
Bacillus_GCA_003944805.1_spacer_32	virome_phage_2239	86.364	22	3	0	11	32	24124	24145	0.94	26.9
Bacillus_GCA_003944805.1_spacer_32	total_phage_925	86.364	22	3	0	6	27	1849	1870	0.94	26.9
Bacillus_GCA_003944805.1_spacer_32	total_phage_794	90.000	20	2	0	15	34	26719	26738	0.94	26.9
Bacillus_GCA_003944805.1_spacer_32	total_phage_454	86.364	22	3	0	11	32	18150	18171	0.94	26.9
Bacillus_GCA_003944805.1_spacer_32	total_phage_360	73.529	34	9	0	1	34	29667	29700	0.94	26.9
Bacillus_GCA_003944805.1_spacer_33	virome_phage_7	84.000	25	4	0	2	26	37224	37200	0.31	28.5
Bacillus_GCA_003944805.1_spacer_33	total_phage_787	81.481	27	5	0	5	31	11846	11820	0.31	28.5
Bacillus_GCA_003944805.1_spacer_33	total_phage_479	84.000	25	4	0	2	26	2485	2461	0.31	28.5
Bacillus_GCA_003944805.1_spacer_33	total_phage_783	94.737	19	1	0	1	19	13228	13246	0.31	28.5
Bacillus_GCA_003944805.1_spacer_33	total_phage_445	81.481	27	5	0	5	31	11212	11238	0.31	28.5
Bacillus_GCA_003944805.1_spacer_33	total_phage_357	81.481	27	5	0	5	31	12007	12033	0.31	28.5
Bacillus_GCA_003944805.1_spacer_33	virome_phage_787	94.444	18	1	0	4	21	3944	3927	0.94	26.9
Bacillus_GCA_003944805.1_spacer_33	virome_phage_764	78.571	28	6	0	2	29	33969	33942	0.94	26.9
Bacillus_GCA_003944805.1_spacer_33	virome_phage_736	90.000	20	2	0	15	34	86053	86034	0.94	26.9
Bacillus_GCA_003944805.1_spacer_33	total_phage_694	76.667	30	7	0	2	31	14001	13972	0.94	26.9
Bacillus_GCA_003944805.1_spacer_33	virome_phage_864	94.444	18	1	0	7	24	23925	23942	0.94	26.9
Bacillus_GCA_003944805.1_spacer_33	virome_phage_739	90.000	20	2	0	2	21	117475	117494	0.94	26.9
Bacillus_GCA_003944805.1_spacer_33	total_phage_231	78.571	28	6	0	7	34	93132	93159	0.94	26.9
Bacillus_GCA_003944805.1_spacer_34	total_phage_188	84.615	26	4	0	3	28	4610	4635	0.13	30.1
Bacillus_GCA_003944805.1_spacer_34	virome_phage_2322	81.481	27	5	0	6	32	28145	28119	0.38	28.5
Bacillus_GCA_003944805.1_spacer_34	total_phage_445	79.310	29	6	0	7	35	8431	8403	0.38	28.5
Bacillus_GCA_003944805.1_spacer_35	virome_phage_1849	88.000	25	3	0	3	27	1834	1858	0.042	31.7
Bacillus_GCA_003944805.1_spacer_35	virome_phage_2275	87.500	24	3	0	4	27	51	28	0.13	30.1
Bacillus_GCA_003944805.1_spacer_35	virome_phage_2275	87.500	24	3	0	4	27	70283	70260	0.13	30.1
Bacillus_GCA_003944805.1_spacer_35	total_phage_244	82.143	28	5	0	6	33	14123	14096	0.13	30.1
Bacillus_GCA_003944805.1_spacer_35	total_phage_233	95.000	20	1	0	9	28	59329	59310	0.13	30.1
Bacillus_GCA_003944805.1_spacer_35	virome_phage_780	86.957	23	3	0	8	30	21925	21947	0.38	28.5
Bacillus_GCA_003944805.1_spacer_35	virome_phage_4	86.957	23	3	0	8	30	62683	62705	0.38	28.5
Bacillus_GCA_003944805.1_spacer_35	virome_phage_2424	77.419	31	7	0	2	32	14149	14179	0.38	28.5
Bacillus_GCA_003944805.1_spacer_35	virome_phage_239	77.419	31	7	0	2	32	12225	12255	0.38	28.5
Bacillus_GCA_003944805.1_spacer_35	virome_phage_2254	81.481	27	5	0	2	28	64726	64752	0.38	28.5
Bacillus_GCA_003944805.1_spacer_35	virome_phage_2238	81.481	27	5	0	2	28	46240	46266	0.38	28.5
Bacillus_GCA_003944805.1_spacer_35	virome_phage_10	79.310	29	6	0	4	32	15080	15108	0.38	28.5
Bacillus_GCA_003944805.1_spacer_35	total_phage_445	84.000	25	4	0	3	27	6537	6561	0.38	28.5
Bacillus_GCA_003944805.1_spacer_35	total_phage_363	86.957	23	3	0	3	25	26180	26202	0.38	28.5
Bacillus_GCA_003944805.1_spacer_35	virome_phage_734	79.310	29	6	0	1	29	290537	290509	0.38	28.5
Bacillus_GCA_003944805.1_spacer_35	virome_phage_25	77.419	31	7	0	4	34	36353	36323	0.38	28.5
Bacillus_GCA_003944805.1_spacer_35	virome_phage_2325	90.476	21	2	0	1	21	33239	33219	0.38	28.5
Bacillus_GCA_003944805.1_spacer_35	virome_phage_1	79.310	29	6	0	3	31	183205	183177	0.38	28.5
Bacillus_GCA_003944805.1_spacer_35	total_phage_730	79.310	29	6	0	4	32	23783	23755	0.38	28.5
Bacillus_GCA_003944805.1_spacer_35	total_phage_500	81.481	27	5	0	2	28	61717	61691	0.38	28.5
Bacillus_GCA_003944805.1_spacer_36	virome_phage_124	80.000	30	6	0	1	30	2315	2344	0.13	30.1
Bacillus_GCA_003944805.1_spacer_36	total_phage_303	80.000	30	6	0	1	30	12093	12122	0.13	30.1
Bacillus_GCA_003944805.1_spacer_36	total_phage_118	80.000	30	6	0	1	30	11945	11974	0.13	30.1
Bacillus_GCA_003944805.1_spacer_36	virome_phage_72	90.476	21	2	0	4	24	16816	16796	0.38	28.5
Bacillus_GCA_003944805.1_spacer_37	virome_phage_834	87.500	24	3	0	11	34	11790	11813	0.13	30.1
Bacillus_GCA_003944805.1_spacer_37	virome_phage_2913	94.737	19	1	0	3	21	7879	7861	0.38	28.5
Bacillus_GCA_003944805.1_spacer_38	virome_phage_820	90.909	22	2	0	1	22	30951	30930	0.10	30.1
Bacillus_GCA_003944805.1_spacer_38	total_phage_729	86.364	22	3	0	10	31	100929	100908	0.94	26.9
Bacillus_GCA_003944805.1_spacer_39	virome_phage_62	84.615	26	4	0	10	35	1157	1182	0.13	30.1
Bacillus_GCA_003944805.1_spacer_39	virome_phage_5	90.476	21	2	0	12	32	122006	122026	0.38	28.5
Bacillus_GCA_003944805.1_spacer_40	total_phage_927	77.419	31	7	0	2	32	33091	33121	0.38	28.5
Bacillus_GCA_003944805.1_spacer_40	total_phage_927	86.957	23	3	0	4	26	251859	251837	0.38	28.5
Bacillus_GCA_003944805.1_spacer_41	virome_phage_734	80.000	30	6	0	1	30	339726	339755	0.10	30.1
Bacillus_GCA_003944805.1_spacer_41	virome_phage_45	94.737	19	1	0	1	19	28309	28327	0.31	28.5
Bacillus_GCA_003944805.1_spacer_41	virome_phage_748	90.000	20	2	0	15	34	1124	1143	0.94	26.9
Bacillus_GCA_003944805.1_spacer_41	virome_phage_62	78.571	28	6	0	3	30	41857	41884	0.94	26.9
Bacillus_GCA_003944805.1_spacer_42	virome_phage_736	80.769	26	5	0	1	26	177669	177694	0.94	26.9
Bacillus_GCA_003944805.1_spacer_43	virome_phage_2288	83.333	24	4	0	1	24	33553	33530	0.76	26.9
Bacillus_GCA_003944805.1_spacer_44	virome_phage_795	75.000	32	8	0	3	34	31607	31638	0.94	26.9
Bacillus_GCA_003944805.1_spacer_44	total_phage_729	86.364	22	3	0	3	24	10998	11019	0.94	26.9
Bacillus_GCA_003944805.1_spacer_44	virome_phage_745	83.333	24	4	0	2	25	8594	8571	0.94	26.9
Bacillus_GCA_003944805.1_spacer_44	virome_phage_745	86.364	22	3	0	8	29	69300	69279	0.94	26.9
Bacillus_GCA_003944805.1_spacer_44	virome_phage_1	75.000	32	8	0	3	34	176503	176472	0.94	26.9
Bacillus_GCA_003944805.1_spacer_44	total_phage_232	86.364	22	3	0	1	22	76233	76212	0.94	26.9
Bacillus_GCA_003944805.1_spacer_46	virome_phage_41	90.476	21	2	0	13	33	21742	21722	0.31	28.5
Bacillus_GCA_003944805.1_spacer_47	virome_phage_798	85.714	28	4	0	1	28	18452	18479	0.012	33.3
Bacillus_GCA_003944805.1_spacer_47	total_phage_113	85.714	28	4	0	1	28	11870	11897	0.012	33.3
Bacillus_GCA_003944805.1_spacer_47	total_phage_113	86.364	22	3	0	7	28	10440	10461	0.94	26.9
Bacillus_GCA_003944805.1_spacer_47	virome_phage_738	77.419	31	7	0	4	34	116714	116684	0.31	28.5
Bacillus_GCA_003944805.1_spacer_47	virome_phage_4	77.419	31	7	0	4	34	125742	125772	0.31	28.5
Bacillus_GCA_003944805.1_spacer_47	virome_phage_2239	90.476	21	2	0	1	21	26490	26470	0.31	28.5
Bacillus_GCA_003944805.1_spacer_47	total_phage_501	90.476	21	2	0	1	21	1155	1175	0.31	28.5
Bacillus_GCA_003944805.1_spacer_47	total_phage_454	90.476	21	2	0	1	21	20516	20496	0.31	28.5
Bacillus_GCA_003944805.1_spacer_47	total_phage_232	84.000	25	4	0	4	28	21584	21560	0.31	28.5
Bacillus_GCA_003944805.1_spacer_47	virome_phage_743	80.769	26	5	0	1	26	13909	13884	0.94	26.9
Bacillus_GCA_003944805.1_spacer_47	virome_phage_742	94.444	18	1	0	11	28	40336	40353	0.94	26.9
Bacillus_GCA_003944805.1_spacer_47	virome_phage_1117	75.000	32	8	0	3	34	5208	5239	0.94	26.9
Bacillus_GCA_003944805.1_spacer_47	total_phage_738	78.571	28	6	0	1	28	23704	23677	0.94	26.9
Bacillus_GCA_003944805.1_spacer_47	total_phage_733	78.571	28	6	0	1	28	40201	40228	0.94	26.9
Bacillus_GCA_003944805.1_spacer_47	total_phage_725	80.769	26	5	0	2	27	5348	5373	0.94	26.9
Bacillus_GCA_003944805.1_spacer_47	total_phage_653	80.769	26	5	0	2	27	37122	37097	0.94	26.9
Bacillus_GCA_003944805.1_spacer_47	total_phage_3	90.000	20	2	0	8	27	31350	31369	0.94	26.9
Bacillus_GCA_003944805.1_spacer_47	total_phage_247	78.571	28	6	0	6	33	3649	3676	0.94	26.9
Bacillus_GCA_003944805.1_spacer_47	total_phage_189	86.364	22	3	0	4	25	31414	31393	0.94	26.9
Bacillus_GCA_003944805.1_spacer_47	total_phage_1	78.571	28	6	0	1	28	39896	39923	0.94	26.9
Bacillus_GCA_003944805.1_spacer_48	virome_phage_751	86.364	22	3	0	9	30	47875	47854	0.94	26.9
Bacillus_GCA_003944805.1_spacer_48	virome_phage_73	83.333	24	4	0	11	34	32727	32704	0.94	26.9
Bacillus_GCA_003944805.1_spacer_48	virome_phage_318	86.364	22	3	0	3	24	877	856	0.94	26.9
Bacillus_GCA_003944805.1_spacer_48	virome_phage_2407	86.364	22	3	0	3	24	8401	8380	0.94	26.9
Bacillus_GCA_003944805.1_spacer_48	total_phage_92	86.364	22	3	0	2	23	52420	52399	0.94	26.9
Bacillus_GCA_003944805.1_spacer_50	virome_phage_911	94.737	19	1	0	13	31	22929	22947	0.31	28.5
Bacillus_GCA_003944805.1_spacer_50	virome_phage_838	90.000	20	2	0	5	24	4798	4779	0.94	26.9
Bacillus_GCA_003944805.1_spacer_50	virome_phage_788	94.444	18	1	0	10	27	9237	9220	0.94	26.9
Bacillus_GCA_003944805.1_spacer_51	virome_phage_10	79.412	34	7	0	1	34	5171	5204	0.012	33.3
Bacillus_GCA_003944805.1_spacer_51	total_phage_730	79.412	34	7	0	1	34	34035	34002	0.012	33.3
Bacillus_GCA_003944805.1_spacer_51	virome_phage_734	77.419	31	7	0	3	33	78706	78736	0.31	28.5
Bacillus_GCA_003944805.1_spacer_51	total_phage_306	90.476	21	2	0	6	26	13440	13460	0.31	28.5
Bacillus_GCA_003944805.1_spacer_51	virome_phage_839	77.419	31	7	0	4	34	26710	26680	0.31	28.5
Bacillus_GCA_003944805.1_spacer_51	virome_phage_828	75.000	32	8	0	1	32	4213	4244	0.94	26.9
Bacillus_GCA_003944805.1_spacer_51	virome_phage_795	76.667	30	7	0	2	31	2265	2294	0.94	26.9
Bacillus_GCA_003944805.1_spacer_51	total_phage_798	83.333	24	4	0	1	24	876	899	0.94	26.9
Bacillus_GCA_003944805.1_spacer_51	total_phage_187	86.364	22	3	0	1	22	5780	5759	0.94	26.9
Bacillus_GCA_003944805.1_spacer_52	virome_phage_881	90.909	22	2	0	1	22	24870	24849	0.10	30.1
Bacillus_GCA_003944805.1_spacer_52	virome_phage_881	83.333	24	4	0	4	27	20435	20412	0.94	26.9
Bacillus_GCA_003944805.1_spacer_52	total_phage_727	90.909	22	2	0	2	23	6202	6181	0.10	30.1
Bacillus_GCA_003944805.1_spacer_52	total_phage_518	90.909	22	2	0	2	23	18412	18391	0.10	30.1
Bacillus_GCA_003944805.1_spacer_52	total_phage_636	84.615	26	4	0	7	32	38106	38131	0.10	30.1
Bacillus_GCA_003944805.1_spacer_52	total_phage_636	90.000	20	2	0	13	32	12101	12120	0.94	26.9
Bacillus_GCA_003944805.1_spacer_52	total_phage_787	79.310	29	6	0	2	30	19618	19590	0.31	28.5
Bacillus_GCA_003944805.1_spacer_52	total_phage_731	79.310	29	6	0	4	32	32439	32411	0.31	28.5
Bacillus_GCA_003944805.1_spacer_52	total_phage_445	84.000	25	4	0	1	25	36616	36592	0.31	28.5
Bacillus_GCA_003944805.1_spacer_52	total_phage_363	90.476	21	2	0	10	30	15200	15180	0.31	28.5
Bacillus_GCA_003944805.1_spacer_52	virome_phage_840	94.737	19	1	0	4	22	13557	13575	0.31	28.5
Bacillus_GCA_003944805.1_spacer_52	virome_phage_7	79.310	29	6	0	1	29	120833	120861	0.31	28.5
Bacillus_GCA_003944805.1_spacer_52	virome_phage_66	90.476	21	2	0	1	21	38287	38307	0.31	28.5
Bacillus_GCA_003944805.1_spacer_52	virome_phage_2353	100.000	17	0	0	1	17	12210	12226	0.31	28.5
Bacillus_GCA_003944805.1_spacer_52	virome_phage_2345	79.310	29	6	0	2	30	22715	22743	0.31	28.5
Bacillus_GCA_003944805.1_spacer_52	virome_phage_15	94.737	19	1	0	1	19	81015	81033	0.31	28.5
Bacillus_GCA_003944805.1_spacer_52	total_phage_357	79.310	29	6	0	2	30	4214	4242	0.31	28.5
Bacillus_GCA_003944805.1_spacer_52	total_phage_232	77.419	31	7	0	1	31	74007	74037	0.31	28.5
Bacillus_GCA_003944805.1_spacer_52	virome_phage_736	83.333	24	4	0	1	24	27267	27244	0.94	26.9
Bacillus_GCA_003944805.1_spacer_52	virome_phage_2342	86.364	22	3	0	3	24	24499	24478	0.94	26.9
Bacillus_GCA_003944805.1_spacer_52	total_phage_715	90.000	20	2	0	1	20	2658	2639	0.94	26.9
Bacillus_GCA_003944805.1_spacer_52	total_phage_696	86.364	22	3	0	3	24	17824	17803	0.94	26.9
Bacillus_GCA_003944805.1_spacer_52	total_phage_655	86.364	22	3	0	3	24	30259	30238	0.94	26.9
Bacillus_GCA_003944805.1_spacer_52	virome_phage_747	80.769	26	5	0	5	30	29932	29957	0.94	26.9
Bacillus_GCA_003944805.1_spacer_52	virome_phage_734	90.000	20	2	0	6	25	249170	249189	0.94	26.9
Bacillus_GCA_003944805.1_spacer_52	virome_phage_2324	90.000	20	2	0	2	21	33904	33923	0.94	26.9
Bacillus_GCA_003944805.1_spacer_52	virome_phage_2288	83.333	24	4	0	9	32	47750	47773	0.94	26.9
Bacillus_GCA_003944805.1_spacer_52	virome_phage_18	80.769	26	5	0	5	30	73671	73696	0.94	26.9
Bacillus_GCA_003944805.1_spacer_52	total_phage_304	90.000	20	2	0	1	20	31784	31803	0.94	26.9
Bacillus_GCA_003944805.1_spacer_53	virome_phage_814	86.364	22	3	0	9	30	2626	2647	0.94	26.9
Bacillus_GCA_003944805.1_spacer_53	total_phage_927	78.571	28	6	0	4	31	222386	222359	0.94	26.9
Bacillus_GCA_003944805.1_spacer_54	virome_phage_183	95.000	20	1	0	13	32	7727	7708	0.13	30.1
Bacillus_GCA_003944805.1_spacer_54	virome_phage_1033	95.000	20	1	0	13	32	7576	7557	0.13	30.1
Bacillus_GCA_003944805.1_spacer_54	virome_phage_993	94.737	19	1	0	13	31	8808	8826	0.38	28.5
Bacillus_GCA_003944805.1_spacer_54	virome_phage_181	94.737	19	1	0	13	31	7703	7685	0.38	28.5
Bacillus_GCA_003944805.1_spacer_54	total_phage_358	77.419	31	7	0	2	32	33347	33377	0.38	28.5
Bacillus_GCA_003944805.1_spacer_55	virome_phage_735	84.615	26	4	0	9	34	49759	49734	0.10	30.1
Bacillus_GCA_003944805.1_spacer_55	virome_phage_798	83.333	24	4	0	11	34	16255	16232	0.94	26.9
Bacillus_GCA_003944805.1_spacer_55	virome_phage_739	78.571	28	6	0	6	33	113200	113173	0.94	26.9
Bacillus_GCA_003944805.1_spacer_55	total_phage_113	83.333	24	4	0	11	34	50828	50805	0.94	26.9
Bacillus_GCA_003944805.1_spacer_56	virome_phage_866	78.125	32	7	0	2	33	21262	21231	0.10	30.1
Bacillus_GCA_003944805.1_spacer_56	virome_phage_787	94.444	18	1	0	16	33	35355	35372	0.94	26.9
Bacillus_GCA_003944805.1_spacer_56	virome_phage_2270	94.444	18	1	0	5	22	142154	142171	0.94	26.9
Bacillus_GCA_003944805.1_spacer_56	total_phage_791	86.364	22	3	0	9	30	60	39	0.94	26.9
Bacillus_GCA_003944805.1_spacer_56	total_phage_731	94.444	18	1	0	11	28	77281	77298	0.94	26.9
Bacillus_GCA_003944805.1_spacer_56	total_phage_361	86.364	22	3	0	9	30	39531	39552	0.94	26.9
Bacillus_GCA_003944805.1_spacer_56	total_phage_361	86.364	22	3	0	9	30	42963	42984	0.94	26.9
Bacillus_GCA_003944805.1_spacer_58	total_phage_360	80.000	35	7	0	1	35	25066	25032	0.005	34.9
Bacillus_GCA_003944805.1_spacer_58	total_phage_371	80.000	35	7	0	1	35	6096	6130	0.005	34.9
Bacillus_GCA_003944805.1_spacer_58	virome_phage_747	88.462	26	3	0	2	27	53644	53619	0.014	33.3
Bacillus_GCA_003944805.1_spacer_58	total_phage_797	77.143	35	8	0	1	35	19626	19592	0.042	31.7
Bacillus_GCA_003944805.1_spacer_58	virome_phage_2323	87.500	24	3	0	2	25	9542	9565	0.13	30.1
Bacillus_GCA_003944805.1_spacer_58	total_phage_122	78.125	32	7	0	1	32	13232	13263	0.13	30.1
Bacillus_GCA_003944805.1_spacer_58	virome_phage_778	84.000	25	4	0	3	27	43933	43909	0.38	28.5
Bacillus_GCA_003944805.1_spacer_58	virome_phage_275	100.000	17	0	0	4	20	6611	6595	0.38	28.5
Bacillus_GCA_003944805.1_spacer_58	virome_phage_2624	100.000	17	0	0	4	20	6677	6661	0.38	28.5
Bacillus_GCA_003944805.1_spacer_58	virome_phage_12	84.000	25	4	0	1	25	8805	8781	0.38	28.5
Bacillus_GCA_003944805.1_spacer_58	virome_phage_272	100.000	17	0	0	4	20	5027	5043	0.38	28.5
Bacillus_GCA_003944805.1_spacer_58	virome_phage_271	100.000	17	0	0	4	20	4991	5007	0.38	28.5
Bacillus_GCA_003944805.1_spacer_58	virome_phage_2411	84.000	25	4	0	1	25	10549	10573	0.38	28.5
Bacillus_GCA_003944805.1_spacer_58	virome_phage_176	84.000	25	4	0	1	25	10450	10474	0.38	28.5
Bacillus_GCA_003944805.1_spacer_58	total_phage_731	100.000	17	0	0	2	18	101259	101275	0.38	28.5
Bacillus_GCA_003944805.1_spacer_59	virome_phage_54	78.571	28	6	0	5	32	5202	5229	0.76	26.9
Bacillus_GCA_003944805.1_spacer_60	total_phage_605	90.476	21	2	0	5	25	18297	18277	0.31	28.5
Bacillus_GCA_003944805.1_spacer_60	total_phage_526	90.476	21	2	0	5	25	8102	8082	0.31	28.5
Bacillus_GCA_003944805.1_spacer_60	virome_phage_65	86.364	22	3	0	5	26	40073	40052	0.94	26.9
Bacillus_GCA_003944805.1_spacer_60	virome_phage_890	86.364	22	3	0	5	26	389	410	0.94	26.9
Bacillus_GCA_003944805.1_spacer_61	virome_phage_841	94.737	19	1	0	6	24	1472	1454	0.25	28.5
Bacillus_GCA_003944805.1_spacer_61	virome_phage_58	75.758	33	8	0	1	33	22964	22996	0.25	28.5
Bacillus_GCA_003944805.1_spacer_61	virome_phage_738	90.000	20	2	0	11	30	95491	95472	0.76	26.9
Bacillus_GCA_003944805.1_spacer_61	virome_phage_1	86.364	22	3	0	6	27	19776	19755	0.76	26.9
Bacillus_GCA_003944805.1_spacer_61	virome_phage_739	94.444	18	1	0	6	23	95864	95881	0.76	26.9
Bacillus_GCA_003944805.1_spacer_62	virome_phage_848	87.500	24	3	0	6	29	29961	29938	0.084	30.1
Bacillus_GCA_003944805.1_spacer_62	virome_phage_2254	87.500	24	3	0	8	31	32677	32654	0.084	30.1
Bacillus_GCA_003944805.1_spacer_62	virome_phage_2238	87.500	24	3	0	8	31	14192	14169	0.084	30.1
Bacillus_GCA_003944805.1_spacer_62	virome_phage_69	86.957	23	3	0	11	33	2670	2648	0.25	28.5
Bacillus_GCA_003944805.1_spacer_62	total_phage_3	94.737	19	1	0	7	25	26494	26476	0.25	28.5
Bacillus_GCA_003944805.1_spacer_62	virome_phage_842	94.737	19	1	0	7	25	10225	10243	0.25	28.5
Bacillus_GCA_003944805.1_spacer_62	virome_phage_1849	90.476	21	2	0	10	30	5035	5055	0.25	28.5
Bacillus_GCA_003944805.1_spacer_62	virome_phage_817	80.769	26	5	0	5	30	179	154	0.76	26.9
Bacillus_GCA_003944805.1_spacer_62	virome_phage_817	78.571	28	6	0	3	30	19287	19260	0.76	26.9
Bacillus_GCA_003944805.1_spacer_62	total_phage_413	90.000	20	2	0	12	31	118942	118923	0.76	26.9
Bacillus_GCA_003944805.1_spacer_62	virome_phage_899	86.364	22	3	0	11	32	24207	24228	0.76	26.9
Bacillus_GCA_003944805.1_spacer_62	virome_phage_127	94.444	18	1	0	10	27	24330	24347	0.76	26.9
Bacillus_GCA_003944805.1_spacer_62	total_phage_244	100.000	16	0	0	10	25	27776	27791	0.76	26.9
Bacillus_GCA_003944805.1_spacer_63	virome_phage_2275	90.909	22	2	0	12	33	38834	38855	0.10	30.1
Bacillus_GCA_003944805.1_spacer_63	virome_phage_748	94.737	19	1	0	14	32	62024	62042	0.31	28.5
Bacillus_GCA_003944805.1_spacer_63	virome_phage_899	80.769	26	5	0	4	29	6233	6258	0.94	26.9
Bacillus_GCA_003944805.1_spacer_64	total_phage_453	79.310	29	6	0	7	35	15494	15522	0.38	28.5
Bacillus_GCA_003944805.1_spacer_65	virome_phage_742	79.310	29	6	0	1	29	26422	26450	0.31	28.5
Bacillus_GCA_003944805.1_spacer_65	virome_phage_742	83.333	24	4	0	11	34	84251	84274	0.94	26.9
Bacillus_GCA_003944805.1_spacer_65	virome_phage_2254	75.758	33	8	0	2	34	108327	108359	0.31	28.5
Bacillus_GCA_003944805.1_spacer_65	total_phage_725	79.310	29	6	0	1	29	10815	10843	0.31	28.5
Bacillus_GCA_003944805.1_spacer_65	total_phage_92	77.419	31	7	0	2	32	150456	150426	0.31	28.5
Bacillus_GCA_003944805.1_spacer_65	total_phage_500	75.758	33	8	0	2	34	18104	18072	0.31	28.5
Bacillus_GCA_003944805.1_spacer_65	total_phage_479	90.000	20	2	0	13	32	14708	14727	0.94	26.9
Bacillus_GCA_003944805.1_spacer_65	total_phage_231	78.571	28	6	0	2	29	69350	69377	0.94	26.9
Bacillus_GCA_003944805.1_spacer_65	virome_phage_66	75.000	32	8	0	1	32	27337	27306	0.94	26.9
Bacillus_GCA_003944805.1_spacer_65	virome_phage_4	80.769	26	5	0	3	28	3381	3356	0.94	26.9
Bacillus_GCA_003944805.1_spacer_65	virome_phage_2357	90.000	20	2	0	15	34	870	851	0.94	26.9
Bacillus_GCA_003944805.1_spacer_65	virome_phage_14	80.769	26	5	0	3	28	6698	6673	0.94	26.9
Bacillus_GCA_003944805.1_spacer_65	total_phage_727	86.364	22	3	0	7	28	17532	17511	0.94	26.9
Bacillus_GCA_003944805.1_spacer_65	total_phage_518	86.364	22	3	0	7	28	29742	29721	0.94	26.9
Bacillus_GCA_003944805.1_spacer_66	total_phage_733	83.871	31	5	0	4	34	36256	36286	0.004	34.9
Bacillus_GCA_003944805.1_spacer_66	virome_phage_798	87.500	24	3	0	5	28	37788	37811	0.10	30.1
Bacillus_GCA_003944805.1_spacer_66	total_phage_113	87.500	24	3	0	5	28	31206	31229	0.10	30.1
Bacillus_GCA_003944805.1_spacer_66	virome_phage_738	84.615	26	4	0	1	26	107238	107213	0.10	30.1
Bacillus_GCA_003944805.1_spacer_66	virome_phage_2345	81.481	27	5	0	8	34	10678	10704	0.31	28.5
Bacillus_GCA_003944805.1_spacer_66	virome_phage_829	81.481	27	5	0	8	34	6107	6081	0.31	28.5
Bacillus_GCA_003944805.1_spacer_66	virome_phage_119	81.481	27	5	0	8	34	24360	24334	0.31	28.5
Bacillus_GCA_003944805.1_spacer_66	virome_phage_834	83.333	24	4	0	7	30	32754	32777	0.94	26.9
Bacillus_GCA_003944805.1_spacer_66	virome_phage_2380	80.769	26	5	0	9	34	16080	16105	0.94	26.9
Bacillus_GCA_003944805.1_spacer_66	virome_phage_2269	86.364	22	3	0	11	32	160536	160557	0.94	26.9
Bacillus_GCA_003944805.1_spacer_66	total_phage_734	90.000	20	2	0	12	31	12893	12912	0.94	26.9
Bacillus_GCA_003944805.1_spacer_66	virome_phage_2272	73.529	34	9	0	1	34	74466	74433	0.94	26.9
Bacillus_GCA_003944805.1_spacer_66	virome_phage_14	100.000	16	0	0	1	16	89864	89849	0.94	26.9
Bacillus_GCA_003944805.1_spacer_66	total_phage_524	86.364	22	3	0	7	28	38000	37979	0.94	26.9
Bacillus_GCA_003944805.1_spacer_67	virome_phage_2299	90.476	21	2	0	9	29	43933	43913	0.38	28.5
Bacillus_GCA_003944805.1_spacer_67	total_phage_926	75.758	33	8	0	1	33	26743	26711	0.38	28.5
Bacillus_GCA_003944805.1_spacer_68	total_phage_604	90.476	21	2	0	7	27	21335	21355	0.38	28.5
Bacillus_GCA_003944805.1_spacer_68	total_phage_525	90.476	21	2	0	7	27	10642	10662	0.38	28.5
Bacillus_GCA_003944805.1_spacer_68	total_phage_483	90.476	21	2	0	7	27	1825	1845	0.38	28.5
Bacillus_GCA_003944805.1_spacer_68	virome_phage_2239	90.476	21	2	0	7	27	27996	27976	0.38	28.5
Bacillus_GCA_003944805.1_spacer_68	total_phage_653	90.476	21	2	0	7	27	29629	29609	0.38	28.5
Bacillus_GCA_003944805.1_spacer_68	total_phage_454	90.476	21	2	0	7	27	22022	22002	0.38	28.5
Bacillus_GCA_003944805.1_spacer_69	virome_phage_745	86.957	23	3	0	12	34	20006	20028	0.31	28.5
Bacillus_GCA_003944805.1_spacer_69	total_phage_172	78.571	28	6	0	7	34	17167	17140	0.94	26.9
Bacillus_GCA_003944805.1_spacer_70	virome_phage_275	81.481	27	5	0	1	27	2410	2436	0.25	28.5
Bacillus_GCA_003944805.1_spacer_70	virome_phage_196	94.444	18	1	0	13	30	11637	11654	0.76	26.9
Bacillus_GCA_003944805.1_spacer_71	total_phage_925	94.444	18	1	0	12	29	14336	14353	0.94	26.9
Bacillus_GCA_003944805.1_spacer_73	total_phage_929	100.000	17	0	0	16	32	6719	6703	0.31	28.5
Bacillus_GCA_003944805.1_spacer_73	total_phage_925	94.444	18	1	0	15	32	14518	14501	0.94	26.9
Bacillus_GCA_003944805.1_spacer_77	virome_phage_779	90.476	21	2	0	1	21	33692	33712	0.31	28.5
Bacillus_GCA_003944805.1_spacer_77	virome_phage_2411	86.957	23	3	0	7	29	7797	7775	0.31	28.5
Bacillus_GCA_003944805.1_spacer_77	virome_phage_176	86.957	23	3	0	7	29	7698	7676	0.31	28.5
Bacillus_GCA_003944805.1_spacer_77	total_phage_791	86.364	22	3	0	9	30	13964	13943	0.94	26.9
Bacillus_GCA_003944805.1_spacer_77	total_phage_361	86.364	22	3	0	9	30	27765	27786	0.94	26.9
Bacillus_GCA_003944805.1_spacer_78	virome_phage_65	79.310	29	6	0	4	32	38732	38760	0.31	28.5
Bacillus_GCA_003944805.1_spacer_78	virome_phage_890	79.310	29	6	0	4	32	1730	1702	0.31	28.5
Bacillus_GCA_003944805.1_spacer_78	virome_phage_747	77.419	31	7	0	4	34	62697	62667	0.31	28.5
Bacillus_GCA_003944805.1_spacer_78	virome_phage_744	90.476	21	2	0	1	21	24928	24908	0.31	28.5
Bacillus_GCA_003944805.1_spacer_78	virome_phage_734	86.957	23	3	0	5	27	25892	25870	0.31	28.5
Bacillus_GCA_003944805.1_spacer_78	virome_phage_955	90.000	20	2	0	7	26	11787	11806	0.94	26.9
Bacillus_GCA_003944805.1_spacer_78	virome_phage_949	90.000	20	2	0	7	26	12199	12218	0.94	26.9
Bacillus_GCA_003944805.1_spacer_78	virome_phage_2388	90.000	20	2	0	7	26	12059	12078	0.94	26.9
Bacillus_GCA_003944805.1_spacer_78	virome_phage_776	75.000	32	8	0	1	32	30592	30561	0.94	26.9
Bacillus_GCA_003944805.1_spacer_78	virome_phage_3	86.364	22	3	0	6	27	95910	95889	0.94	26.9
Bacillus_GCA_003944805.1_spacer_79	virome_phage_48	91.304	23	2	0	10	32	33506	33528	0.028	31.7
Bacillus_GCA_003944805.1_spacer_79	virome_phage_9	90.476	21	2	0	1	21	88006	88026	0.25	28.5
Bacillus_GCA_003944805.1_spacer_79	virome_phage_844	86.364	22	3	0	12	33	10703	10682	0.76	26.9
Bacillus_GCA_003944805.1_spacer_79	virome_phage_37	94.444	18	1	0	4	21	31416	31433	0.76	26.9
Bacillus_GCA_003944805.1_spacer_79	total_phage_935	90.000	20	2	0	7	26	5536	5517	0.76	26.9
Bacillus_GCA_003944805.1_spacer_79	total_phage_807	90.000	20	2	0	7	26	17252	17233	0.76	26.9
Bacillus_GCA_003944805.1_spacer_79	total_phage_653	94.444	18	1	0	14	31	39255	39272	0.76	26.9
Bacillus_GCA_003944805.1_spacer_79	total_phage_605	78.571	28	6	0	6	33	24718	24691	0.76	26.9
Bacillus_GCA_003944805.1_spacer_79	total_phage_526	78.571	28	6	0	6	33	14523	14496	0.76	26.9
Bacillus_GCA_003944805.1_spacer_79	total_phage_239	86.364	22	3	0	12	33	503	482	0.76	26.9
Bacillus_GCA_003944805.1_spacer_80	total_phage_445	84.000	25	4	0	1	25	35284	35260	0.31	28.5
Bacillus_GCA_003944805.1_spacer_80	total_phage_306	79.310	29	6	0	4	32	4484	4512	0.31	28.5
Bacillus_GCA_003944805.1_spacer_80	virome_phage_858	90.000	20	2	0	3	22	1569	1550	0.94	26.9
Bacillus_GCA_003944805.1_spacer_80	virome_phage_9	80.769	26	5	0	9	34	91249	91274	0.94	26.9
Bacillus_GCA_003944805.1_spacer_80	virome_phage_735	100.000	16	0	0	18	33	164619	164634	0.94	26.9
Bacillus_GCA_003944805.1_spacer_80	virome_phage_2297	90.000	20	2	0	3	22	11447	11466	0.94	26.9
Bacillus_GCA_003944805.1_spacer_80	virome_phage_2294	76.667	30	7	0	1	30	35998	36027	0.94	26.9
Bacillus_GCA_003944805.1_spacer_80	virome_phage_12	78.571	28	6	0	4	31	14845	14872	0.94	26.9
Bacillus_GCA_003944805.1_spacer_81	total_phage_247	82.143	28	5	0	2	29	13806	13779	0.10	30.1
Bacillus_GCA_003944805.1_spacer_81	virome_phage_778	77.419	31	7	0	4	34	21308	21338	0.31	28.5
Bacillus_GCA_003944805.1_spacer_81	virome_phage_825	86.364	22	3	0	7	28	33929	33950	0.94	26.9
Bacillus_GCA_003944805.1_spacer_81	virome_phage_771	76.667	30	7	0	2	31	27726	27755	0.94	26.9
Bacillus_GCA_003944805.1_spacer_81	virome_phage_115	76.667	30	7	0	2	31	11430	11459	0.94	26.9
Bacillus_GCA_003944805.1_spacer_81	total_phage_293	80.769	26	5	0	9	34	591	616	0.94	26.9
Bacillus_GCA_003944805.1_spacer_81	total_phage_117	80.769	26	5	0	9	34	686	711	0.94	26.9
Bacillus_GCA_003944805.1_spacer_82	virome_phage_748	81.481	27	5	0	4	30	7974	8000	0.31	28.5
Bacillus_GCA_003944805.1_spacer_82	virome_phage_26	90.476	21	2	0	13	33	31138	31158	0.31	28.5
Bacillus_GCA_003944805.1_spacer_82	virome_phage_913	84.000	25	4	0	2	26	19280	19256	0.31	28.5
Bacillus_GCA_003944805.1_spacer_82	virome_phage_913	94.444	18	1	0	16	33	15268	15251	0.94	26.9
Bacillus_GCA_003944805.1_spacer_82	virome_phage_2342	83.333	24	4	0	11	34	18602	18625	0.94	26.9
Bacillus_GCA_003944805.1_spacer_82	total_phage_106	80.769	26	5	0	9	34	1326	1351	0.94	26.9
Bacillus_GCA_003944805.1_spacer_82	virome_phage_949	76.667	30	7	0	2	31	17578	17549	0.94	26.9
Bacillus_GCA_003944805.1_spacer_82	virome_phage_751	90.000	20	2	0	13	32	9581	9562	0.94	26.9
Bacillus_GCA_003944805.1_spacer_82	virome_phage_318	78.571	28	6	0	3	30	9337	9310	0.94	26.9
Bacillus_GCA_003944805.1_spacer_82	virome_phage_2407	78.571	28	6	0	3	30	16858	16831	0.94	26.9
Bacillus_GCA_003944805.1_spacer_82	total_phage_794	90.000	20	2	0	11	30	22399	22380	0.94	26.9
Bacillus_GCA_003944805.1_spacer_82	total_phage_794	80.769	26	5	0	3	28	29491	29466	0.94	26.9
Bacillus_GCA_003944805.1_spacer_82	total_phage_745	86.364	22	3	0	9	30	8275	8254	0.94	26.9
Bacillus_GCA_003944805.1_spacer_82	total_phage_296	86.364	22	3	0	9	30	10234	10213	0.94	26.9
Bacillus_GCA_003944805.1_spacer_83	virome_phage_15	90.000	20	2	0	1	20	19781	19762	0.76	26.9
Bacillus_GCA_003944805.1_spacer_84	virome_phage_745	91.304	23	2	0	8	30	75210	75188	0.028	31.7
Bacillus_GCA_003944805.1_spacer_84	virome_phage_734	84.000	25	4	0	3	27	229021	228997	0.25	28.5
Bacillus_GCA_003944805.1_spacer_84	virome_phage_734	94.444	18	1	0	8	25	159714	159697	0.76	26.9
Bacillus_GCA_003944805.1_spacer_84	virome_phage_91	86.364	22	3	0	9	30	12524	12503	0.76	26.9
Bacillus_GCA_003944805.1_spacer_84	virome_phage_856	83.333	24	4	0	6	29	20359	20382	0.76	26.9
Bacillus_GCA_003944805.1_spacer_84	virome_phage_842	83.333	24	4	0	2	25	28319	28342	0.76	26.9
Bacillus_GCA_003944805.1_spacer_84	virome_phage_816	83.333	24	4	0	1	24	2366	2343	0.76	26.9
Bacillus_GCA_003944805.1_spacer_84	virome_phage_742	76.667	30	7	0	1	30	77621	77650	0.76	26.9
Bacillus_GCA_003944805.1_spacer_84	virome_phage_37	86.364	22	3	0	10	31	5908	5887	0.76	26.9
Bacillus_GCA_003944805.1_spacer_84	virome_phage_36	80.769	26	5	0	1	26	12382	12357	0.76	26.9
Bacillus_GCA_003944805.1_spacer_84	virome_phage_3	86.364	22	3	0	5	26	143884	143905	0.76	26.9
Bacillus_GCA_003944805.1_spacer_84	virome_phage_21	86.364	22	3	0	9	30	28827	28848	0.76	26.9
Bacillus_GCA_003944805.1_spacer_84	total_phage_799	86.364	22	3	0	9	30	29154	29133	0.76	26.9
Bacillus_GCA_003944805.1_spacer_84	total_phage_786	94.444	18	1	0	1	18	35053	35036	0.76	26.9
Bacillus_GCA_003944805.1_spacer_84	total_phage_368	86.364	22	3	0	9	30	35689	35710	0.76	26.9
Bacillus_GCA_003944805.1_spacer_85	virome_phage_280	90.476	21	2	0	2	22	6937	6957	0.31	28.5
Bacillus_GCA_003944805.1_spacer_85	virome_phage_2496	90.476	21	2	0	2	22	7049	7069	0.31	28.5
Bacillus_GCA_003944805.1_spacer_85	virome_phage_2263	90.476	21	2	0	2	22	6831	6851	0.31	28.5
Bacillus_GCA_003944805.1_spacer_85	virome_phage_1446	86.364	22	3	0	1	22	3461	3440	0.94	26.9
Bacillus_GCA_003944805.1_spacer_85	total_phage_611	90.000	20	2	0	2	21	7005	7024	0.94	26.9
Bacillus_GCA_003944805.1_spacer_85	total_phage_307	78.571	28	6	0	2	29	13318	13291	0.94	26.9
Bacillus_GCA_003944805.1_spacer_86	virome_phage_862	80.769	26	5	0	1	26	19749	19774	0.94	26.9
Bacillus_GCA_003944805.1_spacer_86	virome_phage_798	75.000	32	8	0	1	32	15708	15739	0.94	26.9
Bacillus_GCA_003944805.1_spacer_86	virome_phage_740	90.000	20	2	0	9	28	108228	108247	0.94	26.9
Bacillus_GCA_003944805.1_spacer_86	virome_phage_27	90.000	20	2	0	13	32	4844	4863	0.94	26.9
Bacillus_GCA_003944805.1_spacer_86	virome_phage_196	80.769	26	5	0	1	26	10062	10037	0.94	26.9
Bacillus_GCA_003944805.1_spacer_86	virome_phage_1	73.529	34	9	0	1	34	167784	167751	0.94	26.9
Bacillus_GCA_003944805.1_spacer_86	total_phage_795	75.000	32	8	0	1	32	5839	5870	0.94	26.9
Bacillus_GCA_003944805.1_spacer_86	total_phage_638	76.667	30	7	0	2	31	19955	19926	0.94	26.9
Bacillus_GCA_003944805.1_spacer_86	total_phage_113	75.000	32	8	0	1	32	50281	50312	0.94	26.9
Bacillus_GCA_003944805.1_spacer_87	virome_phage_745	86.957	23	3	0	4	26	72627	72649	0.31	28.5
Bacillus_GCA_003944805.1_spacer_87	virome_phage_2269	84.000	25	4	0	3	27	217947	217923	0.31	28.5
Bacillus_GCA_003944805.1_spacer_87	virome_phage_734	83.333	24	4	0	5	28	17769	17792	0.94	26.9
Bacillus_GCA_003944805.1_spacer_87	virome_phage_17	86.364	22	3	0	2	23	62516	62537	0.94	26.9
Bacillus_GCA_003944805.1_spacer_87	total_phage_294	76.667	30	7	0	5	34	42730	42759	0.94	26.9
Bacillus_GCA_003944805.1_spacer_88	virome_phage_885	83.333	24	4	0	2	25	9953	9930	0.94	26.9
Bacillus_GCA_003944805.1_spacer_90	virome_phage_63	90.476	21	2	0	5	25	31516	31536	0.31	28.5
Bacillus_GCA_003944805.1_spacer_90	total_phage_927	94.444	18	1	0	2	19	95188	95171	0.94	26.9
Bacillus_GCA_003944805.1_spacer_91	virome_phage_32	75.758	33	8	0	1	33	36769	36801	0.25	28.5
Bacillus_GCA_003944805.1_spacer_91	virome_phage_66	83.333	24	4	0	8	31	24520	24497	0.76	26.9
Bacillus_GCA_003944805.1_spacer_91	virome_phage_142	83.333	24	4	0	6	29	7066	7043	0.76	26.9
Bacillus_GCA_003944805.1_spacer_91	total_phage_244	94.444	18	1	0	4	21	11570	11553	0.76	26.9
Bacillus_GCA_003944805.1_spacer_91	virome_phage_734	94.444	18	1	0	16	33	10104	10121	0.76	26.9
Bacillus_GCA_003944805.1_spacer_92	virome_phage_898	90.000	20	2	0	13	32	3067	3086	0.76	26.9
Bacillus_GCA_003944805.1_spacer_92	virome_phage_2345	76.667	30	7	0	4	33	4915	4944	0.76	26.9
Bacillus_GCA_003944805.1_spacer_92	virome_phage_2254	75.000	32	8	0	2	33	62100	62131	0.76	26.9
Bacillus_GCA_003944805.1_spacer_92	total_phage_795	90.000	20	2	0	13	32	36980	36999	0.76	26.9
Bacillus_GCA_003944805.1_spacer_92	total_phage_451	94.444	18	1	0	16	33	4157	4174	0.76	26.9
Bacillus_GCA_003944805.1_spacer_92	virome_phage_876	76.667	30	7	0	4	33	18829	18800	0.76	26.9
Bacillus_GCA_003944805.1_spacer_92	virome_phage_829	76.667	30	7	0	4	33	11870	11841	0.76	26.9
Bacillus_GCA_003944805.1_spacer_92	virome_phage_734	86.364	22	3	0	4	25	259635	259614	0.76	26.9
Bacillus_GCA_003944805.1_spacer_92	total_phage_727	78.571	28	6	0	2	29	12888	12861	0.76	26.9
Bacillus_GCA_003944805.1_spacer_92	total_phage_518	78.571	28	6	0	2	29	25098	25071	0.76	26.9
Bacillus_GCA_003944805.1_spacer_93	virome_phage_3	77.419	31	7	0	4	34	127793	127763	0.31	28.5
Bacillus_GCA_003944805.1_spacer_93	virome_phage_1849	83.333	24	4	0	6	29	2927	2950	0.94	26.9
Bacillus_GCA_003944805.1_spacer_94	virome_phage_4	82.143	28	5	0	4	31	22180	22207	0.10	30.1
Bacillus_GCA_003944805.1_spacer_94	virome_phage_9	86.364	22	3	0	12	33	92551	92572	0.94	26.9
Bacillus_GCA_003944805.1_spacer_94	virome_phage_764	86.364	22	3	0	8	29	45448	45469	0.94	26.9
Bacillus_GCA_003944805.1_spacer_94	virome_phage_153	90.000	20	2	0	11	30	490	509	0.94	26.9
Bacillus_GCA_003944805.1_spacer_95	virome_phage_908	84.000	25	4	0	4	28	8719	8743	0.31	28.5
Bacillus_GCA_003944805.1_spacer_95	virome_phage_16	84.000	25	4	0	1	25	52071	52095	0.31	28.5
Bacillus_GCA_003944805.1_spacer_95	total_phage_926	83.333	24	4	0	1	24	21477	21454	0.94	26.9
Bacillus_GCA_003944805.1_spacer_96	virome_phage_36	90.476	21	2	0	4	24	7095	7075	0.31	28.5
Bacillus_GCA_003944805.1_spacer_96	virome_phage_9	94.737	19	1	0	8	26	5713	5731	0.31	28.5
Bacillus_GCA_003944805.1_spacer_96	virome_phage_2343	84.000	25	4	0	6	30	12590	12614	0.31	28.5
Bacillus_GCA_003944805.1_spacer_96	virome_phage_2269	79.310	29	6	0	2	30	82721	82749	0.31	28.5
Bacillus_GCA_003944805.1_spacer_96	virome_phage_850	80.769	26	5	0	9	34	11438	11413	0.94	26.9
Bacillus_GCA_003944805.1_spacer_96	virome_phage_841	90.000	20	2	0	9	28	28327	28308	0.94	26.9
Bacillus_GCA_003944805.1_spacer_96	virome_phage_740	94.444	18	1	0	17	34	59549	59532	0.94	26.9
Bacillus_GCA_003944805.1_spacer_96	virome_phage_2278	83.333	24	4	0	11	34	28073	28050	0.94	26.9
Bacillus_GCA_003944805.1_spacer_97	virome_phage_88	79.310	29	6	0	6	34	16995	16967	0.31	28.5
Bacillus_GCA_003944805.1_spacer_97	virome_phage_800	79.310	29	6	0	6	34	16072	16044	0.31	28.5
Bacillus_GCA_003944805.1_spacer_97	virome_phage_34	81.481	27	5	0	3	29	1078	1052	0.31	28.5
Bacillus_GCA_003944805.1_spacer_97	virome_phage_39	86.957	23	3	0	6	28	47195	47217	0.31	28.5
Bacillus_GCA_003944805.1_spacer_97	virome_phage_742	90.000	20	2	0	14	33	44644	44625	0.94	26.9
Bacillus_GCA_003944805.1_spacer_97	virome_phage_2398	86.364	22	3	0	4	25	16702	16681	0.94	26.9
Bacillus_GCA_003944805.1_spacer_97	virome_phage_2353	80.769	26	5	0	9	34	18786	18761	0.94	26.9
Bacillus_GCA_003944805.1_spacer_97	virome_phage_2301	83.333	24	4	0	3	26	20906	20883	0.94	26.9
Bacillus_GCA_003944805.1_spacer_97	virome_phage_2285	86.364	22	3	0	8	29	54813	54792	0.94	26.9
Bacillus_GCA_003944805.1_spacer_97	virome_phage_1154	86.364	22	3	0	4	25	10206	10185	0.94	26.9
Bacillus_GCA_003944805.1_spacer_97	total_phage_935	90.000	20	2	0	15	34	8067	8048	0.94	26.9
Bacillus_GCA_003944805.1_spacer_97	virome_phage_745	94.444	18	1	0	9	26	11217	11234	0.94	26.9
Bacillus_GCA_003944805.1_spacer_97	virome_phage_16	78.571	28	6	0	7	34	70656	70683	0.94	26.9
Bacillus_GCA_003944805.1_spacer_97	total_phage_739	80.769	26	5	0	9	34	639	664	0.94	26.9
Bacillus_GCA_003944805.1_spacer_97	total_phage_364	90.000	20	2	0	15	34	8928	8947	0.94	26.9
Bacillus_GCA_003944805.1_spacer_97	total_phage_362	90.000	20	2	0	15	34	29369	29388	0.94	26.9
Bacillus_GCA_003944805.1_spacer_97	total_phage_293	78.571	28	6	0	6	33	39251	39278	0.94	26.9
Bacillus_GCA_003944805.1_spacer_98	virome_phage_41	90.476	21	2	0	8	28	10554	10574	0.31	28.5
Bacillus_GCA_003944805.1_spacer_98	virome_phage_2402	86.364	22	3	0	1	22	3967	3946	0.94	26.9
Bacillus_GCA_003944805.1_spacer_98	virome_phage_2290	94.444	18	1	0	9	26	46771	46754	0.94	26.9
Bacillus_GCA_003944805.1_spacer_98	total_phage_790	94.444	18	1	0	6	23	91814	91797	0.94	26.9
Bacillus_GCA_003944805.1_spacer_99	total_phage_799	81.250	32	6	0	1	32	16991	16960	0.009	33.3
Bacillus_GCA_003944805.1_spacer_99	virome_phage_2288	90.476	21	2	0	1	21	48759	48739	0.25	28.5
Bacillus_GCA_003944805.1_spacer_99	virome_phage_858	90.000	20	2	0	1	20	13595	13576	0.76	26.9
Bacillus_GCA_003944805.1_spacer_99	virome_phage_739	83.333	24	4	0	4	27	52334	52357	0.76	26.9
Bacillus_GCA_003944805.1_spacer_99	virome_phage_2297	90.000	20	2	0	1	20	708	727	0.76	26.9
Bacillus_GCA_003944805.1_spacer_99	total_phage_731	80.769	26	5	0	1	26	31094	31069	0.76	26.9
Bacillus_GCA_003944805.1_spacer_99	total_phage_437	100.000	16	0	0	9	24	23132	23147	0.76	26.9
Bacillus_GCA_003944805.1_spacer_99	total_phage_417	90.000	20	2	0	1	20	24808	24827	0.76	26.9
Bacillus_GCA_003944805.1_spacer_99	total_phage_114	83.333	24	4	0	3	26	1693	1716	0.76	26.9
Bacillus_GCA_003944805.1_spacer_100	virome_phage_2275	85.714	28	4	0	7	34	7213	7240	0.012	33.3
Bacillus_GCA_003944805.1_spacer_100	virome_phage_745	95.000	20	1	0	15	34	67074	67055	0.10	30.1
Bacillus_GCA_003944805.1_spacer_100	virome_phage_744	82.143	28	5	0	1	28	45022	45049	0.10	30.1
Bacillus_GCA_003944805.1_spacer_100	virome_phage_734	86.957	23	3	0	7	29	125035	125013	0.31	28.5
Bacillus_GCA_003944805.1_spacer_100	virome_phage_36	75.758	33	8	0	2	34	43421	43389	0.31	28.5
Bacillus_GCA_003944805.1_spacer_100	total_phage_799	75.758	33	8	0	1	33	20571	20603	0.31	28.5
Bacillus_GCA_003944805.1_spacer_100	virome_phage_33	78.571	28	6	0	5	32	38921	38894	0.94	26.9
Bacillus_GCA_003944805.1_spacer_100	virome_phage_33	90.000	20	2	0	3	22	46361	46380	0.94	26.9
Bacillus_GCA_003944805.1_spacer_100	total_phage_479	76.667	30	7	0	4	33	7436	7407	0.94	26.9
Bacillus_GCA_003944805.1_spacer_100	virome_phage_911	86.364	22	3	0	3	24	4622	4643	0.94	26.9
Bacillus_GCA_003944805.1_spacer_100	virome_phage_857	94.444	18	1	0	10	27	10430	10447	0.94	26.9
Bacillus_GCA_003944805.1_spacer_100	virome_phage_791	80.769	26	5	0	1	26	5004	5029	0.94	26.9
Bacillus_GCA_003944805.1_spacer_100	virome_phage_785	90.000	20	2	0	2	21	18358	18377	0.94	26.9
Bacillus_GCA_003944805.1_spacer_100	virome_phage_2343	90.000	20	2	0	3	22	7900	7919	0.94	26.9
Bacillus_GCA_003944805.1_spacer_100	virome_phage_2335	90.000	20	2	0	2	21	10636	10655	0.94	26.9
Bacillus_GCA_003944805.1_spacer_102	virome_phage_33	80.000	30	6	0	3	32	4406	4435	0.13	30.1
Bacillus_GCA_003944805.1_spacer_102	virome_phage_816	100.000	17	0	0	14	30	16372	16356	0.38	28.5
Bacillus_GCA_003944805.1_spacer_102	total_phage_524	86.957	23	3	0	12	34	26347	26369	0.38	28.5
Bacillus_GCA_003944805.1_spacer_103	virome_phage_808	86.364	22	3	0	2	23	20668	20647	0.94	26.9
Bacillus_GCA_003944805.1_spacer_104	total_phage_926	86.364	22	3	0	11	32	38309	38288	0.94	26.9
Bacillus_GCA_003944805.1_spacer_106	virome_phage_15	82.143	28	5	0	4	31	2554	2581	0.10	30.1
Bacillus_GCA_003944805.1_spacer_106	virome_phage_802	100.000	16	0	0	5	20	34757	34742	0.94	26.9
Bacillus_GCA_003944805.1_spacer_106	virome_phage_795	80.769	26	5	0	9	34	37753	37728	0.94	26.9
Bacillus_GCA_003944805.1_spacer_106	virome_phage_2269	100.000	16	0	0	3	18	20564	20549	0.94	26.9
Bacillus_GCA_003944805.1_spacer_107	virome_phage_101	86.957	23	3	0	3	25	22037	22059	0.31	28.5
Bacillus_GCA_003944805.1_spacer_107	virome_phage_118	84.000	25	4	0	6	30	20376	20352	0.31	28.5
Bacillus_GCA_003944805.1_spacer_107	virome_phage_2343	76.667	30	7	0	4	33	6852	6881	0.94	26.9
Bacillus_GCA_003944805.1_spacer_107	virome_phage_172	90.000	20	2	0	1	20	7299	7318	0.94	26.9
Bacillus_GCA_003944805.1_spacer_107	total_phage_497	80.769	26	5	0	7	32	10270	10295	0.94	26.9
Bacillus_GCA_003944805.1_spacer_107	total_phage_478	80.769	26	5	0	7	32	5595	5620	0.94	26.9
Bacillus_GCA_003944805.1_spacer_107	virome_phage_766	86.364	22	3	0	1	22	40784	40763	0.94	26.9
Bacillus_GCA_003944805.1_spacer_107	virome_phage_2914	80.769	26	5	0	3	28	20808	20783	0.94	26.9
Bacillus_GCA_003944805.1_spacer_107	total_phage_246	80.769	26	5	0	3	28	11943	11918	0.94	26.9
Bacillus_GCA_003944805.1_spacer_108	virome_phage_45	80.000	30	6	0	1	30	6076	6105	0.10	30.1
Bacillus_GCA_003944805.1_spacer_108	virome_phage_2269	81.481	27	5	0	8	34	223055	223029	0.31	28.5
Bacillus_GCA_003944805.1_spacer_108	virome_phage_860	83.333	24	4	0	11	34	22827	22850	0.94	26.9
Bacillus_GCA_003944805.1_spacer_108	total_phage_105	90.000	20	2	0	9	28	13843	13862	0.94	26.9
Bacillus_GCA_003944805.1_spacer_110	virome_phage_26	100.000	20	0	0	10	29	11281	11300	0.012	33.3
Bacillus_GCA_003944805.1_spacer_110	virome_phage_823	86.957	23	3	0	10	32	25972	25994	0.31	28.5
Bacillus_GCA_003944805.1_spacer_110	virome_phage_823	86.364	22	3	0	7	28	23832	23853	0.94	26.9
Bacillus_GCA_003944805.1_spacer_110	total_phage_796	94.737	19	1	0	5	23	26801	26819	0.31	28.5
Bacillus_GCA_003944805.1_spacer_110	virome_phage_88	94.737	19	1	0	5	23	28959	28941	0.31	28.5
Bacillus_GCA_003944805.1_spacer_110	virome_phage_800	94.737	19	1	0	5	23	28036	28018	0.31	28.5
Bacillus_GCA_003944805.1_spacer_110	virome_phage_2360	94.737	19	1	0	5	23	11272	11254	0.31	28.5
Bacillus_GCA_003944805.1_spacer_110	virome_phage_50	94.444	18	1	0	15	32	45615	45632	0.94	26.9
Bacillus_GCA_003944805.1_spacer_110	virome_phage_2280	78.571	28	6	0	1	28	53387	53414	0.94	26.9
Bacillus_GCA_003944805.1_spacer_110	virome_phage_2239	94.444	18	1	0	7	24	27422	27439	0.94	26.9
Bacillus_GCA_003944805.1_spacer_110	virome_phage_145	80.769	26	5	0	9	34	2774	2799	0.94	26.9
Bacillus_GCA_003944805.1_spacer_110	total_phage_454	94.444	18	1	0	7	24	21448	21465	0.94	26.9
Bacillus_GCA_003944805.1_spacer_110	virome_phage_2368	80.769	26	5	0	9	34	18594	18569	0.94	26.9
Bacillus_GCA_003944805.1_spacer_110	total_phage_926	86.364	22	3	0	7	28	36258	36237	0.94	26.9
Bacillus_GCA_003944805.1_spacer_110	total_phage_798	94.444	18	1	0	9	26	30399	30382	0.94	26.9
Bacillus_GCA_003944805.1_spacer_110	total_phage_501	94.444	18	1	0	7	24	223	206	0.94	26.9
Bacillus_GCA_003944805.1_spacer_111	virome_phage_5	90.000	20	2	0	5	24	138637	138618	0.94	26.9
Bacillus_GCA_003944805.1_spacer_111	virome_phage_1061	90.000	20	2	0	6	25	4789	4770	0.94	26.9
Bacillus_GCA_003944805.1_spacer_111	virome_phage_158	90.000	20	2	0	6	25	14417	14436	0.94	26.9
Bacillus_GCA_003944805.1_spacer_112	total_phage_232	86.957	23	3	0	9	31	65064	65042	0.31	28.5
Bacillus_GCA_003944805.1_spacer_112	virome_phage_77	86.364	22	3	0	2	23	24574	24553	0.94	26.9
Bacillus_GCA_003944805.1_spacer_112	virome_phage_2272	90.000	20	2	0	9	28	8688	8669	0.94	26.9
Bacillus_GCA_003944805.1_spacer_112	virome_phage_14	86.364	22	3	0	10	31	25262	25241	0.94	26.9
Bacillus_GCA_003944805.1_spacer_112	total_phage_98	80.769	26	5	0	4	29	21449	21474	0.94	26.9
Bacillus_GCA_003944805.1_spacer_113	virome_phage_748	78.788	33	7	0	1	33	3385	3417	0.035	31.7
Bacillus_GCA_003944805.1_spacer_113	virome_phage_98	81.481	27	5	0	2	28	586	612	0.31	28.5
Bacillus_GCA_003944805.1_spacer_113	total_phage_804	94.737	19	1	0	13	31	11173	11155	0.31	28.5
Bacillus_GCA_003944805.1_spacer_113	virome_phage_899	83.333	24	4	0	11	34	14172	14149	0.94	26.9
Bacillus_GCA_003944805.1_spacer_113	virome_phage_885	86.364	22	3	0	4	25	8864	8843	0.94	26.9
Bacillus_GCA_003944805.1_spacer_113	virome_phage_816	80.769	26	5	0	1	26	15549	15574	0.94	26.9
Bacillus_GCA_003944805.1_spacer_113	virome_phage_39	94.444	18	1	0	5	22	161	178	0.94	26.9
Bacillus_GCA_003944805.1_spacer_113	virome_phage_1286	75.000	32	8	0	3	34	8228	8197	0.94	26.9
Bacillus_GCA_003944805.1_spacer_113	total_phage_92	94.444	18	1	0	15	32	12219	12202	0.94	26.9
Bacillus_GCA_003944805.1_spacer_113	total_phage_798	78.571	28	6	0	3	30	22310	22283	0.94	26.9
Bacillus_GCA_003944805.1_spacer_113	total_phage_798	90.000	20	2	0	10	29	24223	24204	0.94	26.9
Bacillus_GCA_003944805.1_spacer_113	total_phage_738	90.000	20	2	0	10	29	25010	24991	0.94	26.9
Bacillus_GCA_003944805.1_spacer_113	total_phage_231	86.364	22	3	0	9	30	33109	33130	0.94	26.9
Bacillus_GCA_003944805.1_spacer_113	total_phage_121	90.000	20	2	0	10	29	12475	12494	0.94	26.9
Bacillus_GCA_003944805.1_spacer_113	total_phage_114	90.000	20	2	0	10	29	9359	9378	0.94	26.9
Bacillus_GCA_003944805.1_spacer_114	virome_phage_807	90.476	21	2	0	10	30	11612	11592	0.31	28.5
Bacillus_GCA_003944805.1_spacer_114	total_phage_797	90.476	21	2	0	10	30	29786	29766	0.31	28.5
Bacillus_GCA_003944805.1_spacer_114	total_phage_520	79.310	29	6	0	2	30	9315	9287	0.31	28.5
Bacillus_GCA_003944805.1_spacer_114	virome_phage_2319	90.476	21	2	0	4	24	20531	20551	0.31	28.5
Bacillus_GCA_003944805.1_spacer_114	total_phage_696	79.310	29	6	0	2	30	11354	11382	0.31	28.5
Bacillus_GCA_003944805.1_spacer_114	total_phage_655	79.310	29	6	0	2	30	23789	23817	0.31	28.5
Bacillus_GCA_003944805.1_spacer_114	total_phage_600	79.310	29	6	0	2	30	16119	16147	0.31	28.5
Bacillus_GCA_003944805.1_spacer_114	virome_phage_2272	86.364	22	3	0	8	29	54871	54850	0.94	26.9
Bacillus_GCA_003944805.1_spacer_114	total_phage_731	86.364	22	3	0	5	26	63354	63333	0.94	26.9
Bacillus_GCA_003944805.1_spacer_114	virome_phage_767	80.769	26	5	0	9	34	45772	45797	0.94	26.9
Bacillus_GCA_003944805.1_spacer_116	virome_phage_2599	84.000	25	4	0	10	34	2226	2250	0.31	28.5
Bacillus_GCA_003944805.1_spacer_116	virome_phage_868	83.333	24	4	0	11	34	367	390	0.94	26.9
Bacillus_GCA_003944805.1_spacer_116	total_phage_244	86.364	22	3	0	13	34	32348	32369	0.94	26.9
Bacillus_GCA_003944805.1_spacer_116	total_phage_231	75.000	32	8	0	1	32	76033	76064	0.94	26.9
Bacillus_GCA_003944805.1_spacer_116	virome_phage_742	90.000	20	2	0	11	30	69683	69664	0.94	26.9
Bacillus_GCA_003944805.1_spacer_116	virome_phage_2325	76.667	30	7	0	5	34	33603	33574	0.94	26.9
Bacillus_GCA_003944805.1_spacer_116	virome_phage_2301	94.444	18	1	0	1	18	38507	38490	0.94	26.9
Bacillus_GCA_003944805.1_spacer_116	total_phage_799	86.364	22	3	0	2	23	20883	20862	0.94	26.9
Bacillus_GCA_003944805.1_spacer_117	virome_phage_2914	77.419	31	7	0	3	33	21188	21158	0.31	28.5
Bacillus_GCA_003944805.1_spacer_117	virome_phage_26	90.000	20	2	0	1	20	46981	47000	0.94	26.9
Bacillus_GCA_003944805.1_spacer_117	total_phage_368	100.000	16	0	0	5	20	16545	16560	0.94	26.9
Bacillus_GCA_003944805.1_spacer_119	virome_phage_813	86.957	23	3	0	12	34	5397	5375	0.38	28.5
Bacillus_GCA_003944805.1_spacer_119	total_phage_369	81.481	27	5	0	10	36	8216	8190	0.38	28.5
Bacillus_GCA_003944805.1_spacer_119	total_phage_115	81.481	27	5	0	10	36	22500	22474	0.38	28.5
Bacillus_GCA_003944805.1_spacer_120	total_phage_98	82.759	29	5	0	3	31	38169	38197	0.049	31.7
Bacillus_GCA_003944805.1_spacer_120	virome_phage_2366	76.471	34	8	0	1	34	9425	9392	0.15	30.1
Bacillus_GCA_003944805.1_spacer_120	virome_phage_2305	81.481	27	5	0	4	30	17855	17829	0.44	28.5
Bacillus_GCA_003944805.1_spacer_120	virome_phage_2269	94.737	19	1	0	18	36	280767	280785	0.44	28.5
Bacillus_GCA_003944805.1_spacer_120	total_phage_525	77.419	31	7	0	2	32	907	937	0.44	28.5
Bacillus_GCA_003944805.1_spacer_121	virome_phage_28	79.310	29	6	0	2	30	8043	8015	0.38	28.5
Bacillus_GCA_003944805.1_spacer_121	virome_phage_10	86.957	23	3	0	11	33	27486	27464	0.38	28.5
Bacillus_GCA_003944805.1_spacer_121	virome_phage_823	84.000	25	4	0	8	32	32651	32675	0.38	28.5
Bacillus_GCA_003944805.1_spacer_121	total_phage_730	86.957	23	3	0	11	33	11378	11400	0.38	28.5
Bacillus_GCA_003944805.1_spacer_122	virome_phage_2319	95.000	20	1	0	12	31	20493	20474	0.13	30.1
Bacillus_GCA_003944805.1_spacer_122	virome_phage_738	79.310	29	6	0	7	35	34597	34569	0.38	28.5
Bacillus_GCA_003944805.1_spacer_122	virome_phage_2270	84.000	25	4	0	4	28	89385	89361	0.38	28.5
Bacillus_GCA_003944805.1_spacer_124	total_phage_729	90.909	22	2	0	7	28	96235	96214	0.17	30.1
Bacillus_GCA_003944805.1_spacer_124	virome_phage_28	84.000	25	4	0	10	34	51269	51293	0.50	28.5
Bacillus_GCA_003944805.1_spacer_125	total_phage_189	87.500	24	3	0	9	32	34160	34183	0.17	30.1
Bacillus_GCA_003944805.1_spacer_126	virome_phage_776	80.000	35	7	0	3	37	44794	44760	0.005	34.9
Bacillus_GCA_003944805.1_spacer_126	virome_phage_749	79.412	34	7	0	3	36	62350	62383	0.016	33.3
Bacillus_GCA_003944805.1_spacer_126	virome_phage_850	82.143	28	5	0	4	31	28265	28292	0.15	30.1
Bacillus_GCA_003944805.1_spacer_126	total_phage_729	76.471	34	8	0	3	36	154803	154770	0.15	30.1
Bacillus_GCA_003944805.1_spacer_126	total_phage_232	90.909	22	2	0	4	25	9861	9840	0.15	30.1
Bacillus_GCA_003944805.1_spacer_126	total_phage_106	84.615	26	4	0	12	37	21940	21915	0.15	30.1
Bacillus_GCA_003944805.1_spacer_126	virome_phage_891	84.000	25	4	0	5	29	11260	11236	0.44	28.5
Bacillus_GCA_003944805.1_spacer_126	virome_phage_860	84.000	25	4	0	1	25	23573	23597	0.44	28.5
Bacillus_GCA_003944805.1_spacer_126	virome_phage_822	86.957	23	3	0	9	31	11118	11140	0.44	28.5
Bacillus_GCA_003944805.1_spacer_126	virome_phage_33	74.286	35	9	0	1	35	26436	26470	0.44	28.5
Bacillus_GCA_003944805.1_spacer_126	virome_phage_2356	86.957	23	3	0	9	31	13573	13551	0.44	28.5
Bacillus_GCA_003944805.1_spacer_126	virome_phage_1	86.957	23	3	0	2	24	36710	36732	0.44	28.5
Bacillus_GCA_003944805.1_spacer_126	total_phage_734	77.419	31	7	0	4	34	34196	34226	0.44	28.5
Bacillus_GCA_003944805.1_spacer_126	total_phage_733	84.000	25	4	0	5	29	14519	14543	0.44	28.5
Bacillus_GCA_003944805.1_spacer_126	total_phage_658	86.957	23	3	0	4	26	55721	55699	0.44	28.5
Bacillus_GCA_003944805.1_spacer_126	total_phage_189	84.000	25	4	0	5	29	12492	12516	0.44	28.5
Bacillus_GCA_003944805.1_spacer_127	total_phage_479	87.500	24	3	0	3	26	6135	6158	0.15	30.1
Bacillus_GCA_003944805.1_spacer_127	virome_phage_861	95.000	20	1	0	14	33	13076	13057	0.15	30.1
Bacillus_GCA_003944805.1_spacer_127	total_phage_364	94.737	19	1	0	9	27	7686	7704	0.44	28.5
Bacillus_GCA_003944805.1_spacer_127	total_phage_233	94.737	19	1	0	9	27	11636	11654	0.44	28.5
Bacillus_GCA_003944805.1_spacer_127	total_phage_935	94.737	19	1	0	9	27	9309	9291	0.44	28.5
Bacillus_GCA_003944805.1_spacer_129	virome_phage_59	79.310	29	6	0	9	37	19055	19027	0.44	28.5
Bacillus_GCA_003944805.1_spacer_129	total_phage_106	94.737	19	1	0	9	27	11365	11347	0.44	28.5
Bacillus_GCA_003944805.1_spacer_130	virome_phage_58	80.000	30	6	0	4	33	32041	32012	0.13	30.1
Bacillus_GCA_003944805.1_spacer_130	virome_phage_75	86.957	23	3	0	9	31	27644	27622	0.38	28.5
Bacillus_GCA_003944805.1_spacer_131	virome_phage_2295	76.471	34	8	0	2	35	27319	27352	0.13	30.1
Bacillus_GCA_003944805.1_spacer_132	virome_phage_15	82.759	29	5	0	6	34	31742	31714	0.042	31.7
Bacillus_GCA_003944805.1_spacer_132	virome_phage_2424	100.000	17	0	0	4	20	12987	13003	0.38	28.5
Bacillus_GCA_003944805.1_spacer_132	virome_phage_239	100.000	17	0	0	4	20	11063	11079	0.38	28.5
Bacillus_GCA_003944805.1_spacer_132	virome_phage_2272	77.419	31	7	0	4	34	51408	51378	0.38	28.5
Bacillus_GCA_003944805.1_spacer_134	virome_phage_33	92.308	26	2	0	1	26	39201	39226	0.002	36.5
Bacillus_GCA_003944805.1_spacer_134	virome_phage_4	88.000	25	3	0	10	34	89899	89875	0.049	31.7
Bacillus_GCA_003944805.1_spacer_134	virome_phage_738	87.500	24	3	0	11	34	7270	7293	0.15	30.1
Bacillus_GCA_003944805.1_spacer_134	virome_phage_739	95.000	20	1	0	5	24	65635	65616	0.15	30.1
Bacillus_GCA_003944805.1_spacer_134	virome_phage_2272	86.957	23	3	0	3	25	30757	30735	0.44	28.5
Bacillus_GCA_003944805.1_spacer_134	total_phage_415	90.476	21	2	0	3	23	39423	39403	0.44	28.5
Bacillus_GCA_003944805.1_spacer_135	total_phage_639	88.462	26	3	0	3	28	8878	8853	0.014	33.3
Bacillus_GCA_003944805.1_spacer_135	total_phage_666	88.462	26	3	0	3	28	15143	15168	0.014	33.3
Bacillus_GCA_003944805.1_spacer_135	virome_phage_2275	82.143	28	5	0	1	28	52823	52850	0.13	30.1
Bacillus_GCA_003944805.1_spacer_135	virome_phage_840	75.758	33	8	0	3	35	30362	30330	0.38	28.5
Bacillus_GCA_003944805.1_spacer_135	virome_phage_33	79.310	29	6	0	2	30	35676	35648	0.38	28.5
Bacillus_GCA_003944805.1_spacer_135	total_phage_730	79.310	29	6	0	6	34	22976	22948	0.38	28.5
Bacillus_GCA_003944805.1_spacer_135	total_phage_524	90.476	21	2	0	8	28	35067	35047	0.38	28.5
Bacillus_GCA_003944805.1_spacer_135	total_phage_233	94.737	19	1	0	11	29	45116	45098	0.38	28.5
Bacillus_GCA_003944805.1_spacer_135	total_phage_106	86.957	23	3	0	12	34	17522	17500	0.38	28.5
Bacillus_GCA_003944805.1_spacer_135	virome_phage_2411	84.000	25	4	0	3	27	13963	13987	0.38	28.5
Bacillus_GCA_003944805.1_spacer_135	virome_phage_176	84.000	25	4	0	3	27	13864	13888	0.38	28.5
Bacillus_GCA_003944805.1_spacer_135	virome_phage_10	79.310	29	6	0	6	34	15887	15915	0.38	28.5
Bacillus_GCA_003944805.1_spacer_135	total_phage_364	79.310	29	6	0	2	30	5428	5456	0.38	28.5
Bacillus_GCA_003944805.1_spacer_136	virome_phage_734	84.000	25	4	0	11	35	162346	162322	0.44	28.5
Bacillus_GCA_003944805.1_spacer_136	virome_phage_2465	86.957	23	3	0	11	33	4399	4377	0.44	28.5
Bacillus_GCA_003944805.1_spacer_136	total_phage_446	86.957	23	3	0	11	33	15888	15866	0.44	28.5
Bacillus_GCA_003944805.1_spacer_137	virome_phage_789	83.333	30	5	0	3	32	6272	6243	0.016	33.3
Bacillus_GCA_003944805.1_spacer_137	virome_phage_816	91.304	23	2	0	9	31	21494	21516	0.049	31.7
Bacillus_GCA_003944805.1_spacer_137	virome_phage_2296	79.310	29	6	0	2	30	43236	43208	0.44	28.5
Bacillus_GCA_003944805.1_spacer_138	total_phage_926	86.957	23	3	0	1	23	11036	11014	0.44	28.5
Bacillus_GCA_003944805.1_spacer_140	virome_phage_855	76.471	34	8	0	2	35	29433	29466	0.13	30.1
Bacillus_GCA_003944805.1_spacer_142	virome_phage_8	77.143	35	8	0	3	37	19166	19200	0.056	31.7
Bacillus_GCA_003944805.1_spacer_142	virome_phage_8	75.676	37	9	0	1	37	30859	30895	0.056	31.7
Bacillus_GCA_003944805.1_spacer_142	virome_phage_979	90.909	22	2	0	16	37	15883	15904	0.17	30.1
Bacillus_GCA_003944805.1_spacer_142	virome_phage_826	87.500	24	3	0	14	37	745	768	0.17	30.1
Bacillus_GCA_003944805.1_spacer_142	virome_phage_908	94.737	19	1	0	20	38	22987	22969	0.50	28.5
Bacillus_GCA_003944805.1_spacer_142	virome_phage_860	81.481	27	5	0	1	27	29644	29670	0.50	28.5
Bacillus_GCA_003944805.1_spacer_142	virome_phage_856	90.476	21	2	0	18	38	8340	8360	0.50	28.5
Bacillus_GCA_003944805.1_spacer_142	virome_phage_734	81.481	27	5	0	10	36	203765	203791	0.50	28.5
Bacillus_GCA_003944805.1_spacer_143	virome_phage_145	100.000	17	0	0	14	30	15364	15380	0.38	28.5
Bacillus_GCA_003944805.1_spacer_143	virome_phage_2368	100.000	17	0	0	14	30	5491	5475	0.38	28.5
Bacillus_GCA_003944805.1_spacer_144	virome_phage_870	80.000	30	6	0	3	32	20998	20969	0.15	30.1
Bacillus_GCA_003944805.1_spacer_144	virome_phage_38	90.909	22	2	0	6	27	7761	7740	0.15	30.1
Bacillus_GCA_003944805.1_spacer_144	virome_phage_2270	87.500	24	3	0	13	36	40435	40412	0.15	30.1
Bacillus_GCA_003944805.1_spacer_144	virome_phage_26	82.143	28	5	0	6	33	54904	54931	0.15	30.1
Bacillus_GCA_003944805.1_spacer_144	virome_phage_2237	90.476	21	2	0	13	33	16052	16032	0.44	28.5
Bacillus_GCA_003944805.1_spacer_144	total_phage_296	84.000	25	4	0	12	36	5634	5610	0.44	28.5
Bacillus_GCA_003944805.1_spacer_144	virome_phage_791	81.481	27	5	0	10	36	9714	9740	0.44	28.5
Bacillus_GCA_003944805.1_spacer_144	virome_phage_2243	90.476	21	2	0	13	33	1733	1753	0.44	28.5
Bacillus_GCA_003944805.1_spacer_144	total_phage_644	90.476	21	2	0	13	33	1622	1642	0.44	28.5
Bacillus_GCA_003944805.1_spacer_144	total_phage_487	90.476	21	2	0	13	33	259	279	0.44	28.5
Bacillus_GCA_003944805.1_spacer_145	virome_phage_742	91.304	23	2	0	10	32	86098	86120	0.042	31.7
Bacillus_GCA_003944805.1_spacer_145	virome_phage_92	79.310	29	6	0	7	35	9499	9471	0.38	28.5
Bacillus_GCA_003944805.1_spacer_145	virome_phage_2294	79.310	29	6	0	7	35	15808	15836	0.38	28.5
Bacillus_GCA_003944805.1_spacer_145	total_phage_451	86.957	23	3	0	13	35	1758	1780	0.38	28.5
Bacillus_GCA_003944805.1_spacer_145	total_phage_446	86.957	23	3	0	13	35	1276	1298	0.38	28.5
Bacillus_GCA_003944805.1_spacer_146	virome_phage_9	86.957	23	3	0	4	26	92607	92629	0.50	28.5
Bacillus_GCA_003944805.1_spacer_146	total_phage_116	86.957	23	3	0	4	26	25160	25138	0.50	28.5
Bacillus_GCA_003944805.1_spacer_148	virome_phage_2389	78.125	32	7	0	3	34	12345	12314	0.17	30.1
Bacillus_GCA_003944805.1_spacer_149	virome_phage_8	94.737	19	1	0	16	34	69167	69185	0.38	28.5
Bacillus_GCA_003944805.1_spacer_149	virome_phage_748	81.481	27	5	0	10	36	22690	22716	0.38	28.5
Bacillus_GCA_003944805.1_spacer_149	virome_phage_736	84.000	25	4	0	12	36	75184	75208	0.38	28.5
Bacillus_GCA_003944805.1_spacer_150	virome_phage_2275	88.000	25	3	0	8	32	13272	13248	0.056	31.7
Bacillus_GCA_003944805.1_spacer_150	virome_phage_33	90.909	22	2	0	8	29	42254	42275	0.17	30.1
Bacillus_GCA_003944805.1_spacer_150	virome_phage_903	79.310	29	6	0	9	37	19003	18975	0.50	28.5
Bacillus_GCA_003944805.1_spacer_150	virome_phage_744	74.286	35	9	0	2	36	42824	42790	0.50	28.5
Bacillus_GCA_003944805.1_spacer_151	virome_phage_865	90.476	21	2	0	13	33	6364	6344	0.63	28.5
Bacillus_GCA_003944805.1_spacer_151	total_phage_807	77.419	31	7	0	4	34	11550	11520	0.63	28.5
Bacillus_GCA_003944805.1_spacer_152	virome_phage_2314	94.737	19	1	0	15	33	802	820	0.63	28.5
Bacillus_GCA_003944805.1_spacer_152	total_phage_500	75.758	33	8	0	1	33	12000	12032	0.63	28.5
Bacillus_GCA_003944805.1_spacer_152	virome_phage_2254	75.758	33	8	0	1	33	114696	114664	0.63	28.5
Bacillus_GCA_003944805.1_spacer_153	virome_phage_840	84.000	25	4	0	1	25	1035	1059	0.63	28.5
Bacillus_GCA_003944805.1_spacer_153	total_phage_187	86.957	23	3	0	8	30	162	184	0.63	28.5
Bacillus_GCA_003944805.1_spacer_154	total_phage_296	100.000	17	0	0	13	29	518	502	0.44	28.5
Bacillus_GCA_003944805.1_spacer_156	virome_phage_812	78.125	32	7	0	4	35	36407	36376	0.13	30.1
Bacillus_GCA_003944805.1_spacer_156	virome_phage_2385	80.000	30	6	0	7	36	3511	3540	0.13	30.1
Bacillus_GCA_003944805.1_spacer_156	total_phage_231	78.125	32	7	0	4	35	36049	36080	0.13	30.1
Bacillus_GCA_003944805.1_spacer_156	virome_phage_865	86.957	23	3	0	2	24	19841	19819	0.38	28.5
Bacillus_GCA_003944805.1_spacer_156	virome_phage_767	84.000	25	4	0	1	25	20677	20653	0.38	28.5
Bacillus_GCA_003944805.1_spacer_156	virome_phage_734	90.476	21	2	0	4	24	255666	255646	0.38	28.5
Bacillus_GCA_003944805.1_spacer_156	virome_phage_835	90.476	21	2	0	13	33	14464	14484	0.38	28.5
Bacillus_GCA_003944805.1_spacer_156	virome_phage_2913	74.286	35	9	0	1	35	12748	12782	0.38	28.5
Bacillus_GCA_003944805.1_spacer_157	total_phage_488	83.871	31	5	0	2	32	4726	4756	0.005	34.9
Bacillus_GCA_003944805.1_spacer_157	total_phage_462	83.871	31	5	0	2	32	3287	3317	0.005	34.9
Bacillus_GCA_003944805.1_spacer_157	virome_phage_736	78.788	33	7	0	3	35	7951	7983	0.042	31.7
Bacillus_GCA_003944805.1_spacer_157	virome_phage_2308	82.759	29	5	0	2	30	39323	39295	0.042	31.7
Bacillus_GCA_003944805.1_spacer_157	virome_phage_734	82.143	28	5	0	6	33	26674	26701	0.13	30.1
Bacillus_GCA_003944805.1_spacer_157	total_phage_307	78.125	32	7	0	3	34	7725	7756	0.13	30.1
Bacillus_GCA_003944805.1_spacer_157	total_phage_175	100.000	18	0	0	15	32	29219	29236	0.13	30.1
Bacillus_GCA_003944805.1_spacer_157	total_phage_793	100.000	18	0	0	15	32	16140	16123	0.13	30.1
Bacillus_GCA_003944805.1_spacer_157	total_phage_363	100.000	18	0	0	15	32	16227	16210	0.13	30.1
Bacillus_GCA_003944805.1_spacer_157	virome_phage_817	84.000	25	4	0	10	34	32134	32158	0.38	28.5
Bacillus_GCA_003944805.1_spacer_157	virome_phage_2270	81.481	27	5	0	6	32	226556	226582	0.38	28.5
Bacillus_GCA_003944805.1_spacer_157	virome_phage_10	90.476	21	2	0	1	21	1418	1438	0.38	28.5
Bacillus_GCA_003944805.1_spacer_157	total_phage_357	77.419	31	7	0	4	34	9123	9153	0.38	28.5
Bacillus_GCA_003944805.1_spacer_157	virome_phage_2343	77.419	31	7	0	1	31	1830	1800	0.38	28.5
Bacillus_GCA_003944805.1_spacer_157	virome_phage_2297	84.000	25	4	0	1	25	16322	16298	0.38	28.5
Bacillus_GCA_003944805.1_spacer_157	total_phage_787	77.419	31	7	0	4	34	14726	14696	0.38	28.5
Bacillus_GCA_003944805.1_spacer_158	virome_phage_3	90.476	21	2	0	18	38	127408	127388	0.50	28.5
Bacillus_GCA_003944805.1_spacer_159	virome_phage_776	82.143	28	5	0	8	35	42883	42856	0.13	30.1
Bacillus_GCA_003944805.1_spacer_159	virome_phage_795	79.310	29	6	0	1	29	3315	3287	0.38	28.5
Bacillus_GCA_003944805.1_spacer_160	virome_phage_824	90.476	21	2	0	13	33	802	782	0.44	28.5
Bacillus_GCA_003944805.1_spacer_161	virome_phage_734	81.481	27	5	0	9	35	110705	110731	0.44	28.5
Bacillus_GCA_003944805.1_spacer_161	virome_phage_1	94.737	19	1	0	9	27	81552	81534	0.44	28.5
Bacillus_GCA_003944805.1_spacer_161	total_phage_92	94.737	19	1	0	5	23	93932	93914	0.44	28.5
Bacillus_GCA_003944805.1_spacer_162	virome_phage_10	82.759	29	5	0	8	36	25326	25298	0.042	31.7
Bacillus_GCA_003944805.1_spacer_162	virome_phage_4	90.909	22	2	0	15	36	51846	51825	0.13	30.1
Bacillus_GCA_003944805.1_spacer_162	total_phage_293	75.000	36	9	0	1	36	41214	41179	0.13	30.1
Bacillus_GCA_003944805.1_spacer_162	virome_phage_2280	81.481	27	5	0	5	31	35281	35255	0.38	28.5
Bacillus_GCA_003944805.1_spacer_162	total_phage_806	86.957	23	3	0	12	34	16631	16609	0.38	28.5
Bacillus_GCA_003944805.1_spacer_162	total_phage_730	79.310	29	6	0	8	36	13537	13565	0.38	28.5
Bacillus_GCA_003944805.1_spacer_163	virome_phage_2254	78.788	33	7	0	6	38	36912	36944	0.056	31.7
Bacillus_GCA_003944805.1_spacer_163	virome_phage_2238	78.788	33	7	0	6	38	18426	18458	0.056	31.7
Bacillus_GCA_003944805.1_spacer_163	total_phage_413	75.676	37	9	0	2	38	86111	86075	0.056	31.7
Bacillus_GCA_003944805.1_spacer_163	virome_phage_8	75.758	33	8	0	5	37	81653	81685	0.50	28.5
Bacillus_GCA_003944805.1_spacer_163	virome_phage_749	86.957	23	3	0	1	23	69069	69091	0.50	28.5
Bacillus_GCA_003944805.1_spacer_164	total_phage_795	87.500	24	3	0	1	24	8476	8499	0.17	30.1
Bacillus_GCA_003944805.1_spacer_164	virome_phage_739	84.000	25	4	0	1	25	116972	116948	0.50	28.5
Bacillus_GCA_003944805.1_spacer_165	virome_phage_861	90.476	21	2	0	6	26	23020	23040	0.38	28.5
Bacillus_GCA_003944805.1_spacer_166	virome_phage_770	82.759	29	5	0	9	37	4853	4881	0.049	31.7
Bacillus_GCA_003944805.1_spacer_166	virome_phage_840	90.476	21	2	0	16	36	1091	1071	0.44	28.5
Bacillus_GCA_003944805.1_spacer_167	virome_phage_734	84.615	26	4	0	6	31	250084	250109	0.13	30.1
Bacillus_GCA_003944805.1_spacer_167	virome_phage_45	86.957	23	3	0	1	23	6242	6220	0.38	28.5
Bacillus_GCA_003944805.1_spacer_167	virome_phage_117	77.419	31	7	0	3	33	19968	19998	0.38	28.5
Bacillus_GCA_003944805.1_spacer_168	virome_phage_152	82.759	29	5	0	6	34	1726	1698	0.042	31.7
Bacillus_GCA_003944805.1_spacer_168	virome_phage_776	84.000	25	4	0	11	35	34877	34901	0.38	28.5
Bacillus_GCA_003944805.1_spacer_169	virome_phage_734	86.957	23	3	0	15	37	136856	136878	0.44	28.5
Bacillus_GCA_003944805.1_spacer_170	virome_phage_734	81.481	27	5	0	9	35	78102	78076	0.44	28.5
Bacillus_GCA_003944805.1_spacer_172	virome_phage_8	80.000	30	6	0	4	33	68988	68959	0.15	30.1
Bacillus_GCA_003944805.1_spacer_172	virome_phage_843	86.957	23	3	0	13	35	31231	31253	0.44	28.5
Bacillus_GCA_003944805.1_spacer_172	virome_phage_741	77.419	31	7	0	2	32	86357	86387	0.44	28.5
Bacillus_GCA_003944805.1_spacer_174	virome_phage_104	91.304	23	2	0	1	23	3461	3483	0.042	31.7
Bacillus_GCA_003944805.1_spacer_175	total_phage_304	88.000	25	3	0	11	35	190	214	0.042	31.7
Bacillus_GCA_003944805.1_spacer_176	virome_phage_748	86.957	23	3	0	15	37	35449	35471	0.44	28.5
Bacillus_GCA_003944805.1_spacer_176	virome_phage_826	79.310	29	6	0	5	33	11603	11575	0.44	28.5
Bacillus_GCA_003944805.1_spacer_176	virome_phage_69	94.737	19	1	0	4	22	28737	28719	0.44	28.5
Bacillus_GCA_003944805.1_spacer_178	virome_phage_742	84.615	26	4	0	8	33	36354	36329	0.15	30.1
Bacillus_GCA_003944805.1_spacer_178	virome_phage_752	81.481	27	5	0	3	29	2456	2430	0.44	28.5
Bacillus_GCA_003944805.1_spacer_178	total_phage_231	90.476	21	2	0	17	37	136737	136717	0.44	28.5
Bacillus_GCA_003944805.1_spacer_179	virome_phage_779	82.143	28	5	0	3	30	3030	3057	0.13	30.1
Bacillus_GCA_003944805.1_spacer_179	virome_phage_15	94.737	19	1	0	3	21	78117	78099	0.38	28.5
Bacillus_GCA_003944805.1_spacer_180	virome_phage_69	76.471	34	8	0	2	35	7168	7135	0.13	30.1
Bacillus_GCA_003944805.1_spacer_180	virome_phage_2243	80.000	30	6	0	3	32	2294	2323	0.13	30.1
Bacillus_GCA_003944805.1_spacer_180	virome_phage_2237	80.000	30	6	0	3	32	15491	15462	0.13	30.1
Bacillus_GCA_003944805.1_spacer_180	total_phage_644	80.000	30	6	0	3	32	2183	2212	0.13	30.1
Bacillus_GCA_003944805.1_spacer_180	total_phage_487	80.000	30	6	0	3	32	820	849	0.13	30.1
Bacillus_GCA_003944805.1_spacer_180	virome_phage_751	75.758	33	8	0	1	33	30950	30918	0.38	28.5
Bacillus_GCA_003944805.1_spacer_180	virome_phage_54	79.310	29	6	0	3	31	42256	42228	0.38	28.5
Bacillus_GCA_003944805.1_spacer_180	virome_phage_1004	79.310	29	6	0	4	32	15061	15033	0.38	28.5
Bacillus_GCA_003944805.1_spacer_180	virome_phage_10	84.000	25	4	0	9	33	47289	47265	0.38	28.5
Bacillus_GCA_003944805.1_spacer_180	total_phage_929	84.000	25	4	0	11	35	15129	15153	0.38	28.5
Bacillus_GCA_003944805.1_spacer_180	total_phage_730	84.000	25	4	0	9	33	139439	139463	0.38	28.5
Bacillus_GCA_003944805.1_spacer_181	virome_phage_868	84.000	25	4	0	3	27	25564	25540	0.31	28.5
Bacillus_GCA_003944805.1_spacer_181	virome_phage_37	83.333	24	4	0	11	34	5182	5159	0.94	26.9
Bacillus_GCA_003944805.1_spacer_182	virome_phage_77	100.000	17	0	0	1	17	9930	9946	0.44	28.5
Bacillus_GCA_003944805.1_spacer_184	virome_phage_69	76.471	34	8	0	2	35	7168	7135	0.13	30.1
Bacillus_GCA_003944805.1_spacer_184	virome_phage_2243	80.000	30	6	0	3	32	2294	2323	0.13	30.1
Bacillus_GCA_003944805.1_spacer_184	virome_phage_2237	80.000	30	6	0	3	32	15491	15462	0.13	30.1
Bacillus_GCA_003944805.1_spacer_184	total_phage_644	80.000	30	6	0	3	32	2183	2212	0.13	30.1
Bacillus_GCA_003944805.1_spacer_184	total_phage_487	80.000	30	6	0	3	32	820	849	0.13	30.1
Bacillus_GCA_003944805.1_spacer_184	virome_phage_751	75.758	33	8	0	1	33	30950	30918	0.38	28.5
Bacillus_GCA_003944805.1_spacer_184	virome_phage_54	79.310	29	6	0	3	31	42256	42228	0.38	28.5
Bacillus_GCA_003944805.1_spacer_184	virome_phage_1004	79.310	29	6	0	4	32	15061	15033	0.38	28.5
Bacillus_GCA_003944805.1_spacer_184	virome_phage_10	84.000	25	4	0	9	33	47289	47265	0.38	28.5
Bacillus_GCA_003944805.1_spacer_184	total_phage_929	84.000	25	4	0	11	35	15129	15153	0.38	28.5
Bacillus_GCA_003944805.1_spacer_184	total_phage_730	84.000	25	4	0	9	33	139439	139463	0.38	28.5
Bacillus_GCA_003944805.1_spacer_185	virome_phage_913	78.125	32	7	0	1	32	10494	10525	0.15	30.1
Bacillus_GCA_003944805.1_spacer_185	total_phage_188	86.957	23	3	0	1	23	3269	3291	0.44	28.5
Bacillus_GCA_003944805.1_spacer_185	total_phage_293	86.957	23	3	0	1	23	40260	40238	0.44	28.5
Bacillus_GCA_003944805.1_spacer_186	virome_phage_116	87.500	24	3	0	10	33	15490	15467	0.13	30.1
Bacillus_GCA_003944805.1_spacer_186	virome_phage_749	90.476	21	2	0	9	29	65630	65650	0.38	28.5
Bacillus_GCA_003944805.1_spacer_186	virome_phage_748	81.481	27	5	0	3	29	21395	21421	0.38	28.5
Bacillus_GCA_003944805.1_spacer_186	total_phage_795	86.957	23	3	0	7	29	27523	27545	0.38	28.5
Bacillus_GCA_003944805.1_spacer_186	total_phage_446	84.000	25	4	0	3	27	22550	22574	0.38	28.5
Bacillus_GCA_003944805.1_spacer_186	virome_phage_804	81.481	27	5	0	3	29	8464	8438	0.38	28.5
Bacillus_GCA_003944805.1_spacer_188	virome_phage_2298	95.238	21	1	0	3	23	7978	7998	0.042	31.7
Bacillus_GCA_003944805.1_spacer_188	virome_phage_15	91.304	23	2	0	6	28	70500	70478	0.042	31.7
Bacillus_GCA_003944805.1_spacer_188	virome_phage_734	82.143	28	5	0	5	32	25484	25457	0.13	30.1
Bacillus_GCA_003944805.1_spacer_188	total_phage_244	75.000	36	9	0	1	36	24932	24897	0.13	30.1
Bacillus_GCA_003944805.1_spacer_188	virome_phage_858	86.957	23	3	0	11	33	7126	7104	0.38	28.5
Bacillus_GCA_003944805.1_spacer_188	virome_phage_2335	90.476	21	2	0	7	27	28971	28991	0.38	28.5
Bacillus_GCA_003944805.1_spacer_188	virome_phage_2310	90.476	21	2	0	7	27	8695	8675	0.38	28.5
Bacillus_GCA_003944805.1_spacer_188	virome_phage_2297	86.957	23	3	0	11	33	7131	7153	0.38	28.5
Bacillus_GCA_003944805.1_spacer_188	total_phage_795	77.419	31	7	0	6	36	19894	19924	0.38	28.5
Bacillus_GCA_003944805.1_spacer_188	total_phage_5	86.957	23	3	0	6	28	20179	20157	0.38	28.5
Bacillus_GCA_003944805.1_spacer_188	total_phage_413	90.476	21	2	0	7	27	64233	64253	0.38	28.5
Bacillus_GCA_003944805.1_spacer_188	total_phage_360	84.000	25	4	0	5	29	19180	19204	0.38	28.5
Bacillus_GCA_003944805.1_spacer_188	total_phage_245	84.000	25	4	0	5	29	15435	15411	0.38	28.5
Bacillus_GCA_003944805.1_spacer_189	virome_phage_9	88.000	25	3	0	2	26	107221	107197	0.042	31.7
Bacillus_GCA_003944805.1_spacer_189	virome_phage_18	90.909	22	2	0	10	31	43293	43314	0.13	30.1
Bacillus_GCA_003944805.1_spacer_190	virome_phage_748	81.481	27	5	0	5	31	68965	68991	0.50	28.5
Bacillus_GCA_003944805.1_spacer_192	virome_phage_912	78.125	32	7	0	2	33	14915	14946	0.13	30.1
Bacillus_GCA_003944805.1_spacer_192	virome_phage_2304	78.125	32	7	0	2	33	34064	34095	0.13	30.1
Bacillus_GCA_003944805.1_spacer_193	virome_phage_5	80.645	31	6	0	2	32	71362	71332	0.049	31.7
Bacillus_GCA_003944805.1_spacer_193	virome_phage_856	82.143	28	5	0	6	33	18978	18951	0.15	30.1
Bacillus_GCA_003944805.1_spacer_193	total_phage_926	80.000	30	6	0	1	30	18680	18651	0.15	30.1
Bacillus_GCA_003944805.1_spacer_193	total_phage_730	84.615	26	4	0	12	37	45809	45784	0.15	30.1
Bacillus_GCA_003944805.1_spacer_193	total_phage_730	90.476	21	2	0	4	24	50276	50256	0.44	28.5
Bacillus_GCA_003944805.1_spacer_193	virome_phage_56	84.000	25	4	0	5	29	40548	40572	0.44	28.5
Bacillus_GCA_003944805.1_spacer_194	virome_phage_736	95.000	20	1	0	1	20	65309	65328	0.15	30.1
Bacillus_GCA_003944805.1_spacer_194	virome_phage_81	90.476	21	2	0	4	24	10633	10613	0.44	28.5
Bacillus_GCA_003944805.1_spacer_194	total_phage_729	86.957	23	3	0	4	26	121810	121788	0.44	28.5
