Bacillus_GCF_001913555.1_spacer_0	virome_phage_2275	88.000	25	3	0	6	30	7250	7226	0.028	31.7
Bacillus_GCF_001913555.1_spacer_0	total_phage_733	88.000	25	3	0	9	33	10953	10929	0.028	31.7
Bacillus_GCF_001913555.1_spacer_0	total_phage_189	88.000	25	3	0	9	33	8926	8902	0.028	31.7
Bacillus_GCF_001913555.1_spacer_0	virome_phage_891	88.000	25	3	0	9	33	14826	14850	0.028	31.7
Bacillus_GCF_001913555.1_spacer_0	total_phage_1	77.419	31	7	0	3	33	18915	18885	0.25	28.5
Bacillus_GCF_001913555.1_spacer_0	virome_phage_2329	77.419	31	7	0	3	33	4024	4054	0.25	28.5
Bacillus_GCF_001913555.1_spacer_0	virome_phage_797	83.333	24	4	0	2	25	3358	3335	0.76	26.9
Bacillus_GCF_001913555.1_spacer_0	virome_phage_750	76.667	30	7	0	1	30	14352	14323	0.76	26.9
Bacillus_GCF_001913555.1_spacer_0	total_phage_244	80.769	26	5	0	4	29	7825	7800	0.76	26.9
Bacillus_GCF_001913555.1_spacer_0	virome_phage_795	83.333	24	4	0	1	24	15632	15655	0.76	26.9
Bacillus_GCF_001913555.1_spacer_0	total_phage_727	86.364	22	3	0	12	33	17233	17254	0.76	26.9
Bacillus_GCF_001913555.1_spacer_0	total_phage_518	86.364	22	3	0	12	33	29443	29464	0.76	26.9
Bacillus_GCF_001913555.1_spacer_1	virome_phage_741	95.000	20	1	0	13	32	73034	73015	0.084	30.1
Bacillus_GCF_001913555.1_spacer_1	virome_phage_778	90.476	21	2	0	12	32	41316	41296	0.25	28.5
Bacillus_GCF_001913555.1_spacer_1	virome_phage_771	86.957	23	3	0	4	26	8546	8524	0.25	28.5
Bacillus_GCF_001913555.1_spacer_1	virome_phage_764	86.957	23	3	0	11	33	6393	6415	0.25	28.5
Bacillus_GCF_001913555.1_spacer_1	virome_phage_750	79.310	29	6	0	5	33	52165	52193	0.25	28.5
Bacillus_GCF_001913555.1_spacer_1	virome_phage_7	86.957	23	3	0	1	23	100435	100457	0.25	28.5
Bacillus_GCF_001913555.1_spacer_1	virome_phage_318	75.758	33	8	0	1	33	8903	8871	0.25	28.5
Bacillus_GCF_001913555.1_spacer_1	virome_phage_2407	75.758	33	8	0	1	33	16424	16392	0.25	28.5
Bacillus_GCF_001913555.1_spacer_1	virome_phage_2327	90.476	21	2	0	12	32	13768	13788	0.25	28.5
Bacillus_GCF_001913555.1_spacer_1	virome_phage_2292	86.957	23	3	0	4	26	2100	2122	0.25	28.5
Bacillus_GCF_001913555.1_spacer_1	virome_phage_876	90.000	20	2	0	14	33	1468	1449	0.76	26.9
Bacillus_GCF_001913555.1_spacer_1	virome_phage_2530	90.000	20	2	0	13	32	3246	3227	0.76	26.9
Bacillus_GCF_001913555.1_spacer_1	virome_phage_2345	90.000	20	2	0	14	33	24369	24388	0.76	26.9
Bacillus_GCF_001913555.1_spacer_1	virome_phage_2254	83.333	24	4	0	10	33	81530	81553	0.76	26.9
Bacillus_GCF_001913555.1_spacer_1	virome_phage_2238	83.333	24	4	0	10	33	63046	63069	0.76	26.9
Bacillus_GCF_001913555.1_spacer_1	virome_phage_119	90.000	20	2	0	14	33	12443	12424	0.76	26.9
Bacillus_GCF_001913555.1_spacer_1	total_phage_798	90.000	20	2	0	12	31	21478	21497	0.76	26.9
Bacillus_GCF_001913555.1_spacer_1	total_phage_729	83.333	24	4	0	2	25	162723	162700	0.76	26.9
Bacillus_GCF_001913555.1_spacer_1	total_phage_711	86.364	22	3	0	7	28	5588	5609	0.76	26.9
Bacillus_GCF_001913555.1_spacer_1	total_phage_650	86.364	22	3	0	7	28	5611	5632	0.76	26.9
Bacillus_GCF_001913555.1_spacer_1	total_phage_500	83.333	24	4	0	10	33	44911	44888	0.76	26.9
Bacillus_GCF_001913555.1_spacer_1	total_phage_413	94.444	18	1	0	6	23	49429	49446	0.76	26.9
Bacillus_GCF_001913555.1_spacer_2	virome_phage_2306	76.667	30	7	0	1	30	38473	38502	0.76	26.9
Bacillus_GCF_001913555.1_spacer_2	virome_phage_784	86.364	22	3	0	11	32	23083	23062	0.76	26.9
Bacillus_GCF_001913555.1_spacer_3	virome_phage_46	84.615	26	4	0	7	32	6142	6117	0.13	30.1
Bacillus_GCF_001913555.1_spacer_4	virome_phage_756	94.737	19	1	0	8	26	42567	42585	0.31	28.5
Bacillus_GCF_001913555.1_spacer_4	virome_phage_10	90.476	21	2	0	5	25	64199	64219	0.31	28.5
Bacillus_GCF_001913555.1_spacer_4	virome_phage_818	94.444	18	1	0	4	21	22162	22145	0.94	26.9
Bacillus_GCF_001913555.1_spacer_4	virome_phage_745	86.364	22	3	0	7	28	64031	64010	0.94	26.9
Bacillus_GCF_001913555.1_spacer_4	virome_phage_2280	90.000	20	2	0	3	22	47537	47556	0.94	26.9
Bacillus_GCF_001913555.1_spacer_5	total_phage_735	95.000	20	1	0	5	24	24946	24927	0.13	30.1
Bacillus_GCF_001913555.1_spacer_6	total_phage_106	88.000	25	3	0	7	31	36135	36111	0.028	31.7
Bacillus_GCF_001913555.1_spacer_6	virome_phage_776	77.419	31	7	0	1	31	18589	18559	0.25	28.5
Bacillus_GCF_001913555.1_spacer_6	virome_phage_4	84.000	25	4	0	7	31	8757	8733	0.25	28.5
Bacillus_GCF_001913555.1_spacer_6	virome_phage_4	78.571	28	6	0	6	33	41795	41768	0.76	26.9
Bacillus_GCF_001913555.1_spacer_6	virome_phage_4	75.000	32	8	0	2	33	107325	107356	0.76	26.9
Bacillus_GCF_001913555.1_spacer_6	virome_phage_21	86.957	23	3	0	11	33	33392	33370	0.25	28.5
Bacillus_GCF_001913555.1_spacer_6	virome_phage_740	86.957	23	3	0	11	33	2934	2956	0.25	28.5
Bacillus_GCF_001913555.1_spacer_6	virome_phage_738	81.481	27	5	0	5	31	71998	72024	0.25	28.5
Bacillus_GCF_001913555.1_spacer_6	virome_phage_738	75.000	32	8	0	2	33	134605	134574	0.76	26.9
Bacillus_GCF_001913555.1_spacer_6	total_phage_366	79.310	29	6	0	1	29	1171	1199	0.25	28.5
Bacillus_GCF_001913555.1_spacer_6	virome_phage_14	86.364	22	3	0	7	28	22444	22423	0.76	26.9
Bacillus_GCF_001913555.1_spacer_6	virome_phage_1117	75.000	32	8	0	2	33	390	359	0.76	26.9
Bacillus_GCF_001913555.1_spacer_6	total_phage_797	80.769	26	5	0	6	31	34465	34440	0.76	26.9
Bacillus_GCF_001913555.1_spacer_6	total_phage_293	80.769	26	5	0	6	31	40885	40860	0.76	26.9
Bacillus_GCF_001913555.1_spacer_6	virome_phage_885	100.000	16	0	0	1	16	23391	23406	0.76	26.9
Bacillus_GCF_001913555.1_spacer_6	virome_phage_2388	80.769	26	5	0	7	32	16990	17015	0.76	26.9
Bacillus_GCF_001913555.1_spacer_6	total_phage_730	78.571	28	6	0	4	31	42227	42254	0.76	26.9
Bacillus_GCF_001913555.1_spacer_6	total_phage_361	90.000	20	2	0	12	31	40477	40496	0.76	26.9
Bacillus_GCF_001913555.1_spacer_6	total_phage_249	86.364	22	3	0	12	33	1337	1358	0.76	26.9
Bacillus_GCF_001913555.1_spacer_6	total_phage_232	86.364	22	3	0	11	32	67261	67282	0.76	26.9
Bacillus_GCF_001913555.1_spacer_6	total_phage_179	100.000	16	0	0	1	16	4170	4185	0.76	26.9
Bacillus_GCF_001913555.1_spacer_7	virome_phage_2254	100.000	16	0	0	10	25	74200	74215	0.94	26.9
Bacillus_GCF_001913555.1_spacer_7	virome_phage_2238	100.000	16	0	0	10	25	55714	55729	0.94	26.9
Bacillus_GCF_001913555.1_spacer_7	virome_phage_1217	86.364	22	3	0	11	32	3870	3891	0.94	26.9
Bacillus_GCF_001913555.1_spacer_7	total_phage_500	100.000	16	0	0	10	25	52243	52228	0.94	26.9
Bacillus_GCF_001913555.1_spacer_8	virome_phage_28	94.737	19	1	0	1	19	38019	38001	0.25	28.5
Bacillus_GCF_001913555.1_spacer_8	total_phage_246	77.419	31	7	0	2	32	15785	15755	0.25	28.5
Bacillus_GCF_001913555.1_spacer_8	total_phage_729	94.737	19	1	0	2	20	96868	96886	0.25	28.5
Bacillus_GCF_001913555.1_spacer_8	total_phage_729	94.444	18	1	0	16	33	136756	136739	0.76	26.9
Bacillus_GCF_001913555.1_spacer_8	total_phage_415	81.481	27	5	0	6	32	39437	39463	0.25	28.5
Bacillus_GCF_001913555.1_spacer_8	virome_phage_824	83.333	24	4	0	2	25	8323	8300	0.76	26.9
Bacillus_GCF_001913555.1_spacer_8	virome_phage_66	100.000	16	0	0	18	33	9869	9854	0.76	26.9
Bacillus_GCF_001913555.1_spacer_8	virome_phage_844	86.364	22	3	0	12	33	13729	13750	0.76	26.9
Bacillus_GCF_001913555.1_spacer_8	virome_phage_2275	86.364	22	3	0	8	29	46942	46963	0.76	26.9
Bacillus_GCF_001913555.1_spacer_8	total_phage_738	90.000	20	2	0	6	25	11625	11644	0.76	26.9
Bacillus_GCF_001913555.1_spacer_9	virome_phage_2310	94.737	19	1	0	7	25	29414	29432	0.31	28.5
Bacillus_GCF_001913555.1_spacer_9	total_phage_799	94.737	19	1	0	7	25	6577	6595	0.31	28.5
Bacillus_GCF_001913555.1_spacer_9	total_phage_413	86.957	23	3	0	2	24	85520	85542	0.31	28.5
Bacillus_GCF_001913555.1_spacer_9	total_phage_734	94.737	19	1	0	7	25	4342	4324	0.31	28.5
Bacillus_GCF_001913555.1_spacer_9	virome_phage_734	78.571	28	6	0	1	28	295816	295843	0.94	26.9
Bacillus_GCF_001913555.1_spacer_9	virome_phage_2254	100.000	16	0	0	10	25	74200	74215	0.94	26.9
Bacillus_GCF_001913555.1_spacer_9	virome_phage_2238	100.000	16	0	0	10	25	55714	55729	0.94	26.9
Bacillus_GCF_001913555.1_spacer_9	virome_phage_1217	86.364	22	3	0	11	32	3870	3891	0.94	26.9
Bacillus_GCF_001913555.1_spacer_9	total_phage_520	83.333	24	4	0	3	26	509	532	0.94	26.9
Bacillus_GCF_001913555.1_spacer_9	total_phage_696	83.333	24	4	0	3	26	20160	20137	0.94	26.9
Bacillus_GCF_001913555.1_spacer_9	total_phage_655	83.333	24	4	0	3	26	32595	32572	0.94	26.9
Bacillus_GCF_001913555.1_spacer_9	total_phage_500	100.000	16	0	0	10	25	52243	52228	0.94	26.9
Bacillus_GCF_001913555.1_spacer_10	virome_phage_890	81.481	27	5	0	2	28	9043	9069	0.25	28.5
Bacillus_GCF_001913555.1_spacer_10	virome_phage_750	84.000	25	4	0	8	32	8770	8794	0.25	28.5
Bacillus_GCF_001913555.1_spacer_10	virome_phage_824	84.000	25	4	0	2	26	24156	24132	0.25	28.5
Bacillus_GCF_001913555.1_spacer_10	virome_phage_65	81.481	27	5	0	2	28	31419	31393	0.25	28.5
Bacillus_GCF_001913555.1_spacer_10	virome_phage_2269	100.000	17	0	0	16	32	25324	25308	0.25	28.5
Bacillus_GCF_001913555.1_spacer_10	virome_phage_843	90.000	20	2	0	9	28	15812	15831	0.76	26.9
Bacillus_GCF_001913555.1_spacer_10	virome_phage_841	83.333	24	4	0	9	32	14104	14127	0.76	26.9
Bacillus_GCF_001913555.1_spacer_10	virome_phage_771	83.333	24	4	0	7	30	17516	17539	0.76	26.9
Bacillus_GCF_001913555.1_spacer_10	virome_phage_62	94.444	18	1	0	6	23	26218	26235	0.76	26.9
Bacillus_GCF_001913555.1_spacer_10	virome_phage_16	76.667	30	7	0	1	30	33131	33160	0.76	26.9
Bacillus_GCF_001913555.1_spacer_10	virome_phage_115	83.333	24	4	0	7	30	1220	1243	0.76	26.9
Bacillus_GCF_001913555.1_spacer_10	total_phage_362	86.364	22	3	0	6	27	46348	46369	0.76	26.9
Bacillus_GCF_001913555.1_spacer_10	virome_phage_116	83.333	24	4	0	7	30	24994	24971	0.76	26.9
Bacillus_GCF_001913555.1_spacer_10	total_phage_731	90.000	20	2	0	2	21	4090	4071	0.76	26.9
Bacillus_GCF_001913555.1_spacer_10	total_phage_231	86.364	22	3	0	5	26	96007	95986	0.76	26.9
Bacillus_GCF_001913555.1_spacer_10	total_phage_12	90.000	20	2	0	12	31	11492	11473	0.76	26.9
Bacillus_GCF_001913555.1_spacer_11	virome_phage_2292	95.000	20	1	0	13	32	34258	34277	0.084	30.1
Bacillus_GCF_001913555.1_spacer_11	virome_phage_865	80.769	26	5	0	3	28	31018	30993	0.76	26.9
Bacillus_GCF_001913555.1_spacer_11	virome_phage_48	94.444	18	1	0	16	33	42546	42529	0.76	26.9
Bacillus_GCF_001913555.1_spacer_11	virome_phage_2298	83.333	24	4	0	6	29	26589	26566	0.76	26.9
Bacillus_GCF_001913555.1_spacer_12	virome_phage_2322	95.652	23	1	0	8	30	3889	3911	0.003	34.9
Bacillus_GCF_001913555.1_spacer_12	virome_phage_743	84.000	25	4	0	8	32	39025	39001	0.25	28.5
Bacillus_GCF_001913555.1_spacer_12	virome_phage_2342	84.000	25	4	0	7	31	290	266	0.25	28.5
Bacillus_GCF_001913555.1_spacer_12	virome_phage_2303	100.000	17	0	0	8	24	25677	25693	0.25	28.5
Bacillus_GCF_001913555.1_spacer_12	total_phage_804	100.000	17	0	0	8	24	8343	8327	0.25	28.5
Bacillus_GCF_001913555.1_spacer_12	total_phage_415	90.476	21	2	0	6	26	30862	30842	0.25	28.5
Bacillus_GCF_001913555.1_spacer_12	total_phage_4	90.476	21	2	0	6	26	26536	26516	0.25	28.5
Bacillus_GCF_001913555.1_spacer_12	total_phage_368	90.476	21	2	0	6	26	12132	12152	0.25	28.5
Bacillus_GCF_001913555.1_spacer_12	total_phage_123	90.476	21	2	0	6	26	8817	8797	0.25	28.5
Bacillus_GCF_001913555.1_spacer_12	virome_phage_979	80.769	26	5	0	6	31	14517	14492	0.76	26.9
Bacillus_GCF_001913555.1_spacer_12	virome_phage_834	80.769	26	5	0	7	32	6018	6043	0.76	26.9
Bacillus_GCF_001913555.1_spacer_12	virome_phage_771	78.571	28	6	0	4	31	41437	41464	0.76	26.9
Bacillus_GCF_001913555.1_spacer_12	virome_phage_752	94.444	18	1	0	12	29	15302	15285	0.76	26.9
Bacillus_GCF_001913555.1_spacer_12	virome_phage_736	83.333	24	4	0	4	27	98415	98438	0.76	26.9
Bacillus_GCF_001913555.1_spacer_12	virome_phage_65	83.333	24	4	0	7	30	914	937	0.76	26.9
Bacillus_GCF_001913555.1_spacer_12	virome_phage_4	83.333	24	4	0	3	26	42005	42028	0.76	26.9
Bacillus_GCF_001913555.1_spacer_12	virome_phage_116	78.571	28	6	0	4	31	1241	1214	0.76	26.9
Bacillus_GCF_001913555.1_spacer_12	virome_phage_115	78.571	28	6	0	4	31	25141	25168	0.76	26.9
Bacillus_GCF_001913555.1_spacer_12	total_phage_934	83.333	24	4	0	4	27	11737	11760	0.76	26.9
Bacillus_GCF_001913555.1_spacer_12	total_phage_800	80.769	26	5	0	6	31	2354	2379	0.76	26.9
Bacillus_GCF_001913555.1_spacer_12	total_phage_725	100.000	16	0	0	8	23	12414	12399	0.76	26.9
Bacillus_GCF_001913555.1_spacer_12	total_phage_605	100.000	16	0	0	6	21	27332	27317	0.76	26.9
Bacillus_GCF_001913555.1_spacer_12	total_phage_526	100.000	16	0	0	6	21	17137	17122	0.76	26.9
Bacillus_GCF_001913555.1_spacer_12	total_phage_362	83.333	24	4	0	2	25	2882	2859	0.76	26.9
Bacillus_GCF_001913555.1_spacer_12	total_phage_244	90.000	20	2	0	1	20	20548	20567	0.76	26.9
Bacillus_GCF_001913555.1_spacer_13	virome_phage_843	90.909	22	2	0	6	27	33995	33974	0.13	30.1
Bacillus_GCF_001913555.1_spacer_13	virome_phage_35	84.000	25	4	0	5	29	21574	21598	0.38	28.5
Bacillus_GCF_001913555.1_spacer_14	virome_phage_747	80.769	26	5	0	8	33	40081	40106	0.94	26.9
Bacillus_GCF_001913555.1_spacer_14	virome_phage_734	80.769	26	5	0	1	26	112668	112693	0.94	26.9
Bacillus_GCF_001913555.1_spacer_14	total_phage_731	80.769	26	5	0	1	26	101024	101049	0.94	26.9
Bacillus_GCF_001913555.1_spacer_15	virome_phage_15	90.000	20	2	0	15	34	81329	81310	0.94	26.9
Bacillus_GCF_001913555.1_spacer_15	total_phage_791	78.571	28	6	0	2	29	43756	43729	0.94	26.9
