Bacillus_GCA_018916635.1_spacer_0	virome_phage_764	80.000	30	6	0	3	32	23204	23233	0.13	30.1
Bacillus_GCA_018916635.1_spacer_0	virome_phage_17	84.000	25	4	0	3	27	47248	47224	0.38	28.5
Bacillus_GCA_018916635.1_spacer_2	virome_phage_764	80.000	30	6	0	3	32	23204	23233	0.13	30.1
Bacillus_GCA_018916635.1_spacer_2	virome_phage_17	84.000	25	4	0	3	27	47248	47224	0.38	28.5
Bacillus_GCA_018916635.1_spacer_3	virome_phage_14	81.481	27	5	0	1	27	30838	30864	0.38	28.5
Bacillus_GCA_018916635.1_spacer_4	virome_phage_33	85.714	28	4	0	7	34	46342	46315	0.014	33.3
Bacillus_GCA_018916635.1_spacer_4	total_phage_188	80.645	31	6	0	1	31	4650	4620	0.042	31.7
Bacillus_GCA_018916635.1_spacer_4	total_phage_114	80.645	31	6	0	1	31	37649	37679	0.042	31.7
Bacillus_GCA_018916635.1_spacer_4	virome_phage_752	90.476	21	2	0	2	22	44925	44945	0.38	28.5
Bacillus_GCA_018916635.1_spacer_4	virome_phage_750	90.476	21	2	0	7	27	6697	6717	0.38	28.5
Bacillus_GCA_018916635.1_spacer_4	virome_phage_739	90.476	21	2	0	1	21	13335	13315	0.38	28.5
Bacillus_GCA_018916635.1_spacer_4	virome_phage_69	79.310	29	6	0	4	32	12586	12614	0.38	28.5
Bacillus_GCA_018916635.1_spacer_4	virome_phage_19	86.957	23	3	0	5	27	26595	26617	0.38	28.5
Bacillus_GCA_018916635.1_spacer_5	virome_phage_734	95.000	20	1	0	9	28	153180	153199	0.13	30.1
Bacillus_GCA_018916635.1_spacer_5	virome_phage_10	79.310	29	6	0	1	29	96027	96055	0.38	28.5
Bacillus_GCA_018916635.1_spacer_5	total_phage_730	86.957	23	3	0	12	34	56882	56904	0.38	28.5
Bacillus_GCA_018916635.1_spacer_5	total_phage_730	79.310	29	6	0	1	29	90681	90653	0.38	28.5
Bacillus_GCA_018916635.1_spacer_7	virome_phage_33	85.714	28	4	0	7	34	46342	46315	0.014	33.3
Bacillus_GCA_018916635.1_spacer_7	total_phage_188	80.645	31	6	0	1	31	4650	4620	0.042	31.7
Bacillus_GCA_018916635.1_spacer_7	total_phage_114	80.645	31	6	0	1	31	37649	37679	0.042	31.7
Bacillus_GCA_018916635.1_spacer_7	virome_phage_752	90.476	21	2	0	2	22	44925	44945	0.38	28.5
Bacillus_GCA_018916635.1_spacer_7	virome_phage_750	90.476	21	2	0	7	27	6697	6717	0.38	28.5
Bacillus_GCA_018916635.1_spacer_7	virome_phage_739	90.476	21	2	0	1	21	13335	13315	0.38	28.5
Bacillus_GCA_018916635.1_spacer_7	virome_phage_69	79.310	29	6	0	4	32	12586	12614	0.38	28.5
Bacillus_GCA_018916635.1_spacer_7	virome_phage_19	86.957	23	3	0	5	27	26595	26617	0.38	28.5
Bacillus_GCA_018916635.1_spacer_8	virome_phage_734	95.000	20	1	0	9	28	153180	153199	0.13	30.1
Bacillus_GCA_018916635.1_spacer_8	virome_phage_10	79.310	29	6	0	1	29	96027	96055	0.38	28.5
Bacillus_GCA_018916635.1_spacer_8	total_phage_730	86.957	23	3	0	12	34	56882	56904	0.38	28.5
Bacillus_GCA_018916635.1_spacer_8	total_phage_730	79.310	29	6	0	1	29	90681	90653	0.38	28.5
Bacillus_GCA_018916635.1_spacer_11	total_phage_793	78.125	32	7	0	1	32	5507	5538	0.10	30.1
Bacillus_GCA_018916635.1_spacer_11	total_phage_604	78.125	32	7	0	1	32	23964	23933	0.10	30.1
Bacillus_GCA_018916635.1_spacer_11	total_phage_525	78.125	32	7	0	1	32	13271	13240	0.10	30.1
Bacillus_GCA_018916635.1_spacer_11	virome_phage_66	79.310	29	6	0	4	32	26192	26220	0.31	28.5
Bacillus_GCA_018916635.1_spacer_11	total_phage_729	100.000	17	0	0	8	24	76188	76204	0.31	28.5
Bacillus_GCA_018916635.1_spacer_11	total_phage_232	90.476	21	2	0	10	30	30419	30439	0.31	28.5
Bacillus_GCA_018916635.1_spacer_11	virome_phage_2274	80.769	26	5	0	3	28	26740	26765	0.94	26.9
Bacillus_GCA_018916635.1_spacer_11	total_phage_791	83.333	24	4	0	1	24	26810	26833	0.94	26.9
Bacillus_GCA_018916635.1_spacer_11	total_phage_653	75.000	32	8	0	1	32	27596	27627	0.94	26.9
Bacillus_GCA_018916635.1_spacer_11	total_phage_111	90.000	20	2	0	8	27	2425	2444	0.94	26.9
Bacillus_GCA_018916635.1_spacer_11	virome_phage_908	76.667	30	7	0	4	33	12346	12317	0.94	26.9
Bacillus_GCA_018916635.1_spacer_11	virome_phage_776	83.333	24	4	0	11	34	39881	39858	0.94	26.9
Bacillus_GCA_018916635.1_spacer_11	total_phage_804	78.571	28	6	0	1	28	24056	24029	0.94	26.9
Bacillus_GCA_018916635.1_spacer_11	total_phage_725	75.000	32	8	0	1	32	16112	16081	0.94	26.9
Bacillus_GCA_018916635.1_spacer_11	total_phage_483	75.000	32	8	0	1	32	3687	3656	0.94	26.9
Bacillus_GCA_018916635.1_spacer_11	total_phage_479	83.333	24	4	0	1	24	12212	12189	0.94	26.9
Bacillus_GCA_018916635.1_spacer_11	total_phage_361	83.333	24	4	0	1	24	15377	15354	0.94	26.9
Bacillus_GCA_018916635.1_spacer_12	virome_phage_739	80.645	31	6	0	1	31	82846	82816	0.042	31.7
Bacillus_GCA_018916635.1_spacer_13	virome_phage_2280	80.000	30	6	0	2	31	44977	44948	0.13	30.1
Bacillus_GCA_018916635.1_spacer_13	total_phage_803	78.125	32	7	0	2	33	22550	22519	0.13	30.1
Bacillus_GCA_018916635.1_spacer_13	total_phage_248	78.125	32	7	0	4	35	5644	5613	0.13	30.1
Bacillus_GCA_018916635.1_spacer_13	total_phage_188	78.125	32	7	0	4	35	22094	22125	0.13	30.1
Bacillus_GCA_018916635.1_spacer_14	virome_phage_817	86.957	23	3	0	6	28	33551	33573	0.31	28.5
Bacillus_GCA_018916635.1_spacer_14	virome_phage_2292	81.481	27	5	0	8	34	8178	8204	0.31	28.5
Bacillus_GCA_018916635.1_spacer_14	total_phage_795	80.769	26	5	0	9	34	25450	25425	0.94	26.9
Bacillus_GCA_018916635.1_spacer_14	total_phage_730	83.333	24	4	0	5	28	72206	72183	0.94	26.9
Bacillus_GCA_018916635.1_spacer_14	virome_phage_834	75.000	32	8	0	1	32	9474	9505	0.94	26.9
Bacillus_GCA_018916635.1_spacer_14	virome_phage_271	83.333	24	4	0	5	28	1689	1712	0.94	26.9
Bacillus_GCA_018916635.1_spacer_14	virome_phage_1236	75.000	32	8	0	3	34	9697	9728	0.94	26.9
Bacillus_GCA_018916635.1_spacer_14	total_phage_179	80.769	26	5	0	8	33	27601	27626	0.94	26.9
Bacillus_GCA_018916635.1_spacer_18	virome_phage_25	84.000	25	4	0	3	27	1121	1145	0.31	28.5
Bacillus_GCA_018916635.1_spacer_18	virome_phage_2270	86.957	23	3	0	1	23	217920	217942	0.31	28.5
Bacillus_GCA_018916635.1_spacer_18	virome_phage_70	83.333	24	4	0	5	28	1415	1392	0.94	26.9
Bacillus_GCA_018916635.1_spacer_20	virome_phage_834	86.207	29	4	0	1	29	26382	26354	0.004	34.9
Bacillus_GCA_018916635.1_spacer_20	virome_phage_875	85.714	28	4	0	2	29	12968	12941	0.012	33.3
Bacillus_GCA_018916635.1_spacer_20	virome_phage_734	85.714	28	4	0	2	29	181621	181594	0.012	33.3
Bacillus_GCA_018916635.1_spacer_20	virome_phage_734	84.000	25	4	0	1	25	26847	26823	0.31	28.5
Bacillus_GCA_018916635.1_spacer_20	virome_phage_734	83.333	24	4	0	2	25	235600	235577	0.94	26.9
Bacillus_GCA_018916635.1_spacer_20	virome_phage_734	80.769	26	5	0	2	27	234635	234660	0.94	26.9
Bacillus_GCA_018916635.1_spacer_20	virome_phage_979	85.714	28	4	0	1	28	9432	9459	0.012	33.3
Bacillus_GCA_018916635.1_spacer_20	virome_phage_979	80.769	26	5	0	4	29	15866	15891	0.94	26.9
Bacillus_GCA_018916635.1_spacer_20	virome_phage_841	88.000	25	3	0	6	30	18761	18737	0.035	31.7
Bacillus_GCA_018916635.1_spacer_20	virome_phage_1	78.788	33	7	0	1	33	18804	18772	0.035	31.7
Bacillus_GCA_018916635.1_spacer_20	virome_phage_1	90.000	20	2	0	5	24	102541	102522	0.94	26.9
Bacillus_GCA_018916635.1_spacer_20	virome_phage_745	100.000	19	0	0	1	19	55603	55621	0.035	31.7
Bacillus_GCA_018916635.1_spacer_20	virome_phage_745	79.310	29	6	0	2	30	6326	6354	0.31	28.5
Bacillus_GCA_018916635.1_spacer_20	virome_phage_745	80.769	26	5	0	5	30	49220	49195	0.94	26.9
Bacillus_GCA_018916635.1_spacer_20	virome_phage_745	90.000	20	2	0	1	20	49381	49362	0.94	26.9
Bacillus_GCA_018916635.1_spacer_20	virome_phage_865	84.615	26	4	0	4	29	3142	3117	0.10	30.1
Bacillus_GCA_018916635.1_spacer_20	virome_phage_865	79.310	29	6	0	1	29	20044	20072	0.31	28.5
Bacillus_GCA_018916635.1_spacer_20	virome_phage_865	80.769	26	5	0	4	29	20036	20061	0.94	26.9
Bacillus_GCA_018916635.1_spacer_20	total_phage_734	80.000	30	6	0	5	34	7453	7424	0.10	30.1
Bacillus_GCA_018916635.1_spacer_20	total_phage_734	81.481	27	5	0	4	30	798	824	0.31	28.5
Bacillus_GCA_018916635.1_spacer_20	total_phage_479	90.909	22	2	0	4	25	1730	1709	0.10	30.1
Bacillus_GCA_018916635.1_spacer_20	total_phage_479	100.000	18	0	0	4	21	2494	2477	0.10	30.1
Bacillus_GCA_018916635.1_spacer_20	total_phage_106	100.000	18	0	0	11	28	35500	35483	0.10	30.1
Bacillus_GCA_018916635.1_spacer_20	virome_phage_280	84.615	26	4	0	7	32	10621	10646	0.10	30.1
Bacillus_GCA_018916635.1_spacer_20	virome_phage_280	83.333	24	4	0	11	34	452	475	0.94	26.9
Bacillus_GCA_018916635.1_spacer_20	virome_phage_280	75.000	32	8	0	1	32	3009	3040	0.94	26.9
Bacillus_GCA_018916635.1_spacer_20	virome_phage_2496	84.615	26	4	0	7	32	10733	10758	0.10	30.1
Bacillus_GCA_018916635.1_spacer_20	virome_phage_2263	84.615	26	4	0	7	32	10515	10540	0.10	30.1
Bacillus_GCA_018916635.1_spacer_20	total_phage_233	95.000	20	1	0	8	27	76222	76241	0.10	30.1
Bacillus_GCA_018916635.1_spacer_20	total_phage_233	81.481	27	5	0	2	28	59320	59294	0.31	28.5
Bacillus_GCA_018916635.1_spacer_20	virome_phage_751	77.419	31	7	0	1	31	22148	22118	0.31	28.5
Bacillus_GCA_018916635.1_spacer_20	virome_phage_7	86.957	23	3	0	7	29	17448	17426	0.31	28.5
Bacillus_GCA_018916635.1_spacer_20	virome_phage_7	76.667	30	7	0	3	32	119737	119766	0.94	26.9
Bacillus_GCA_018916635.1_spacer_20	virome_phage_7	83.333	24	4	0	6	29	126866	126889	0.94	26.9
Bacillus_GCA_018916635.1_spacer_20	virome_phage_4	79.310	29	6	0	1	29	127585	127557	0.31	28.5
Bacillus_GCA_018916635.1_spacer_20	virome_phage_2357	84.000	25	4	0	5	29	973	949	0.31	28.5
Bacillus_GCA_018916635.1_spacer_20	virome_phage_2254	84.000	25	4	0	8	32	34878	34854	0.31	28.5
Bacillus_GCA_018916635.1_spacer_20	virome_phage_2254	90.000	20	2	0	1	20	46995	46976	0.94	26.9
Bacillus_GCA_018916635.1_spacer_20	virome_phage_2238	84.000	25	4	0	8	32	16393	16369	0.31	28.5
Bacillus_GCA_018916635.1_spacer_20	virome_phage_2238	90.000	20	2	0	1	20	28509	28490	0.94	26.9
Bacillus_GCA_018916635.1_spacer_20	total_phage_794	84.000	25	4	0	5	29	31938	31914	0.31	28.5
Bacillus_GCA_018916635.1_spacer_20	total_phage_451	79.310	29	6	0	4	32	24334	24306	0.31	28.5
Bacillus_GCA_018916635.1_spacer_20	total_phage_370	86.957	23	3	0	6	28	14994	14972	0.31	28.5
Bacillus_GCA_018916635.1_spacer_20	total_phage_231	75.758	33	8	0	2	34	5104	5072	0.31	28.5
Bacillus_GCA_018916635.1_spacer_20	virome_phage_925	77.419	31	7	0	2	32	19014	19044	0.31	28.5
Bacillus_GCA_018916635.1_spacer_20	virome_phage_857	81.481	27	5	0	4	30	7464	7490	0.31	28.5
Bacillus_GCA_018916635.1_spacer_20	virome_phage_8	84.000	25	4	0	10	34	1919	1943	0.31	28.5
Bacillus_GCA_018916635.1_spacer_20	virome_phage_764	100.000	17	0	0	5	21	21085	21101	0.31	28.5
Bacillus_GCA_018916635.1_spacer_20	virome_phage_65	90.476	21	2	0	12	32	3847	3867	0.31	28.5
Bacillus_GCA_018916635.1_spacer_20	virome_phage_2327	86.957	23	3	0	10	32	11270	11292	0.31	28.5
Bacillus_GCA_018916635.1_spacer_20	total_phage_804	81.481	27	5	0	1	27	18236	18262	0.31	28.5
Bacillus_GCA_018916635.1_spacer_20	virome_phage_974	80.769	26	5	0	4	29	13453	13428	0.94	26.9
Bacillus_GCA_018916635.1_spacer_20	virome_phage_88	86.364	22	3	0	8	29	30455	30434	0.94	26.9
Bacillus_GCA_018916635.1_spacer_20	virome_phage_878	83.333	24	4	0	9	32	3751	3728	0.94	26.9
Bacillus_GCA_018916635.1_spacer_20	virome_phage_878	80.769	26	5	0	4	29	3539	3564	0.94	26.9
Bacillus_GCA_018916635.1_spacer_20	virome_phage_878	80.769	26	5	0	1	26	21996	22021	0.94	26.9
Bacillus_GCA_018916635.1_spacer_20	virome_phage_866	94.444	18	1	0	5	22	3667	3650	0.94	26.9
Bacillus_GCA_018916635.1_spacer_20	virome_phage_866	94.444	18	1	0	5	22	29515	29498	0.94	26.9
Bacillus_GCA_018916635.1_spacer_20	virome_phage_835	75.000	32	8	0	1	32	33044	33013	0.94	26.9
Bacillus_GCA_018916635.1_spacer_20	virome_phage_82	78.571	28	6	0	2	29	23782	23755	0.94	26.9
Bacillus_GCA_018916635.1_spacer_20	virome_phage_817	78.571	28	6	0	1	28	38199	38172	0.94	26.9
Bacillus_GCA_018916635.1_spacer_20	virome_phage_807	80.769	26	5	0	3	28	18788	18763	0.94	26.9
Bacillus_GCA_018916635.1_spacer_20	virome_phage_800	86.364	22	3	0	8	29	29532	29511	0.94	26.9
Bacillus_GCA_018916635.1_spacer_20	virome_phage_798	83.333	24	4	0	1	24	25000	24977	0.94	26.9
Bacillus_GCA_018916635.1_spacer_20	virome_phage_748	83.333	24	4	0	3	26	22670	22647	0.94	26.9
Bacillus_GCA_018916635.1_spacer_20	virome_phage_748	86.364	22	3	0	8	29	32716	32737	0.94	26.9
Bacillus_GCA_018916635.1_spacer_20	virome_phage_27	83.333	24	4	0	3	26	30744	30721	0.94	26.9
Bacillus_GCA_018916635.1_spacer_20	virome_phage_2360	86.364	22	3	0	8	29	12768	12747	0.94	26.9
Bacillus_GCA_018916635.1_spacer_20	virome_phage_2345	86.364	22	3	0	3	24	23273	23252	0.94	26.9
Bacillus_GCA_018916635.1_spacer_20	virome_phage_2329	83.333	24	4	0	11	34	29443	29420	0.94	26.9
Bacillus_GCA_018916635.1_spacer_20	virome_phage_2324	90.000	20	2	0	4	23	32115	32096	0.94	26.9
Bacillus_GCA_018916635.1_spacer_20	virome_phage_2314	100.000	16	0	0	2	17	15563	15548	0.94	26.9
Bacillus_GCA_018916635.1_spacer_20	virome_phage_191	80.769	26	5	0	7	32	9666	9641	0.94	26.9
Bacillus_GCA_018916635.1_spacer_20	virome_phage_189	86.364	22	3	0	2	23	407	386	0.94	26.9
Bacillus_GCA_018916635.1_spacer_20	virome_phage_189	76.667	30	7	0	3	32	10683	10654	0.94	26.9
Bacillus_GCA_018916635.1_spacer_20	virome_phage_127	83.333	24	4	0	4	27	23840	23817	0.94	26.9
Bacillus_GCA_018916635.1_spacer_20	virome_phage_1236	83.333	24	4	0	3	26	3508	3485	0.94	26.9
Bacillus_GCA_018916635.1_spacer_20	virome_phage_116	83.333	24	4	0	9	32	21554	21531	0.94	26.9
Bacillus_GCA_018916635.1_spacer_20	virome_phage_116	80.769	26	5	0	4	29	19563	19588	0.94	26.9
Bacillus_GCA_018916635.1_spacer_20	total_phage_92	90.000	20	2	0	13	32	71985	71966	0.94	26.9
Bacillus_GCA_018916635.1_spacer_20	total_phage_92	90.000	20	2	0	10	29	100732	100713	0.94	26.9
Bacillus_GCA_018916635.1_spacer_20	total_phage_788	78.571	28	6	0	1	28	30763	30736	0.94	26.9
Bacillus_GCA_018916635.1_spacer_20	total_phage_731	78.571	28	6	0	1	28	29828	29801	0.94	26.9
Bacillus_GCA_018916635.1_spacer_20	total_phage_729	75.000	32	8	0	1	32	119391	119360	0.94	26.9
Bacillus_GCA_018916635.1_spacer_20	total_phage_729	86.364	22	3	0	10	31	68529	68550	0.94	26.9
Bacillus_GCA_018916635.1_spacer_20	total_phage_727	80.769	26	5	0	6	31	27566	27541	0.94	26.9
Bacillus_GCA_018916635.1_spacer_20	total_phage_518	80.769	26	5	0	6	31	39776	39751	0.94	26.9
Bacillus_GCA_018916635.1_spacer_20	total_phage_362	90.000	20	2	0	5	24	112	93	0.94	26.9
Bacillus_GCA_018916635.1_spacer_20	total_phage_360	86.364	22	3	0	8	29	1040	1019	0.94	26.9
Bacillus_GCA_018916635.1_spacer_20	total_phage_306	80.769	26	5	0	2	27	5681	5656	0.94	26.9
Bacillus_GCA_018916635.1_spacer_20	total_phage_306	80.769	26	5	0	7	32	20854	20829	0.94	26.9
Bacillus_GCA_018916635.1_spacer_20	total_phage_305	80.769	26	5	0	3	28	1464	1439	0.94	26.9
Bacillus_GCA_018916635.1_spacer_20	total_phage_254	80.769	26	5	0	7	32	9582	9557	0.94	26.9
Bacillus_GCA_018916635.1_spacer_20	total_phage_121	86.364	22	3	0	8	29	306	285	0.94	26.9
Bacillus_GCA_018916635.1_spacer_20	total_phage_114	86.364	22	3	0	6	27	12461	12440	0.94	26.9
Bacillus_GCA_018916635.1_spacer_20	total_phage_113	83.333	24	4	0	1	24	18418	18395	0.94	26.9
Bacillus_GCA_018916635.1_spacer_20	virome_phage_91	80.769	26	5	0	4	29	21726	21751	0.94	26.9
Bacillus_GCA_018916635.1_spacer_20	virome_phage_908	86.364	22	3	0	9	30	8766	8787	0.94	26.9
Bacillus_GCA_018916635.1_spacer_20	virome_phage_856	78.571	28	6	0	1	28	18767	18794	0.94	26.9
Bacillus_GCA_018916635.1_spacer_20	virome_phage_789	94.444	18	1	0	1	18	18964	18981	0.94	26.9
Bacillus_GCA_018916635.1_spacer_20	virome_phage_771	78.571	28	6	0	5	32	7405	7432	0.94	26.9
Bacillus_GCA_018916635.1_spacer_20	virome_phage_759	75.000	32	8	0	1	32	7483	7514	0.94	26.9
Bacillus_GCA_018916635.1_spacer_20	virome_phage_759	78.571	28	6	0	2	29	11037	11064	0.94	26.9
Bacillus_GCA_018916635.1_spacer_20	virome_phage_62	78.571	28	6	0	5	32	34115	34142	0.94	26.9
Bacillus_GCA_018916635.1_spacer_20	virome_phage_2342	90.000	20	2	0	5	24	8410	8429	0.94	26.9
Bacillus_GCA_018916635.1_spacer_20	virome_phage_2333	75.000	32	8	0	1	32	2089	2120	0.94	26.9
Bacillus_GCA_018916635.1_spacer_20	virome_phage_2280	76.667	30	7	0	3	32	481	510	0.94	26.9
Bacillus_GCA_018916635.1_spacer_20	virome_phage_1006	80.769	26	5	0	7	32	6163	6188	0.94	26.9
Bacillus_GCA_018916635.1_spacer_20	virome_phage_10	78.571	28	6	0	5	32	115342	115369	0.94	26.9
Bacillus_GCA_018916635.1_spacer_20	total_phage_929	76.667	30	7	0	4	33	1847	1876	0.94	26.9
Bacillus_GCA_018916635.1_spacer_20	total_phage_807	78.571	28	6	0	1	28	18942	18969	0.94	26.9
Bacillus_GCA_018916635.1_spacer_20	total_phage_796	86.364	22	3	0	8	29	25305	25326	0.94	26.9
Bacillus_GCA_018916635.1_spacer_20	total_phage_787	80.769	26	5	0	1	26	23981	24006	0.94	26.9
Bacillus_GCA_018916635.1_spacer_20	total_phage_636	83.333	24	4	0	9	32	15117	15140	0.94	26.9
Bacillus_GCA_018916635.1_spacer_20	total_phage_500	90.000	20	2	0	1	20	79448	79467	0.94	26.9
Bacillus_GCA_018916635.1_spacer_20	total_phage_415	83.333	24	4	0	4	27	21378	21401	0.94	26.9
Bacillus_GCA_018916635.1_spacer_20	total_phage_363	90.000	20	2	0	1	20	19515	19534	0.94	26.9
Bacillus_GCA_018916635.1_spacer_20	total_phage_308	76.667	30	7	0	1	30	10635	10664	0.94	26.9
Bacillus_GCA_018916635.1_spacer_20	total_phage_307	94.444	18	1	0	7	24	17117	17134	0.94	26.9
Bacillus_GCA_018916635.1_spacer_20	total_phage_294	76.667	30	7	0	1	30	35525	35554	0.94	26.9
Bacillus_GCA_018916635.1_spacer_20	total_phage_237	78.571	28	6	0	3	30	16005	16032	0.94	26.9
Bacillus_GCA_018916635.1_spacer_20	total_phage_2	90.000	20	2	0	1	20	35799	35818	0.94	26.9
Bacillus_GCA_018916635.1_spacer_20	total_phage_179	78.571	28	6	0	1	28	11660	11687	0.94	26.9
Bacillus_GCA_018916635.1_spacer_20	total_phage_112	80.769	26	5	0	3	28	7578	7603	0.94	26.9
Bacillus_GCA_018916635.1_spacer_22	virome_phage_734	75.000	36	9	0	1	36	11195	11160	0.13	30.1
Bacillus_GCA_018916635.1_spacer_22	virome_phage_734	77.419	31	7	0	1	31	74624	74594	0.38	28.5
Bacillus_GCA_018916635.1_spacer_22	virome_phage_734	75.758	33	8	0	1	33	302324	302356	0.38	28.5
Bacillus_GCA_018916635.1_spacer_22	virome_phage_798	84.615	26	4	0	1	26	33881	33906	0.13	30.1
Bacillus_GCA_018916635.1_spacer_22	virome_phage_751	78.125	32	7	0	1	32	33379	33410	0.13	30.1
Bacillus_GCA_018916635.1_spacer_22	virome_phage_749	76.471	34	8	0	3	36	33306	33339	0.13	30.1
Bacillus_GCA_018916635.1_spacer_22	total_phage_113	84.615	26	4	0	1	26	27299	27324	0.13	30.1
Bacillus_GCA_018916635.1_spacer_22	virome_phage_865	74.286	35	9	0	2	36	6144	6110	0.38	28.5
Bacillus_GCA_018916635.1_spacer_22	virome_phage_745	77.419	31	7	0	1	31	18494	18464	0.38	28.5
Bacillus_GCA_018916635.1_spacer_22	total_phage_92	77.419	31	7	0	1	31	51564	51534	0.38	28.5
Bacillus_GCA_018916635.1_spacer_22	total_phage_92	86.957	23	3	0	10	32	83087	83065	0.38	28.5
Bacillus_GCA_018916635.1_spacer_22	total_phage_293	84.000	25	4	0	4	28	11781	11757	0.38	28.5
Bacillus_GCA_018916635.1_spacer_22	virome_phage_817	81.481	27	5	0	8	34	59	85	0.38	28.5
Bacillus_GCA_018916635.1_spacer_22	virome_phage_817	81.481	27	5	0	8	34	38301	38327	0.38	28.5
Bacillus_GCA_018916635.1_spacer_22	virome_phage_776	86.957	23	3	0	14	36	21631	21653	0.38	28.5
Bacillus_GCA_018916635.1_spacer_22	total_phage_413	90.476	21	2	0	11	31	43003	43023	0.38	28.5
Bacillus_GCA_018916635.1_spacer_23	virome_phage_112	100.000	18	0	0	15	32	7224	7207	0.13	30.1
Bacillus_GCA_018916635.1_spacer_23	total_phage_369	79.310	29	6	0	4	32	23794	23766	0.38	28.5
Bacillus_GCA_018916635.1_spacer_23	total_phage_307	75.758	33	8	0	2	34	11078	11110	0.38	28.5
Bacillus_GCA_018916635.1_spacer_25	virome_phage_58	91.304	23	2	0	6	28	4086	4108	0.028	31.7
Bacillus_GCA_018916635.1_spacer_25	virome_phage_2301	84.615	26	4	0	8	33	474	449	0.084	30.1
Bacillus_GCA_018916635.1_spacer_25	virome_phage_12	87.500	24	3	0	4	27	47284	47261	0.084	30.1
Bacillus_GCA_018916635.1_spacer_25	virome_phage_908	81.481	27	5	0	2	28	1141	1115	0.25	28.5
Bacillus_GCA_018916635.1_spacer_25	virome_phage_745	86.957	23	3	0	9	31	72327	72349	0.25	28.5
Bacillus_GCA_018916635.1_spacer_25	virome_phage_32	90.476	21	2	0	10	30	35385	35365	0.25	28.5
Bacillus_GCA_018916635.1_spacer_25	total_phage_727	79.310	29	6	0	2	30	2282	2310	0.25	28.5
Bacillus_GCA_018916635.1_spacer_25	total_phage_518	79.310	29	6	0	2	30	14492	14520	0.25	28.5
Bacillus_GCA_018916635.1_spacer_25	virome_phage_864	75.000	32	8	0	2	33	18231	18262	0.76	26.9
Bacillus_GCA_018916635.1_spacer_25	virome_phage_824	90.000	20	2	0	13	32	20360	20341	0.76	26.9
Bacillus_GCA_018916635.1_spacer_25	virome_phage_779	80.769	26	5	0	7	32	39892	39867	0.76	26.9
Bacillus_GCA_018916635.1_spacer_25	virome_phage_754	94.444	18	1	0	13	30	27151	27134	0.76	26.9
Bacillus_GCA_018916635.1_spacer_25	virome_phage_45	94.444	18	1	0	16	33	37211	37194	0.76	26.9
Bacillus_GCA_018916635.1_spacer_25	virome_phage_2368	86.364	22	3	0	12	33	17088	17067	0.76	26.9
Bacillus_GCA_018916635.1_spacer_25	virome_phage_181	78.571	28	6	0	6	33	16225	16198	0.76	26.9
Bacillus_GCA_018916635.1_spacer_25	virome_phage_145	86.364	22	3	0	12	33	4278	4299	0.76	26.9
Bacillus_GCA_018916635.1_spacer_25	total_phage_731	86.364	22	3	0	12	33	91159	91180	0.76	26.9
Bacillus_GCA_018916635.1_spacer_25	total_phage_413	80.769	26	5	0	3	28	92831	92856	0.76	26.9
Bacillus_GCA_018916635.1_spacer_25	total_phage_18	78.571	28	6	0	6	33	16326	16299	0.76	26.9
Bacillus_GCA_018916635.1_spacer_26	virome_phage_4	78.125	32	7	0	1	32	126793	126824	0.084	30.1
Bacillus_GCA_018916635.1_spacer_26	total_phage_929	82.143	28	5	0	2	29	6522	6549	0.084	30.1
Bacillus_GCA_018916635.1_spacer_26	virome_phage_738	78.125	32	7	0	1	32	115663	115632	0.084	30.1
Bacillus_GCA_018916635.1_spacer_26	virome_phage_848	79.310	29	6	0	1	29	20306	20278	0.25	28.5
Bacillus_GCA_018916635.1_spacer_26	virome_phage_834	81.481	27	5	0	2	28	34146	34120	0.25	28.5
Bacillus_GCA_018916635.1_spacer_26	virome_phage_734	84.000	25	4	0	4	28	244289	244265	0.25	28.5
Bacillus_GCA_018916635.1_spacer_26	virome_phage_734	76.667	30	7	0	1	30	125535	125564	0.76	26.9
Bacillus_GCA_018916635.1_spacer_26	virome_phage_2357	81.481	27	5	0	2	28	5767	5741	0.25	28.5
Bacillus_GCA_018916635.1_spacer_26	virome_phage_840	78.571	28	6	0	2	29	13726	13753	0.76	26.9
Bacillus_GCA_018916635.1_spacer_26	virome_phage_749	86.364	22	3	0	8	29	16615	16636	0.76	26.9
Bacillus_GCA_018916635.1_spacer_26	virome_phage_2294	90.000	20	2	0	5	24	38621	38640	0.76	26.9
Bacillus_GCA_018916635.1_spacer_26	virome_phage_145	86.364	22	3	0	5	26	2101	2122	0.76	26.9
Bacillus_GCA_018916635.1_spacer_26	total_phage_807	100.000	16	0	0	15	30	1088	1103	0.76	26.9
Bacillus_GCA_018916635.1_spacer_26	total_phage_500	80.769	26	5	0	5	30	75118	75143	0.76	26.9
Bacillus_GCA_018916635.1_spacer_26	virome_phage_92	90.000	20	2	0	5	24	32649	32630	0.76	26.9
Bacillus_GCA_018916635.1_spacer_26	virome_phage_8	83.333	24	4	0	5	28	107324	107301	0.76	26.9
Bacillus_GCA_018916635.1_spacer_26	virome_phage_771	80.769	26	5	0	1	26	24827	24802	0.76	26.9
Bacillus_GCA_018916635.1_spacer_26	virome_phage_752	76.667	30	7	0	1	30	19647	19618	0.76	26.9
Bacillus_GCA_018916635.1_spacer_26	virome_phage_2327	94.444	18	1	0	15	32	108	91	0.76	26.9
Bacillus_GCA_018916635.1_spacer_26	virome_phage_2260	94.444	18	1	0	2	19	6279	6262	0.76	26.9
Bacillus_GCA_018916635.1_spacer_26	virome_phage_2238	80.769	26	5	0	5	30	32839	32814	0.76	26.9
Bacillus_GCA_018916635.1_spacer_26	virome_phage_115	80.769	26	5	0	1	26	8531	8506	0.76	26.9
Bacillus_GCA_018916635.1_spacer_26	total_phage_664	86.364	22	3	0	7	28	4924	4903	0.76	26.9
Bacillus_GCA_018916635.1_spacer_26	total_phage_232	76.667	30	7	0	1	30	29470	29441	0.76	26.9
Bacillus_GCA_018916635.1_spacer_27	virome_phage_87	100.000	17	0	0	14	30	21620	21636	0.38	28.5
Bacillus_GCA_018916635.1_spacer_27	virome_phage_1849	81.481	27	5	0	9	35	5281	5307	0.38	28.5
Bacillus_GCA_018916635.1_spacer_28	virome_phage_913	80.769	26	5	0	9	34	15669	15644	0.94	26.9
Bacillus_GCA_018916635.1_spacer_28	virome_phage_824	90.000	20	2	0	13	32	30368	30387	0.94	26.9
Bacillus_GCA_018916635.1_spacer_28	virome_phage_743	100.000	16	0	0	5	20	30740	30755	0.94	26.9
Bacillus_GCA_018916635.1_spacer_28	virome_phage_70	86.364	22	3	0	4	25	27203	27224	0.94	26.9
Bacillus_GCA_018916635.1_spacer_29	total_phage_729	78.125	32	7	0	2	33	16947	16978	0.13	30.1
Bacillus_GCA_018916635.1_spacer_29	virome_phage_751	90.476	21	2	0	15	35	16113	16093	0.38	28.5
Bacillus_GCA_018916635.1_spacer_29	virome_phage_2254	84.000	25	4	0	3	27	15197	15173	0.38	28.5
