Bacillus_GCF_002564505.1_spacer_0	virome_phage_2913	90.000	20	2	0	5	24	2860	2841	0.76	26.9
Bacillus_GCF_002564505.1_spacer_0	virome_phage_2342	75.000	32	8	0	2	33	548	517	0.76	26.9
Bacillus_GCF_002564505.1_spacer_0	virome_phage_815	76.667	30	7	0	4	33	28246	28275	0.76	26.9
Bacillus_GCF_002564505.1_spacer_0	total_phage_111	76.667	30	7	0	4	33	31149	31178	0.76	26.9
Bacillus_GCF_002564505.1_spacer_0	total_phage_111	76.667	30	7	0	4	33	71391	71420	0.76	26.9
Bacillus_GCF_002564505.1_spacer_1	virome_phage_183	84.000	25	4	0	2	26	12185	12209	0.38	28.5
Bacillus_GCF_002564505.1_spacer_1	virome_phage_1033	84.000	25	4	0	2	26	12034	12058	0.38	28.5
Bacillus_GCF_002564505.1_spacer_1	total_phage_231	79.310	29	6	0	1	29	28068	28096	0.38	28.5
Bacillus_GCF_002564505.1_spacer_2	virome_phage_734	90.000	20	2	0	6	25	218136	218155	0.76	26.9
Bacillus_GCF_002564505.1_spacer_2	virome_phage_59	94.444	18	1	0	15	32	1573	1590	0.76	26.9
Bacillus_GCF_002564505.1_spacer_2	virome_phage_1	75.000	32	8	0	1	32	125438	125469	0.76	26.9
Bacillus_GCF_002564505.1_spacer_3	virome_phage_8	73.529	34	9	0	1	34	36252	36285	0.94	26.9
Bacillus_GCF_002564505.1_spacer_3	virome_phage_739	86.364	22	3	0	6	27	75478	75457	0.94	26.9
Bacillus_GCF_002564505.1_spacer_3	virome_phage_1467	86.364	22	3	0	9	30	3478	3457	0.94	26.9
Bacillus_GCF_002564505.1_spacer_3	virome_phage_1446	86.364	22	3	0	9	30	3704	3725	0.94	26.9
Bacillus_GCF_002564505.1_spacer_3	total_phage_237	83.333	24	4	0	11	34	10513	10490	0.94	26.9
Bacillus_GCF_002564505.1_spacer_4	virome_phage_739	86.957	23	3	0	3	25	72926	72904	0.31	28.5
Bacillus_GCF_002564505.1_spacer_4	virome_phage_739	84.000	25	4	0	1	25	126056	126080	0.31	28.5
Bacillus_GCF_002564505.1_spacer_4	virome_phage_835	90.000	20	2	0	15	34	6862	6843	0.94	26.9
Bacillus_GCF_002564505.1_spacer_4	virome_phage_50	78.571	28	6	0	7	34	27935	27908	0.94	26.9
Bacillus_GCF_002564505.1_spacer_4	total_phage_638	90.000	20	2	0	15	34	6755	6774	0.94	26.9
Bacillus_GCF_002564505.1_spacer_5	virome_phage_846	94.737	19	1	0	6	24	2022	2040	0.31	28.5
Bacillus_GCF_002564505.1_spacer_5	total_phage_100	94.737	19	1	0	6	24	19418	19400	0.31	28.5
Bacillus_GCF_002564505.1_spacer_5	total_phage_782	83.333	24	4	0	1	24	14536	14513	0.94	26.9
Bacillus_GCF_002564505.1_spacer_6	virome_phage_824	75.758	33	8	0	3	35	24396	24364	0.38	28.5
Bacillus_GCF_002564505.1_spacer_6	virome_phage_16	90.476	21	2	0	1	21	52432	52412	0.38	28.5
Bacillus_GCF_002564505.1_spacer_7	virome_phage_804	83.333	24	4	0	8	31	20846	20869	0.76	26.9
Bacillus_GCF_002564505.1_spacer_8	total_phage_793	78.125	32	7	0	1	32	1958	1989	0.13	30.1
Bacillus_GCF_002564505.1_spacer_8	total_phage_739	82.143	28	5	0	8	35	10975	11002	0.13	30.1
Bacillus_GCF_002564505.1_spacer_8	total_phage_4	82.143	28	5	0	8	35	5123	5150	0.13	30.1
Bacillus_GCF_002564505.1_spacer_8	virome_phage_2286	77.419	31	7	0	2	32	38268	38298	0.38	28.5
Bacillus_GCF_002564505.1_spacer_8	virome_phage_1	86.957	23	3	0	13	35	138468	138490	0.38	28.5
Bacillus_GCF_002564505.1_spacer_8	total_phage_233	79.310	29	6	0	2	30	28065	28093	0.38	28.5
Bacillus_GCF_002564505.1_spacer_8	virome_phage_28	86.957	23	3	0	13	35	34961	34939	0.38	28.5
Bacillus_GCF_002564505.1_spacer_8	virome_phage_10	77.419	31	7	0	1	31	26950	26920	0.38	28.5
Bacillus_GCF_002564505.1_spacer_9	virome_phage_1	90.476	21	2	0	1	21	199584	199564	0.31	28.5
Bacillus_GCF_002564505.1_spacer_9	virome_phage_2301	80.769	26	5	0	6	31	31182	31207	0.94	26.9
Bacillus_GCF_002564505.1_spacer_10	virome_phage_746	86.957	23	3	0	7	29	40181	40159	0.31	28.5
Bacillus_GCF_002564505.1_spacer_10	virome_phage_7	79.310	29	6	0	5	33	46716	46688	0.31	28.5
Bacillus_GCF_002564505.1_spacer_10	virome_phage_17	86.957	23	3	0	1	23	71866	71888	0.31	28.5
Bacillus_GCF_002564505.1_spacer_10	virome_phage_734	86.364	22	3	0	11	32	326077	326056	0.94	26.9
Bacillus_GCF_002564505.1_spacer_10	total_phage_783	86.364	22	3	0	5	26	11420	11399	0.94	26.9
Bacillus_GCF_002564505.1_spacer_10	total_phage_733	83.333	24	4	0	3	26	31983	31960	0.94	26.9
Bacillus_GCF_002564505.1_spacer_10	total_phage_666	73.529	34	9	0	1	34	19123	19090	0.94	26.9
Bacillus_GCF_002564505.1_spacer_10	total_phage_189	83.333	24	4	0	3	26	30375	30352	0.94	26.9
Bacillus_GCF_002564505.1_spacer_10	total_phage_927	80.769	26	5	0	4	29	232269	232294	0.94	26.9
Bacillus_GCF_002564505.1_spacer_10	total_phage_739	90.000	20	2	0	6	25	4848	4867	0.94	26.9
Bacillus_GCF_002564505.1_spacer_10	total_phage_639	73.529	34	9	0	1	34	4898	4931	0.94	26.9
Bacillus_GCF_002564505.1_spacer_10	total_phage_413	75.000	32	8	0	3	34	106955	106986	0.94	26.9
Bacillus_GCF_002564505.1_spacer_10	total_phage_363	86.364	22	3	0	1	22	3009	3030	0.94	26.9
Bacillus_GCF_002564505.1_spacer_10	total_phage_308	83.333	24	4	0	11	34	26472	26495	0.94	26.9
Bacillus_GCF_002564505.1_spacer_11	total_phage_729	83.871	31	5	0	2	32	37353	37383	0.004	34.9
Bacillus_GCF_002564505.1_spacer_11	total_phage_739	85.185	27	4	0	1	27	16833	16807	0.035	31.7
Bacillus_GCF_002564505.1_spacer_11	virome_phage_2235	84.615	26	4	0	4	29	11421	11446	0.10	30.1
Bacillus_GCF_002564505.1_spacer_11	virome_phage_914	86.957	23	3	0	3	25	18196	18174	0.31	28.5
Bacillus_GCF_002564505.1_spacer_11	virome_phage_807	79.310	29	6	0	6	34	19283	19255	0.31	28.5
Bacillus_GCF_002564505.1_spacer_11	total_phage_92	86.957	23	3	0	2	24	148824	148802	0.31	28.5
Bacillus_GCF_002564505.1_spacer_11	total_phage_305	79.310	29	6	0	6	34	1959	1931	0.31	28.5
Bacillus_GCF_002564505.1_spacer_11	total_phage_188	86.957	23	3	0	12	34	17201	17179	0.31	28.5
Bacillus_GCF_002564505.1_spacer_11	virome_phage_997	81.481	27	5	0	4	30	10156	10182	0.31	28.5
Bacillus_GCF_002564505.1_spacer_11	virome_phage_997	76.667	30	7	0	3	32	6188	6217	0.94	26.9
Bacillus_GCF_002564505.1_spacer_11	virome_phage_845	84.000	25	4	0	2	26	17377	17401	0.31	28.5
Bacillus_GCF_002564505.1_spacer_11	virome_phage_11	94.737	19	1	0	3	21	29517	29535	0.31	28.5
Bacillus_GCF_002564505.1_spacer_11	virome_phage_798	78.571	28	6	0	7	34	37775	37748	0.94	26.9
Bacillus_GCF_002564505.1_spacer_11	virome_phage_739	86.364	22	3	0	3	24	115895	115874	0.94	26.9
Bacillus_GCF_002564505.1_spacer_11	virome_phage_7	78.571	28	6	0	1	28	88119	88092	0.94	26.9
Bacillus_GCF_002564505.1_spacer_11	virome_phage_7	80.769	26	5	0	4	29	88170	88145	0.94	26.9
Bacillus_GCF_002564505.1_spacer_11	virome_phage_3	94.444	18	1	0	17	34	63887	63870	0.94	26.9
Bacillus_GCF_002564505.1_spacer_11	virome_phage_2322	80.769	26	5	0	8	33	26157	26132	0.94	26.9
Bacillus_GCF_002564505.1_spacer_11	virome_phage_2254	86.364	22	3	0	12	33	92901	92880	0.94	26.9
Bacillus_GCF_002564505.1_spacer_11	virome_phage_2254	73.529	34	9	0	1	34	101650	101683	0.94	26.9
Bacillus_GCF_002564505.1_spacer_11	virome_phage_2238	86.364	22	3	0	12	33	74425	74404	0.94	26.9
Bacillus_GCF_002564505.1_spacer_11	virome_phage_2237	80.769	26	5	0	3	28	12040	12015	0.94	26.9
Bacillus_GCF_002564505.1_spacer_11	virome_phage_1813	75.000	32	8	0	2	33	5977	5946	0.94	26.9
Bacillus_GCF_002564505.1_spacer_11	virome_phage_1770	75.000	32	8	0	2	33	5211	5180	0.94	26.9
Bacillus_GCF_002564505.1_spacer_11	total_phage_653	76.667	30	7	0	2	31	9103	9074	0.94	26.9
Bacillus_GCF_002564505.1_spacer_11	total_phage_500	73.529	34	9	0	1	34	24861	24828	0.94	26.9
Bacillus_GCF_002564505.1_spacer_11	total_phage_500	86.364	22	3	0	12	33	33532	33553	0.94	26.9
Bacillus_GCF_002564505.1_spacer_11	total_phage_231	90.000	20	2	0	8	27	75591	75572	0.94	26.9
Bacillus_GCF_002564505.1_spacer_11	total_phage_231	90.000	20	2	0	11	30	122662	122643	0.94	26.9
Bacillus_GCF_002564505.1_spacer_11	total_phage_113	78.571	28	6	0	7	34	31193	31166	0.94	26.9
Bacillus_GCF_002564505.1_spacer_11	virome_phage_755	80.769	26	5	0	3	28	46504	46529	0.94	26.9
Bacillus_GCF_002564505.1_spacer_11	virome_phage_745	80.769	26	5	0	4	29	2915	2940	0.94	26.9
Bacillus_GCF_002564505.1_spacer_11	virome_phage_744	78.571	28	6	0	4	31	56432	56459	0.94	26.9
Bacillus_GCF_002564505.1_spacer_11	virome_phage_2270	90.000	20	2	0	10	29	37009	37028	0.94	26.9
Bacillus_GCF_002564505.1_spacer_11	virome_phage_2243	80.769	26	5	0	3	28	5745	5770	0.94	26.9
Bacillus_GCF_002564505.1_spacer_11	virome_phage_1217	86.364	22	3	0	12	33	1057	1078	0.94	26.9
Bacillus_GCF_002564505.1_spacer_11	total_phage_644	80.769	26	5	0	3	28	5634	5659	0.94	26.9
Bacillus_GCF_002564505.1_spacer_11	total_phage_487	80.769	26	5	0	3	28	4271	4296	0.94	26.9
Bacillus_GCF_002564505.1_spacer_11	total_phage_483	76.667	30	7	0	2	31	22189	22218	0.94	26.9
Bacillus_GCF_002564505.1_spacer_11	total_phage_296	90.000	20	2	0	1	20	17759	17778	0.94	26.9
Bacillus_GCF_002564505.1_spacer_12	total_phage_233	75.758	33	8	0	1	33	7884	7916	0.38	28.5
Bacillus_GCF_002564505.1_spacer_13	total_phage_793	87.500	24	3	0	8	31	31189	31212	0.13	30.1
Bacillus_GCF_002564505.1_spacer_13	total_phage_363	87.500	24	3	0	8	31	24748	24771	0.13	30.1
Bacillus_GCF_002564505.1_spacer_13	total_phage_362	87.500	24	3	0	8	31	34745	34768	0.13	30.1
Bacillus_GCF_002564505.1_spacer_13	virome_phage_745	86.957	23	3	0	7	29	64906	64884	0.38	28.5
Bacillus_GCF_002564505.1_spacer_13	total_phage_605	90.476	21	2	0	8	28	18515	18495	0.38	28.5
Bacillus_GCF_002564505.1_spacer_13	total_phage_526	90.476	21	2	0	8	28	8320	8300	0.38	28.5
Bacillus_GCF_002564505.1_spacer_14	virome_phage_2312	79.310	29	6	0	3	31	29336	29308	0.38	28.5
Bacillus_GCF_002564505.1_spacer_15	virome_phage_2237	86.957	23	3	0	14	36	1174	1152	0.38	28.5
Bacillus_GCF_002564505.1_spacer_15	virome_phage_746	84.000	25	4	0	8	32	61001	61025	0.38	28.5
Bacillus_GCF_002564505.1_spacer_15	virome_phage_2243	86.957	23	3	0	14	36	16611	16633	0.38	28.5
Bacillus_GCF_002564505.1_spacer_15	total_phage_644	86.957	23	3	0	14	36	16500	16522	0.38	28.5
Bacillus_GCF_002564505.1_spacer_16	virome_phage_2323	91.304	23	2	0	8	30	19529	19551	0.042	31.7
Bacillus_GCF_002564505.1_spacer_16	virome_phage_734	81.481	27	5	0	6	32	312446	312472	0.38	28.5
Bacillus_GCF_002564505.1_spacer_16	virome_phage_878	79.310	29	6	0	8	36	20650	20622	0.38	28.5
