Bacillus_GCF_002014545.1_spacer_0	virome_phage_2288	86.207	29	4	0	2	30	8417	8445	0.003	34.9
Bacillus_GCF_002014545.1_spacer_0	virome_phage_2288	90.476	21	2	0	5	25	49156	49176	0.25	28.5
Bacillus_GCF_002014545.1_spacer_0	virome_phage_2254	85.714	28	4	0	5	32	36723	36750	0.009	33.3
Bacillus_GCF_002014545.1_spacer_0	virome_phage_2254	80.000	30	6	0	1	30	83463	83434	0.084	30.1
Bacillus_GCF_002014545.1_spacer_0	virome_phage_2254	86.364	22	3	0	2	23	76499	76478	0.76	26.9
Bacillus_GCF_002014545.1_spacer_0	virome_phage_2238	85.714	28	4	0	5	32	18237	18264	0.009	33.3
Bacillus_GCF_002014545.1_spacer_0	virome_phage_2238	86.364	22	3	0	2	23	58013	57992	0.76	26.9
Bacillus_GCF_002014545.1_spacer_0	virome_phage_823	91.304	23	2	0	9	31	31892	31870	0.028	31.7
Bacillus_GCF_002014545.1_spacer_0	virome_phage_79	82.759	29	5	0	2	30	23891	23863	0.028	31.7
Bacillus_GCF_002014545.1_spacer_0	virome_phage_870	100.000	18	0	0	10	27	2868	2851	0.084	30.1
Bacillus_GCF_002014545.1_spacer_0	virome_phage_749	87.500	24	3	0	3	26	58157	58134	0.084	30.1
Bacillus_GCF_002014545.1_spacer_0	virome_phage_749	94.444	18	1	0	4	21	30618	30635	0.76	26.9
Bacillus_GCF_002014545.1_spacer_0	virome_phage_748	95.000	20	1	0	9	28	61451	61470	0.084	30.1
Bacillus_GCF_002014545.1_spacer_0	virome_phage_738	87.500	24	3	0	4	27	51407	51430	0.084	30.1
Bacillus_GCF_002014545.1_spacer_0	virome_phage_4	87.500	24	3	0	4	27	45170	45147	0.084	30.1
Bacillus_GCF_002014545.1_spacer_0	virome_phage_4	100.000	16	0	0	17	32	52069	52054	0.76	26.9
Bacillus_GCF_002014545.1_spacer_0	total_phage_415	82.143	28	5	0	4	31	30826	30853	0.084	30.1
Bacillus_GCF_002014545.1_spacer_0	total_phage_4	82.143	28	5	0	4	31	26500	26527	0.084	30.1
Bacillus_GCF_002014545.1_spacer_0	virome_phage_856	86.957	23	3	0	10	32	701	723	0.25	28.5
Bacillus_GCF_002014545.1_spacer_0	virome_phage_807	90.476	21	2	0	9	29	11740	11720	0.25	28.5
Bacillus_GCF_002014545.1_spacer_0	virome_phage_746	79.310	29	6	0	3	31	3418	3390	0.25	28.5
Bacillus_GCF_002014545.1_spacer_0	total_phage_797	90.476	21	2	0	9	29	29914	29894	0.25	28.5
Bacillus_GCF_002014545.1_spacer_0	total_phage_524	79.310	29	6	0	3	31	18665	18693	0.25	28.5
Bacillus_GCF_002014545.1_spacer_0	virome_phage_92	90.000	20	2	0	4	23	9864	9883	0.76	26.9
Bacillus_GCF_002014545.1_spacer_0	virome_phage_894	80.769	26	5	0	5	30	21912	21887	0.76	26.9
Bacillus_GCF_002014545.1_spacer_0	virome_phage_884	100.000	16	0	0	4	19	13974	13989	0.76	26.9
Bacillus_GCF_002014545.1_spacer_0	virome_phage_834	83.333	24	4	0	9	32	6792	6769	0.76	26.9
Bacillus_GCF_002014545.1_spacer_0	virome_phage_809	80.769	26	5	0	2	27	31513	31488	0.76	26.9
Bacillus_GCF_002014545.1_spacer_0	virome_phage_804	80.769	26	5	0	3	28	8787	8762	0.76	26.9
Bacillus_GCF_002014545.1_spacer_0	virome_phage_795	80.769	26	5	0	5	30	22952	22927	0.76	26.9
Bacillus_GCF_002014545.1_spacer_0	virome_phage_754	90.000	20	2	0	4	23	24795	24814	0.76	26.9
Bacillus_GCF_002014545.1_spacer_0	virome_phage_739	83.333	24	4	0	6	29	128194	128171	0.76	26.9
Bacillus_GCF_002014545.1_spacer_0	virome_phage_2465	80.769	26	5	0	5	30	7896	7871	0.76	26.9
Bacillus_GCF_002014545.1_spacer_0	virome_phage_2322	86.364	22	3	0	9	30	9810	9789	0.76	26.9
Bacillus_GCF_002014545.1_spacer_0	virome_phage_2322	100.000	16	0	0	10	25	16909	16924	0.76	26.9
Bacillus_GCF_002014545.1_spacer_0	virome_phage_2294	90.000	20	2	0	4	23	15443	15424	0.76	26.9
Bacillus_GCF_002014545.1_spacer_0	virome_phage_1813	78.571	28	6	0	3	30	6002	5975	0.76	26.9
Bacillus_GCF_002014545.1_spacer_0	virome_phage_1770	78.571	28	6	0	3	30	5236	5209	0.76	26.9
Bacillus_GCF_002014545.1_spacer_0	virome_phage_127	76.667	30	7	0	2	31	17165	17136	0.76	26.9
Bacillus_GCF_002014545.1_spacer_0	total_phage_92	100.000	16	0	0	7	22	104052	104037	0.76	26.9
Bacillus_GCF_002014545.1_spacer_0	total_phage_791	76.667	30	7	0	2	31	18355	18326	0.76	26.9
Bacillus_GCF_002014545.1_spacer_0	total_phage_785	75.000	32	8	0	1	32	13687	13656	0.76	26.9
Bacillus_GCF_002014545.1_spacer_0	total_phage_733	90.000	20	2	0	7	26	36243	36224	0.76	26.9
Bacillus_GCF_002014545.1_spacer_0	total_phage_636	94.444	18	1	0	4	21	17460	17477	0.76	26.9
Bacillus_GCF_002014545.1_spacer_0	total_phage_604	90.000	20	2	0	4	23	6151	6132	0.76	26.9
Bacillus_GCF_002014545.1_spacer_0	total_phage_500	86.364	22	3	0	2	23	49944	49965	0.76	26.9
Bacillus_GCF_002014545.1_spacer_0	total_phage_443	75.000	32	8	0	1	32	12060	12029	0.76	26.9
Bacillus_GCF_002014545.1_spacer_0	total_phage_368	78.571	28	6	0	4	31	12168	12141	0.76	26.9
Bacillus_GCF_002014545.1_spacer_0	total_phage_361	76.667	30	7	0	2	31	23803	23832	0.76	26.9
Bacillus_GCF_002014545.1_spacer_0	total_phage_358	94.444	18	1	0	15	32	27981	27998	0.76	26.9
Bacillus_GCF_002014545.1_spacer_0	total_phage_299	94.444	18	1	0	15	32	24827	24844	0.76	26.9
Bacillus_GCF_002014545.1_spacer_0	total_phage_233	90.000	20	2	0	5	24	66650	66669	0.76	26.9
Bacillus_GCF_002014545.1_spacer_0	total_phage_172	86.364	22	3	0	11	32	10612	10633	0.76	26.9
Bacillus_GCF_002014545.1_spacer_1	virome_phage_825	80.488	41	8	0	3	43	2331	2291	1.25e-04	41.2
Bacillus_GCF_002014545.1_spacer_1	virome_phage_825	73.810	42	11	0	3	44	2337	2296	0.030	33.3
Bacillus_GCF_002014545.1_spacer_1	virome_phage_825	71.429	42	12	0	3	44	2343	2302	0.27	30.1
Bacillus_GCF_002014545.1_spacer_1	virome_phage_66	83.333	36	6	0	7	42	25899	25864	3.74e-04	39.6
Bacillus_GCF_002014545.1_spacer_1	virome_phage_66	84.375	32	5	0	13	44	25911	25880	0.003	36.5
Bacillus_GCF_002014545.1_spacer_1	virome_phage_66	84.000	25	4	0	19	43	20418	20394	0.82	28.5
Bacillus_GCF_002014545.1_spacer_1	virome_phage_66	77.419	31	7	0	3	33	25885	25855	0.82	28.5
Bacillus_GCF_002014545.1_spacer_1	virome_phage_66	77.419	31	7	0	3	33	25897	25867	0.82	28.5
Bacillus_GCF_002014545.1_spacer_1	virome_phage_834	79.487	39	8	0	3	41	6792	6754	0.001	38.0
Bacillus_GCF_002014545.1_spacer_1	virome_phage_834	78.125	32	7	0	13	44	6794	6763	0.27	30.1
Bacillus_GCF_002014545.1_spacer_1	virome_phage_2259	75.000	44	11	0	1	44	15747	15704	0.003	36.5
Bacillus_GCF_002014545.1_spacer_1	total_phage_934	75.000	44	11	0	1	44	6832	6789	0.003	36.5
Bacillus_GCF_002014545.1_spacer_1	total_phage_306	92.308	26	2	0	19	44	5675	5650	0.003	36.5
Bacillus_GCF_002014545.1_spacer_1	virome_phage_857	83.871	31	5	0	11	41	3368	3398	0.010	34.9
Bacillus_GCF_002014545.1_spacer_1	virome_phage_752	75.610	41	10	0	1	41	22354	22394	0.010	34.9
Bacillus_GCF_002014545.1_spacer_1	virome_phage_752	90.476	21	2	0	1	21	48600	48580	0.82	28.5
Bacillus_GCF_002014545.1_spacer_1	virome_phage_752	86.957	23	3	0	22	44	22363	22385	0.82	28.5
Bacillus_GCF_002014545.1_spacer_1	virome_phage_925	77.778	36	8	0	8	43	10627	10592	0.030	33.3
Bacillus_GCF_002014545.1_spacer_1	virome_phage_925	73.171	41	11	0	4	44	10760	10720	0.091	31.7
Bacillus_GCF_002014545.1_spacer_1	virome_phage_925	74.359	39	10	0	5	43	16621	16583	0.091	31.7
Bacillus_GCF_002014545.1_spacer_1	virome_phage_824	72.727	44	12	0	1	44	17888	17845	0.030	33.3
Bacillus_GCF_002014545.1_spacer_1	virome_phage_824	73.171	41	11	0	3	43	14569	14529	0.091	31.7
Bacillus_GCF_002014545.1_spacer_1	virome_phage_824	72.973	37	10	0	8	44	3336	3300	0.82	28.5
Bacillus_GCF_002014545.1_spacer_1	virome_phage_7	83.333	30	5	0	3	32	75180	75151	0.030	33.3
Bacillus_GCF_002014545.1_spacer_1	virome_phage_7	77.419	31	7	0	11	41	53273	53243	0.82	28.5
Bacillus_GCF_002014545.1_spacer_1	virome_phage_7	75.758	33	8	0	12	44	100179	100147	0.82	28.5
Bacillus_GCF_002014545.1_spacer_1	total_phage_604	76.316	38	9	0	1	38	9274	9237	0.030	33.3
Bacillus_GCF_002014545.1_spacer_1	total_phage_604	69.767	43	13	0	1	43	20805	20847	0.82	28.5
Bacillus_GCF_002014545.1_spacer_1	total_phage_806	88.462	26	3	0	19	44	1125	1150	0.030	33.3
Bacillus_GCF_002014545.1_spacer_1	total_phage_806	75.758	33	8	0	6	38	1124	1156	0.82	28.5
Bacillus_GCF_002014545.1_spacer_1	total_phage_172	95.455	22	1	0	23	44	10006	10027	0.030	33.3
Bacillus_GCF_002014545.1_spacer_1	total_phage_172	72.973	37	10	0	7	43	10614	10650	0.82	28.5
Bacillus_GCF_002014545.1_spacer_1	virome_phage_823	82.759	29	5	0	3	31	31892	31864	0.091	31.7
Bacillus_GCF_002014545.1_spacer_1	virome_phage_823	73.684	38	10	0	7	44	7229	7192	0.27	30.1
Bacillus_GCF_002014545.1_spacer_1	virome_phage_823	90.476	21	2	0	20	40	4870	4890	0.82	28.5
Bacillus_GCF_002014545.1_spacer_1	virome_phage_795	72.093	43	12	0	2	44	22949	22907	0.091	31.7
Bacillus_GCF_002014545.1_spacer_1	virome_phage_28	80.645	31	6	0	9	39	33125	33095	0.091	31.7
Bacillus_GCF_002014545.1_spacer_1	virome_phage_2345	74.359	39	10	0	3	41	18576	18538	0.091	31.7
Bacillus_GCF_002014545.1_spacer_1	virome_phage_2322	85.185	27	4	0	7	33	9854	9828	0.091	31.7
Bacillus_GCF_002014545.1_spacer_1	virome_phage_2322	71.429	42	12	0	3	44	9870	9829	0.27	30.1
Bacillus_GCF_002014545.1_spacer_1	virome_phage_2322	79.310	29	6	0	11	39	9856	9828	0.82	28.5
Bacillus_GCF_002014545.1_spacer_1	virome_phage_2322	86.957	23	3	0	5	27	9850	9828	0.82	28.5
Bacillus_GCF_002014545.1_spacer_1	virome_phage_2238	78.788	33	7	0	10	42	71006	70974	0.091	31.7
Bacillus_GCF_002014545.1_spacer_1	virome_phage_2238	91.304	23	2	0	7	29	18245	18267	0.091	31.7
Bacillus_GCF_002014545.1_spacer_1	virome_phage_2238	79.310	29	6	0	14	42	20889	20861	0.82	28.5
Bacillus_GCF_002014545.1_spacer_1	virome_phage_2238	70.732	41	12	0	4	44	28913	28873	0.82	28.5
Bacillus_GCF_002014545.1_spacer_1	virome_phage_2238	84.000	25	4	0	20	44	70343	70319	0.82	28.5
Bacillus_GCF_002014545.1_spacer_1	virome_phage_1813	72.093	43	12	0	2	44	5997	5955	0.091	31.7
Bacillus_GCF_002014545.1_spacer_1	virome_phage_1770	72.093	43	12	0	2	44	5231	5189	0.091	31.7
Bacillus_GCF_002014545.1_spacer_1	virome_phage_1770	71.429	42	12	0	3	44	5260	5219	0.27	30.1
Bacillus_GCF_002014545.1_spacer_1	virome_phage_1770	78.125	32	7	0	13	44	5280	5249	0.27	30.1
Bacillus_GCF_002014545.1_spacer_1	total_phage_795	75.676	37	9	0	7	43	27555	27519	0.091	31.7
Bacillus_GCF_002014545.1_spacer_1	total_phage_368	82.759	29	5	0	4	32	12162	12134	0.091	31.7
Bacillus_GCF_002014545.1_spacer_1	total_phage_175	78.788	33	7	0	12	44	3632	3600	0.091	31.7
Bacillus_GCF_002014545.1_spacer_1	virome_phage_878	75.676	37	9	0	7	43	1278	1314	0.091	31.7
Bacillus_GCF_002014545.1_spacer_1	virome_phage_878	71.429	42	12	0	3	44	1244	1285	0.27	30.1
Bacillus_GCF_002014545.1_spacer_1	virome_phage_779	80.645	31	6	0	4	34	2532	2562	0.091	31.7
Bacillus_GCF_002014545.1_spacer_1	virome_phage_778	77.143	35	8	0	9	43	41609	41643	0.091	31.7
Bacillus_GCF_002014545.1_spacer_1	virome_phage_778	86.957	23	3	0	19	41	33751	33729	0.82	28.5
Bacillus_GCF_002014545.1_spacer_1	virome_phage_771	80.645	31	6	0	11	41	14315	14345	0.091	31.7
Bacillus_GCF_002014545.1_spacer_1	virome_phage_2254	91.304	23	2	0	7	29	36731	36753	0.091	31.7
Bacillus_GCF_002014545.1_spacer_1	virome_phage_2254	79.310	29	6	0	14	42	39375	39347	0.82	28.5
Bacillus_GCF_002014545.1_spacer_1	virome_phage_2254	70.732	41	12	0	4	44	47399	47359	0.82	28.5
Bacillus_GCF_002014545.1_spacer_1	virome_phage_2254	84.000	25	4	0	7	31	83451	83427	0.82	28.5
Bacillus_GCF_002014545.1_spacer_1	total_phage_500	78.788	33	7	0	10	42	36951	36983	0.091	31.7
Bacillus_GCF_002014545.1_spacer_1	total_phage_500	84.000	25	4	0	20	44	37614	37638	0.82	28.5
Bacillus_GCF_002014545.1_spacer_1	total_phage_500	70.732	41	12	0	4	44	79044	79084	0.82	28.5
Bacillus_GCF_002014545.1_spacer_1	total_phage_413	85.185	27	4	0	17	43	88272	88298	0.091	31.7
Bacillus_GCF_002014545.1_spacer_1	virome_phage_875	78.125	32	7	0	9	40	22958	22927	0.27	30.1
Bacillus_GCF_002014545.1_spacer_1	virome_phage_875	81.481	27	5	0	15	41	22958	22932	0.82	28.5
Bacillus_GCF_002014545.1_spacer_1	virome_phage_79	84.615	26	4	0	19	44	23892	23867	0.27	30.1
Bacillus_GCF_002014545.1_spacer_1	virome_phage_79	77.419	31	7	0	2	32	683	713	0.82	28.5
Bacillus_GCF_002014545.1_spacer_1	virome_phage_785	84.615	26	4	0	19	44	16710	16685	0.27	30.1
Bacillus_GCF_002014545.1_spacer_1	virome_phage_785	90.476	21	2	0	19	39	7200	7180	0.82	28.5
Bacillus_GCF_002014545.1_spacer_1	virome_phage_745	71.429	42	12	0	3	44	27801	27760	0.27	30.1
Bacillus_GCF_002014545.1_spacer_1	virome_phage_745	77.419	31	7	0	9	39	47409	47379	0.82	28.5
Bacillus_GCF_002014545.1_spacer_1	virome_phage_745	70.732	41	12	0	1	41	49334	49294	0.82	28.5
Bacillus_GCF_002014545.1_spacer_1	virome_phage_745	81.481	27	5	0	10	36	65223	65249	0.82	28.5
Bacillus_GCF_002014545.1_spacer_1	virome_phage_744	82.143	28	5	0	17	44	2212	2185	0.27	30.1
Bacillus_GCF_002014545.1_spacer_1	virome_phage_2424	72.500	40	11	0	5	44	10008	9969	0.27	30.1
Bacillus_GCF_002014545.1_spacer_1	virome_phage_2424	84.000	25	4	0	19	43	9988	9964	0.82	28.5
Bacillus_GCF_002014545.1_spacer_1	virome_phage_239	72.500	40	11	0	5	44	8120	8081	0.27	30.1
Bacillus_GCF_002014545.1_spacer_1	virome_phage_239	84.000	25	4	0	19	43	8100	8076	0.82	28.5
Bacillus_GCF_002014545.1_spacer_1	virome_phage_2335	84.615	26	4	0	19	44	8988	8963	0.27	30.1
Bacillus_GCF_002014545.1_spacer_1	virome_phage_2237	73.684	38	10	0	6	43	16064	16027	0.27	30.1
Bacillus_GCF_002014545.1_spacer_1	total_phage_733	71.429	42	12	0	3	44	16576	16535	0.27	30.1
Bacillus_GCF_002014545.1_spacer_1	total_phage_692	73.684	38	10	0	6	43	5223	5186	0.27	30.1
Bacillus_GCF_002014545.1_spacer_1	total_phage_446	73.684	38	10	0	5	42	10501	10464	0.27	30.1
Bacillus_GCF_002014545.1_spacer_1	total_phage_307	80.000	30	6	0	15	44	13844	13815	0.27	30.1
Bacillus_GCF_002014545.1_spacer_1	total_phage_189	71.429	42	12	0	3	44	14549	14508	0.27	30.1
Bacillus_GCF_002014545.1_spacer_1	total_phage_188	84.615	26	4	0	19	44	6918	6893	0.27	30.1
Bacillus_GCF_002014545.1_spacer_1	total_phage_188	75.758	33	8	0	11	43	17988	18020	0.82	28.5
Bacillus_GCF_002014545.1_spacer_1	total_phage_121	73.684	38	10	0	1	38	2491	2454	0.27	30.1
Bacillus_GCF_002014545.1_spacer_1	total_phage_121	79.310	29	6	0	4	32	2377	2349	0.82	28.5
Bacillus_GCF_002014545.1_spacer_1	virome_phage_891	71.429	42	12	0	3	44	9203	9244	0.27	30.1
Bacillus_GCF_002014545.1_spacer_1	virome_phage_751	80.000	30	6	0	10	39	39139	39168	0.27	30.1
Bacillus_GCF_002014545.1_spacer_1	virome_phage_748	87.500	24	3	0	19	42	41645	41668	0.27	30.1
Bacillus_GCF_002014545.1_spacer_1	virome_phage_748	95.000	20	1	0	3	22	61451	61470	0.27	30.1
Bacillus_GCF_002014545.1_spacer_1	virome_phage_748	79.310	29	6	0	6	34	69214	69242	0.82	28.5
Bacillus_GCF_002014545.1_spacer_1	virome_phage_748	84.000	25	4	0	17	41	70689	70713	0.82	28.5
Bacillus_GCF_002014545.1_spacer_1	virome_phage_2243	73.684	38	10	0	6	43	1721	1758	0.27	30.1
Bacillus_GCF_002014545.1_spacer_1	total_phage_929	72.500	40	11	0	2	41	1320	1359	0.27	30.1
Bacillus_GCF_002014545.1_spacer_1	total_phage_929	87.500	24	3	0	19	42	7226	7249	0.27	30.1
Bacillus_GCF_002014545.1_spacer_1	total_phage_804	76.471	34	8	0	11	44	1125	1158	0.27	30.1
Bacillus_GCF_002014545.1_spacer_1	total_phage_783	84.615	26	4	0	18	43	33423	33448	0.27	30.1
Bacillus_GCF_002014545.1_spacer_1	total_phage_729	71.429	42	12	0	3	44	186238	186279	0.27	30.1
Bacillus_GCF_002014545.1_spacer_1	total_phage_729	70.732	41	12	0	4	44	186242	186282	0.82	28.5
Bacillus_GCF_002014545.1_spacer_1	total_phage_727	73.684	38	10	0	4	41	11776	11813	0.27	30.1
Bacillus_GCF_002014545.1_spacer_1	total_phage_658	73.684	38	10	0	6	43	40679	40716	0.27	30.1
Bacillus_GCF_002014545.1_spacer_1	total_phage_644	73.684	38	10	0	6	43	1610	1647	0.27	30.1
Bacillus_GCF_002014545.1_spacer_1	total_phage_636	76.471	34	8	0	6	39	24790	24823	0.27	30.1
Bacillus_GCF_002014545.1_spacer_1	total_phage_518	73.684	38	10	0	4	41	23986	24023	0.27	30.1
Bacillus_GCF_002014545.1_spacer_1	total_phage_487	73.684	38	10	0	6	43	247	284	0.27	30.1
Bacillus_GCF_002014545.1_spacer_1	total_phage_415	73.684	38	10	0	4	41	30832	30869	0.27	30.1
Bacillus_GCF_002014545.1_spacer_1	total_phage_415	86.957	23	3	0	22	44	30826	30848	0.82	28.5
Bacillus_GCF_002014545.1_spacer_1	total_phage_102	78.125	32	7	0	10	41	33104	33135	0.27	30.1
Bacillus_GCF_002014545.1_spacer_1	virome_phage_911	86.957	23	3	0	22	44	6812	6790	0.82	28.5
Bacillus_GCF_002014545.1_spacer_1	virome_phage_894	72.973	37	10	0	5	41	22298	22262	0.82	28.5
Bacillus_GCF_002014545.1_spacer_1	virome_phage_865	72.973	37	10	0	5	41	6674	6638	0.82	28.5
Bacillus_GCF_002014545.1_spacer_1	virome_phage_865	70.732	41	12	0	4	44	18076	18116	0.82	28.5
Bacillus_GCF_002014545.1_spacer_1	virome_phage_859	77.419	31	7	0	1	31	30712	30682	0.82	28.5
Bacillus_GCF_002014545.1_spacer_1	virome_phage_850	75.758	33	8	0	9	41	21734	21702	0.82	28.5
Bacillus_GCF_002014545.1_spacer_1	virome_phage_841	77.419	31	7	0	10	40	4754	4724	0.82	28.5
Bacillus_GCF_002014545.1_spacer_1	virome_phage_841	72.973	37	10	0	4	40	28639	28603	0.82	28.5
Bacillus_GCF_002014545.1_spacer_1	virome_phage_841	74.286	35	9	0	9	43	31535	31501	0.82	28.5
Bacillus_GCF_002014545.1_spacer_1	virome_phage_809	94.737	19	1	0	3	21	31506	31488	0.82	28.5
Bacillus_GCF_002014545.1_spacer_1	virome_phage_739	79.310	29	6	0	13	41	71895	71867	0.82	28.5
Bacillus_GCF_002014545.1_spacer_1	virome_phage_65	74.286	35	9	0	3	37	35936	35902	0.82	28.5
Bacillus_GCF_002014545.1_spacer_1	virome_phage_62	84.000	25	4	0	20	44	19676	19652	0.82	28.5
Bacillus_GCF_002014545.1_spacer_1	virome_phage_4	84.000	25	4	0	18	42	40920	40896	0.82	28.5
Bacillus_GCF_002014545.1_spacer_1	virome_phage_4	86.957	23	3	0	11	33	52069	52047	0.82	28.5
Bacillus_GCF_002014545.1_spacer_1	virome_phage_4	72.973	37	10	0	8	44	125195	125231	0.82	28.5
Bacillus_GCF_002014545.1_spacer_1	virome_phage_2327	90.476	21	2	0	23	43	13461	13441	0.82	28.5
Bacillus_GCF_002014545.1_spacer_1	virome_phage_2314	75.758	33	8	0	12	44	9205	9173	0.82	28.5
Bacillus_GCF_002014545.1_spacer_1	virome_phage_2303	77.419	31	7	0	2	32	20680	20650	0.82	28.5
Bacillus_GCF_002014545.1_spacer_1	virome_phage_2288	77.419	31	7	0	2	32	31500	31470	0.82	28.5
Bacillus_GCF_002014545.1_spacer_1	virome_phage_2260	69.767	43	13	0	1	43	15533	15491	0.82	28.5
Bacillus_GCF_002014545.1_spacer_1	virome_phage_183	70.732	41	12	0	3	43	13727	13687	0.82	28.5
Bacillus_GCF_002014545.1_spacer_1	virome_phage_16	81.481	27	5	0	7	33	12464	12438	0.82	28.5
Bacillus_GCF_002014545.1_spacer_1	virome_phage_14	79.310	29	6	0	5	33	21298	21270	0.82	28.5
Bacillus_GCF_002014545.1_spacer_1	virome_phage_117	86.957	23	3	0	22	44	2869	2847	0.82	28.5
Bacillus_GCF_002014545.1_spacer_1	virome_phage_1033	70.732	41	12	0	3	43	13576	13536	0.82	28.5
Bacillus_GCF_002014545.1_spacer_1	total_phage_734	75.758	33	8	0	9	41	8105	8073	0.82	28.5
Bacillus_GCF_002014545.1_spacer_1	total_phage_232	72.973	37	10	0	5	41	47319	47283	0.82	28.5
Bacillus_GCF_002014545.1_spacer_1	total_phage_231	81.481	27	5	0	18	44	139342	139316	0.82	28.5
Bacillus_GCF_002014545.1_spacer_1	virome_phage_979	84.000	25	4	0	19	43	5018	5042	0.82	28.5
Bacillus_GCF_002014545.1_spacer_1	virome_phage_890	74.286	35	9	0	3	37	4526	4560	0.82	28.5
Bacillus_GCF_002014545.1_spacer_1	virome_phage_876	71.795	39	11	0	3	41	5156	5194	0.82	28.5
Bacillus_GCF_002014545.1_spacer_1	virome_phage_868	81.481	27	5	0	13	39	7208	7234	0.82	28.5
Bacillus_GCF_002014545.1_spacer_1	virome_phage_856	79.310	29	6	0	4	32	701	729	0.82	28.5
Bacillus_GCF_002014545.1_spacer_1	virome_phage_845	79.310	29	6	0	4	32	26911	26939	0.82	28.5
Bacillus_GCF_002014545.1_spacer_1	virome_phage_829	71.795	39	11	0	3	41	34541	34579	0.82	28.5
Bacillus_GCF_002014545.1_spacer_1	virome_phage_8	69.767	43	13	0	2	44	33492	33534	0.82	28.5
Bacillus_GCF_002014545.1_spacer_1	virome_phage_738	84.000	25	4	0	18	42	55678	55702	0.82	28.5
Bacillus_GCF_002014545.1_spacer_1	virome_phage_2411	69.767	43	13	0	2	44	709	751	0.82	28.5
Bacillus_GCF_002014545.1_spacer_1	virome_phage_2407	84.000	25	4	0	3	27	5823	5847	0.82	28.5
Bacillus_GCF_002014545.1_spacer_1	virome_phage_2400	77.419	31	7	0	11	41	3162	3192	0.82	28.5
Bacillus_GCF_002014545.1_spacer_1	virome_phage_176	69.767	43	13	0	2	44	610	652	0.82	28.5
Bacillus_GCF_002014545.1_spacer_1	virome_phage_119	71.795	39	11	0	3	41	16465	16503	0.82	28.5
Bacillus_GCF_002014545.1_spacer_1	total_phage_9	86.957	23	3	0	19	41	8432	8454	0.82	28.5
Bacillus_GCF_002014545.1_spacer_1	total_phage_731	75.758	33	8	0	11	43	80791	80823	0.82	28.5
Bacillus_GCF_002014545.1_spacer_1	total_phage_605	86.957	23	3	0	11	33	15646	15668	0.82	28.5
Bacillus_GCF_002014545.1_spacer_1	total_phage_526	86.957	23	3	0	11	33	5451	5473	0.82	28.5
Bacillus_GCF_002014545.1_spacer_1	total_phage_525	69.767	43	13	0	1	43	10112	10154	0.82	28.5
Bacillus_GCF_002014545.1_spacer_1	total_phage_414	90.476	21	2	0	19	39	15497	15517	0.82	28.5
Bacillus_GCF_002014545.1_spacer_1	total_phage_4	86.957	23	3	0	22	44	26500	26522	0.82	28.5
Bacillus_GCF_002014545.1_spacer_1	total_phage_4	79.310	29	6	0	4	32	26506	26534	0.82	28.5
Bacillus_GCF_002014545.1_spacer_1	total_phage_294	86.957	23	3	0	11	33	53417	53439	0.82	28.5
Bacillus_GCF_002014545.1_spacer_1	total_phage_247	90.476	21	2	0	19	39	25069	25089	0.82	28.5
Bacillus_GCF_002014545.1_spacer_1	total_phage_244	86.957	23	3	0	17	39	31468	31490	0.82	28.5
Bacillus_GCF_002014545.1_spacer_1	total_phage_105	79.310	29	6	0	1	29	22405	22433	0.82	28.5
Bacillus_GCF_002014545.1_spacer_2	total_phage_306	92.308	26	2	0	1	26	5675	5650	0.001	36.5
Bacillus_GCF_002014545.1_spacer_2	total_phage_806	88.462	26	3	0	1	26	1125	1150	0.009	33.3
Bacillus_GCF_002014545.1_spacer_2	total_phage_172	95.455	22	1	0	5	26	10006	10027	0.009	33.3
Bacillus_GCF_002014545.1_spacer_2	virome_phage_825	91.667	24	2	0	2	25	2314	2291	0.009	33.3
Bacillus_GCF_002014545.1_spacer_2	virome_phage_825	83.333	24	4	0	3	26	2319	2296	0.76	26.9
Bacillus_GCF_002014545.1_spacer_2	virome_phage_857	91.304	23	2	0	1	23	3376	3398	0.028	31.7
Bacillus_GCF_002014545.1_spacer_2	virome_phage_857	83.333	24	4	0	1	24	17803	17826	0.76	26.9
Bacillus_GCF_002014545.1_spacer_2	virome_phage_748	87.500	24	3	0	1	24	41645	41668	0.084	30.1
Bacillus_GCF_002014545.1_spacer_2	total_phage_929	87.500	24	3	0	1	24	7226	7249	0.084	30.1
Bacillus_GCF_002014545.1_spacer_2	virome_phage_79	84.615	26	4	0	1	26	23892	23867	0.084	30.1
Bacillus_GCF_002014545.1_spacer_2	virome_phage_785	84.615	26	4	0	1	26	16710	16685	0.084	30.1
Bacillus_GCF_002014545.1_spacer_2	virome_phage_785	90.476	21	2	0	1	21	7200	7180	0.25	28.5
Bacillus_GCF_002014545.1_spacer_2	virome_phage_66	87.500	24	3	0	1	24	25887	25864	0.084	30.1
Bacillus_GCF_002014545.1_spacer_2	virome_phage_66	84.615	26	4	0	1	26	25905	25880	0.084	30.1
Bacillus_GCF_002014545.1_spacer_2	virome_phage_66	84.000	25	4	0	1	25	20418	20394	0.25	28.5
Bacillus_GCF_002014545.1_spacer_2	virome_phage_2335	84.615	26	4	0	1	26	8988	8963	0.084	30.1
Bacillus_GCF_002014545.1_spacer_2	total_phage_188	84.615	26	4	0	1	26	6918	6893	0.084	30.1
Bacillus_GCF_002014545.1_spacer_2	virome_phage_979	84.000	25	4	0	1	25	5018	5042	0.25	28.5
Bacillus_GCF_002014545.1_spacer_2	virome_phage_823	90.476	21	2	0	2	22	4870	4890	0.25	28.5
Bacillus_GCF_002014545.1_spacer_2	virome_phage_778	90.476	21	2	0	5	25	41623	41643	0.25	28.5
Bacillus_GCF_002014545.1_spacer_2	virome_phage_778	86.957	23	3	0	1	23	33751	33729	0.25	28.5
Bacillus_GCF_002014545.1_spacer_2	virome_phage_752	86.957	23	3	0	4	26	22363	22385	0.25	28.5
Bacillus_GCF_002014545.1_spacer_2	virome_phage_752	80.769	26	5	0	1	26	21961	21936	0.76	26.9
Bacillus_GCF_002014545.1_spacer_2	total_phage_9	86.957	23	3	0	1	23	8432	8454	0.25	28.5
Bacillus_GCF_002014545.1_spacer_2	total_phage_783	84.000	25	4	0	1	25	33424	33448	0.25	28.5
Bacillus_GCF_002014545.1_spacer_2	total_phage_500	84.000	25	4	0	2	26	37614	37638	0.25	28.5
Bacillus_GCF_002014545.1_spacer_2	total_phage_415	86.957	23	3	0	4	26	30826	30848	0.25	28.5
Bacillus_GCF_002014545.1_spacer_2	total_phage_414	90.476	21	2	0	1	21	15497	15517	0.25	28.5
Bacillus_GCF_002014545.1_spacer_2	total_phage_414	80.769	26	5	0	1	26	15237	15262	0.76	26.9
Bacillus_GCF_002014545.1_spacer_2	total_phage_413	84.000	25	4	0	1	25	88274	88298	0.25	28.5
Bacillus_GCF_002014545.1_spacer_2	total_phage_413	80.769	26	5	0	1	26	26270	26295	0.76	26.9
Bacillus_GCF_002014545.1_spacer_2	total_phage_413	86.364	22	3	0	3	24	3614	3593	0.76	26.9
Bacillus_GCF_002014545.1_spacer_2	total_phage_4	86.957	23	3	0	4	26	26500	26522	0.25	28.5
Bacillus_GCF_002014545.1_spacer_2	total_phage_247	90.476	21	2	0	1	21	25069	25089	0.25	28.5
Bacillus_GCF_002014545.1_spacer_2	virome_phage_925	90.476	21	2	0	5	25	10612	10592	0.25	28.5
Bacillus_GCF_002014545.1_spacer_2	virome_phage_911	86.957	23	3	0	4	26	6812	6790	0.25	28.5
Bacillus_GCF_002014545.1_spacer_2	virome_phage_834	86.957	23	3	0	1	23	6776	6754	0.25	28.5
Bacillus_GCF_002014545.1_spacer_2	virome_phage_834	80.769	26	5	0	1	26	6788	6763	0.76	26.9
Bacillus_GCF_002014545.1_spacer_2	virome_phage_62	84.000	25	4	0	2	26	19676	19652	0.25	28.5
Bacillus_GCF_002014545.1_spacer_2	virome_phage_62	83.333	24	4	0	2	25	30905	30882	0.76	26.9
Bacillus_GCF_002014545.1_spacer_2	virome_phage_2424	84.000	25	4	0	1	25	9988	9964	0.25	28.5
Bacillus_GCF_002014545.1_spacer_2	virome_phage_239	84.000	25	4	0	1	25	8100	8076	0.25	28.5
Bacillus_GCF_002014545.1_spacer_2	virome_phage_2327	90.476	21	2	0	5	25	13461	13441	0.25	28.5
Bacillus_GCF_002014545.1_spacer_2	virome_phage_2238	84.000	25	4	0	2	26	70343	70319	0.25	28.5
Bacillus_GCF_002014545.1_spacer_2	virome_phage_2238	83.333	24	4	0	1	24	20884	20861	0.76	26.9
Bacillus_GCF_002014545.1_spacer_2	virome_phage_117	86.957	23	3	0	4	26	2869	2847	0.25	28.5
Bacillus_GCF_002014545.1_spacer_2	total_phage_795	84.000	25	4	0	1	25	27543	27519	0.25	28.5
Bacillus_GCF_002014545.1_spacer_2	virome_phage_868	90.000	20	2	0	2	21	7215	7234	0.76	26.9
Bacillus_GCF_002014545.1_spacer_2	virome_phage_855	86.364	22	3	0	5	26	23268	23289	0.76	26.9
Bacillus_GCF_002014545.1_spacer_2	virome_phage_792	90.000	20	2	0	1	20	31286	31305	0.76	26.9
Bacillus_GCF_002014545.1_spacer_2	virome_phage_747	86.364	22	3	0	2	23	5172	5193	0.76	26.9
Bacillus_GCF_002014545.1_spacer_2	virome_phage_738	83.333	24	4	0	1	24	55679	55702	0.76	26.9
Bacillus_GCF_002014545.1_spacer_2	virome_phage_734	90.000	20	2	0	7	26	217703	217722	0.76	26.9
Bacillus_GCF_002014545.1_spacer_2	virome_phage_734	86.364	22	3	0	1	22	72479	72458	0.76	26.9
Bacillus_GCF_002014545.1_spacer_2	virome_phage_734	86.364	22	3	0	1	22	313147	313126	0.76	26.9
Bacillus_GCF_002014545.1_spacer_2	virome_phage_36	83.333	24	4	0	1	24	11260	11283	0.76	26.9
Bacillus_GCF_002014545.1_spacer_2	virome_phage_2310	90.000	20	2	0	5	24	37585	37604	0.76	26.9
Bacillus_GCF_002014545.1_spacer_2	virome_phage_2288	80.769	26	5	0	1	26	8416	8441	0.76	26.9
Bacillus_GCF_002014545.1_spacer_2	virome_phage_142	86.364	22	3	0	1	22	8386	8407	0.76	26.9
Bacillus_GCF_002014545.1_spacer_2	virome_phage_1092	83.333	24	4	0	2	25	4471	4494	0.76	26.9
Bacillus_GCF_002014545.1_spacer_2	total_phage_804	80.769	26	5	0	1	26	1133	1158	0.76	26.9
Bacillus_GCF_002014545.1_spacer_2	total_phage_730	83.333	24	4	0	1	24	24500	24523	0.76	26.9
Bacillus_GCF_002014545.1_spacer_2	total_phage_636	94.444	18	1	0	4	21	17460	17477	0.76	26.9
Bacillus_GCF_002014545.1_spacer_2	total_phage_245	80.769	26	5	0	1	26	7550	7575	0.76	26.9
Bacillus_GCF_002014545.1_spacer_2	total_phage_102	86.364	22	3	0	2	23	33114	33135	0.76	26.9
Bacillus_GCF_002014545.1_spacer_2	virome_phage_881	90.000	20	2	0	5	24	22373	22354	0.76	26.9
Bacillus_GCF_002014545.1_spacer_2	virome_phage_841	83.333	24	4	0	3	26	7704	7681	0.76	26.9
Bacillus_GCF_002014545.1_spacer_2	virome_phage_815	94.444	18	1	0	9	26	34184	34167	0.76	26.9
Bacillus_GCF_002014545.1_spacer_2	virome_phage_807	94.444	18	1	0	9	26	11740	11723	0.76	26.9
Bacillus_GCF_002014545.1_spacer_2	virome_phage_744	80.769	26	5	0	1	26	2210	2185	0.76	26.9
Bacillus_GCF_002014545.1_spacer_2	virome_phage_739	83.333	24	4	0	2	25	21978	21955	0.76	26.9
Bacillus_GCF_002014545.1_spacer_2	virome_phage_7	83.333	24	4	0	3	26	100170	100147	0.76	26.9
Bacillus_GCF_002014545.1_spacer_2	virome_phage_69	80.769	26	5	0	1	26	38818	38793	0.76	26.9
Bacillus_GCF_002014545.1_spacer_2	virome_phage_4	83.333	24	4	0	1	24	40919	40896	0.76	26.9
Bacillus_GCF_002014545.1_spacer_2	virome_phage_33	86.364	22	3	0	2	23	7725	7704	0.76	26.9
Bacillus_GCF_002014545.1_spacer_2	virome_phage_33	90.000	20	2	0	4	23	32950	32931	0.76	26.9
Bacillus_GCF_002014545.1_spacer_2	virome_phage_2314	80.769	26	5	0	1	26	9198	9173	0.76	26.9
Bacillus_GCF_002014545.1_spacer_2	virome_phage_2314	83.333	24	4	0	3	26	35192	35169	0.76	26.9
Bacillus_GCF_002014545.1_spacer_2	virome_phage_2270	86.364	22	3	0	1	22	139934	139913	0.76	26.9
Bacillus_GCF_002014545.1_spacer_2	virome_phage_2269	90.000	20	2	0	4	23	54514	54495	0.76	26.9
Bacillus_GCF_002014545.1_spacer_2	virome_phage_2259	80.769	26	5	0	1	26	15729	15704	0.76	26.9
Bacillus_GCF_002014545.1_spacer_2	virome_phage_2254	94.444	18	1	0	5	22	11560	11543	0.76	26.9
Bacillus_GCF_002014545.1_spacer_2	virome_phage_2254	83.333	24	4	0	1	24	39370	39347	0.76	26.9
Bacillus_GCF_002014545.1_spacer_2	virome_phage_1770	80.769	26	5	0	1	26	5274	5249	0.76	26.9
Bacillus_GCF_002014545.1_spacer_2	virome_phage_10	83.333	24	4	0	1	24	14363	14340	0.76	26.9
Bacillus_GCF_002014545.1_spacer_2	total_phage_934	94.444	18	1	0	9	26	6806	6789	0.76	26.9
Bacillus_GCF_002014545.1_spacer_2	total_phage_803	83.333	24	4	0	1	24	23211	23188	0.76	26.9
Bacillus_GCF_002014545.1_spacer_2	total_phage_797	94.444	18	1	0	9	26	29914	29897	0.76	26.9
Bacillus_GCF_002014545.1_spacer_2	total_phage_794	80.769	26	5	0	1	26	18614	18589	0.76	26.9
Bacillus_GCF_002014545.1_spacer_2	total_phage_604	90.000	20	2	0	1	20	9262	9243	0.76	26.9
Bacillus_GCF_002014545.1_spacer_2	total_phage_307	80.769	26	5	0	1	26	13840	13815	0.76	26.9
Bacillus_GCF_002014545.1_spacer_2	total_phage_246	83.333	24	4	0	3	26	6456	6433	0.76	26.9
Bacillus_GCF_002014545.1_spacer_2	total_phage_189	80.769	26	5	0	1	26	24569	24544	0.76	26.9
Bacillus_GCF_002014545.1_spacer_2	total_phage_111	94.444	18	1	0	9	26	37087	37070	0.76	26.9
Bacillus_GCF_002014545.1_spacer_2	total_phage_111	94.444	18	1	0	9	26	77329	77312	0.76	26.9
