Bacillus_GCA_002576045.1_spacer_0	total_phage_935	87.500	24	3	0	1	24	10623	10646	0.084	30.1
Bacillus_GCA_002576045.1_spacer_0	total_phage_636	81.481	27	5	0	3	29	10227	10201	0.25	28.5
Bacillus_GCA_002576045.1_spacer_0	virome_phage_91	86.364	22	3	0	11	32	17445	17424	0.76	26.9
Bacillus_GCA_002576045.1_spacer_0	virome_phage_817	76.667	30	7	0	1	30	340	311	0.76	26.9
Bacillus_GCA_002576045.1_spacer_0	virome_phage_2235	94.444	18	1	0	11	28	29885	29868	0.76	26.9
Bacillus_GCA_002576045.1_spacer_0	total_phage_106	80.769	26	5	0	7	32	8560	8535	0.76	26.9
Bacillus_GCA_002576045.1_spacer_0	virome_phage_841	94.444	18	1	0	11	28	45	62	0.76	26.9
Bacillus_GCA_002576045.1_spacer_0	virome_phage_841	94.444	18	1	0	11	28	35089	35106	0.76	26.9
Bacillus_GCA_002576045.1_spacer_0	virome_phage_742	100.000	16	0	0	1	16	37518	37533	0.76	26.9
Bacillus_GCA_002576045.1_spacer_0	virome_phage_2368	83.333	24	4	0	5	28	206	229	0.76	26.9
Bacillus_GCA_002576045.1_spacer_0	total_phage_4	83.333	24	4	0	2	25	11372	11395	0.76	26.9
Bacillus_GCA_002576045.1_spacer_1	virome_phage_783	81.481	27	5	0	3	29	33103	33077	0.25	28.5
Bacillus_GCA_002576045.1_spacer_1	virome_phage_7	80.769	26	5	0	8	33	34713	34688	0.76	26.9
Bacillus_GCA_002576045.1_spacer_3	virome_phage_734	79.310	29	6	0	7	35	87956	87928	0.38	28.5
Bacillus_GCA_002576045.1_spacer_3	virome_phage_65	79.310	29	6	0	5	33	17963	17935	0.38	28.5
Bacillus_GCA_002576045.1_spacer_3	virome_phage_890	79.310	29	6	0	5	33	22499	22527	0.38	28.5
Bacillus_GCA_002576045.1_spacer_3	total_phage_745	79.310	29	6	0	5	33	2611	2639	0.38	28.5
Bacillus_GCA_002576045.1_spacer_3	total_phage_443	94.737	19	1	0	13	31	11224	11242	0.38	28.5
Bacillus_GCA_002576045.1_spacer_3	total_phage_296	79.310	29	6	0	5	33	4570	4598	0.38	28.5
Bacillus_GCA_002576045.1_spacer_3	total_phage_233	79.310	29	6	0	5	33	4793	4821	0.38	28.5
Bacillus_GCA_002576045.1_spacer_4	virome_phage_4	78.125	32	7	0	2	33	126824	126793	0.084	30.1
Bacillus_GCA_002576045.1_spacer_4	total_phage_929	82.143	28	5	0	5	32	6549	6522	0.084	30.1
Bacillus_GCA_002576045.1_spacer_4	virome_phage_738	78.125	32	7	0	2	33	115632	115663	0.084	30.1
Bacillus_GCA_002576045.1_spacer_4	virome_phage_848	79.310	29	6	0	5	33	20278	20306	0.25	28.5
Bacillus_GCA_002576045.1_spacer_4	virome_phage_834	81.481	27	5	0	6	32	34120	34146	0.25	28.5
Bacillus_GCA_002576045.1_spacer_4	virome_phage_752	75.758	33	8	0	1	33	19615	19647	0.25	28.5
Bacillus_GCA_002576045.1_spacer_4	virome_phage_734	84.000	25	4	0	6	30	244265	244289	0.25	28.5
Bacillus_GCA_002576045.1_spacer_4	virome_phage_734	76.667	30	7	0	4	33	125564	125535	0.76	26.9
Bacillus_GCA_002576045.1_spacer_4	virome_phage_2357	81.481	27	5	0	6	32	5741	5767	0.25	28.5
Bacillus_GCA_002576045.1_spacer_4	virome_phage_840	78.571	28	6	0	5	32	13753	13726	0.76	26.9
Bacillus_GCA_002576045.1_spacer_4	virome_phage_749	86.364	22	3	0	5	26	16636	16615	0.76	26.9
Bacillus_GCA_002576045.1_spacer_4	virome_phage_2294	90.000	20	2	0	10	29	38640	38621	0.76	26.9
Bacillus_GCA_002576045.1_spacer_4	virome_phage_145	86.364	22	3	0	8	29	2122	2101	0.76	26.9
Bacillus_GCA_002576045.1_spacer_4	total_phage_92	100.000	16	0	0	1	16	152213	152198	0.76	26.9
Bacillus_GCA_002576045.1_spacer_4	total_phage_807	100.000	16	0	0	4	19	1103	1088	0.76	26.9
Bacillus_GCA_002576045.1_spacer_4	total_phage_500	80.769	26	5	0	4	29	75143	75118	0.76	26.9
Bacillus_GCA_002576045.1_spacer_4	total_phage_416	86.364	22	3	0	1	22	23759	23738	0.76	26.9
Bacillus_GCA_002576045.1_spacer_4	total_phage_231	100.000	16	0	0	1	16	130570	130555	0.76	26.9
Bacillus_GCA_002576045.1_spacer_4	total_phage_11	86.364	22	3	0	1	22	24477	24456	0.76	26.9
Bacillus_GCA_002576045.1_spacer_4	virome_phage_92	90.000	20	2	0	10	29	32630	32649	0.76	26.9
Bacillus_GCA_002576045.1_spacer_4	virome_phage_8	83.333	24	4	0	6	29	107301	107324	0.76	26.9
Bacillus_GCA_002576045.1_spacer_4	virome_phage_771	80.769	26	5	0	8	33	24802	24827	0.76	26.9
Bacillus_GCA_002576045.1_spacer_4	virome_phage_2327	94.444	18	1	0	2	19	91	108	0.76	26.9
Bacillus_GCA_002576045.1_spacer_4	virome_phage_2260	94.444	18	1	0	15	32	6262	6279	0.76	26.9
Bacillus_GCA_002576045.1_spacer_4	virome_phage_2238	80.769	26	5	0	4	29	32814	32839	0.76	26.9
Bacillus_GCA_002576045.1_spacer_4	virome_phage_115	80.769	26	5	0	8	33	8506	8531	0.76	26.9
Bacillus_GCA_002576045.1_spacer_4	total_phage_734	76.667	30	7	0	1	30	17244	17273	0.76	26.9
Bacillus_GCA_002576045.1_spacer_4	total_phage_664	86.364	22	3	0	6	27	4903	4924	0.76	26.9
Bacillus_GCA_002576045.1_spacer_4	total_phage_232	76.667	30	7	0	4	33	29441	29470	0.76	26.9
Bacillus_GCA_002576045.1_spacer_5	virome_phage_738	86.957	23	3	0	11	33	4031	4009	0.38	28.5
Bacillus_GCA_002576045.1_spacer_5	virome_phage_4	86.957	23	3	0	11	33	93137	93159	0.38	28.5
Bacillus_GCA_002576045.1_spacer_6	virome_phage_2301	88.462	26	3	0	1	26	449	474	0.009	33.3
Bacillus_GCA_002576045.1_spacer_6	virome_phage_864	78.125	32	7	0	1	32	18262	18231	0.084	30.1
Bacillus_GCA_002576045.1_spacer_6	virome_phage_736	79.310	29	6	0	5	33	178516	178488	0.25	28.5
Bacillus_GCA_002576045.1_spacer_6	virome_phage_58	86.957	23	3	0	6	28	4108	4086	0.25	28.5
Bacillus_GCA_002576045.1_spacer_6	virome_phage_2407	94.737	19	1	0	1	19	6210	6192	0.25	28.5
Bacillus_GCA_002576045.1_spacer_6	virome_phage_51	83.333	24	4	0	7	30	12983	13006	0.76	26.9
Bacillus_GCA_002576045.1_spacer_6	virome_phage_116	86.364	22	3	0	9	30	17696	17717	0.76	26.9
Bacillus_GCA_002576045.1_spacer_6	total_phage_92	83.333	24	4	0	5	28	108883	108906	0.76	26.9
Bacillus_GCA_002576045.1_spacer_6	total_phage_692	94.444	18	1	0	3	20	42653	42670	0.76	26.9
Bacillus_GCA_002576045.1_spacer_6	total_phage_239	80.769	26	5	0	8	33	9347	9372	0.76	26.9
Bacillus_GCA_002576045.1_spacer_6	virome_phage_2308	86.364	22	3	0	11	32	25186	25165	0.76	26.9
Bacillus_GCA_002576045.1_spacer_6	total_phage_929	86.364	22	3	0	3	24	10728	10707	0.76	26.9
Bacillus_GCA_002576045.1_spacer_6	total_phage_658	94.444	18	1	0	3	20	3249	3232	0.76	26.9
Bacillus_GCA_002576045.1_spacer_7	virome_phage_748	90.000	20	2	0	7	26	15336	15317	0.94	26.9
Bacillus_GCA_002576045.1_spacer_7	total_phage_361	90.000	20	2	0	2	21	41676	41657	0.94	26.9
Bacillus_GCA_002576045.1_spacer_7	virome_phage_795	80.769	26	5	0	1	26	9324	9349	0.94	26.9
Bacillus_GCA_002576045.1_spacer_7	total_phage_92	86.364	22	3	0	2	23	111309	111330	0.94	26.9
Bacillus_GCA_002576045.1_spacer_8	virome_phage_2243	85.714	28	4	0	5	32	16889	16916	0.014	33.3
Bacillus_GCA_002576045.1_spacer_8	total_phage_644	85.714	28	4	0	5	32	16778	16805	0.014	33.3
Bacillus_GCA_002576045.1_spacer_8	virome_phage_2237	85.714	28	4	0	5	32	896	869	0.014	33.3
Bacillus_GCA_002576045.1_spacer_8	virome_phage_47	81.481	27	5	0	9	35	3031	3057	0.38	28.5
Bacillus_GCA_002576045.1_spacer_8	virome_phage_41	86.957	23	3	0	6	28	13915	13937	0.38	28.5
Bacillus_GCA_002576045.1_spacer_8	total_phage_368	84.000	25	4	0	8	32	13063	13087	0.38	28.5
Bacillus_GCA_002576045.1_spacer_8	total_phage_358	84.000	25	4	0	5	29	17776	17800	0.38	28.5
Bacillus_GCA_002576045.1_spacer_8	virome_phage_913	86.957	23	3	0	6	28	19544	19522	0.38	28.5
Bacillus_GCA_002576045.1_spacer_8	total_phage_415	84.000	25	4	0	8	32	29931	29907	0.38	28.5
Bacillus_GCA_002576045.1_spacer_8	total_phage_297	90.476	21	2	0	7	27	40988	40968	0.38	28.5
Bacillus_GCA_002576045.1_spacer_8	total_phage_122	84.000	25	4	0	8	32	7233	7209	0.38	28.5
Bacillus_GCA_002576045.1_spacer_9	total_phage_738	87.500	24	3	0	1	24	10283	10260	0.13	30.1
Bacillus_GCA_002576045.1_spacer_10	virome_phage_826	77.143	35	8	0	1	35	33068	33034	0.042	31.7
Bacillus_GCA_002576045.1_spacer_10	virome_phage_739	78.125	32	7	0	1	32	116556	116525	0.13	30.1
Bacillus_GCA_002576045.1_spacer_10	virome_phage_2263	87.500	24	3	0	12	35	676	653	0.13	30.1
Bacillus_GCA_002576045.1_spacer_10	total_phage_611	87.500	24	3	0	12	35	850	827	0.13	30.1
Bacillus_GCA_002576045.1_spacer_10	virome_phage_734	81.481	27	5	0	7	33	111671	111697	0.38	28.5
Bacillus_GCA_002576045.1_spacer_10	virome_phage_7	79.310	29	6	0	7	35	108504	108532	0.38	28.5
Bacillus_GCA_002576045.1_spacer_10	virome_phage_28	79.310	29	6	0	1	29	11965	11937	0.38	28.5
Bacillus_GCA_002576045.1_spacer_10	virome_phage_2411	90.476	21	2	0	13	33	8388	8368	0.38	28.5
Bacillus_GCA_002576045.1_spacer_10	virome_phage_176	90.476	21	2	0	13	33	8289	8269	0.38	28.5
Bacillus_GCA_002576045.1_spacer_10	virome_phage_124	84.000	25	4	0	6	30	14869	14893	0.38	28.5
Bacillus_GCA_002576045.1_spacer_10	total_phage_307	86.957	23	3	0	12	34	26909	26931	0.38	28.5
Bacillus_GCA_002576045.1_spacer_10	total_phage_188	75.758	33	8	0	3	35	7133	7101	0.38	28.5
Bacillus_GCA_002576045.1_spacer_12	virome_phage_856	94.737	19	1	0	10	28	13185	13167	0.25	28.5
Bacillus_GCA_002576045.1_spacer_12	virome_phage_2269	84.000	25	4	0	8	32	221210	221186	0.25	28.5
Bacillus_GCA_002576045.1_spacer_12	virome_phage_75	86.364	22	3	0	9	30	10300	10321	0.76	26.9
Bacillus_GCA_002576045.1_spacer_12	total_phage_446	76.667	30	7	0	1	30	4857	4828	0.76	26.9
Bacillus_GCA_002576045.1_spacer_13	virome_phage_8	84.000	25	4	0	10	34	111214	111190	0.31	28.5
Bacillus_GCA_002576045.1_spacer_13	virome_phage_747	75.758	33	8	0	2	34	44409	44441	0.31	28.5
Bacillus_GCA_002576045.1_spacer_13	virome_phage_2239	77.419	31	7	0	1	31	29062	29092	0.31	28.5
Bacillus_GCA_002576045.1_spacer_13	total_phage_727	86.957	23	3	0	3	25	11018	10996	0.31	28.5
Bacillus_GCA_002576045.1_spacer_13	total_phage_518	86.957	23	3	0	3	25	23228	23206	0.31	28.5
Bacillus_GCA_002576045.1_spacer_13	total_phage_483	77.419	31	7	0	1	31	759	729	0.31	28.5
Bacillus_GCA_002576045.1_spacer_13	total_phage_454	77.419	31	7	0	1	31	23088	23118	0.31	28.5
Bacillus_GCA_002576045.1_spacer_13	total_phage_176	79.310	29	6	0	2	30	2747	2775	0.31	28.5
Bacillus_GCA_002576045.1_spacer_13	virome_phage_979	78.571	28	6	0	7	34	3753	3726	0.94	26.9
Bacillus_GCA_002576045.1_spacer_13	virome_phage_939	94.444	18	1	0	17	34	15437	15454	0.94	26.9
Bacillus_GCA_002576045.1_spacer_13	virome_phage_891	86.364	22	3	0	2	23	14040	14019	0.94	26.9
Bacillus_GCA_002576045.1_spacer_13	virome_phage_842	76.667	30	7	0	2	31	17780	17751	0.94	26.9
Bacillus_GCA_002576045.1_spacer_13	virome_phage_835	75.000	32	8	0	1	32	10502	10533	0.94	26.9
Bacillus_GCA_002576045.1_spacer_13	virome_phage_807	86.364	22	3	0	1	22	31162	31141	0.94	26.9
Bacillus_GCA_002576045.1_spacer_13	virome_phage_764	83.333	24	4	0	10	33	36633	36656	0.94	26.9
Bacillus_GCA_002576045.1_spacer_13	virome_phage_745	78.571	28	6	0	5	32	16541	16568	0.94	26.9
Bacillus_GCA_002576045.1_spacer_13	virome_phage_738	76.667	30	7	0	2	31	121227	121256	0.94	26.9
Bacillus_GCA_002576045.1_spacer_13	virome_phage_734	75.000	32	8	0	3	34	286466	286435	0.94	26.9
Bacillus_GCA_002576045.1_spacer_13	virome_phage_1109	83.333	24	4	0	10	33	2586	2609	0.94	26.9
Bacillus_GCA_002576045.1_spacer_13	total_phage_692	90.000	20	2	0	15	34	1408	1427	0.94	26.9
Bacillus_GCA_002576045.1_spacer_13	total_phage_658	90.000	20	2	0	15	34	44494	44475	0.94	26.9
Bacillus_GCA_002576045.1_spacer_13	total_phage_600	94.444	18	1	0	13	30	126	143	0.94	26.9
Bacillus_GCA_002576045.1_spacer_13	total_phage_305	86.364	22	3	0	1	22	13838	13817	0.94	26.9
Bacillus_GCA_002576045.1_spacer_13	total_phage_3	76.667	30	7	0	2	31	18157	18186	0.94	26.9
Bacillus_GCA_002576045.1_spacer_13	total_phage_189	86.364	22	3	0	2	23	9712	9733	0.94	26.9
Bacillus_GCA_002576045.1_spacer_13	total_phage_12	86.364	22	3	0	1	22	13101	13122	0.94	26.9
Bacillus_GCA_002576045.1_spacer_13	total_phage_114	86.364	22	3	0	1	22	11681	11660	0.94	26.9
Bacillus_GCA_002576045.1_spacer_14	virome_phage_2385	79.310	29	6	0	1	29	17586	17558	0.31	28.5
Bacillus_GCA_002576045.1_spacer_14	total_phage_524	94.444	18	1	0	15	32	32521	32538	0.94	26.9
Bacillus_GCA_002576045.1_spacer_14	virome_phage_974	73.529	34	9	0	1	34	16506	16473	0.94	26.9
Bacillus_GCA_002576045.1_spacer_14	virome_phage_28	76.667	30	7	0	1	30	15552	15523	0.94	26.9
