Bacillus_GCF_025519525.1_spacer_0	total_phage_735	78.788	33	7	0	2	34	37832	37864	0.084	31.7
Bacillus_GCF_025519525.1_spacer_0	virome_phage_2310	78.788	33	7	0	2	34	3840	3808	0.084	31.7
Bacillus_GCF_025519525.1_spacer_0	virome_phage_854	77.419	31	7	0	9	39	653	683	0.76	28.5
Bacillus_GCF_025519525.1_spacer_0	virome_phage_792	81.481	27	5	0	17	43	42292	42318	0.76	28.5
Bacillus_GCF_025519525.1_spacer_0	total_phage_934	77.419	31	7	0	4	34	16936	16966	0.76	28.5
Bacillus_GCF_025519525.1_spacer_0	virome_phage_735	77.419	31	7	0	9	39	44046	44016	0.76	28.5
Bacillus_GCF_025519525.1_spacer_1	virome_phage_2269	78.947	38	8	0	1	38	199294	199257	0.003	36.5
Bacillus_GCF_025519525.1_spacer_1	total_phage_730	76.316	38	9	0	1	38	119749	119712	0.028	33.3
Bacillus_GCF_025519525.1_spacer_1	virome_phage_45	88.462	26	3	0	17	42	2340	2365	0.028	33.3
Bacillus_GCF_025519525.1_spacer_1	virome_phage_10	76.316	38	9	0	1	38	66979	67016	0.028	33.3
Bacillus_GCF_025519525.1_spacer_1	total_phage_2	75.000	40	10	0	3	42	10220	10259	0.028	33.3
Bacillus_GCF_025519525.1_spacer_1	virome_phage_42	73.171	41	11	0	1	41	37251	37291	0.084	31.7
Bacillus_GCF_025519525.1_spacer_1	total_phage_114	82.759	29	5	0	10	38	333	361	0.084	31.7
Bacillus_GCF_025519525.1_spacer_1	virome_phage_839	80.000	30	6	0	4	33	12047	12018	0.25	30.1
Bacillus_GCF_025519525.1_spacer_1	virome_phage_2270	80.000	30	6	0	10	39	65636	65607	0.25	30.1
Bacillus_GCF_025519525.1_spacer_1	total_phage_437	72.500	40	11	0	3	42	31327	31288	0.25	30.1
Bacillus_GCF_025519525.1_spacer_1	virome_phage_906	90.909	22	2	0	17	38	8944	8965	0.25	30.1
Bacillus_GCF_025519525.1_spacer_1	virome_phage_906	90.909	22	2	0	17	38	8959	8980	0.25	30.1
Bacillus_GCF_025519525.1_spacer_1	virome_phage_906	90.909	22	2	0	17	38	8974	8995	0.25	30.1
Bacillus_GCF_025519525.1_spacer_1	virome_phage_906	90.909	22	2	0	17	38	8989	9010	0.25	30.1
Bacillus_GCF_025519525.1_spacer_1	virome_phage_906	90.909	22	2	0	17	38	9004	9025	0.25	30.1
Bacillus_GCF_025519525.1_spacer_1	virome_phage_906	90.909	22	2	0	17	38	9019	9040	0.25	30.1
Bacillus_GCF_025519525.1_spacer_1	virome_phage_906	90.909	22	2	0	17	38	9034	9055	0.25	30.1
Bacillus_GCF_025519525.1_spacer_1	total_phage_734	80.000	30	6	0	4	33	19758	19787	0.25	30.1
Bacillus_GCF_025519525.1_spacer_1	total_phage_729	73.684	38	10	0	3	40	44251	44288	0.25	30.1
Bacillus_GCF_025519525.1_spacer_1	virome_phage_837	71.795	39	11	0	4	42	17220	17182	0.76	28.5
Bacillus_GCF_025519525.1_spacer_1	virome_phage_817	84.000	25	4	0	1	25	12026	12002	0.76	28.5
Bacillus_GCF_025519525.1_spacer_1	virome_phage_738	75.758	33	8	0	1	33	6425	6393	0.76	28.5
Bacillus_GCF_025519525.1_spacer_1	virome_phage_736	71.795	39	11	0	1	39	138342	138304	0.76	28.5
Bacillus_GCF_025519525.1_spacer_1	virome_phage_31	84.000	25	4	0	11	35	28735	28711	0.76	28.5
Bacillus_GCF_025519525.1_spacer_1	virome_phage_2314	77.419	31	7	0	3	33	17132	17102	0.76	28.5
Bacillus_GCF_025519525.1_spacer_1	virome_phage_2314	84.000	25	4	0	17	41	32462	32486	0.76	28.5
Bacillus_GCF_025519525.1_spacer_1	virome_phage_2314	86.957	23	3	0	1	23	32464	32486	0.76	28.5
Bacillus_GCF_025519525.1_spacer_1	virome_phage_2272	90.476	21	2	0	14	34	81114	81094	0.76	28.5
Bacillus_GCF_025519525.1_spacer_1	virome_phage_123	71.795	39	11	0	4	42	18189	18151	0.76	28.5
Bacillus_GCF_025519525.1_spacer_1	total_phage_92	77.419	31	7	0	12	42	151380	151350	0.76	28.5
Bacillus_GCF_025519525.1_spacer_1	virome_phage_754	84.000	25	4	0	17	41	51514	51538	0.76	28.5
Bacillus_GCF_025519525.1_spacer_1	virome_phage_48	86.957	23	3	0	20	42	34565	34587	0.76	28.5
Bacillus_GCF_025519525.1_spacer_1	virome_phage_2298	79.310	29	6	0	10	38	19749	19777	0.76	28.5
Bacillus_GCF_025519525.1_spacer_1	virome_phage_2291	90.476	21	2	0	1	21	37013	37033	0.76	28.5
Bacillus_GCF_025519525.1_spacer_1	virome_phage_1131	77.419	31	7	0	9	39	6732	6762	0.76	28.5
Bacillus_GCF_025519525.1_spacer_2	virome_phage_891	81.818	33	6	0	5	37	9237	9205	0.009	34.9
Bacillus_GCF_025519525.1_spacer_2	total_phage_733	81.818	33	6	0	5	37	16542	16574	0.009	34.9
Bacillus_GCF_025519525.1_spacer_2	total_phage_733	84.000	25	4	0	9	33	25301	25325	0.76	28.5
Bacillus_GCF_025519525.1_spacer_2	total_phage_189	81.818	33	6	0	5	37	14515	14547	0.009	34.9
Bacillus_GCF_025519525.1_spacer_2	virome_phage_893	83.333	30	5	0	6	35	22267	22238	0.028	33.3
Bacillus_GCF_025519525.1_spacer_2	virome_phage_846	76.316	38	9	0	2	39	4187	4150	0.028	33.3
Bacillus_GCF_025519525.1_spacer_2	virome_phage_738	80.645	31	6	0	10	40	6422	6392	0.084	31.7
Bacillus_GCF_025519525.1_spacer_2	virome_phage_738	80.000	30	6	0	11	40	6319	6290	0.25	30.1
Bacillus_GCF_025519525.1_spacer_2	virome_phage_2272	91.304	23	2	0	14	36	81114	81092	0.084	31.7
Bacillus_GCF_025519525.1_spacer_2	total_phage_362	85.185	27	4	0	13	39	45219	45193	0.084	31.7
Bacillus_GCF_025519525.1_spacer_2	virome_phage_79	82.759	29	5	0	11	39	25805	25833	0.084	31.7
Bacillus_GCF_025519525.1_spacer_2	virome_phage_2315	73.684	38	10	0	2	39	2123	2086	0.25	30.1
Bacillus_GCF_025519525.1_spacer_2	total_phage_798	80.000	30	6	0	10	39	21546	21517	0.25	30.1
Bacillus_GCF_025519525.1_spacer_2	total_phage_730	80.000	30	6	0	8	37	15686	15657	0.25	30.1
Bacillus_GCF_025519525.1_spacer_2	total_phage_730	80.000	30	6	0	11	40	119757	119728	0.25	30.1
Bacillus_GCF_025519525.1_spacer_2	total_phage_730	74.286	35	9	0	5	39	119916	119882	0.76	28.5
Bacillus_GCF_025519525.1_spacer_2	virome_phage_841	80.000	30	6	0	9	38	32859	32888	0.25	30.1
Bacillus_GCF_025519525.1_spacer_2	virome_phage_735	76.471	34	8	0	3	36	154770	154803	0.25	30.1
Bacillus_GCF_025519525.1_spacer_2	virome_phage_10	80.000	30	6	0	11	40	66971	67000	0.25	30.1
Bacillus_GCF_025519525.1_spacer_2	virome_phage_25	75.758	33	8	0	11	43	31274	31242	0.76	28.5
Bacillus_GCF_025519525.1_spacer_2	total_phage_727	81.481	27	5	0	10	36	11427	11401	0.76	28.5
Bacillus_GCF_025519525.1_spacer_2	total_phage_518	81.481	27	5	0	10	36	23637	23611	0.76	28.5
Bacillus_GCF_025519525.1_spacer_2	total_phage_413	94.737	19	1	0	15	33	44176	44158	0.76	28.5
Bacillus_GCF_025519525.1_spacer_2	virome_phage_4	77.419	31	7	0	10	40	90746	90776	0.76	28.5
Bacillus_GCF_025519525.1_spacer_2	total_phage_416	86.957	23	3	0	18	40	17492	17514	0.76	28.5
Bacillus_GCF_025519525.1_spacer_2	total_phage_233	79.310	29	6	0	11	39	44422	44450	0.76	28.5
Bacillus_GCF_025519525.1_spacer_3	virome_phage_911	79.412	34	7	0	22	55	6220	6253	0.054	33.3
Bacillus_GCF_025519525.1_spacer_3	virome_phage_116	88.462	26	3	0	29	54	206	181	0.054	33.3
Bacillus_GCF_025519525.1_spacer_3	virome_phage_8	73.171	41	11	0	3	43	110864	110904	0.16	31.7
Bacillus_GCF_025519525.1_spacer_3	virome_phage_789	77.143	35	8	0	21	55	36250	36216	0.16	31.7
Bacillus_GCF_025519525.1_spacer_3	virome_phage_754	68.627	51	16	0	3	53	39693	39743	0.16	31.7
Bacillus_GCF_025519525.1_spacer_3	total_phage_232	78.788	33	7	0	22	54	38791	38759	0.16	31.7
Bacillus_GCF_025519525.1_spacer_3	total_phage_231	75.676	37	9	0	14	50	131365	131329	0.16	31.7
Bacillus_GCF_025519525.1_spacer_3	virome_phage_782	82.143	28	5	0	7	34	14173	14200	0.48	30.1
Bacillus_GCF_025519525.1_spacer_3	virome_phage_46	73.684	38	10	0	8	45	32271	32308	0.48	30.1
Bacillus_GCF_025519525.1_spacer_3	virome_phage_1131	72.500	40	11	0	1	40	3678	3717	0.48	30.1
Bacillus_GCF_025519525.1_spacer_3	total_phage_782	84.615	26	4	0	22	47	19306	19281	0.48	30.1
Bacillus_GCF_025519525.1_spacer_3	total_phage_413	73.684	38	10	0	9	46	117377	117340	0.48	30.1
Bacillus_GCF_025519525.1_spacer_4	virome_phage_738	81.818	33	6	0	1	33	6425	6393	0.009	34.9
Bacillus_GCF_025519525.1_spacer_4	virome_phage_901	83.333	30	5	0	2	31	5896	5867	0.028	33.3
Bacillus_GCF_025519525.1_spacer_4	virome_phage_4	83.333	30	5	0	1	30	90743	90772	0.028	33.3
Bacillus_GCF_025519525.1_spacer_4	total_phage_233	85.185	27	4	0	8	34	44419	44445	0.084	31.7
Bacillus_GCF_025519525.1_spacer_4	virome_phage_82	84.615	26	4	0	9	34	15902	15877	0.25	30.1
Bacillus_GCF_025519525.1_spacer_4	total_phage_730	84.615	26	4	0	11	36	119862	119837	0.25	30.1
Bacillus_GCF_025519525.1_spacer_4	total_phage_413	78.125	32	7	0	3	34	41541	41510	0.25	30.1
Bacillus_GCF_025519525.1_spacer_4	virome_phage_796	82.143	28	5	0	14	41	39593	39620	0.25	30.1
Bacillus_GCF_025519525.1_spacer_4	virome_phage_759	84.615	26	4	0	9	34	18917	18942	0.25	30.1
Bacillus_GCF_025519525.1_spacer_4	virome_phage_776	86.957	23	3	0	9	31	4494	4472	0.76	28.5
Bacillus_GCF_025519525.1_spacer_4	virome_phage_747	84.000	25	4	0	12	36	24340	24316	0.76	28.5
Bacillus_GCF_025519525.1_spacer_4	virome_phage_2310	75.758	33	8	0	1	33	13387	13355	0.76	28.5
Bacillus_GCF_025519525.1_spacer_4	virome_phage_1873	94.737	19	1	0	15	33	5593	5575	0.76	28.5
Bacillus_GCF_025519525.1_spacer_4	virome_phage_18	77.419	31	7	0	12	42	67984	67954	0.76	28.5
Bacillus_GCF_025519525.1_spacer_4	total_phage_798	84.000	25	4	0	1	25	21537	21513	0.76	28.5
Bacillus_GCF_025519525.1_spacer_4	total_phage_297	74.286	35	9	0	6	40	6507	6473	0.76	28.5
Bacillus_GCF_025519525.1_spacer_4	total_phage_293	79.310	29	6	0	1	29	40744	40716	0.76	28.5
Bacillus_GCF_025519525.1_spacer_4	total_phage_179	74.286	35	9	0	3	37	16539	16505	0.76	28.5
Bacillus_GCF_025519525.1_spacer_4	virome_phage_785	75.758	33	8	0	1	33	31816	31848	0.76	28.5
Bacillus_GCF_025519525.1_spacer_4	virome_phage_778	94.737	19	1	0	16	34	9498	9516	0.76	28.5
Bacillus_GCF_025519525.1_spacer_4	virome_phage_2298	75.758	33	8	0	1	33	30873	30905	0.76	28.5
Bacillus_GCF_025519525.1_spacer_4	total_phage_793	90.476	21	2	0	7	27	31478	31498	0.76	28.5
Bacillus_GCF_025519525.1_spacer_4	total_phage_788	74.286	35	9	0	3	37	26211	26245	0.76	28.5
Bacillus_GCF_025519525.1_spacer_4	total_phage_362	90.476	21	2	0	7	27	35034	35054	0.76	28.5
Bacillus_GCF_025519525.1_spacer_4	total_phage_117	77.419	31	7	0	8	38	8564	8594	0.76	28.5
