Bacillus_GCA_002572165.1_spacer_0	total_phage_734	80.645	31	6	0	1	31	27847	27877	0.091	31.7
Bacillus_GCA_002572165.1_spacer_0	virome_phage_738	85.185	27	4	0	16	42	80174	80148	0.091	31.7
Bacillus_GCA_002572165.1_spacer_0	virome_phage_878	80.000	30	6	0	13	42	3155	3184	0.27	30.1
Bacillus_GCA_002572165.1_spacer_0	virome_phage_38	82.143	28	5	0	17	44	44760	44787	0.27	30.1
Bacillus_GCA_002572165.1_spacer_0	virome_phage_828	86.957	23	3	0	12	34	26116	26138	0.82	28.5
Bacillus_GCA_002572165.1_spacer_0	virome_phage_734	84.000	25	4	0	15	39	89819	89843	0.82	28.5
Bacillus_GCA_002572165.1_spacer_0	total_phage_479	86.957	23	3	0	2	24	25446	25424	0.82	28.5
Bacillus_GCA_002572165.1_spacer_1	virome_phage_67	90.909	22	2	0	6	27	23577	23598	0.23	30.1
Bacillus_GCA_002572165.1_spacer_1	virome_phage_2380	82.143	28	5	0	9	36	13447	13420	0.23	30.1
Bacillus_GCA_002572165.1_spacer_1	total_phage_793	80.000	30	6	0	7	36	19484	19513	0.23	30.1
Bacillus_GCA_002572165.1_spacer_1	virome_phage_77	81.481	27	5	0	6	32	34971	34945	0.69	28.5
Bacillus_GCA_002572165.1_spacer_1	virome_phage_2324	86.957	23	3	0	11	33	10909	10931	0.69	28.5
Bacillus_GCA_002572165.1_spacer_1	virome_phage_151	86.957	23	3	0	8	30	18901	18879	0.69	28.5
Bacillus_GCA_002572165.1_spacer_1	virome_phage_1033	86.957	23	3	0	1	23	1224	1246	0.69	28.5
Bacillus_GCA_002572165.1_spacer_2	virome_phage_8	72.973	37	10	0	5	41	2604	2568	0.63	28.5
Bacillus_GCA_002572165.1_spacer_2	virome_phage_7	86.957	23	3	0	4	26	118540	118562	0.63	28.5
Bacillus_GCA_002572165.1_spacer_2	total_phage_730	90.476	21	2	0	13	33	88596	88576	0.63	28.5
Bacillus_GCA_002572165.1_spacer_4	virome_phage_825	90.909	22	2	0	17	38	23351	23372	0.27	30.1
Bacillus_GCA_002572165.1_spacer_4	virome_phage_7	79.310	29	6	0	8	36	14250	14278	0.82	28.5
Bacillus_GCA_002572165.1_spacer_4	total_phage_361	79.310	29	6	0	9	37	7000	6972	0.82	28.5
Bacillus_GCA_002572165.1_spacer_5	virome_phage_898	78.125	32	7	0	7	38	12304	12335	0.23	30.1
Bacillus_GCA_002572165.1_spacer_5	virome_phage_738	84.000	25	4	0	4	28	72479	72455	0.69	28.5
Bacillus_GCA_002572165.1_spacer_5	total_phage_730	84.000	25	4	0	4	28	42709	42685	0.69	28.5
Bacillus_GCA_002572165.1_spacer_6	virome_phage_798	85.714	28	4	0	14	41	3998	3971	0.026	33.3
Bacillus_GCA_002572165.1_spacer_6	total_phage_113	85.714	28	4	0	14	41	38555	38528	0.026	33.3
Bacillus_GCA_002572165.1_spacer_6	total_phage_795	95.238	21	1	0	21	41	33346	33326	0.077	31.7
Bacillus_GCA_002572165.1_spacer_6	total_phage_179	87.500	24	3	0	13	36	9706	9683	0.23	30.1
Bacillus_GCA_002572165.1_spacer_6	total_phage_445	82.143	28	5	0	1	28	38458	38485	0.23	30.1
Bacillus_GCA_002572165.1_spacer_6	total_phage_358	87.500	24	3	0	13	36	34111	34134	0.23	30.1
Bacillus_GCA_002572165.1_spacer_6	virome_phage_742	86.957	23	3	0	1	23	15728	15706	0.69	28.5
Bacillus_GCA_002572165.1_spacer_6	virome_phage_4	86.957	23	3	0	7	29	47273	47251	0.69	28.5
Bacillus_GCA_002572165.1_spacer_6	virome_phage_776	75.758	33	8	0	8	40	17907	17939	0.69	28.5
Bacillus_GCA_002572165.1_spacer_6	total_phage_735	84.000	25	4	0	12	36	14842	14866	0.69	28.5
Bacillus_GCA_002572165.1_spacer_6	total_phage_231	84.000	25	4	0	8	32	66666	66690	0.69	28.5
Bacillus_GCA_002572165.1_spacer_6	total_phage_231	86.957	23	3	0	6	28	106296	106318	0.69	28.5
