Bacillus_GCF_027594445.1_spacer_1	virome_phage_786	72.093	43	12	0	3	45	34969	35011	0.12	31.7
Bacillus_GCF_027594445.1_spacer_1	virome_phage_87	84.615	26	4	0	9	34	10084	10109	0.36	30.1
Bacillus_GCF_027594445.1_spacer_2	virome_phage_799	78.125	32	7	0	13	44	4288	4319	0.36	30.1
Bacillus_GCF_027594445.1_spacer_2	virome_phage_2342	76.471	34	8	0	1	34	20938	20905	0.36	30.1
Bacillus_GCF_027594445.1_spacer_3	virome_phage_1	76.190	42	10	0	5	46	219955	219914	0.004	36.5
Bacillus_GCF_027594445.1_spacer_3	virome_phage_786	80.645	31	6	0	14	44	34989	35019	0.12	31.7
Bacillus_GCF_027594445.1_spacer_3	virome_phage_2424	85.185	27	4	0	22	48	4826	4800	0.12	31.7
Bacillus_GCF_027594445.1_spacer_3	virome_phage_239	85.185	27	4	0	22	48	2938	2912	0.12	31.7
Bacillus_GCF_027594445.1_spacer_3	virome_phage_145	74.359	39	10	0	4	42	17580	17542	0.12	31.7
Bacillus_GCF_027594445.1_spacer_3	virome_phage_145	70.455	44	13	0	4	47	19524	19481	0.36	30.1
Bacillus_GCF_027594445.1_spacer_3	virome_phage_2368	70.455	44	13	0	4	47	1428	1471	0.36	30.1
Bacillus_GCF_027594445.1_spacer_3	virome_phage_2342	69.565	46	14	0	2	47	20955	20910	0.36	30.1
Bacillus_GCF_027594445.1_spacer_4	total_phage_729	71.111	45	13	0	2	46	158673	158717	0.12	31.7
Bacillus_GCF_027594445.1_spacer_4	virome_phage_762	82.143	28	5	0	13	40	7623	7596	0.36	30.1
Bacillus_GCF_027594445.1_spacer_4	virome_phage_2314	82.143	28	5	0	22	49	34445	34472	0.36	30.1
Bacillus_GCF_027594445.1_spacer_5	virome_phage_786	75.000	44	11	0	5	48	34971	35014	0.004	36.5
Bacillus_GCF_027594445.1_spacer_5	virome_phage_35	95.000	20	1	0	14	33	445	464	0.36	30.1
Bacillus_GCF_027594445.1_spacer_6	virome_phage_761	73.684	38	10	0	5	42	30152	30115	0.36	30.1
Bacillus_GCF_027594445.1_spacer_7	virome_phage_849	78.125	32	7	0	10	41	19402	19371	0.36	30.1
Bacillus_GCF_027594445.1_spacer_9	virome_phage_786	76.190	42	10	0	3	44	34978	35019	0.004	36.5
Bacillus_GCF_027594445.1_spacer_9	virome_phage_799	81.250	32	6	0	13	44	4288	4319	0.040	33.3
Bacillus_GCF_027594445.1_spacer_10	virome_phage_2368	72.093	43	12	0	1	43	3477	3519	0.12	31.7
Bacillus_GCF_027594445.1_spacer_10	virome_phage_145	72.093	43	12	0	1	43	17475	17433	0.12	31.7
Bacillus_GCF_027594445.1_spacer_10	virome_phage_87	84.615	26	4	0	9	34	10084	10109	0.36	30.1
Bacillus_GCF_027594445.1_spacer_11	virome_phage_786	88.000	25	3	0	3	27	34621	34645	0.12	31.7
Bacillus_GCF_027594445.1_spacer_11	virome_phage_2269	77.143	35	8	0	4	38	233675	233641	0.12	31.7
Bacillus_GCF_027594445.1_spacer_11	virome_phage_94	72.500	40	11	0	3	42	5394	5433	0.36	30.1
Bacillus_GCF_027594445.1_spacer_11	virome_phage_94	72.500	40	11	0	3	42	5403	5442	0.36	30.1
Bacillus_GCF_027594445.1_spacer_11	virome_phage_94	72.500	40	11	0	3	42	5412	5451	0.36	30.1
Bacillus_GCF_027594445.1_spacer_11	virome_phage_94	72.500	40	11	0	3	42	5421	5460	0.36	30.1
Bacillus_GCF_027594445.1_spacer_11	virome_phage_94	72.500	40	11	0	3	42	5430	5469	0.36	30.1
Bacillus_GCF_027594445.1_spacer_11	virome_phage_94	72.500	40	11	0	3	42	5439	5478	0.36	30.1
Bacillus_GCF_027594445.1_spacer_11	virome_phage_906	72.500	40	11	0	3	42	19730	19769	0.36	30.1
Bacillus_GCF_027594445.1_spacer_11	virome_phage_906	72.500	40	11	0	3	42	19739	19778	0.36	30.1
Bacillus_GCF_027594445.1_spacer_11	virome_phage_906	72.500	40	11	0	3	42	19748	19787	0.36	30.1
Bacillus_GCF_027594445.1_spacer_11	virome_phage_906	72.500	40	11	0	3	42	19757	19796	0.36	30.1
Bacillus_GCF_027594445.1_spacer_11	virome_phage_906	72.500	40	11	0	3	42	19766	19805	0.36	30.1
Bacillus_GCF_027594445.1_spacer_11	virome_phage_906	72.500	40	11	0	3	42	19808	19847	0.36	30.1
Bacillus_GCF_027594445.1_spacer_11	virome_phage_906	72.500	40	11	0	3	42	19817	19856	0.36	30.1
Bacillus_GCF_027594445.1_spacer_11	virome_phage_906	72.500	40	11	0	3	42	19826	19865	0.36	30.1
Bacillus_GCF_027594445.1_spacer_11	virome_phage_906	72.500	40	11	0	3	42	21907	21946	0.36	30.1
Bacillus_GCF_027594445.1_spacer_11	virome_phage_906	72.500	40	11	0	3	42	21916	21955	0.36	30.1
Bacillus_GCF_027594445.1_spacer_11	virome_phage_906	72.500	40	11	0	3	42	21925	21964	0.36	30.1
Bacillus_GCF_027594445.1_spacer_11	virome_phage_906	72.500	40	11	0	3	42	21934	21973	0.36	30.1
Bacillus_GCF_027594445.1_spacer_11	virome_phage_2424	84.615	26	4	0	23	48	4825	4800	0.36	30.1
Bacillus_GCF_027594445.1_spacer_11	virome_phage_239	84.615	26	4	0	23	48	2937	2912	0.36	30.1
Bacillus_GCF_027594445.1_spacer_12	virome_phage_52	74.359	39	10	0	4	42	44127	44165	0.12	31.7
Bacillus_GCF_027594445.1_spacer_12	virome_phage_152	78.788	33	7	0	13	45	6712	6744	0.12	31.7
Bacillus_GCF_027594445.1_spacer_13	virome_phage_786	75.000	44	11	0	5	48	34971	35014	0.004	36.5
Bacillus_GCF_027594445.1_spacer_13	virome_phage_2368	74.359	39	10	0	4	42	1428	1466	0.12	31.7
Bacillus_GCF_027594445.1_spacer_13	virome_phage_2368	71.429	42	12	0	1	42	3477	3518	0.36	30.1
Bacillus_GCF_027594445.1_spacer_13	virome_phage_145	74.359	39	10	0	4	42	19524	19486	0.12	31.7
Bacillus_GCF_027594445.1_spacer_13	virome_phage_145	71.429	42	12	0	1	42	17475	17434	0.36	30.1
Bacillus_GCF_027594445.1_spacer_13	virome_phage_1	73.171	41	11	0	5	45	219955	219915	0.12	31.7
Bacillus_GCF_027594445.1_spacer_13	virome_phage_2327	82.143	28	5	0	20	47	28529	28502	0.36	30.1
Bacillus_GCF_027594445.1_spacer_13	total_phage_730	80.000	30	6	0	17	46	4720	4691	0.36	30.1
Bacillus_GCF_027594445.1_spacer_14	virome_phage_786	73.810	42	11	0	3	44	34978	35019	0.061	33.3
Bacillus_GCF_027594445.1_spacer_14	virome_phage_2368	73.810	42	11	0	2	43	1087	1128	0.061	33.3
Bacillus_GCF_027594445.1_spacer_14	virome_phage_2368	74.359	39	10	0	14	52	2629	2667	0.18	31.7
Bacillus_GCF_027594445.1_spacer_14	virome_phage_145	74.359	39	10	0	14	52	18323	18285	0.18	31.7
Bacillus_GCF_027594445.1_spacer_14	virome_phage_824	67.308	52	17	0	4	55	11776	11827	0.55	30.1
Bacillus_GCF_027594445.1_spacer_14	virome_phage_110	80.000	30	6	0	9	38	18590	18561	0.55	30.1
Bacillus_GCF_027594445.1_spacer_14	virome_phage_1	70.455	44	13	0	2	45	220687	220644	0.55	30.1
Bacillus_GCF_027594445.1_spacer_16	virome_phage_145	78.788	33	7	0	14	46	17489	17457	0.12	31.7
Bacillus_GCF_027594445.1_spacer_16	virome_phage_145	71.429	42	12	0	5	46	19505	19464	0.36	30.1
Bacillus_GCF_027594445.1_spacer_16	virome_phage_2368	78.788	33	7	0	14	46	3463	3495	0.12	31.7
Bacillus_GCF_027594445.1_spacer_16	virome_phage_2368	71.429	42	12	0	5	46	1447	1488	0.36	30.1
Bacillus_GCF_027594445.1_spacer_16	virome_phage_42	70.455	44	13	0	3	46	3294	3251	0.36	30.1
Bacillus_GCF_027594445.1_spacer_16	virome_phage_1236	78.125	32	7	0	15	46	4319	4350	0.36	30.1
Bacillus_GCF_027594445.1_spacer_17	virome_phage_799	84.375	32	5	0	4	35	4288	4319	0.013	36.5
Bacillus_GCF_027594445.1_spacer_17	virome_phage_786	69.643	56	17	0	5	60	34989	35044	0.013	36.5
Bacillus_GCF_027594445.1_spacer_17	virome_phage_786	65.672	67	23	0	14	80	34953	35019	0.040	34.9
Bacillus_GCF_027594445.1_spacer_17	virome_phage_52	70.000	50	15	0	32	81	44128	44177	0.12	33.3
Bacillus_GCF_027594445.1_spacer_18	virome_phage_913	76.471	34	8	0	24	57	8189	8222	0.55	30.1
Bacillus_GCF_027594445.1_spacer_18	virome_phage_5	67.308	52	17	0	1	52	28923	28974	0.55	30.1
Bacillus_GCF_027594445.1_spacer_18	virome_phage_58	82.143	28	5	0	25	52	40924	40897	0.55	30.1
Bacillus_GCF_027594445.1_spacer_19	virome_phage_786	67.857	56	18	0	14	69	34971	35026	0.10	33.3
Bacillus_GCF_027594445.1_spacer_19	virome_phage_145	66.071	56	19	0	5	60	17489	17434	0.90	30.1
Bacillus_GCF_027594445.1_spacer_19	virome_phage_1	66.071	56	19	0	5	60	219937	219882	0.90	30.1
Bacillus_GCF_027594445.1_spacer_19	virome_phage_2368	66.071	56	19	0	5	60	1366	1421	0.90	30.1
Bacillus_GCF_027594445.1_spacer_19	virome_phage_2368	66.071	56	19	0	5	60	3463	3518	0.90	30.1
Bacillus_GCF_027594445.1_spacer_19	virome_phage_152	72.500	40	11	0	3	42	7942	7981	0.90	30.1
Bacillus_GCF_027594445.1_spacer_19	total_phage_115	87.500	24	3	0	47	70	31693	31716	0.90	30.1
Bacillus_GCF_027594445.1_spacer_21	virome_phage_849	78.125	32	7	0	1	32	19402	19371	0.36	30.1
Bacillus_GCF_027594445.1_spacer_21	virome_phage_5	78.125	32	7	0	14	45	26932	26963	0.36	30.1
Bacillus_GCF_027594445.1_spacer_21	virome_phage_14	72.500	40	11	0	6	45	31125	31164	0.36	30.1
Bacillus_GCF_027594445.1_spacer_22	virome_phage_2424	85.185	27	4	0	14	40	4825	4799	0.070	31.7
Bacillus_GCF_027594445.1_spacer_22	virome_phage_239	85.185	27	4	0	14	40	2937	2911	0.070	31.7
Bacillus_GCF_027594445.1_spacer_22	virome_phage_2315	84.615	26	4	0	15	40	28860	28885	0.21	30.1
Bacillus_GCF_027594445.1_spacer_22	virome_phage_2269	86.957	23	3	0	7	29	233663	233641	0.63	28.5
Bacillus_GCF_027594445.1_spacer_22	virome_phage_824	86.957	23	3	0	14	36	11768	11790	0.63	28.5
Bacillus_GCF_027594445.1_spacer_23	virome_phage_5	71.429	49	14	0	1	49	28923	28971	0.013	34.9
Bacillus_GCF_027594445.1_spacer_24	virome_phage_799	83.333	30	5	0	4	33	4288	4317	0.040	33.3
Bacillus_GCF_027594445.1_spacer_24	virome_phage_786	88.000	25	3	0	5	29	34989	35013	0.12	31.7
Bacillus_GCF_027594445.1_spacer_25	total_phage_808	76.923	39	9	0	20	58	21268	21306	0.020	34.9
Bacillus_GCF_027594445.1_spacer_25	total_phage_115	76.923	39	9	0	20	58	29334	29372	0.020	34.9
Bacillus_GCF_027594445.1_spacer_25	virome_phage_786	80.645	31	6	0	5	35	34989	35019	0.18	31.7
Bacillus_GCF_027594445.1_spacer_25	virome_phage_891	80.000	30	6	0	26	55	21475	21446	0.55	30.1
Bacillus_GCF_027594445.1_spacer_25	virome_phage_2409	82.143	28	5	0	21	48	1512	1539	0.55	30.1
Bacillus_GCF_027594445.1_spacer_25	virome_phage_2368	72.500	40	11	0	4	43	2628	2667	0.55	30.1
Bacillus_GCF_027594445.1_spacer_25	virome_phage_2356	76.471	34	8	0	24	57	14445	14478	0.55	30.1
Bacillus_GCF_027594445.1_spacer_25	total_phage_189	80.000	30	6	0	26	55	2277	2306	0.55	30.1
Bacillus_GCF_027594445.1_spacer_26	virome_phage_2314	85.714	28	4	0	9	36	34441	34468	0.023	33.3
Bacillus_GCF_027594445.1_spacer_26	virome_phage_2314	79.310	29	6	0	5	33	34446	34474	0.63	28.5
Bacillus_GCF_027594445.1_spacer_26	virome_phage_2424	84.615	26	4	0	5	30	4825	4800	0.21	30.1
Bacillus_GCF_027594445.1_spacer_26	virome_phage_239	84.615	26	4	0	5	30	2937	2912	0.21	30.1
Bacillus_GCF_027594445.1_spacer_26	total_phage_731	82.143	28	5	0	6	33	108426	108453	0.21	30.1
Bacillus_GCF_027594445.1_spacer_26	virome_phage_820	86.957	23	3	0	3	25	7779	7757	0.63	28.5
Bacillus_GCF_027594445.1_spacer_26	total_phage_927	72.973	37	10	0	4	40	28955	28991	0.63	28.5
Bacillus_GCF_027594445.1_spacer_27	virome_phage_2368	78.788	33	7	0	14	46	3463	3495	0.12	31.7
Bacillus_GCF_027594445.1_spacer_27	virome_phage_145	78.788	33	7	0	14	46	17489	17457	0.12	31.7
Bacillus_GCF_027594445.1_spacer_28	virome_phage_52	71.111	45	13	0	1	45	44133	44177	0.12	31.7
Bacillus_GCF_027594445.1_spacer_28	virome_phage_52	71.429	42	12	0	5	46	44407	44448	0.36	30.1
Bacillus_GCF_027594445.1_spacer_29	virome_phage_786	79.412	34	7	0	12	45	34612	34645	0.040	33.3
Bacillus_GCF_027594445.1_spacer_29	virome_phage_2290	74.359	39	10	0	5	43	42943	42905	0.12	31.7
Bacillus_GCF_027594445.1_spacer_30	virome_phage_786	79.412	34	7	0	12	45	34612	34645	0.040	33.3
Bacillus_GCF_027594445.1_spacer_30	virome_phage_786	80.645	31	6	0	5	35	34989	35019	0.12	31.7
Bacillus_GCF_027594445.1_spacer_30	virome_phage_799	82.759	29	5	0	7	35	4291	4319	0.12	31.7
Bacillus_GCF_027594445.1_spacer_30	virome_phage_2372	87.500	24	3	0	18	41	15698	15675	0.36	30.1
Bacillus_GCF_027594445.1_spacer_31	virome_phage_2368	81.818	33	6	0	14	46	3463	3495	0.013	34.9
Bacillus_GCF_027594445.1_spacer_31	virome_phage_145	81.818	33	6	0	14	46	17489	17457	0.013	34.9
Bacillus_GCF_027594445.1_spacer_31	virome_phage_4	80.645	31	6	0	16	46	34441	34471	0.12	31.7
Bacillus_GCF_027594445.1_spacer_31	virome_phage_2424	85.185	27	4	0	14	40	4825	4799	0.12	31.7
Bacillus_GCF_027594445.1_spacer_31	virome_phage_239	85.185	27	4	0	14	40	2937	2911	0.12	31.7
Bacillus_GCF_027594445.1_spacer_31	virome_phage_2315	85.185	27	4	0	15	41	28860	28886	0.12	31.7
Bacillus_GCF_027594445.1_spacer_31	virome_phage_2342	70.455	44	13	0	1	44	19785	19742	0.36	30.1
Bacillus_GCF_027594445.1_spacer_32	virome_phage_2424	77.778	36	8	0	4	39	4835	4800	0.040	33.3
Bacillus_GCF_027594445.1_spacer_32	virome_phage_239	77.778	36	8	0	4	39	2947	2912	0.040	33.3
Bacillus_GCF_027594445.1_spacer_32	virome_phage_786	80.645	31	6	0	5	35	34989	35019	0.12	31.7
Bacillus_GCF_027594445.1_spacer_32	virome_phage_2368	71.429	42	12	0	1	42	1434	1475	0.36	30.1
Bacillus_GCF_027594445.1_spacer_32	virome_phage_145	71.429	42	12	0	1	42	19518	19477	0.36	30.1
Bacillus_GCF_027594445.1_spacer_34	virome_phage_786	73.684	38	10	0	5	42	34989	35026	0.36	30.1
Bacillus_GCF_027594445.1_spacer_34	virome_phage_52	71.429	42	12	0	5	46	44407	44448	0.36	30.1
Bacillus_GCF_027594445.1_spacer_35	virome_phage_2314	84.375	32	5	0	14	45	34437	34468	0.004	36.5
Bacillus_GCF_027594445.1_spacer_35	virome_phage_799	78.125	32	7	0	4	35	4288	4319	0.36	30.1
Bacillus_GCF_027594445.1_spacer_36	virome_phage_2424	85.185	27	4	0	13	39	4826	4800	0.12	31.7
Bacillus_GCF_027594445.1_spacer_36	virome_phage_239	85.185	27	4	0	13	39	2938	2912	0.12	31.7
Bacillus_GCF_027594445.1_spacer_36	virome_phage_1	75.676	37	9	0	1	37	219950	219914	0.12	31.7
Bacillus_GCF_027594445.1_spacer_36	virome_phage_786	80.645	31	6	0	5	35	34989	35019	0.12	31.7
Bacillus_GCF_027594445.1_spacer_36	virome_phage_145	71.429	42	12	0	1	42	19518	19477	0.36	30.1
Bacillus_GCF_027594445.1_spacer_36	virome_phage_4	71.429	42	12	0	4	45	34474	34515	0.36	30.1
Bacillus_GCF_027594445.1_spacer_36	virome_phage_2368	71.429	42	12	0	1	42	1434	1475	0.36	30.1
Bacillus_GCF_027594445.1_spacer_37	virome_phage_42	85.714	28	4	0	22	49	18538	18565	0.040	33.3
Bacillus_GCF_027594445.1_spacer_37	virome_phage_2314	83.333	30	5	0	13	42	34445	34474	0.040	33.3
Bacillus_GCF_027594445.1_spacer_37	virome_phage_762	82.143	28	5	0	4	31	7623	7596	0.36	30.1
Bacillus_GCF_027594445.1_spacer_37	virome_phage_760	75.000	36	9	0	10	45	34530	34495	0.36	30.1
Bacillus_GCF_027594445.1_spacer_38	virome_phage_786	77.500	40	9	0	5	44	34980	35019	0.004	36.5
Bacillus_GCF_027594445.1_spacer_38	virome_phage_35	95.000	20	1	0	5	24	445	464	0.36	30.1
Bacillus_GCF_027594445.1_spacer_40	virome_phage_2290	74.359	39	10	0	5	43	42943	42905	0.12	31.7
Bacillus_GCF_027594445.1_spacer_40	virome_phage_849	78.125	32	7	0	1	32	19402	19371	0.36	30.1
Bacillus_GCF_027594445.1_spacer_41	virome_phage_2368	78.125	32	7	0	14	45	3463	3494	0.36	30.1
Bacillus_GCF_027594445.1_spacer_41	virome_phage_145	78.125	32	7	0	14	45	17489	17458	0.36	30.1
Bacillus_GCF_027594445.1_spacer_42	virome_phage_5	69.388	49	15	0	1	49	28923	28971	0.12	31.7
Bacillus_GCF_027594445.1_spacer_43	virome_phage_786	88.000	25	3	0	5	29	34989	35013	0.12	31.7
Bacillus_GCF_027594445.1_spacer_43	virome_phage_2315	82.143	28	5	0	4	31	16424	16397	0.36	30.1
Bacillus_GCF_027594445.1_spacer_44	virome_phage_2368	75.000	40	10	0	4	43	2628	2667	0.061	33.3
Bacillus_GCF_027594445.1_spacer_44	virome_phage_2368	80.000	30	6	0	13	42	1143	1172	0.55	30.1
Bacillus_GCF_027594445.1_spacer_44	virome_phage_145	74.359	39	10	0	5	43	18323	18285	0.18	31.7
Bacillus_GCF_027594445.1_spacer_44	virome_phage_786	80.645	31	6	0	5	35	34989	35019	0.18	31.7
Bacillus_GCF_027594445.1_spacer_44	total_phage_808	74.359	39	10	0	20	58	21268	21306	0.18	31.7
Bacillus_GCF_027594445.1_spacer_44	total_phage_115	74.359	39	10	0	20	58	29334	29372	0.18	31.7
Bacillus_GCF_027594445.1_spacer_44	virome_phage_891	80.000	30	6	0	26	55	21475	21446	0.55	30.1
Bacillus_GCF_027594445.1_spacer_44	virome_phage_2409	82.143	28	5	0	21	48	1512	1539	0.55	30.1
Bacillus_GCF_027594445.1_spacer_44	virome_phage_2254	80.000	30	6	0	21	50	18914	18943	0.55	30.1
Bacillus_GCF_027594445.1_spacer_44	virome_phage_2238	80.000	30	6	0	21	50	337	366	0.55	30.1
Bacillus_GCF_027594445.1_spacer_44	total_phage_189	80.000	30	6	0	26	55	2277	2306	0.55	30.1
Bacillus_GCF_027594445.1_spacer_45	virome_phage_2314	85.714	28	4	0	9	36	34441	34468	0.023	33.3
Bacillus_GCF_027594445.1_spacer_45	virome_phage_2314	79.310	29	6	0	5	33	34446	34474	0.63	28.5
Bacillus_GCF_027594445.1_spacer_45	virome_phage_2424	84.615	26	4	0	5	30	4825	4800	0.21	30.1
Bacillus_GCF_027594445.1_spacer_45	virome_phage_239	84.615	26	4	0	5	30	2937	2912	0.21	30.1
Bacillus_GCF_027594445.1_spacer_45	total_phage_731	82.143	28	5	0	6	33	108426	108453	0.21	30.1
Bacillus_GCF_027594445.1_spacer_45	virome_phage_820	86.957	23	3	0	3	25	7779	7757	0.63	28.5
Bacillus_GCF_027594445.1_spacer_45	total_phage_927	72.973	37	10	0	4	40	28955	28991	0.63	28.5
Bacillus_GCF_027594445.1_spacer_46	virome_phage_2368	78.788	33	7	0	14	46	3463	3495	0.12	31.7
Bacillus_GCF_027594445.1_spacer_46	virome_phage_145	78.788	33	7	0	14	46	17489	17457	0.12	31.7
Bacillus_GCF_027594445.1_spacer_47	virome_phage_2314	85.714	28	4	0	18	45	34441	34468	0.040	33.3
Bacillus_GCF_027594445.1_spacer_47	total_phage_731	73.171	41	11	0	2	42	108413	108453	0.12	31.7
Bacillus_GCF_027594445.1_spacer_47	virome_phage_2424	75.676	37	9	0	3	39	4836	4800	0.12	31.7
Bacillus_GCF_027594445.1_spacer_47	virome_phage_239	75.676	37	9	0	3	39	2948	2912	0.12	31.7
Bacillus_GCF_027594445.1_spacer_48	virome_phage_824	82.759	29	5	0	14	42	11678	11706	0.12	31.7
Bacillus_GCF_027594445.1_spacer_48	virome_phage_868	90.909	22	2	0	17	38	30653	30674	0.36	30.1
Bacillus_GCF_027594445.1_spacer_48	virome_phage_740	87.500	24	3	0	1	24	71334	71311	0.36	30.1
Bacillus_GCF_027594445.1_spacer_49	virome_phage_1	72.727	44	12	0	6	49	73857	73900	0.040	33.3
Bacillus_GCF_027594445.1_spacer_50	virome_phage_1	70.968	62	18	0	12	73	220686	220625	1.38e-04	42.8
Bacillus_GCF_027594445.1_spacer_50	virome_phage_1	64.286	70	25	0	1	70	221039	220970	0.10	33.3
Bacillus_GCF_027594445.1_spacer_50	virome_phage_1	70.455	44	13	0	20	63	220687	220644	0.90	30.1
Bacillus_GCF_027594445.1_spacer_50	virome_phage_4	67.647	68	22	0	5	72	34448	34515	0.001	39.6
Bacillus_GCF_027594445.1_spacer_50	virome_phage_2368	68.333	60	19	0	4	63	1089	1148	0.011	36.5
Bacillus_GCF_027594445.1_spacer_50	virome_phage_2368	68.421	57	18	0	5	61	1072	1128	0.033	34.9
Bacillus_GCF_027594445.1_spacer_50	virome_phage_2368	66.667	57	19	0	4	60	1320	1376	0.30	31.7
Bacillus_GCF_027594445.1_spacer_50	virome_phage_2368	66.667	57	19	0	4	60	1356	1412	0.30	31.7
Bacillus_GCF_027594445.1_spacer_50	virome_phage_2368	63.636	66	24	0	4	69	1107	1172	0.90	30.1
Bacillus_GCF_027594445.1_spacer_50	virome_phage_786	71.429	49	14	0	14	62	34971	35019	0.033	34.9
Bacillus_GCF_027594445.1_spacer_50	virome_phage_786	72.340	47	13	0	5	51	34971	35017	0.033	34.9
Bacillus_GCF_027594445.1_spacer_50	virome_phage_881	74.359	39	10	0	4	42	2084	2122	0.30	31.7
Bacillus_GCF_027594445.1_spacer_50	virome_phage_881	63.636	66	24	0	5	70	2067	2132	0.90	30.1
Bacillus_GCF_027594445.1_spacer_50	virome_phage_2424	85.185	27	4	0	40	66	4826	4800	0.30	31.7
Bacillus_GCF_027594445.1_spacer_50	virome_phage_239	85.185	27	4	0	40	66	2938	2912	0.30	31.7
Bacillus_GCF_027594445.1_spacer_50	total_phage_730	68.627	51	16	0	11	61	4708	4658	0.30	31.7
Bacillus_GCF_027594445.1_spacer_50	virome_phage_145	63.636	66	24	0	4	69	19845	19780	0.90	30.1
Bacillus_GCF_027594445.1_spacer_50	virome_phage_110	80.000	30	6	0	27	56	18590	18561	0.90	30.1
Bacillus_GCF_027594445.1_spacer_51	virome_phage_786	71.642	67	19	0	14	80	34953	35019	6.04e-06	47.5
Bacillus_GCF_027594445.1_spacer_51	virome_phage_786	68.966	58	18	0	5	62	34989	35046	0.013	36.5
Bacillus_GCF_027594445.1_spacer_51	virome_phage_2368	66.197	71	24	0	14	84	3463	3533	0.004	38.0
Bacillus_GCF_027594445.1_spacer_51	virome_phage_145	66.197	71	24	0	14	84	17489	17419	0.004	38.0
Bacillus_GCF_027594445.1_spacer_51	virome_phage_2411	66.154	65	22	0	14	78	5666	5602	0.040	34.9
Bacillus_GCF_027594445.1_spacer_51	virome_phage_176	66.154	65	22	0	14	78	5567	5503	0.040	34.9
Bacillus_GCF_027594445.1_spacer_51	virome_phage_152	65.152	66	23	0	4	69	6712	6777	0.12	33.3
Bacillus_GCF_027594445.1_spacer_51	virome_phage_52	71.111	45	13	0	1	45	44133	44177	0.36	31.7
Bacillus_GCF_027594445.1_spacer_51	virome_phage_52	70.213	47	14	0	5	51	44407	44453	0.36	31.7
Bacillus_GCF_027594445.1_spacer_52	virome_phage_94	62.500	80	30	0	1	80	5392	5471	0.12	33.3
Bacillus_GCF_027594445.1_spacer_52	virome_phage_94	62.500	80	30	0	1	80	5401	5480	0.12	33.3
Bacillus_GCF_027594445.1_spacer_52	virome_phage_906	62.500	80	30	0	1	80	19728	19807	0.12	33.3
Bacillus_GCF_027594445.1_spacer_52	virome_phage_906	64.615	65	23	0	16	80	21902	21966	0.36	31.7
Bacillus_GCF_027594445.1_spacer_52	virome_phage_906	63.768	69	25	0	1	69	21905	21973	0.36	31.7
Bacillus_GCF_027594445.1_spacer_52	virome_phage_906	64.179	67	24	0	14	80	21909	21975	0.36	31.7
Bacillus_GCF_027594445.1_spacer_52	virome_phage_824	64.706	68	24	0	11	78	11846	11913	0.12	33.3
Bacillus_GCF_027594445.1_spacer_52	virome_phage_1	64.706	68	24	0	14	81	220693	220626	0.12	33.3
Bacillus_GCF_027594445.1_spacer_53	virome_phage_2368	64.789	71	25	0	14	84	3463	3533	0.040	34.9
Bacillus_GCF_027594445.1_spacer_53	virome_phage_145	64.789	71	25	0	14	84	17489	17419	0.040	34.9
Bacillus_GCF_027594445.1_spacer_53	virome_phage_786	67.241	58	19	0	14	71	34971	35028	0.12	33.3
Bacillus_GCF_027594445.1_spacer_53	virome_phage_786	64.615	65	23	0	14	78	34980	35044	0.36	31.7
Bacillus_GCF_027594445.1_spacer_53	virome_phage_1	66.129	62	21	0	21	82	221019	220958	0.12	33.3
Bacillus_GCF_027594445.1_spacer_53	virome_phage_94	65.574	61	21	0	20	80	5393	5453	0.36	31.7
Bacillus_GCF_027594445.1_spacer_53	virome_phage_94	65.574	61	21	0	20	80	5402	5462	0.36	31.7
Bacillus_GCF_027594445.1_spacer_53	virome_phage_94	65.574	61	21	0	20	80	5411	5471	0.36	31.7
Bacillus_GCF_027594445.1_spacer_53	virome_phage_94	65.574	61	21	0	20	80	5420	5480	0.36	31.7
Bacillus_GCF_027594445.1_spacer_53	virome_phage_906	65.574	61	21	0	20	80	19729	19789	0.36	31.7
Bacillus_GCF_027594445.1_spacer_53	virome_phage_906	65.574	61	21	0	20	80	19738	19798	0.36	31.7
Bacillus_GCF_027594445.1_spacer_53	virome_phage_906	65.574	61	21	0	20	80	19747	19807	0.36	31.7
Bacillus_GCF_027594445.1_spacer_53	virome_phage_906	65.574	61	21	0	20	80	21906	21966	0.36	31.7
Bacillus_GCF_027594445.1_spacer_53	virome_phage_906	65.574	61	21	0	20	80	21915	21975	0.36	31.7
Bacillus_GCF_027594445.1_spacer_53	virome_phage_5	70.213	47	14	0	32	78	29092	29138	0.36	31.7
Bacillus_GCF_027594445.1_spacer_53	virome_phage_2424	74.359	39	10	0	1	39	4838	4800	0.36	31.7
Bacillus_GCF_027594445.1_spacer_53	virome_phage_239	74.359	39	10	0	1	39	2950	2912	0.36	31.7
Bacillus_GCF_027594445.1_spacer_54	virome_phage_799	85.714	28	4	0	40	67	4288	4315	0.079	33.3
Bacillus_GCF_027594445.1_spacer_54	virome_phage_2424	77.778	36	8	0	4	39	4835	4800	0.079	33.3
Bacillus_GCF_027594445.1_spacer_54	virome_phage_239	77.778	36	8	0	4	39	2947	2912	0.079	33.3
Bacillus_GCF_027594445.1_spacer_54	virome_phage_786	72.093	43	12	0	23	65	34971	35013	0.24	31.7
Bacillus_GCF_027594445.1_spacer_54	virome_phage_786	80.645	31	6	0	5	35	34989	35019	0.24	31.7
Bacillus_GCF_027594445.1_spacer_54	virome_phage_2389	69.388	49	15	0	14	62	3909	3861	0.24	31.7
Bacillus_GCF_027594445.1_spacer_54	virome_phage_1	64.179	67	24	0	1	67	219950	219884	0.24	31.7
Bacillus_GCF_027594445.1_spacer_54	virome_phage_2368	71.429	42	12	0	1	42	1434	1475	0.71	30.1
Bacillus_GCF_027594445.1_spacer_54	virome_phage_145	71.429	42	12	0	1	42	19518	19477	0.71	30.1
Bacillus_GCF_027594445.1_spacer_54	total_phage_808	73.684	38	10	0	20	57	21268	21305	0.71	30.1
Bacillus_GCF_027594445.1_spacer_54	total_phage_115	73.684	38	10	0	20	57	29334	29371	0.71	30.1
