Bacillus_GCF_007558965.1_spacer_0	virome_phage_52	74.359	39	10	0	5	43	44038	44076	0.12	31.7
Bacillus_GCF_007558965.1_spacer_1	virome_phage_2314	86.364	22	3	0	3	24	34444	34465	0.76	26.9
Bacillus_GCF_007558965.1_spacer_1	total_phage_927	100.000	16	0	0	14	29	59662	59677	0.76	26.9
Bacillus_GCF_007558965.1_spacer_1	total_phage_413	86.364	22	3	0	1	22	46540	46561	0.76	26.9
Bacillus_GCF_007558965.1_spacer_2	virome_phage_2285	80.769	26	5	0	1	26	6667	6692	0.76	26.9
Bacillus_GCF_007558965.1_spacer_3	virome_phage_841	76.667	30	7	0	1	30	24062	24091	0.76	26.9
Bacillus_GCF_007558965.1_spacer_3	virome_phage_33	80.769	26	5	0	1	26	43507	43482	0.76	26.9
Bacillus_GCF_007558965.1_spacer_4	virome_phage_2342	75.758	33	8	0	4	36	19674	19642	0.63	28.5
Bacillus_GCF_007558965.1_spacer_4	virome_phage_152	74.286	35	9	0	5	39	7319	7353	0.63	28.5
Bacillus_GCF_007558965.1_spacer_5	virome_phage_36	86.364	22	3	0	5	26	9011	9032	0.76	26.9
Bacillus_GCF_007558965.1_spacer_6	total_phage_112	81.481	27	5	0	5	31	39016	39042	0.25	28.5
Bacillus_GCF_007558965.1_spacer_6	virome_phage_857	80.769	26	5	0	1	26	29512	29487	0.76	26.9
Bacillus_GCF_007558965.1_spacer_6	virome_phage_2254	94.444	18	1	0	4	21	128788	128805	0.76	26.9
Bacillus_GCF_007558965.1_spacer_7	virome_phage_59	94.444	18	1	0	9	26	26783	26766	0.76	26.9
Bacillus_GCF_007558965.1_spacer_7	total_phage_497	80.769	26	5	0	2	27	15792	15817	0.76	26.9
Bacillus_GCF_007558965.1_spacer_7	total_phage_478	80.769	26	5	0	2	27	11117	11142	0.76	26.9
Bacillus_GCF_007558965.1_spacer_8	virome_phage_145	80.000	40	8	0	6	45	17590	17551	5.18e-04	39.6
Bacillus_GCF_007558965.1_spacer_8	virome_phage_145	74.419	43	11	0	7	49	19533	19491	0.014	34.9
Bacillus_GCF_007558965.1_spacer_8	virome_phage_145	71.111	45	13	0	5	49	18344	18300	0.13	31.7
Bacillus_GCF_007558965.1_spacer_8	virome_phage_145	73.171	41	11	0	7	47	19497	19457	0.13	31.7
Bacillus_GCF_007558965.1_spacer_8	virome_phage_145	76.471	34	8	0	4	37	18309	18276	0.38	30.1
Bacillus_GCF_007558965.1_spacer_8	virome_phage_145	72.500	40	11	0	8	47	20069	20030	0.38	30.1
Bacillus_GCF_007558965.1_spacer_8	virome_phage_824	76.087	46	11	0	2	47	11789	11834	5.18e-04	39.6
Bacillus_GCF_007558965.1_spacer_8	virome_phage_824	72.500	40	11	0	8	47	11759	11798	0.38	30.1
Bacillus_GCF_007558965.1_spacer_8	virome_phage_5	76.087	46	11	0	2	47	29104	29149	5.18e-04	39.6
Bacillus_GCF_007558965.1_spacer_8	virome_phage_5	84.615	26	4	0	7	32	28398	28423	0.38	30.1
Bacillus_GCF_007558965.1_spacer_8	virome_phage_2368	80.556	36	7	0	6	41	3362	3397	0.005	36.5
Bacillus_GCF_007558965.1_spacer_8	virome_phage_2368	74.419	43	11	0	7	49	1419	1461	0.014	34.9
Bacillus_GCF_007558965.1_spacer_8	virome_phage_2368	73.171	41	11	0	7	47	1455	1495	0.13	31.7
Bacillus_GCF_007558965.1_spacer_8	virome_phage_2368	76.471	34	8	0	4	37	2643	2676	0.38	30.1
Bacillus_GCF_007558965.1_spacer_8	virome_phage_1	80.645	31	6	0	6	36	221433	221403	0.13	31.7
Bacillus_GCF_007558965.1_spacer_8	virome_phage_52	88.000	25	3	0	17	41	44074	44098	0.13	31.7
Bacillus_GCF_007558965.1_spacer_8	virome_phage_52	78.788	33	7	0	8	40	44416	44448	0.13	31.7
Bacillus_GCF_007558965.1_spacer_8	virome_phage_829	71.429	42	12	0	4	45	14430	14389	0.38	30.1
Bacillus_GCF_007558965.1_spacer_8	virome_phage_2345	71.429	42	12	0	4	45	2354	2395	0.38	30.1
Bacillus_GCF_007558965.1_spacer_9	virome_phage_824	76.000	50	12	0	1	50	11743	11792	5.76e-05	42.8
Bacillus_GCF_007558965.1_spacer_9	virome_phage_824	73.171	41	11	0	6	46	11802	11842	0.13	31.7
Bacillus_GCF_007558965.1_spacer_9	virome_phage_94	78.571	42	9	0	4	45	5392	5433	5.18e-04	39.6
Bacillus_GCF_007558965.1_spacer_9	virome_phage_94	78.571	42	9	0	4	45	5401	5442	5.18e-04	39.6
Bacillus_GCF_007558965.1_spacer_9	virome_phage_94	78.571	42	9	0	4	45	5410	5451	5.18e-04	39.6
Bacillus_GCF_007558965.1_spacer_9	virome_phage_94	78.571	42	9	0	4	45	5419	5460	5.18e-04	39.6
Bacillus_GCF_007558965.1_spacer_9	virome_phage_94	78.571	42	9	0	4	45	5428	5469	5.18e-04	39.6
Bacillus_GCF_007558965.1_spacer_9	virome_phage_94	78.571	42	9	0	4	45	5437	5478	5.18e-04	39.6
Bacillus_GCF_007558965.1_spacer_9	virome_phage_94	76.190	42	10	0	4	45	5383	5424	0.005	36.5
Bacillus_GCF_007558965.1_spacer_9	virome_phage_94	73.913	46	12	0	4	49	5446	5491	0.005	36.5
Bacillus_GCF_007558965.1_spacer_9	virome_phage_94	82.143	28	5	0	18	45	5379	5406	0.38	30.1
Bacillus_GCF_007558965.1_spacer_9	virome_phage_906	78.571	42	9	0	4	45	19728	19769	5.18e-04	39.6
Bacillus_GCF_007558965.1_spacer_9	virome_phage_906	78.571	42	9	0	4	45	19737	19778	5.18e-04	39.6
Bacillus_GCF_007558965.1_spacer_9	virome_phage_906	78.571	42	9	0	4	45	19746	19787	5.18e-04	39.6
Bacillus_GCF_007558965.1_spacer_9	virome_phage_906	78.571	42	9	0	4	45	19755	19796	5.18e-04	39.6
Bacillus_GCF_007558965.1_spacer_9	virome_phage_906	78.571	42	9	0	4	45	19764	19805	5.18e-04	39.6
Bacillus_GCF_007558965.1_spacer_9	virome_phage_906	78.571	42	9	0	4	45	19806	19847	5.18e-04	39.6
Bacillus_GCF_007558965.1_spacer_9	virome_phage_906	78.571	42	9	0	4	45	19815	19856	5.18e-04	39.6
Bacillus_GCF_007558965.1_spacer_9	virome_phage_906	78.571	42	9	0	4	45	19824	19865	5.18e-04	39.6
Bacillus_GCF_007558965.1_spacer_9	virome_phage_906	78.571	42	9	0	4	45	21905	21946	5.18e-04	39.6
Bacillus_GCF_007558965.1_spacer_9	virome_phage_906	78.571	42	9	0	4	45	21914	21955	5.18e-04	39.6
Bacillus_GCF_007558965.1_spacer_9	virome_phage_906	78.571	42	9	0	4	45	21923	21964	5.18e-04	39.6
Bacillus_GCF_007558965.1_spacer_9	virome_phage_906	78.571	42	9	0	4	45	21932	21973	5.18e-04	39.6
Bacillus_GCF_007558965.1_spacer_9	virome_phage_906	76.190	42	10	0	4	45	19797	19838	0.005	36.5
Bacillus_GCF_007558965.1_spacer_9	virome_phage_906	76.190	42	10	0	4	45	19833	19874	0.005	36.5
Bacillus_GCF_007558965.1_spacer_9	virome_phage_906	75.000	40	10	0	4	43	19773	19812	0.042	33.3
Bacillus_GCF_007558965.1_spacer_9	virome_phage_906	75.000	40	10	0	4	43	21941	21980	0.042	33.3
Bacillus_GCF_007558965.1_spacer_9	virome_phage_906	72.500	40	11	0	4	43	19842	19881	0.38	30.1
Bacillus_GCF_007558965.1_spacer_9	virome_phage_906	72.500	40	11	0	4	43	21950	21989	0.38	30.1
Bacillus_GCF_007558965.1_spacer_9	virome_phage_2368	75.556	45	11	0	1	45	1458	1502	0.002	38.0
Bacillus_GCF_007558965.1_spacer_9	virome_phage_2368	75.000	44	11	0	7	50	1062	1105	0.005	36.5
Bacillus_GCF_007558965.1_spacer_9	virome_phage_2368	73.333	45	12	0	1	45	1422	1466	0.014	34.9
Bacillus_GCF_007558965.1_spacer_9	virome_phage_2368	84.615	26	4	0	2	27	3367	3392	0.38	30.1
Bacillus_GCF_007558965.1_spacer_9	virome_phage_145	75.556	45	11	0	1	45	19494	19450	0.002	38.0
Bacillus_GCF_007558965.1_spacer_9	virome_phage_145	73.333	45	12	0	1	45	19530	19486	0.014	34.9
Bacillus_GCF_007558965.1_spacer_9	virome_phage_145	72.727	44	12	0	2	45	17585	17542	0.042	33.3
Bacillus_GCF_007558965.1_spacer_9	virome_phage_145	70.833	48	14	0	1	48	20067	20020	0.042	33.3
Bacillus_GCF_007558965.1_spacer_9	virome_phage_52	75.000	40	10	0	2	41	44428	44467	0.042	33.3
Bacillus_GCF_007558965.1_spacer_9	virome_phage_772	78.788	33	7	0	17	49	43606	43638	0.13	31.7
Bacillus_GCF_007558965.1_spacer_9	virome_phage_5	72.093	43	12	0	8	50	29092	29134	0.13	31.7
Bacillus_GCF_007558965.1_spacer_9	virome_phage_786	71.429	42	12	0	8	49	34962	35003	0.38	30.1
Bacillus_GCF_007558965.1_spacer_9	virome_phage_786	90.909	22	2	0	17	38	34998	35019	0.38	30.1
Bacillus_GCF_007558965.1_spacer_9	virome_phage_41	71.429	42	12	0	4	45	22435	22394	0.38	30.1
Bacillus_GCF_007558965.1_spacer_9	virome_phage_41	71.429	42	12	0	4	45	22444	22403	0.38	30.1
Bacillus_GCF_007558965.1_spacer_9	virome_phage_41	71.429	42	12	0	4	45	22453	22412	0.38	30.1
Bacillus_GCF_007558965.1_spacer_9	virome_phage_41	71.429	42	12	0	4	45	22462	22421	0.38	30.1
Bacillus_GCF_007558965.1_spacer_9	virome_phage_41	71.429	42	12	0	4	45	22471	22430	0.38	30.1
Bacillus_GCF_007558965.1_spacer_9	virome_phage_2424	80.000	30	6	0	17	46	4825	4796	0.38	30.1
Bacillus_GCF_007558965.1_spacer_9	virome_phage_239	80.000	30	6	0	17	46	2937	2908	0.38	30.1
Bacillus_GCF_007558965.1_spacer_9	virome_phage_1	72.500	40	11	0	6	45	217908	217869	0.38	30.1
Bacillus_GCF_007558965.1_spacer_9	virome_phage_1	76.471	34	8	0	17	50	219937	219904	0.38	30.1
Bacillus_GCF_007558965.1_spacer_10	virome_phage_824	78.571	56	12	0	1	56	11779	11834	1.19e-07	52.3
Bacillus_GCF_007558965.1_spacer_10	virome_phage_824	80.000	30	6	0	1	30	11815	11844	0.57	30.1
Bacillus_GCF_007558965.1_spacer_10	virome_phage_5	77.778	54	12	0	3	56	29096	29149	1.07e-06	49.1
Bacillus_GCF_007558965.1_spacer_10	virome_phage_5	80.556	36	7	0	6	41	28388	28423	0.007	36.5
Bacillus_GCF_007558965.1_spacer_10	virome_phage_5	68.627	51	16	0	4	54	28923	28973	0.19	31.7
Bacillus_GCF_007558965.1_spacer_10	virome_phage_145	76.923	52	12	0	3	54	17602	17551	9.60e-06	46.0
Bacillus_GCF_007558965.1_spacer_10	virome_phage_145	69.643	56	17	0	3	58	19546	19491	0.007	36.5
Bacillus_GCF_007558965.1_spacer_10	virome_phage_145	71.429	49	14	0	8	56	19505	19457	0.021	34.9
Bacillus_GCF_007558965.1_spacer_10	virome_phage_145	68.519	54	17	0	3	56	18292	18239	0.063	33.3
Bacillus_GCF_007558965.1_spacer_10	virome_phage_145	75.000	40	10	0	7	46	18315	18276	0.063	33.3
Bacillus_GCF_007558965.1_spacer_10	virome_phage_145	75.000	36	9	0	1	36	17673	17638	0.57	30.1
Bacillus_GCF_007558965.1_spacer_10	virome_phage_145	67.308	52	17	0	7	58	18351	18300	0.57	30.1
Bacillus_GCF_007558965.1_spacer_10	virome_phage_145	72.500	40	11	0	17	56	20069	20030	0.57	30.1
Bacillus_GCF_007558965.1_spacer_10	virome_phage_2368	77.083	48	11	0	3	50	3350	3397	8.64e-05	42.8
Bacillus_GCF_007558965.1_spacer_10	virome_phage_2368	69.643	56	17	0	3	58	1406	1461	0.007	36.5
Bacillus_GCF_007558965.1_spacer_10	virome_phage_2368	71.429	49	14	0	8	56	1447	1495	0.021	34.9
Bacillus_GCF_007558965.1_spacer_10	virome_phage_2368	75.000	40	10	0	7	46	2637	2676	0.063	33.3
Bacillus_GCF_007558965.1_spacer_10	virome_phage_2368	80.645	31	6	0	6	36	1142	1172	0.19	31.7
Bacillus_GCF_007558965.1_spacer_10	virome_phage_52	75.000	44	11	0	7	50	44055	44098	0.007	36.5
Bacillus_GCF_007558965.1_spacer_10	virome_phage_2345	70.213	47	14	0	8	54	2349	2395	0.19	31.7
Bacillus_GCF_007558965.1_spacer_10	virome_phage_865	73.684	38	10	0	1	38	31074	31037	0.57	30.1
Bacillus_GCF_007558965.1_spacer_10	virome_phage_829	71.429	42	12	0	13	54	14430	14389	0.57	30.1
Bacillus_GCF_007558965.1_spacer_10	virome_phage_14	82.143	28	5	0	4	31	31471	31498	0.57	30.1
