Bacillus_GCA_002582825.1_spacer_0	virome_phage_2368	73.810	42	11	0	1	42	1473	1432	0.028	33.3
Bacillus_GCA_002582825.1_spacer_0	virome_phage_2368	81.481	27	5	0	1	27	1170	1144	0.76	28.5
Bacillus_GCA_002582825.1_spacer_0	virome_phage_145	73.810	42	11	0	1	42	19479	19520	0.028	33.3
Bacillus_GCA_002582825.1_spacer_0	virome_phage_145	72.973	37	10	0	6	42	17540	17576	0.76	28.5
Bacillus_GCA_002582825.1_spacer_0	virome_phage_52	91.304	23	2	0	21	43	44098	44076	0.084	31.7
Bacillus_GCA_002582825.1_spacer_0	virome_phage_52	73.171	41	11	0	3	43	44350	44310	0.084	31.7
Bacillus_GCA_002582825.1_spacer_0	virome_phage_824	73.684	38	10	0	2	39	11811	11774	0.25	30.1
Bacillus_GCA_002582825.1_spacer_0	virome_phage_820	78.125	32	7	0	2	33	13378	13347	0.25	30.1
Bacillus_GCA_002582825.1_spacer_0	virome_phage_772	86.957	23	3	0	2	24	37112	37090	0.76	28.5
Bacillus_GCA_002582825.1_spacer_0	virome_phage_5	77.419	31	7	0	2	32	29126	29096	0.76	28.5
Bacillus_GCA_002582825.1_spacer_0	virome_phage_14	75.758	33	8	0	4	36	31498	31466	0.76	28.5
Bacillus_GCA_002582825.1_spacer_0	virome_phage_1873	81.481	27	5	0	9	35	4037	4063	0.76	28.5
Bacillus_GCA_002582825.1_spacer_1	virome_phage_2368	75.556	45	11	0	1	45	3390	3346	0.002	38.0
Bacillus_GCA_002582825.1_spacer_1	virome_phage_2368	71.111	45	13	0	8	52	1475	1431	0.14	31.7
Bacillus_GCA_002582825.1_spacer_1	virome_phage_145	75.556	45	11	0	1	45	17562	17606	0.002	38.0
Bacillus_GCA_002582825.1_spacer_1	virome_phage_145	71.111	45	13	0	8	52	19477	19521	0.14	31.7
Bacillus_GCA_002582825.1_spacer_1	virome_phage_824	72.917	48	13	0	1	48	11821	11774	0.005	36.5
Bacillus_GCA_002582825.1_spacer_1	virome_phage_824	74.359	39	10	0	14	52	11844	11806	0.14	31.7
Bacillus_GCA_002582825.1_spacer_1	virome_phage_5	75.610	41	10	0	1	41	29136	29096	0.016	34.9
Bacillus_GCA_002582825.1_spacer_1	virome_phage_5	85.185	27	4	0	26	52	28184	28158	0.14	31.7
Bacillus_GCA_002582825.1_spacer_1	virome_phage_5	71.429	42	12	0	8	49	28418	28377	0.42	30.1
Bacillus_GCA_002582825.1_spacer_2	virome_phage_824	76.316	38	9	0	2	39	11811	11774	0.028	33.3
Bacillus_GCA_002582825.1_spacer_2	virome_phage_824	82.759	29	5	0	15	43	11834	11806	0.084	31.7
Bacillus_GCA_002582825.1_spacer_2	virome_phage_145	76.316	38	9	0	6	43	17540	17577	0.028	33.3
Bacillus_GCA_002582825.1_spacer_2	virome_phage_145	69.767	43	13	0	1	43	19479	19521	0.76	28.5
Bacillus_GCA_002582825.1_spacer_2	virome_phage_5	85.185	27	4	0	17	43	28184	28158	0.084	31.7
Bacillus_GCA_002582825.1_spacer_2	virome_phage_52	90.909	22	2	0	21	42	44098	44077	0.25	30.1
Bacillus_GCA_002582825.1_spacer_2	virome_phage_2368	73.684	38	10	0	6	43	3412	3375	0.25	30.1
Bacillus_GCA_002582825.1_spacer_2	virome_phage_2368	69.767	43	13	0	1	43	1473	1431	0.76	28.5
Bacillus_GCA_002582825.1_spacer_2	virome_phage_864	77.419	31	7	0	7	37	4156	4126	0.76	28.5
Bacillus_GCA_002582825.1_spacer_2	virome_phage_772	86.957	23	3	0	2	24	37112	37090	0.76	28.5
Bacillus_GCA_002582825.1_spacer_2	virome_phage_14	75.758	33	8	0	4	36	31498	31466	0.76	28.5
Bacillus_GCA_002582825.1_spacer_2	total_phage_788	77.419	31	7	0	2	32	30119	30089	0.76	28.5
Bacillus_GCA_002582825.1_spacer_2	virome_phage_1	72.973	37	10	0	1	37	220541	220577	0.76	28.5
Bacillus_GCA_002582825.1_spacer_3	virome_phage_824	77.083	48	11	0	1	48	11821	11774	6.40e-05	42.8
Bacillus_GCA_002582825.1_spacer_3	virome_phage_824	82.759	29	5	0	24	52	11834	11806	0.14	31.7
Bacillus_GCA_002582825.1_spacer_3	virome_phage_803	71.154	52	15	0	1	52	35279	35330	0.005	36.5
Bacillus_GCA_002582825.1_spacer_3	virome_phage_2368	73.333	45	12	0	8	52	1475	1431	0.016	34.9
Bacillus_GCA_002582825.1_spacer_3	virome_phage_2368	73.333	45	12	0	1	45	3390	3346	0.016	34.9
Bacillus_GCA_002582825.1_spacer_3	virome_phage_2368	73.684	38	10	0	15	52	3412	3375	0.42	30.1
Bacillus_GCA_002582825.1_spacer_3	virome_phage_145	73.333	45	12	0	1	45	17562	17606	0.016	34.9
Bacillus_GCA_002582825.1_spacer_3	virome_phage_145	73.333	45	12	0	8	52	19477	19521	0.016	34.9
Bacillus_GCA_002582825.1_spacer_3	virome_phage_145	76.316	38	9	0	15	52	17540	17577	0.047	33.3
Bacillus_GCA_002582825.1_spacer_3	virome_phage_814	73.684	38	10	0	13	50	34818	34781	0.42	30.1
Bacillus_GCA_002582825.1_spacer_3	virome_phage_780	73.684	38	10	0	10	47	34632	34595	0.42	30.1
Bacillus_GCA_002582825.1_spacer_3	virome_phage_52	90.909	22	2	0	30	51	44098	44077	0.42	30.1
Bacillus_GCA_002582825.1_spacer_3	virome_phage_1	68.750	48	15	0	5	52	220932	220979	0.42	30.1
Bacillus_GCA_002582825.1_spacer_4	virome_phage_824	76.596	47	11	0	2	48	11811	11765	1.92e-04	41.2
Bacillus_GCA_002582825.1_spacer_4	virome_phage_824	78.788	33	7	0	5	37	11844	11812	0.14	31.7
Bacillus_GCA_002582825.1_spacer_4	virome_phage_2368	74.000	50	13	0	2	51	3425	3376	5.76e-04	39.6
Bacillus_GCA_002582825.1_spacer_4	virome_phage_2368	71.111	45	13	0	1	45	1188	1144	0.14	31.7
Bacillus_GCA_002582825.1_spacer_4	virome_phage_2368	71.111	45	13	0	1	45	1437	1393	0.14	31.7
Bacillus_GCA_002582825.1_spacer_4	virome_phage_2368	75.676	37	9	0	1	37	3312	3276	0.14	31.7
Bacillus_GCA_002582825.1_spacer_4	virome_phage_145	72.000	50	14	0	2	51	17527	17576	0.005	36.5
Bacillus_GCA_002582825.1_spacer_4	virome_phage_145	78.378	37	8	0	1	37	17640	17676	0.016	34.9
Bacillus_GCA_002582825.1_spacer_4	virome_phage_145	75.676	37	9	0	5	41	17512	17548	0.14	31.7
Bacillus_GCA_002582825.1_spacer_4	virome_phage_145	69.565	46	14	0	2	47	18217	18262	0.42	30.1
Bacillus_GCA_002582825.1_spacer_4	virome_phage_1	70.588	51	15	0	1	51	220541	220591	0.016	34.9
Bacillus_GCA_002582825.1_spacer_4	virome_phage_14	77.778	36	8	0	4	39	31498	31463	0.047	33.3
Bacillus_GCA_002582825.1_spacer_4	virome_phage_14	72.500	40	11	0	6	45	31190	31151	0.42	30.1
Bacillus_GCA_002582825.1_spacer_4	virome_phage_865	85.185	27	4	0	19	45	26303	26329	0.14	31.7
Bacillus_GCA_002582825.1_spacer_4	virome_phage_780	80.645	31	6	0	1	31	34632	34602	0.14	31.7
Bacillus_GCA_002582825.1_spacer_4	virome_phage_52	68.750	48	15	0	5	52	44123	44076	0.42	30.1
