Bacillus_GCF_002555615.1_spacer_0	virome_phage_771	90.476	21	2	0	5	25	15570	15550	0.31	28.5
Bacillus_GCF_002555615.1_spacer_0	virome_phage_2292	90.476	21	2	0	5	25	42710	42730	0.31	28.5
Bacillus_GCF_002555615.1_spacer_0	virome_phage_875	90.000	20	2	0	3	22	2100	2119	0.94	26.9
Bacillus_GCF_002555615.1_spacer_1	virome_phage_776	91.304	23	2	0	9	31	12841	12819	0.042	31.7
Bacillus_GCF_002555615.1_spacer_1	virome_phage_779	79.310	29	6	0	3	31	35406	35378	0.38	28.5
Bacillus_GCF_002555615.1_spacer_1	virome_phage_745	100.000	17	0	0	3	19	41002	40986	0.38	28.5
Bacillus_GCF_002555615.1_spacer_1	virome_phage_33	79.310	29	6	0	5	33	14806	14778	0.38	28.5
Bacillus_GCF_002555615.1_spacer_1	virome_phage_2303	86.957	23	3	0	9	31	2524	2546	0.38	28.5
Bacillus_GCF_002555615.1_spacer_2	virome_phage_22	82.143	28	5	0	8	35	34750	34777	0.13	30.1
Bacillus_GCF_002555615.1_spacer_2	virome_phage_36	79.310	29	6	0	1	29	29779	29807	0.38	28.5
Bacillus_GCF_002555615.1_spacer_2	virome_phage_807	75.758	33	8	0	2	34	22252	22220	0.38	28.5
Bacillus_GCF_002555615.1_spacer_2	total_phage_305	75.758	33	8	0	2	34	4928	4896	0.38	28.5
Bacillus_GCF_002555615.1_spacer_3	virome_phage_753	79.310	29	6	0	4	32	53843	53871	0.31	28.5
Bacillus_GCF_002555615.1_spacer_3	virome_phage_2255	86.364	22	3	0	13	34	19516	19495	0.94	26.9
Bacillus_GCF_002555615.1_spacer_3	virome_phage_12	83.333	24	4	0	7	30	13747	13724	0.94	26.9
Bacillus_GCF_002555615.1_spacer_4	virome_phage_4	82.143	28	5	0	6	33	42744	42771	0.084	30.1
Bacillus_GCF_002555615.1_spacer_4	virome_phage_4	83.333	24	4	0	10	33	91504	91527	0.76	26.9
Bacillus_GCF_002555615.1_spacer_4	virome_phage_743	84.000	25	4	0	9	33	82050	82026	0.25	28.5
Bacillus_GCF_002555615.1_spacer_4	virome_phage_33	84.000	25	4	0	9	33	34750	34726	0.25	28.5
Bacillus_GCF_002555615.1_spacer_4	virome_phage_870	83.333	24	4	0	7	30	25218	25241	0.76	26.9
Bacillus_GCF_002555615.1_spacer_4	virome_phage_747	80.769	26	5	0	7	32	61275	61300	0.76	26.9
Bacillus_GCF_002555615.1_spacer_4	virome_phage_62	90.000	20	2	0	8	27	38194	38213	0.76	26.9
Bacillus_GCF_002555615.1_spacer_4	virome_phage_18	80.769	26	5	0	7	32	29980	30005	0.76	26.9
Bacillus_GCF_002555615.1_spacer_4	total_phage_800	83.333	24	4	0	9	32	24665	24688	0.76	26.9
Bacillus_GCF_002555615.1_spacer_4	total_phage_366	78.571	28	6	0	2	29	2479	2506	0.76	26.9
Bacillus_GCF_002555615.1_spacer_4	virome_phage_914	94.444	18	1	0	1	18	13862	13845	0.76	26.9
Bacillus_GCF_002555615.1_spacer_4	virome_phage_91	90.000	20	2	0	1	20	25358	25339	0.76	26.9
Bacillus_GCF_002555615.1_spacer_4	total_phage_725	90.000	20	2	0	7	26	8645	8626	0.76	26.9
Bacillus_GCF_002555615.1_spacer_4	total_phage_517	80.769	26	5	0	7	32	3569	3544	0.76	26.9
Bacillus_GCF_002555615.1_spacer_5	total_phage_231	100.000	18	0	0	10	27	108021	108038	0.10	30.1
Bacillus_GCF_002555615.1_spacer_5	virome_phage_911	94.737	19	1	0	11	29	22849	22831	0.31	28.5
Bacillus_GCF_002555615.1_spacer_5	virome_phage_2323	86.957	23	3	0	12	34	20838	20860	0.31	28.5
Bacillus_GCF_002555615.1_spacer_5	virome_phage_745	80.769	26	5	0	5	30	55057	55032	0.94	26.9
Bacillus_GCF_002555615.1_spacer_5	virome_phage_742	86.364	22	3	0	11	32	60172	60151	0.94	26.9
Bacillus_GCF_002555615.1_spacer_5	total_phage_730	90.000	20	2	0	15	34	37443	37424	0.94	26.9
Bacillus_GCF_002555615.1_spacer_5	total_phage_2	86.364	22	3	0	10	31	16322	16301	0.94	26.9
Bacillus_GCF_002555615.1_spacer_5	virome_phage_4	90.000	20	2	0	15	34	29314	29333	0.94	26.9
Bacillus_GCF_002555615.1_spacer_5	virome_phage_10	90.000	20	2	0	15	34	1763	1782	0.94	26.9
Bacillus_GCF_002555615.1_spacer_6	virome_phage_98	83.333	24	4	0	5	28	29100	29077	0.94	26.9
Bacillus_GCF_002555615.1_spacer_6	virome_phage_935	100.000	16	0	0	9	24	14978	14993	0.94	26.9
Bacillus_GCF_002555615.1_spacer_6	virome_phage_840	86.364	22	3	0	10	31	7258	7279	0.94	26.9
Bacillus_GCF_002555615.1_spacer_6	virome_phage_736	94.444	18	1	0	8	25	89984	89967	0.94	26.9
Bacillus_GCF_002555615.1_spacer_6	virome_phage_2259	75.000	32	8	0	1	32	12241	12210	0.94	26.9
Bacillus_GCF_002555615.1_spacer_6	virome_phage_191	76.667	30	7	0	3	32	14113	14142	0.94	26.9
Bacillus_GCF_002555615.1_spacer_6	virome_phage_15	78.571	28	6	0	6	33	71034	71061	0.94	26.9
Bacillus_GCF_002555615.1_spacer_6	total_phage_254	76.667	30	7	0	3	32	14029	14058	0.94	26.9
Bacillus_GCF_002555615.1_spacer_6	total_phage_188	80.769	26	5	0	9	34	38700	38725	0.94	26.9
Bacillus_GCF_002555615.1_spacer_7	virome_phage_43	86.364	22	3	0	6	27	33646	33625	0.94	26.9
Bacillus_GCF_002555615.1_spacer_7	virome_phage_24	80.769	26	5	0	3	28	57501	57476	0.94	26.9
Bacillus_GCF_002555615.1_spacer_7	virome_phage_52	86.364	22	3	0	10	31	11078	11099	0.94	26.9
Bacillus_GCF_002555615.1_spacer_8	total_phage_358	86.957	23	3	0	5	27	34314	34292	0.25	28.5
Bacillus_GCF_002555615.1_spacer_8	virome_phage_868	80.769	26	5	0	7	32	18612	18637	0.76	26.9
Bacillus_GCF_002555615.1_spacer_8	virome_phage_866	100.000	16	0	0	5	20	14110	14125	0.76	26.9
Bacillus_GCF_002555615.1_spacer_8	virome_phage_739	78.571	28	6	0	2	29	9600	9627	0.76	26.9
Bacillus_GCF_002555615.1_spacer_8	total_phage_360	78.571	28	6	0	2	29	1585	1612	0.76	26.9
Bacillus_GCF_002555615.1_spacer_9	virome_phage_840	87.500	24	3	0	6	29	21140	21163	0.084	30.1
Bacillus_GCF_002555615.1_spacer_9	virome_phage_69	90.909	22	2	0	7	28	12920	12941	0.084	30.1
Bacillus_GCF_002555615.1_spacer_9	total_phage_92	90.000	20	2	0	12	31	47286	47305	0.76	26.9
Bacillus_GCF_002555615.1_spacer_9	total_phage_453	78.571	28	6	0	4	31	7681	7708	0.76	26.9
Bacillus_GCF_002555615.1_spacer_10	virome_phage_8	76.667	30	7	0	1	30	52906	52877	0.76	26.9
Bacillus_GCF_002555615.1_spacer_10	virome_phage_754	100.000	16	0	0	12	27	30506	30491	0.76	26.9
Bacillus_GCF_002555615.1_spacer_11	virome_phage_32	81.481	27	5	0	5	31	49866	49840	0.25	28.5
Bacillus_GCF_002555615.1_spacer_11	virome_phage_735	80.769	26	5	0	3	28	157663	157638	0.76	26.9
Bacillus_GCF_002555615.1_spacer_11	virome_phage_2356	90.000	20	2	0	10	29	4003	3984	0.76	26.9
Bacillus_GCF_002555615.1_spacer_11	virome_phage_749	86.364	22	3	0	1	22	60838	60859	0.76	26.9
Bacillus_GCF_002555615.1_spacer_11	virome_phage_2320	90.000	20	2	0	10	29	20652	20671	0.76	26.9
Bacillus_GCF_002555615.1_spacer_12	virome_phage_789	90.909	22	2	0	10	31	6132	6153	0.10	30.1
Bacillus_GCF_002555615.1_spacer_12	virome_phage_2255	90.476	21	2	0	6	26	3244	3224	0.31	28.5
Bacillus_GCF_002555615.1_spacer_12	virome_phage_38	86.957	23	3	0	2	24	28749	28771	0.31	28.5
Bacillus_GCF_002555615.1_spacer_12	total_phage_453	86.364	22	3	0	12	33	12777	12756	0.94	26.9
Bacillus_GCF_002555615.1_spacer_12	virome_phage_2280	86.364	22	3	0	8	29	12053	12074	0.94	26.9
Bacillus_GCF_002555615.1_spacer_13	virome_phage_745	86.957	23	3	0	4	26	66083	66105	0.31	28.5
Bacillus_GCF_002555615.1_spacer_13	virome_phage_16	75.758	33	8	0	2	34	56155	56123	0.31	28.5
Bacillus_GCF_002555615.1_spacer_13	total_phage_653	75.758	33	8	0	2	34	31534	31502	0.31	28.5
Bacillus_GCF_002555615.1_spacer_13	virome_phage_862	83.333	24	4	0	7	30	21209	21186	0.94	26.9
Bacillus_GCF_002555615.1_spacer_13	virome_phage_749	76.667	30	7	0	4	33	9677	9706	0.94	26.9
Bacillus_GCF_002555615.1_spacer_13	virome_phage_739	83.333	24	4	0	3	26	103392	103369	0.94	26.9
Bacillus_GCF_002555615.1_spacer_13	virome_phage_735	86.364	22	3	0	5	26	59524	59503	0.94	26.9
Bacillus_GCF_002555615.1_spacer_13	virome_phage_2322	80.769	26	5	0	2	27	26792	26767	0.94	26.9
Bacillus_GCF_002555615.1_spacer_13	total_phage_934	75.000	32	8	0	1	32	34153	34184	0.94	26.9
Bacillus_GCF_002555615.1_spacer_13	total_phage_172	75.000	32	8	0	1	32	2355	2324	0.94	26.9
Bacillus_GCF_002555615.1_spacer_14	virome_phage_2353	90.476	21	2	0	5	25	13098	13078	0.31	28.5
Bacillus_GCF_002555615.1_spacer_14	virome_phage_127	90.476	21	2	0	5	25	3960	3940	0.31	28.5
Bacillus_GCF_002555615.1_spacer_14	total_phage_804	90.476	21	2	0	5	25	16904	16884	0.31	28.5
Bacillus_GCF_002555615.1_spacer_14	virome_phage_749	83.333	24	4	0	11	34	26254	26277	0.94	26.9
Bacillus_GCF_002555615.1_spacer_14	virome_phage_2259	83.333	24	4	0	2	25	9597	9620	0.94	26.9
Bacillus_GCF_002555615.1_spacer_14	virome_phage_1131	83.333	24	4	0	3	26	1088	1111	0.94	26.9
Bacillus_GCF_002555615.1_spacer_15	total_phage_729	87.500	24	3	0	4	27	40521	40544	0.13	30.1
Bacillus_GCF_002555615.1_spacer_15	virome_phage_794	90.476	21	2	0	9	29	11406	11386	0.38	28.5
Bacillus_GCF_002555615.1_spacer_16	virome_phage_2286	91.667	24	2	0	5	28	12959	12982	0.014	33.3
Bacillus_GCF_002555615.1_spacer_16	virome_phage_749	90.476	21	2	0	11	31	71513	71493	0.38	28.5
Bacillus_GCF_002555615.1_spacer_17	virome_phage_7	87.500	24	3	0	5	28	26424	26447	0.13	30.1
Bacillus_GCF_002555615.1_spacer_18	virome_phage_2286	76.471	34	8	0	1	34	8841	8808	0.13	30.1
Bacillus_GCF_002555615.1_spacer_19	virome_phage_3	79.310	29	6	0	5	33	61054	61082	0.38	28.5
Bacillus_GCF_002555615.1_spacer_20	virome_phage_767	90.476	21	2	0	16	36	30871	30851	0.38	28.5
Bacillus_GCF_002555615.1_spacer_21	virome_phage_881	82.143	28	5	0	2	29	25646	25673	0.13	30.1
Bacillus_GCF_002555615.1_spacer_21	total_phage_929	82.143	28	5	0	6	33	3500	3473	0.13	30.1
Bacillus_GCF_002555615.1_spacer_21	total_phage_733	90.476	21	2	0	1	21	42303	42323	0.38	28.5
Bacillus_GCF_002555615.1_spacer_22	virome_phage_318	78.788	33	7	0	3	35	811	843	0.049	31.7
Bacillus_GCF_002555615.1_spacer_22	virome_phage_2407	78.788	33	7	0	3	35	8335	8367	0.049	31.7
Bacillus_GCF_002555615.1_spacer_22	virome_phage_829	87.500	24	3	0	7	30	5570	5547	0.15	30.1
Bacillus_GCF_002555615.1_spacer_22	virome_phage_119	87.500	24	3	0	7	30	23823	23800	0.15	30.1
Bacillus_GCF_002555615.1_spacer_22	virome_phage_1082	84.615	26	4	0	9	34	9366	9391	0.15	30.1
Bacillus_GCF_002555615.1_spacer_22	total_phage_175	95.000	20	1	0	16	35	13957	13976	0.15	30.1
Bacillus_GCF_002555615.1_spacer_22	virome_phage_876	84.000	25	4	0	7	31	12529	12505	0.44	28.5
Bacillus_GCF_002555615.1_spacer_22	virome_phage_734	77.419	31	7	0	6	36	238820	238850	0.44	28.5
Bacillus_GCF_002555615.1_spacer_22	virome_phage_10	75.758	33	8	0	1	33	103403	103435	0.44	28.5
Bacillus_GCF_002555615.1_spacer_22	total_phage_730	75.758	33	8	0	1	33	82865	82833	0.44	28.5
Bacillus_GCF_002555615.1_spacer_23	total_phage_791	87.500	24	3	0	1	24	23130	23107	0.13	30.1
Bacillus_GCF_002555615.1_spacer_23	total_phage_361	87.500	24	3	0	1	24	19060	19083	0.13	30.1
Bacillus_GCF_002555615.1_spacer_23	virome_phage_2272	75.758	33	8	0	4	36	76507	76539	0.38	28.5
Bacillus_GCF_002555615.1_spacer_23	total_phage_731	84.000	25	4	0	3	27	13606	13630	0.38	28.5
Bacillus_GCF_002555615.1_spacer_24	virome_phage_752	85.185	27	4	0	10	36	19404	19378	0.042	31.7
Bacillus_GCF_002555615.1_spacer_24	virome_phage_4	80.645	31	6	0	5	35	45731	45701	0.042	31.7
Bacillus_GCF_002555615.1_spacer_24	virome_phage_79	80.000	30	6	0	5	34	31165	31136	0.13	30.1
Bacillus_GCF_002555615.1_spacer_24	virome_phage_738	75.000	36	9	0	1	36	59400	59435	0.13	30.1
Bacillus_GCF_002555615.1_spacer_24	virome_phage_738	77.419	31	7	0	5	35	50846	50876	0.38	28.5
Bacillus_GCF_002555615.1_spacer_24	virome_phage_734	90.909	22	2	0	15	36	25513	25492	0.13	30.1
Bacillus_GCF_002555615.1_spacer_24	virome_phage_26	75.758	33	8	0	4	36	24728	24696	0.38	28.5
Bacillus_GCF_002555615.1_spacer_24	virome_phage_2304	77.419	31	7	0	1	31	8504	8474	0.38	28.5
Bacillus_GCF_002555615.1_spacer_24	virome_phage_2297	84.000	25	4	0	6	30	17461	17485	0.38	28.5
Bacillus_GCF_002555615.1_spacer_24	virome_phage_2288	79.310	29	6	0	5	33	1136	1164	0.38	28.5
Bacillus_GCF_002555615.1_spacer_24	total_phage_738	81.481	27	5	0	2	28	8193	8219	0.38	28.5
Bacillus_GCF_002555615.1_spacer_24	total_phage_731	81.481	27	5	0	10	36	6828	6854	0.38	28.5
