Bacillus_GCA_003568565.1_spacer_0	virome_phage_9	80.000	30	6	0	6	35	93843	93872	0.19	30.1
Bacillus_GCA_003568565.1_spacer_0	virome_phage_742	94.737	19	1	0	14	32	76353	76371	0.57	28.5
Bacillus_GCA_003568565.1_spacer_1	virome_phage_745	76.190	42	10	0	5	46	27761	27802	0.004	36.5
Bacillus_GCA_003568565.1_spacer_1	virome_phage_9	76.316	38	9	0	7	44	93835	93872	0.037	33.3
Bacillus_GCA_003568565.1_spacer_1	virome_phage_2424	75.000	40	10	0	7	46	9978	10017	0.037	33.3
Bacillus_GCA_003568565.1_spacer_1	virome_phage_2424	75.000	40	10	0	5	44	10003	10042	0.037	33.3
Bacillus_GCA_003568565.1_spacer_1	virome_phage_239	75.000	40	10	0	7	46	8090	8129	0.037	33.3
Bacillus_GCA_003568565.1_spacer_1	virome_phage_239	75.000	40	10	0	5	44	8115	8154	0.037	33.3
Bacillus_GCA_003568565.1_spacer_1	virome_phage_1813	79.412	34	7	0	5	38	5959	5992	0.037	33.3
Bacillus_GCA_003568565.1_spacer_1	virome_phage_1813	71.429	42	12	0	7	48	5952	5993	0.34	30.1
Bacillus_GCA_003568565.1_spacer_1	virome_phage_1770	79.412	34	7	0	5	38	5193	5226	0.037	33.3
Bacillus_GCA_003568565.1_spacer_1	virome_phage_1770	71.429	42	12	0	7	48	5186	5227	0.34	30.1
Bacillus_GCA_003568565.1_spacer_1	virome_phage_925	75.676	37	9	0	12	48	16461	16497	0.11	31.7
Bacillus_GCA_003568565.1_spacer_1	virome_phage_8	71.111	45	13	0	4	48	33378	33334	0.11	31.7
Bacillus_GCA_003568565.1_spacer_1	virome_phage_770	95.238	21	1	0	12	32	39478	39498	0.11	31.7
Bacillus_GCA_003568565.1_spacer_1	total_phage_106	88.000	25	3	0	22	46	31752	31776	0.11	31.7
Bacillus_GCA_003568565.1_spacer_1	virome_phage_786	87.500	24	3	0	6	29	38060	38083	0.34	30.1
Bacillus_GCA_003568565.1_spacer_1	virome_phage_2322	73.684	38	10	0	7	44	9727	9764	0.34	30.1
Bacillus_GCA_003568565.1_spacer_1	total_phage_737	82.143	28	5	0	18	45	12194	12167	0.34	30.1
Bacillus_GCA_003568565.1_spacer_2	total_phage_106	88.000	25	3	0	22	46	31752	31776	0.11	31.7
Bacillus_GCA_003568565.1_spacer_2	total_phage_737	82.143	28	5	0	18	45	12194	12167	0.34	30.1
Bacillus_GCA_003568565.1_spacer_2	virome_phage_9	80.000	30	6	0	15	44	93843	93872	0.34	30.1
Bacillus_GCA_003568565.1_spacer_3	virome_phage_9	80.000	30	6	0	15	44	93843	93872	0.34	30.1
Bacillus_GCA_003568565.1_spacer_3	virome_phage_2322	72.500	40	11	0	7	46	32253	32292	0.34	30.1
Bacillus_GCA_003568565.1_spacer_3	total_phage_106	95.000	20	1	0	22	41	31752	31771	0.34	30.1
Bacillus_GCA_003568565.1_spacer_4	virome_phage_745	84.375	32	5	0	5	36	27761	27792	0.002	36.5
Bacillus_GCA_003568565.1_spacer_4	virome_phage_825	75.758	33	8	0	5	37	2303	2335	0.57	28.5
Bacillus_GCA_003568565.1_spacer_4	virome_phage_817	79.310	29	6	0	3	31	27888	27916	0.57	28.5
Bacillus_GCA_003568565.1_spacer_4	virome_phage_735	86.957	23	3	0	6	28	177583	177605	0.57	28.5
Bacillus_GCA_003568565.1_spacer_4	total_phage_730	84.000	25	4	0	12	36	105094	105118	0.57	28.5
Bacillus_GCA_003568565.1_spacer_4	total_phage_114	90.476	21	2	0	7	27	38711	38731	0.57	28.5
Bacillus_GCA_003568565.1_spacer_4	virome_phage_752	84.000	25	4	0	5	29	31501	31477	0.57	28.5
Bacillus_GCA_003568565.1_spacer_4	virome_phage_734	81.481	27	5	0	6	32	248588	248562	0.57	28.5
Bacillus_GCA_003568565.1_spacer_5	virome_phage_2254	91.304	23	2	0	2	24	64761	64783	0.028	31.7
Bacillus_GCA_003568565.1_spacer_5	virome_phage_2238	91.304	23	2	0	2	24	46275	46297	0.028	31.7
Bacillus_GCA_003568565.1_spacer_5	total_phage_500	91.304	23	2	0	2	24	61682	61660	0.028	31.7
Bacillus_GCA_003568565.1_spacer_5	total_phage_453	86.957	23	3	0	1	23	21031	21009	0.25	28.5
Bacillus_GCA_003568565.1_spacer_5	virome_phage_939	78.571	28	6	0	5	32	11150	11123	0.76	26.9
Bacillus_GCA_003568565.1_spacer_5	virome_phage_87	75.000	32	8	0	2	33	14438	14407	0.76	26.9
Bacillus_GCA_003568565.1_spacer_5	virome_phage_868	94.444	18	1	0	15	32	13612	13595	0.76	26.9
Bacillus_GCA_003568565.1_spacer_5	virome_phage_846	78.571	28	6	0	4	31	24063	24036	0.76	26.9
Bacillus_GCA_003568565.1_spacer_5	virome_phage_844	90.000	20	2	0	1	20	8863	8844	0.76	26.9
Bacillus_GCA_003568565.1_spacer_5	virome_phage_748	94.444	18	1	0	4	21	9074	9091	0.76	26.9
Bacillus_GCA_003568565.1_spacer_5	virome_phage_738	78.571	28	6	0	4	31	131700	131727	0.76	26.9
Bacillus_GCA_003568565.1_spacer_5	virome_phage_4	78.571	28	6	0	4	31	110220	110193	0.76	26.9
Bacillus_GCA_003568565.1_spacer_5	virome_phage_2339	78.571	28	6	0	4	31	21672	21645	0.76	26.9
Bacillus_GCA_003568565.1_spacer_5	virome_phage_1770	94.444	18	1	0	3	20	1009	992	0.76	26.9
Bacillus_GCA_003568565.1_spacer_5	virome_phage_16	78.571	28	6	0	2	29	27040	27013	0.76	26.9
Bacillus_GCA_003568565.1_spacer_5	total_phage_413	90.000	20	2	0	9	28	39090	39071	0.76	26.9
Bacillus_GCA_003568565.1_spacer_5	total_phage_100	78.571	28	6	0	4	31	34156	34183	0.76	26.9
