Bacillus_GCF_004519705.1_spacer_0	virome_phage_824	73.077	52	14	0	1	52	11782	11833	5.76e-04	39.6
Bacillus_GCF_004519705.1_spacer_0	virome_phage_824	74.359	39	10	0	14	52	11750	11788	0.14	31.7
Bacillus_GCF_004519705.1_spacer_0	virome_phage_5	81.579	38	7	0	5	42	29101	29138	5.76e-04	39.6
Bacillus_GCF_004519705.1_spacer_0	virome_phage_5	71.154	52	15	0	1	52	28422	28473	0.005	36.5
Bacillus_GCF_004519705.1_spacer_0	virome_phage_2368	77.500	40	9	0	13	52	1419	1458	0.005	36.5
Bacillus_GCF_004519705.1_spacer_0	virome_phage_2368	71.429	49	14	0	4	52	1446	1494	0.016	34.9
Bacillus_GCF_004519705.1_spacer_0	virome_phage_2368	80.645	31	6	0	12	42	3362	3392	0.14	31.7
Bacillus_GCF_004519705.1_spacer_0	virome_phage_145	77.500	40	9	0	13	52	19533	19494	0.005	36.5
Bacillus_GCF_004519705.1_spacer_0	virome_phage_145	71.429	49	14	0	4	52	19506	19458	0.016	34.9
Bacillus_GCF_004519705.1_spacer_0	virome_phage_145	75.000	40	10	0	12	51	17590	17551	0.047	33.3
Bacillus_GCF_004519705.1_spacer_0	virome_phage_2411	70.588	51	15	0	1	51	6063	6013	0.016	34.9
Bacillus_GCF_004519705.1_spacer_0	virome_phage_176	70.588	51	15	0	1	51	5964	5914	0.016	34.9
Bacillus_GCF_004519705.1_spacer_0	virome_phage_52	69.388	49	15	0	3	51	44405	44453	0.14	31.7
Bacillus_GCF_004519705.1_spacer_0	virome_phage_52	78.125	32	7	0	13	44	44424	44455	0.42	30.1
Bacillus_GCF_004519705.1_spacer_0	virome_phage_9	78.125	32	7	0	20	51	116621	116652	0.42	30.1
Bacillus_GCF_004519705.1_spacer_0	virome_phage_14	68.750	48	15	0	5	52	31448	31495	0.42	30.1
Bacillus_GCF_004519705.1_spacer_1	virome_phage_824	77.083	48	11	0	4	51	11776	11823	6.40e-05	42.8
Bacillus_GCF_004519705.1_spacer_1	virome_phage_824	70.833	48	14	0	4	51	11812	11859	0.047	33.3
Bacillus_GCF_004519705.1_spacer_1	virome_phage_5	75.000	44	11	0	9	52	29096	29139	0.005	36.5
Bacillus_GCF_004519705.1_spacer_1	virome_phage_5	83.333	30	5	0	22	51	28398	28427	0.047	33.3
Bacillus_GCF_004519705.1_spacer_1	virome_phage_5	70.000	50	15	0	3	52	28730	28779	0.047	33.3
Bacillus_GCF_004519705.1_spacer_1	virome_phage_2368	72.917	48	13	0	4	51	3345	3392	0.005	36.5
Bacillus_GCF_004519705.1_spacer_1	virome_phage_2368	83.871	31	5	0	3	33	1088	1118	0.016	34.9
Bacillus_GCF_004519705.1_spacer_1	virome_phage_2282	72.000	50	14	0	3	52	37833	37784	0.005	36.5
Bacillus_GCF_004519705.1_spacer_1	virome_phage_145	72.917	48	13	0	4	51	17607	17560	0.005	36.5
Bacillus_GCF_004519705.1_spacer_1	virome_phage_52	95.238	21	1	0	32	52	44074	44094	0.14	31.7
Bacillus_GCF_004519705.1_spacer_1	virome_phage_52	75.000	36	9	0	12	47	44405	44440	0.42	30.1
Bacillus_GCF_004519705.1_spacer_1	virome_phage_2411	69.388	49	15	0	4	52	6069	6021	0.14	31.7
Bacillus_GCF_004519705.1_spacer_1	virome_phage_176	69.388	49	15	0	4	52	5970	5922	0.14	31.7
Bacillus_GCF_004519705.1_spacer_1	virome_phage_1	72.500	40	11	0	4	43	217097	217058	0.42	30.1
Bacillus_GCF_004519705.1_spacer_1	virome_phage_1	68.000	50	16	0	3	52	219921	219872	0.42	30.1
Bacillus_GCF_004519705.1_spacer_1	virome_phage_1	78.125	32	7	0	21	52	221433	221402	0.42	30.1
Bacillus_GCF_004519705.1_spacer_2	virome_phage_824	77.586	58	13	0	4	61	11776	11833	1.23e-07	52.3
Bacillus_GCF_004519705.1_spacer_2	virome_phage_824	84.848	33	5	0	4	36	11812	11844	0.002	38.0
Bacillus_GCF_004519705.1_spacer_2	virome_phage_824	74.359	39	10	0	23	61	11750	11788	0.20	31.7
Bacillus_GCF_004519705.1_spacer_2	virome_phage_2368	72.881	59	16	0	3	61	1400	1458	2.99e-05	44.4
Bacillus_GCF_004519705.1_spacer_2	virome_phage_2368	75.000	48	12	0	4	51	3345	3392	8.06e-04	39.6
Bacillus_GCF_004519705.1_spacer_2	virome_phage_2368	70.175	57	17	0	5	61	1447	1503	0.002	38.0
Bacillus_GCF_004519705.1_spacer_2	virome_phage_2368	83.871	31	5	0	3	33	1088	1118	0.022	34.9
Bacillus_GCF_004519705.1_spacer_2	virome_phage_2368	68.421	57	18	0	5	61	1438	1494	0.022	34.9
Bacillus_GCF_004519705.1_spacer_2	virome_phage_2368	69.388	49	15	0	4	52	2628	2676	0.20	31.7
Bacillus_GCF_004519705.1_spacer_2	virome_phage_94	71.186	59	17	0	2	60	5393	5451	2.69e-04	41.2
Bacillus_GCF_004519705.1_spacer_2	virome_phage_94	71.186	59	17	0	2	60	5402	5460	2.69e-04	41.2
Bacillus_GCF_004519705.1_spacer_2	virome_phage_94	71.186	59	17	0	2	60	5411	5469	2.69e-04	41.2
Bacillus_GCF_004519705.1_spacer_2	virome_phage_94	71.186	59	17	0	2	60	5420	5478	2.69e-04	41.2
Bacillus_GCF_004519705.1_spacer_2	virome_phage_94	69.492	59	18	0	2	60	5384	5442	0.002	38.0
Bacillus_GCF_004519705.1_spacer_2	virome_phage_94	69.643	56	17	0	2	57	5429	5484	0.007	36.5
Bacillus_GCF_004519705.1_spacer_2	virome_phage_94	67.797	59	19	0	2	60	5375	5433	0.022	34.9
Bacillus_GCF_004519705.1_spacer_2	virome_phage_94	66.102	59	20	0	2	60	5366	5424	0.20	31.7
Bacillus_GCF_004519705.1_spacer_2	virome_phage_906	71.186	59	17	0	2	60	19729	19787	2.69e-04	41.2
Bacillus_GCF_004519705.1_spacer_2	virome_phage_906	71.186	59	17	0	2	60	19738	19796	2.69e-04	41.2
Bacillus_GCF_004519705.1_spacer_2	virome_phage_906	71.186	59	17	0	2	60	19747	19805	2.69e-04	41.2
Bacillus_GCF_004519705.1_spacer_2	virome_phage_906	71.186	59	17	0	2	60	19807	19865	2.69e-04	41.2
Bacillus_GCF_004519705.1_spacer_2	virome_phage_906	71.186	59	17	0	2	60	21906	21964	2.69e-04	41.2
Bacillus_GCF_004519705.1_spacer_2	virome_phage_906	71.186	59	17	0	2	60	21915	21973	2.69e-04	41.2
Bacillus_GCF_004519705.1_spacer_2	virome_phage_906	69.492	59	18	0	2	60	19816	19874	0.002	38.0
Bacillus_GCF_004519705.1_spacer_2	virome_phage_906	68.421	57	18	0	2	58	19756	19812	0.022	34.9
Bacillus_GCF_004519705.1_spacer_2	virome_phage_906	67.797	59	19	0	2	60	19798	19856	0.022	34.9
Bacillus_GCF_004519705.1_spacer_2	virome_phage_906	68.421	57	18	0	2	58	21924	21980	0.022	34.9
Bacillus_GCF_004519705.1_spacer_2	virome_phage_906	68.627	51	16	0	10	60	19728	19778	0.20	31.7
Bacillus_GCF_004519705.1_spacer_2	virome_phage_906	66.667	57	19	0	2	58	19825	19881	0.20	31.7
Bacillus_GCF_004519705.1_spacer_2	virome_phage_906	68.627	51	16	0	10	60	21905	21955	0.20	31.7
Bacillus_GCF_004519705.1_spacer_2	virome_phage_906	66.667	57	19	0	2	58	21933	21989	0.20	31.7
Bacillus_GCF_004519705.1_spacer_2	virome_phage_5	79.070	43	9	0	9	51	29096	29138	2.69e-04	41.2
Bacillus_GCF_004519705.1_spacer_2	virome_phage_5	75.610	41	10	0	21	61	28433	28473	0.022	34.9
Bacillus_GCF_004519705.1_spacer_2	virome_phage_5	80.645	31	6	0	12	42	28388	28418	0.20	31.7
Bacillus_GCF_004519705.1_spacer_2	virome_phage_5	66.102	59	20	0	3	61	28730	28788	0.20	31.7
Bacillus_GCF_004519705.1_spacer_2	virome_phage_145	71.930	57	16	0	4	60	17607	17551	2.69e-04	41.2
Bacillus_GCF_004519705.1_spacer_2	virome_phage_145	73.585	53	14	0	9	61	19546	19494	2.69e-04	41.2
Bacillus_GCF_004519705.1_spacer_2	virome_phage_145	70.909	55	16	0	4	58	17676	17622	0.002	38.0
Bacillus_GCF_004519705.1_spacer_2	virome_phage_145	70.175	57	17	0	5	61	19505	19449	0.002	38.0
Bacillus_GCF_004519705.1_spacer_2	virome_phage_145	68.421	57	18	0	5	61	19514	19458	0.022	34.9
Bacillus_GCF_004519705.1_spacer_2	virome_phage_145	67.241	58	19	0	4	61	20088	20031	0.065	33.3
Bacillus_GCF_004519705.1_spacer_2	virome_phage_145	67.925	53	17	0	9	61	17530	17478	0.20	31.7
Bacillus_GCF_004519705.1_spacer_2	virome_phage_145	72.500	40	11	0	13	52	18315	18276	0.59	30.1
Bacillus_GCF_004519705.1_spacer_2	virome_phage_2411	70.175	57	17	0	4	60	6069	6013	0.002	38.0
Bacillus_GCF_004519705.1_spacer_2	virome_phage_176	70.175	57	17	0	4	60	5970	5914	0.002	38.0
Bacillus_GCF_004519705.1_spacer_2	virome_phage_14	70.175	57	17	0	5	61	31439	31495	0.002	38.0
Bacillus_GCF_004519705.1_spacer_2	virome_phage_14	75.000	36	9	0	2	37	31463	31498	0.59	30.1
Bacillus_GCF_004519705.1_spacer_2	virome_phage_9	78.125	32	7	0	29	60	116621	116652	0.59	30.1
Bacillus_GCF_004519705.1_spacer_2	virome_phage_52	73.684	38	10	0	23	60	44416	44453	0.59	30.1
Bacillus_GCF_004519705.1_spacer_2	virome_phage_52	78.125	32	7	0	22	53	44424	44455	0.59	30.1
Bacillus_GCF_004519705.1_spacer_2	total_phage_663	95.000	20	1	0	3	22	29339	29320	0.59	30.1
Bacillus_GCF_004519705.1_spacer_2	total_phage_637	95.000	20	1	0	3	22	26073	26054	0.59	30.1
Bacillus_GCF_004519705.1_spacer_3	virome_phage_824	79.310	58	12	0	4	61	11776	11833	1.37e-08	55.5
Bacillus_GCF_004519705.1_spacer_3	virome_phage_824	76.923	39	9	0	23	61	11750	11788	0.022	34.9
Bacillus_GCF_004519705.1_spacer_3	virome_phage_824	81.818	33	6	0	4	36	11812	11844	0.022	34.9
Bacillus_GCF_004519705.1_spacer_3	virome_phage_824	72.500	40	11	0	21	60	11739	11778	0.59	30.1
Bacillus_GCF_004519705.1_spacer_3	virome_phage_2368	74.576	59	15	0	3	61	1400	1458	3.32e-06	47.5
Bacillus_GCF_004519705.1_spacer_3	virome_phage_2368	77.083	48	11	0	4	51	3345	3392	8.96e-05	42.8
Bacillus_GCF_004519705.1_spacer_3	virome_phage_2368	71.930	57	16	0	5	61	1447	1503	2.69e-04	41.2
Bacillus_GCF_004519705.1_spacer_3	virome_phage_2368	70.175	57	17	0	5	61	1438	1494	0.002	38.0
Bacillus_GCF_004519705.1_spacer_3	virome_phage_2368	70.909	55	16	0	4	58	3276	3330	0.002	38.0
Bacillus_GCF_004519705.1_spacer_3	virome_phage_2368	83.871	31	5	0	3	33	1088	1118	0.022	34.9
Bacillus_GCF_004519705.1_spacer_3	virome_phage_2368	71.429	49	14	0	4	52	2628	2676	0.022	34.9
Bacillus_GCF_004519705.1_spacer_3	virome_phage_2368	66.667	57	19	0	4	60	2619	2675	0.20	31.7
Bacillus_GCF_004519705.1_spacer_3	virome_phage_2368	73.171	41	11	0	21	61	3434	3474	0.20	31.7
Bacillus_GCF_004519705.1_spacer_3	virome_phage_2368	66.102	59	20	0	3	61	3443	3501	0.20	31.7
Bacillus_GCF_004519705.1_spacer_3	virome_phage_145	73.684	57	15	0	4	60	17607	17551	2.99e-05	44.4
Bacillus_GCF_004519705.1_spacer_3	virome_phage_145	75.472	53	13	0	9	61	19546	19494	2.99e-05	44.4
Bacillus_GCF_004519705.1_spacer_3	virome_phage_145	72.727	55	15	0	4	58	17676	17622	2.69e-04	41.2
Bacillus_GCF_004519705.1_spacer_3	virome_phage_145	71.930	57	16	0	5	61	19505	19449	2.69e-04	41.2
Bacillus_GCF_004519705.1_spacer_3	virome_phage_145	70.175	57	17	0	5	61	19514	19458	0.002	38.0
Bacillus_GCF_004519705.1_spacer_3	virome_phage_145	68.966	58	18	0	4	61	20088	20031	0.007	36.5
Bacillus_GCF_004519705.1_spacer_3	virome_phage_145	69.811	53	16	0	9	61	17530	17478	0.022	34.9
Bacillus_GCF_004519705.1_spacer_3	virome_phage_145	75.000	40	10	0	13	52	18315	18276	0.065	33.3
Bacillus_GCF_004519705.1_spacer_3	virome_phage_145	66.102	59	20	0	3	61	17509	17451	0.20	31.7
Bacillus_GCF_004519705.1_spacer_3	virome_phage_145	80.645	31	6	0	5	35	17570	17540	0.20	31.7
Bacillus_GCF_004519705.1_spacer_3	virome_phage_145	72.500	40	11	0	3	42	18253	18214	0.59	30.1
Bacillus_GCF_004519705.1_spacer_3	virome_phage_145	72.500	40	11	0	3	42	19801	19762	0.59	30.1
Bacillus_GCF_004519705.1_spacer_3	virome_phage_94	71.186	59	17	0	2	60	5393	5451	2.69e-04	41.2
Bacillus_GCF_004519705.1_spacer_3	virome_phage_94	71.186	59	17	0	2	60	5402	5460	2.69e-04	41.2
Bacillus_GCF_004519705.1_spacer_3	virome_phage_94	71.186	59	17	0	2	60	5411	5469	2.69e-04	41.2
Bacillus_GCF_004519705.1_spacer_3	virome_phage_94	71.186	59	17	0	2	60	5420	5478	2.69e-04	41.2
Bacillus_GCF_004519705.1_spacer_3	virome_phage_94	69.492	59	18	0	2	60	5384	5442	0.002	38.0
Bacillus_GCF_004519705.1_spacer_3	virome_phage_94	69.643	56	17	0	2	57	5429	5484	0.007	36.5
Bacillus_GCF_004519705.1_spacer_3	virome_phage_94	67.797	59	19	0	2	60	5375	5433	0.022	34.9
Bacillus_GCF_004519705.1_spacer_3	virome_phage_94	66.102	59	20	0	2	60	5366	5424	0.20	31.7
Bacillus_GCF_004519705.1_spacer_3	virome_phage_906	71.186	59	17	0	2	60	19729	19787	2.69e-04	41.2
Bacillus_GCF_004519705.1_spacer_3	virome_phage_906	71.186	59	17	0	2	60	19738	19796	2.69e-04	41.2
Bacillus_GCF_004519705.1_spacer_3	virome_phage_906	71.186	59	17	0	2	60	19747	19805	2.69e-04	41.2
Bacillus_GCF_004519705.1_spacer_3	virome_phage_906	71.186	59	17	0	2	60	19807	19865	2.69e-04	41.2
Bacillus_GCF_004519705.1_spacer_3	virome_phage_906	71.186	59	17	0	2	60	21906	21964	2.69e-04	41.2
Bacillus_GCF_004519705.1_spacer_3	virome_phage_906	71.186	59	17	0	2	60	21915	21973	2.69e-04	41.2
Bacillus_GCF_004519705.1_spacer_3	virome_phage_906	69.492	59	18	0	2	60	19816	19874	0.002	38.0
Bacillus_GCF_004519705.1_spacer_3	virome_phage_906	68.421	57	18	0	2	58	19756	19812	0.022	34.9
Bacillus_GCF_004519705.1_spacer_3	virome_phage_906	67.797	59	19	0	2	60	19798	19856	0.022	34.9
Bacillus_GCF_004519705.1_spacer_3	virome_phage_906	68.421	57	18	0	2	58	21924	21980	0.022	34.9
Bacillus_GCF_004519705.1_spacer_3	virome_phage_906	68.627	51	16	0	10	60	19728	19778	0.20	31.7
Bacillus_GCF_004519705.1_spacer_3	virome_phage_906	66.667	57	19	0	2	58	19825	19881	0.20	31.7
Bacillus_GCF_004519705.1_spacer_3	virome_phage_906	68.627	51	16	0	10	60	21905	21955	0.20	31.7
Bacillus_GCF_004519705.1_spacer_3	virome_phage_906	66.667	57	19	0	2	58	21933	21989	0.20	31.7
Bacillus_GCF_004519705.1_spacer_3	virome_phage_14	70.175	57	17	0	5	61	31439	31495	0.002	38.0
Bacillus_GCF_004519705.1_spacer_3	virome_phage_14	77.778	36	8	0	2	37	31463	31498	0.065	33.3
Bacillus_GCF_004519705.1_spacer_3	virome_phage_2411	68.421	57	18	0	4	60	6069	6013	0.022	34.9
Bacillus_GCF_004519705.1_spacer_3	virome_phage_176	68.421	57	18	0	4	60	5970	5914	0.022	34.9
Bacillus_GCF_004519705.1_spacer_3	virome_phage_5	67.797	59	19	0	3	61	28730	28788	0.022	34.9
Bacillus_GCF_004519705.1_spacer_3	virome_phage_803	75.000	40	10	0	22	61	35306	35267	0.065	33.3
Bacillus_GCF_004519705.1_spacer_3	virome_phage_52	81.250	32	6	0	22	53	44424	44455	0.065	33.3
Bacillus_GCF_004519705.1_spacer_3	virome_phage_52	73.684	38	10	0	23	60	44200	44237	0.59	30.1
Bacillus_GCF_004519705.1_spacer_3	virome_phage_876	73.171	41	11	0	14	54	21097	21057	0.20	31.7
Bacillus_GCF_004519705.1_spacer_3	virome_phage_2282	78.788	33	7	0	19	51	37817	37785	0.20	31.7
Bacillus_GCF_004519705.1_spacer_3	virome_phage_1	69.388	49	15	0	3	51	219921	219873	0.20	31.7
Bacillus_GCF_004519705.1_spacer_3	virome_phage_1	69.388	49	15	0	12	60	221451	221403	0.20	31.7
Bacillus_GCF_004519705.1_spacer_3	virome_phage_865	82.143	28	5	0	34	61	26336	26309	0.59	30.1
Bacillus_GCF_004519705.1_spacer_3	virome_phage_748	73.684	38	10	0	21	58	54795	54758	0.59	30.1
Bacillus_GCF_004519705.1_spacer_3	total_phage_663	95.000	20	1	0	3	22	29339	29320	0.59	30.1
Bacillus_GCF_004519705.1_spacer_3	total_phage_637	95.000	20	1	0	3	22	26073	26054	0.59	30.1
Bacillus_GCF_004519705.1_spacer_3	virome_phage_864	78.125	32	7	0	20	51	4352	4383	0.59	30.1
Bacillus_GCF_004519705.1_spacer_4	virome_phage_145	75.439	57	14	0	3	59	17546	17602	3.32e-06	47.5
Bacillus_GCF_004519705.1_spacer_4	virome_phage_145	71.154	52	15	0	8	59	19495	19546	0.007	36.5
Bacillus_GCF_004519705.1_spacer_4	virome_phage_145	75.000	40	10	0	8	47	19459	19498	0.065	33.3
Bacillus_GCF_004519705.1_spacer_4	virome_phage_145	67.308	52	17	0	8	59	18241	18292	0.59	30.1
Bacillus_GCF_004519705.1_spacer_4	virome_phage_145	66.667	54	18	0	8	61	19450	19503	0.59	30.1
Bacillus_GCF_004519705.1_spacer_4	virome_phage_2368	73.684	57	15	0	3	59	3406	3350	2.99e-05	44.4
Bacillus_GCF_004519705.1_spacer_4	virome_phage_2368	71.154	52	15	0	8	59	1457	1406	0.007	36.5
Bacillus_GCF_004519705.1_spacer_4	virome_phage_2368	75.000	40	10	0	8	47	1493	1454	0.065	33.3
Bacillus_GCF_004519705.1_spacer_4	virome_phage_2368	66.667	54	18	0	8	61	1502	1449	0.59	30.1
Bacillus_GCF_004519705.1_spacer_4	virome_phage_1	80.488	41	8	0	7	47	220565	220605	2.69e-04	41.2
Bacillus_GCF_004519705.1_spacer_4	virome_phage_1	75.610	41	10	0	7	47	221402	221442	0.022	34.9
Bacillus_GCF_004519705.1_spacer_4	virome_phage_1	81.250	32	6	0	28	59	220541	220572	0.065	33.3
Bacillus_GCF_004519705.1_spacer_4	virome_phage_52	73.077	52	14	0	4	55	44106	44055	8.06e-04	39.6
Bacillus_GCF_004519705.1_spacer_4	virome_phage_52	79.412	34	7	0	15	48	44455	44422	0.065	33.3
Bacillus_GCF_004519705.1_spacer_4	virome_phage_94	70.370	54	16	0	8	61	5442	5389	0.007	36.5
Bacillus_GCF_004519705.1_spacer_4	virome_phage_94	70.370	54	16	0	8	61	5451	5398	0.007	36.5
Bacillus_GCF_004519705.1_spacer_4	virome_phage_94	70.370	54	16	0	8	61	5460	5407	0.007	36.5
Bacillus_GCF_004519705.1_spacer_4	virome_phage_94	70.370	54	16	0	8	61	5469	5416	0.007	36.5
Bacillus_GCF_004519705.1_spacer_4	virome_phage_94	70.370	54	16	0	8	61	5478	5425	0.007	36.5
Bacillus_GCF_004519705.1_spacer_4	virome_phage_94	68.519	54	17	0	8	61	5433	5380	0.065	33.3
Bacillus_GCF_004519705.1_spacer_4	virome_phage_94	67.241	58	19	0	4	61	5491	5434	0.065	33.3
Bacillus_GCF_004519705.1_spacer_4	virome_phage_94	66.667	54	18	0	8	61	5424	5371	0.59	30.1
Bacillus_GCF_004519705.1_spacer_4	virome_phage_906	70.370	54	16	0	8	61	19787	19734	0.007	36.5
Bacillus_GCF_004519705.1_spacer_4	virome_phage_906	70.370	54	16	0	8	61	19796	19743	0.007	36.5
Bacillus_GCF_004519705.1_spacer_4	virome_phage_906	70.370	54	16	0	8	61	19805	19752	0.007	36.5
Bacillus_GCF_004519705.1_spacer_4	virome_phage_906	70.370	54	16	0	8	61	19865	19812	0.007	36.5
Bacillus_GCF_004519705.1_spacer_4	virome_phage_906	70.370	54	16	0	8	61	21964	21911	0.007	36.5
Bacillus_GCF_004519705.1_spacer_4	virome_phage_906	70.370	54	16	0	8	61	21973	21920	0.007	36.5
Bacillus_GCF_004519705.1_spacer_4	virome_phage_906	70.588	51	15	0	8	58	19778	19728	0.022	34.9
Bacillus_GCF_004519705.1_spacer_4	virome_phage_906	70.588	51	15	0	8	58	19856	19806	0.022	34.9
Bacillus_GCF_004519705.1_spacer_4	virome_phage_906	70.588	51	15	0	8	58	21955	21905	0.022	34.9
Bacillus_GCF_004519705.1_spacer_4	virome_phage_906	67.308	52	17	0	10	61	19812	19761	0.59	30.1
Bacillus_GCF_004519705.1_spacer_4	virome_phage_906	67.308	52	17	0	10	61	21980	21929	0.59	30.1
Bacillus_GCF_004519705.1_spacer_4	virome_phage_824	73.913	46	12	0	3	48	11792	11747	0.007	36.5
Bacillus_GCF_004519705.1_spacer_4	virome_phage_824	72.917	48	13	0	14	61	11826	11779	0.007	36.5
Bacillus_GCF_004519705.1_spacer_4	virome_phage_824	95.000	20	1	0	26	45	11751	11732	0.59	30.1
Bacillus_GCF_004519705.1_spacer_4	virome_phage_14	85.714	28	4	0	31	58	31498	31471	0.065	33.3
Bacillus_GCF_004519705.1_spacer_4	virome_phage_865	79.412	34	7	0	1	34	26303	26336	0.065	33.3
Bacillus_GCF_004519705.1_spacer_4	virome_phage_803	73.171	41	11	0	8	48	35268	35308	0.20	31.7
Bacillus_GCF_004519705.1_spacer_4	virome_phage_911	90.909	22	2	0	23	44	6270	6249	0.59	30.1
Bacillus_GCF_004519705.1_spacer_4	virome_phage_5	67.308	52	17	0	8	59	28787	28736	0.59	30.1
Bacillus_GCF_004519705.1_spacer_4	virome_phage_5	80.000	30	6	0	7	36	29121	29092	0.59	30.1
Bacillus_GCF_004519705.1_spacer_4	virome_phage_5	95.000	20	1	0	26	45	29903	29884	0.59	30.1
Bacillus_GCF_004519705.1_spacer_5	virome_phage_52	75.610	41	10	0	6	46	44095	44055	0.016	34.9
Bacillus_GCF_004519705.1_spacer_5	virome_phage_2368	86.207	29	4	0	8	36	3392	3364	0.016	34.9
Bacillus_GCF_004519705.1_spacer_5	virome_phage_145	86.207	29	4	0	8	36	17560	17588	0.016	34.9
Bacillus_GCF_004519705.1_spacer_5	virome_phage_824	72.727	44	12	0	8	51	11823	11780	0.047	33.3
Bacillus_GCF_004519705.1_spacer_5	virome_phage_5	83.333	30	5	0	7	36	29139	29110	0.047	33.3
Bacillus_GCF_004519705.1_spacer_5	virome_phage_5	69.565	46	14	0	7	52	28725	28680	0.42	30.1
Bacillus_GCF_004519705.1_spacer_5	virome_phage_2402	78.788	33	7	0	15	47	5189	5157	0.14	31.7
Bacillus_GCF_004519705.1_spacer_5	virome_phage_2389	75.676	37	9	0	9	45	4644	4608	0.14	31.7
Bacillus_GCF_004519705.1_spacer_5	total_phage_497	73.171	41	11	0	5	45	15835	15795	0.14	31.7
Bacillus_GCF_004519705.1_spacer_5	total_phage_478	73.171	41	11	0	5	45	11160	11120	0.14	31.7
Bacillus_GCF_004519705.1_spacer_5	virome_phage_1	77.143	35	8	0	16	50	217058	217092	0.14	31.7
Bacillus_GCF_004519705.1_spacer_5	virome_phage_14	82.143	28	5	0	22	49	31498	31471	0.42	30.1
Bacillus_GCF_004519705.1_spacer_6	virome_phage_145	80.488	41	8	0	7	47	17550	17590	1.92e-04	41.2
Bacillus_GCF_004519705.1_spacer_6	virome_phage_145	76.923	39	9	0	8	46	19495	19533	0.016	34.9
Bacillus_GCF_004519705.1_spacer_6	virome_phage_145	76.316	38	9	0	10	47	17622	17659	0.047	33.3
Bacillus_GCF_004519705.1_spacer_6	virome_phage_145	74.359	39	10	0	8	46	19459	19497	0.14	31.7
Bacillus_GCF_004519705.1_spacer_6	virome_phage_2368	87.097	31	4	0	17	47	3392	3362	0.002	38.0
Bacillus_GCF_004519705.1_spacer_6	virome_phage_2368	76.923	39	9	0	8	46	1457	1419	0.016	34.9
Bacillus_GCF_004519705.1_spacer_6	virome_phage_2368	76.316	38	9	0	10	47	3330	3293	0.047	33.3
Bacillus_GCF_004519705.1_spacer_6	virome_phage_2368	74.359	39	10	0	8	46	1493	1455	0.14	31.7
Bacillus_GCF_004519705.1_spacer_6	virome_phage_824	76.316	38	9	0	14	51	11826	11789	0.047	33.3
Bacillus_GCF_004519705.1_spacer_6	virome_phage_824	70.455	44	13	0	2	45	11775	11732	0.42	30.1
Bacillus_GCF_004519705.1_spacer_6	virome_phage_824	73.684	38	10	0	8	45	11787	11750	0.42	30.1
Bacillus_GCF_004519705.1_spacer_6	virome_phage_786	88.462	26	3	0	2	27	35023	34998	0.047	33.3
Bacillus_GCF_004519705.1_spacer_6	virome_phage_803	74.359	39	10	0	8	46	35268	35306	0.14	31.7
Bacillus_GCF_004519705.1_spacer_6	virome_phage_864	76.471	34	8	0	15	48	4385	4352	0.42	30.1
Bacillus_GCF_004519705.1_spacer_6	virome_phage_5	80.000	30	6	0	7	36	29121	29092	0.42	30.1
Bacillus_GCF_004519705.1_spacer_6	virome_phage_11	90.909	22	2	0	31	52	99963	99942	0.42	30.1
Bacillus_GCF_004519705.1_spacer_6	virome_phage_77	84.615	26	4	0	3	28	10708	10733	0.42	30.1
Bacillus_GCF_004519705.1_spacer_6	virome_phage_748	73.684	38	10	0	10	47	54758	54795	0.42	30.1
Bacillus_GCF_004519705.1_spacer_6	virome_phage_1	72.500	40	11	0	7	46	221402	221441	0.42	30.1
Bacillus_GCF_004519705.1_spacer_7	virome_phage_52	77.273	44	10	0	3	46	44098	44055	5.76e-04	39.6
Bacillus_GCF_004519705.1_spacer_7	virome_phage_824	73.469	49	13	0	3	51	11828	11780	0.002	38.0
Bacillus_GCF_004519705.1_spacer_7	virome_phage_2368	82.353	34	6	0	3	36	3397	3364	0.005	36.5
Bacillus_GCF_004519705.1_spacer_7	virome_phage_2368	71.739	46	13	0	5	50	1451	1406	0.047	33.3
Bacillus_GCF_004519705.1_spacer_7	virome_phage_2368	82.143	28	5	0	22	49	1608	1581	0.42	30.1
Bacillus_GCF_004519705.1_spacer_7	virome_phage_145	82.353	34	6	0	3	36	17555	17588	0.005	36.5
Bacillus_GCF_004519705.1_spacer_7	virome_phage_145	71.739	46	13	0	5	50	19501	19546	0.047	33.3
Bacillus_GCF_004519705.1_spacer_7	virome_phage_145	82.143	28	5	0	22	49	19344	19371	0.42	30.1
Bacillus_GCF_004519705.1_spacer_7	virome_phage_145	76.471	34	8	0	17	50	19762	19795	0.42	30.1
Bacillus_GCF_004519705.1_spacer_7	virome_phage_14	85.714	28	4	0	22	49	31498	31471	0.047	33.3
Bacillus_GCF_004519705.1_spacer_7	virome_phage_2402	73.171	41	11	0	7	47	5197	5157	0.14	31.7
Bacillus_GCF_004519705.1_spacer_7	virome_phage_2389	77.143	35	8	0	11	45	4642	4608	0.14	31.7
Bacillus_GCF_004519705.1_spacer_7	total_phage_361	88.000	25	3	0	16	40	34225	34249	0.14	31.7
Bacillus_GCF_004519705.1_spacer_7	virome_phage_5	70.455	44	13	0	7	50	28779	28736	0.42	30.1
Bacillus_GCF_004519705.1_spacer_7	virome_phage_42	87.500	24	3	0	20	43	17348	17325	0.42	30.1
