Bacillus_GCF_008923715.1_spacer_0	virome_phage_2345	84.615	26	4	0	1	26	26486	26511	0.084	30.1
Bacillus_GCF_008923715.1_spacer_0	virome_phage_829	84.615	26	4	0	1	26	28400	28375	0.084	30.1
Bacillus_GCF_008923715.1_spacer_0	virome_phage_119	84.615	26	4	0	1	26	10326	10301	0.084	30.1
Bacillus_GCF_008923715.1_spacer_0	virome_phage_2280	86.957	23	3	0	1	23	4108	4130	0.25	28.5
Bacillus_GCF_008923715.1_spacer_0	total_phage_418	86.364	22	3	0	1	22	18295	18316	0.76	26.9
Bacillus_GCF_008923715.1_spacer_2	virome_phage_748	91.667	24	2	0	1	24	52289	52312	0.009	33.3
Bacillus_GCF_008923715.1_spacer_2	virome_phage_2235	87.500	24	3	0	2	25	25502	25525	0.084	30.1
Bacillus_GCF_008923715.1_spacer_2	virome_phage_2314	86.957	23	3	0	3	25	20990	20968	0.25	28.5
Bacillus_GCF_008923715.1_spacer_2	virome_phage_2314	86.364	22	3	0	1	22	9454	9475	0.76	26.9
Bacillus_GCF_008923715.1_spacer_2	total_phage_1	90.476	21	2	0	2	22	850	870	0.25	28.5
Bacillus_GCF_008923715.1_spacer_2	virome_phage_894	86.364	22	3	0	5	26	22910	22889	0.76	26.9
Bacillus_GCF_008923715.1_spacer_2	virome_phage_1006	86.364	22	3	0	2	23	4670	4649	0.76	26.9
Bacillus_GCF_008923715.1_spacer_2	total_phage_799	80.769	26	5	0	1	26	32978	32953	0.76	26.9
Bacillus_GCF_008923715.1_spacer_2	total_phage_416	80.769	26	5	0	1	26	3365	3340	0.76	26.9
Bacillus_GCF_008923715.1_spacer_2	total_phage_102	94.444	18	1	0	2	19	22757	22740	0.76	26.9
Bacillus_GCF_008923715.1_spacer_2	virome_phage_993	86.364	22	3	0	4	25	11109	11130	0.76	26.9
Bacillus_GCF_008923715.1_spacer_2	virome_phage_824	83.333	24	4	0	3	26	13424	13447	0.76	26.9
Bacillus_GCF_008923715.1_spacer_2	virome_phage_8	86.364	22	3	0	2	23	25920	25941	0.76	26.9
Bacillus_GCF_008923715.1_spacer_2	virome_phage_2286	86.364	22	3	0	4	25	39106	39127	0.76	26.9
Bacillus_GCF_008923715.1_spacer_2	virome_phage_191	86.364	22	3	0	2	23	11159	11180	0.76	26.9
Bacillus_GCF_008923715.1_spacer_2	total_phage_794	90.000	20	2	0	3	22	34175	34194	0.76	26.9
Bacillus_GCF_008923715.1_spacer_2	total_phage_413	80.769	26	5	0	1	26	108719	108744	0.76	26.9
Bacillus_GCF_008923715.1_spacer_2	total_phage_362	94.444	18	1	0	2	19	11472	11489	0.76	26.9
Bacillus_GCF_008923715.1_spacer_2	total_phage_254	86.364	22	3	0	2	23	11075	11096	0.76	26.9
Bacillus_GCF_008923715.1_spacer_2	total_phage_172	90.000	20	2	0	7	26	9769	9788	0.76	26.9
