Bacillus_GCF_008368845.1_spacer_0	virome_phage_786	83.333	24	4	0	5	28	42727	42704	0.76	26.9
Bacillus_GCF_008368845.1_spacer_1	virome_phage_86	90.476	21	2	0	2	22	4747	4727	0.25	28.5
Bacillus_GCF_008368845.1_spacer_1	total_phage_240	90.476	21	2	0	2	22	475	495	0.25	28.5
Bacillus_GCF_008368845.1_spacer_1	virome_phage_755	90.000	20	2	0	1	20	34043	34062	0.76	26.9
Bacillus_GCF_008368845.1_spacer_1	virome_phage_754	90.000	20	2	0	9	28	36384	36403	0.76	26.9
Bacillus_GCF_008368845.1_spacer_1	virome_phage_2315	94.444	18	1	0	2	19	33502	33519	0.76	26.9
Bacillus_GCF_008368845.1_spacer_3	virome_phage_86	90.476	21	2	0	2	22	4747	4727	0.25	28.5
Bacillus_GCF_008368845.1_spacer_3	total_phage_240	90.476	21	2	0	2	22	475	495	0.25	28.5
Bacillus_GCF_008368845.1_spacer_3	virome_phage_755	90.000	20	2	0	1	20	34043	34062	0.76	26.9
Bacillus_GCF_008368845.1_spacer_3	virome_phage_754	90.000	20	2	0	9	28	36384	36403	0.76	26.9
Bacillus_GCF_008368845.1_spacer_3	virome_phage_2315	94.444	18	1	0	2	19	33502	33519	0.76	26.9
Bacillus_GCF_008368845.1_spacer_4	total_phage_231	86.957	23	3	0	8	30	86256	86234	0.25	28.5
Bacillus_GCF_008368845.1_spacer_4	virome_phage_91	83.333	24	4	0	1	24	17066	17043	0.76	26.9
Bacillus_GCF_008368845.1_spacer_4	virome_phage_860	76.667	30	7	0	1	30	16772	16743	0.76	26.9
Bacillus_GCF_008368845.1_spacer_4	total_phage_929	83.333	24	4	0	5	28	13097	13120	0.76	26.9
Bacillus_GCF_008368845.1_spacer_4	total_phage_797	83.333	24	4	0	1	24	3856	3879	0.76	26.9
Bacillus_GCF_008368845.1_spacer_4	total_phage_416	76.667	30	7	0	1	30	30743	30714	0.76	26.9
Bacillus_GCF_008368845.1_spacer_4	total_phage_308	80.769	26	5	0	1	26	27527	27552	0.76	26.9
Bacillus_GCF_008368845.1_spacer_4	total_phage_175	100.000	16	0	0	5	20	27780	27795	0.76	26.9
Bacillus_GCF_008368845.1_spacer_5	virome_phage_4	87.500	24	3	0	6	29	132586	132563	0.084	30.1
Bacillus_GCF_008368845.1_spacer_7	virome_phage_1	78.571	28	6	0	4	31	194480	194453	0.76	26.9
Bacillus_GCF_008368845.1_spacer_8	total_phage_9	86.364	22	3	0	9	30	9905	9884	0.76	26.9
Bacillus_GCF_008368845.1_spacer_8	total_phage_232	94.444	18	1	0	3	20	55649	55632	0.76	26.9
Bacillus_GCF_008368845.1_spacer_8	total_phage_106	83.333	24	4	0	5	28	17193	17170	0.76	26.9
Bacillus_GCF_008368845.1_spacer_8	virome_phage_754	90.000	20	2	0	9	28	36956	36975	0.76	26.9
Bacillus_GCF_008368845.1_spacer_8	virome_phage_734	90.000	20	2	0	14	33	10227	10246	0.76	26.9
Bacillus_GCF_008368845.1_spacer_8	virome_phage_47	94.444	18	1	0	14	31	26320	26337	0.76	26.9
Bacillus_GCF_008368845.1_spacer_9	virome_phage_734	83.333	24	4	0	6	29	337550	337573	0.76	26.9
Bacillus_GCF_008368845.1_spacer_9	total_phage_9	80.769	26	5	0	3	28	3393	3418	0.76	26.9
Bacillus_GCF_008368845.1_spacer_9	total_phage_232	83.333	24	4	0	3	26	63597	63620	0.76	26.9
