Bacillus_GCF_024159245.1_spacer_0	virome_phage_736	86.364	22	3	0	9	30	94787	94808	0.76	26.9
Bacillus_GCF_024159245.1_spacer_1	virome_phage_932	86.957	23	3	0	2	24	15328	15350	0.31	28.5
Bacillus_GCF_024159245.1_spacer_1	virome_phage_2342	94.737	19	1	0	2	20	27654	27672	0.31	28.5
Bacillus_GCF_024159245.1_spacer_1	virome_phage_748	76.667	30	7	0	1	30	10660	10689	0.94	26.9
Bacillus_GCF_024159245.1_spacer_1	virome_phage_739	94.444	18	1	0	3	20	14778	14761	0.94	26.9
Bacillus_GCF_024159245.1_spacer_1	virome_phage_24	94.444	18	1	0	17	34	32440	32423	0.94	26.9
Bacillus_GCF_024159245.1_spacer_1	virome_phage_2297	94.444	18	1	0	6	23	21362	21345	0.94	26.9
Bacillus_GCF_024159245.1_spacer_2	virome_phage_3	78.788	33	7	0	2	34	156535	156503	0.035	31.7
Bacillus_GCF_024159245.1_spacer_2	virome_phage_839	87.500	24	3	0	7	30	5597	5574	0.10	30.1
Bacillus_GCF_024159245.1_spacer_2	virome_phage_69	100.000	16	0	0	2	17	23705	23690	0.94	26.9
Bacillus_GCF_024159245.1_spacer_2	total_phage_734	80.769	26	5	0	6	31	40512	40537	0.94	26.9
Bacillus_GCF_024159245.1_spacer_2	total_phage_731	80.769	26	5	0	4	29	8170	8195	0.94	26.9
Bacillus_GCF_024159245.1_spacer_2	total_phage_729	83.333	24	4	0	5	28	102599	102622	0.94	26.9
Bacillus_GCF_024159245.1_spacer_2	total_phage_237	86.364	22	3	0	9	30	15877	15856	0.94	26.9
Bacillus_GCF_024159245.1_spacer_2	total_phage_111	83.333	24	4	0	1	24	7839	7862	0.94	26.9
Bacillus_GCF_024159245.1_spacer_3	virome_phage_8	84.615	26	4	0	7	32	118399	118374	0.13	30.1
Bacillus_GCF_024159245.1_spacer_3	virome_phage_47	87.500	24	3	0	9	32	22140	22163	0.13	30.1
Bacillus_GCF_024159245.1_spacer_3	virome_phage_47	75.758	33	8	0	1	33	30260	30292	0.38	28.5
Bacillus_GCF_024159245.1_spacer_3	virome_phage_2299	84.000	25	4	0	11	35	1010	1034	0.38	28.5
Bacillus_GCF_024159245.1_spacer_4	virome_phage_2306	100.000	16	0	0	9	24	25188	25173	0.94	26.9
Bacillus_GCF_024159245.1_spacer_4	total_phage_798	86.364	22	3	0	3	24	32268	32289	0.94	26.9
Bacillus_GCF_024159245.1_spacer_5	virome_phage_2275	84.615	26	4	0	1	26	35563	35538	0.10	30.1
Bacillus_GCF_024159245.1_spacer_5	virome_phage_862	94.444	18	1	0	15	32	13136	13153	0.94	26.9
Bacillus_GCF_024159245.1_spacer_5	virome_phage_842	90.000	20	2	0	8	27	16320	16301	0.94	26.9
Bacillus_GCF_024159245.1_spacer_5	virome_phage_193	94.444	18	1	0	15	32	15243	15260	0.94	26.9
Bacillus_GCF_024159245.1_spacer_5	total_phage_3	90.000	20	2	0	8	27	20400	20419	0.94	26.9
Bacillus_GCF_024159245.1_spacer_7	total_phage_95	94.737	19	1	0	6	24	73571	73553	0.31	28.5
Bacillus_GCF_024159245.1_spacer_7	total_phage_95	94.444	18	1	0	8	25	22264	22247	0.94	26.9
Bacillus_GCF_024159245.1_spacer_7	virome_phage_783	83.333	24	4	0	11	34	5875	5898	0.94	26.9
Bacillus_GCF_024159245.1_spacer_7	virome_phage_765	90.000	20	2	0	3	22	11286	11305	0.94	26.9
Bacillus_GCF_024159245.1_spacer_7	virome_phage_2366	94.444	18	1	0	4	21	11124	11141	0.94	26.9
Bacillus_GCF_024159245.1_spacer_7	virome_phage_60	94.444	18	1	0	17	34	28720	28703	0.94	26.9
Bacillus_GCF_024159245.1_spacer_7	total_phage_926	80.769	26	5	0	8	33	16453	16428	0.94	26.9
Bacillus_GCF_024159245.1_spacer_8	virome_phage_807	86.957	23	3	0	1	23	3494	3472	0.31	28.5
Bacillus_GCF_024159245.1_spacer_8	virome_phage_776	79.310	29	6	0	1	29	7282	7254	0.31	28.5
Bacillus_GCF_024159245.1_spacer_8	total_phage_797	86.957	23	3	0	1	23	22435	22413	0.31	28.5
Bacillus_GCF_024159245.1_spacer_8	total_phage_360	86.957	23	3	0	1	23	28358	28336	0.31	28.5
Bacillus_GCF_024159245.1_spacer_8	total_phage_305	86.957	23	3	0	1	23	26174	26152	0.31	28.5
Bacillus_GCF_024159245.1_spacer_8	total_phage_293	86.957	23	3	0	1	23	27762	27740	0.31	28.5
Bacillus_GCF_024159245.1_spacer_8	total_phage_114	86.957	23	3	0	1	23	24647	24625	0.31	28.5
Bacillus_GCF_024159245.1_spacer_8	total_phage_798	86.957	23	3	0	1	23	9833	9855	0.31	28.5
Bacillus_GCF_024159245.1_spacer_8	virome_phage_913	80.769	26	5	0	6	31	21192	21167	0.94	26.9
Bacillus_GCF_024159245.1_spacer_8	virome_phage_8	90.000	20	2	0	1	20	73278	73259	0.94	26.9
Bacillus_GCF_024159245.1_spacer_8	virome_phage_759	80.769	26	5	0	9	34	43264	43239	0.94	26.9
Bacillus_GCF_024159245.1_spacer_8	virome_phage_2235	78.571	28	6	0	1	28	5985	5958	0.94	26.9
Bacillus_GCF_024159245.1_spacer_8	total_phage_795	86.364	22	3	0	4	25	24632	24611	0.94	26.9
Bacillus_GCF_024159245.1_spacer_8	virome_phage_734	83.333	24	4	0	1	24	260282	260305	0.94	26.9
Bacillus_GCF_024159245.1_spacer_8	total_phage_663	86.364	22	3	0	1	22	37751	37772	0.94	26.9
Bacillus_GCF_024159245.1_spacer_8	total_phage_637	86.364	22	3	0	1	22	34485	34506	0.94	26.9
Bacillus_GCF_024159245.1_spacer_9	virome_phage_797	87.500	24	3	0	4	27	1790	1767	0.27	30.1
Bacillus_GCF_024159245.1_spacer_9	virome_phage_67	82.143	28	5	0	12	39	5043	5016	0.27	30.1
Bacillus_GCF_024159245.1_spacer_9	total_phage_636	80.000	30	6	0	7	36	27200	27229	0.27	30.1
Bacillus_GCF_024159245.1_spacer_9	virome_phage_876	84.000	25	4	0	15	39	20644	20668	0.82	28.5
Bacillus_GCF_024159245.1_spacer_9	virome_phage_795	94.737	19	1	0	21	39	37215	37233	0.82	28.5
Bacillus_GCF_024159245.1_spacer_9	virome_phage_750	84.000	25	4	0	20	44	2734	2758	0.82	28.5
Bacillus_GCF_024159245.1_spacer_9	virome_phage_748	90.476	21	2	0	11	31	16181	16201	0.82	28.5
Bacillus_GCF_024159245.1_spacer_9	virome_phage_3	90.476	21	2	0	7	27	116426	116406	0.82	28.5
Bacillus_GCF_024159245.1_spacer_9	virome_phage_14	90.476	21	2	0	24	44	18879	18859	0.82	28.5
Bacillus_GCF_024159245.1_spacer_9	virome_phage_1	79.310	29	6	0	4	32	4452	4480	0.82	28.5
Bacillus_GCF_024159245.1_spacer_9	total_phage_730	75.758	33	8	0	12	44	79663	79631	0.82	28.5
Bacillus_GCF_024159245.1_spacer_10	virome_phage_79	87.500	24	3	0	3	26	5994	5971	0.084	30.1
Bacillus_GCF_024159245.1_spacer_10	virome_phage_2269	94.737	19	1	0	10	28	195855	195837	0.25	28.5
Bacillus_GCF_024159245.1_spacer_10	total_phage_175	90.476	21	2	0	4	24	31422	31402	0.25	28.5
Bacillus_GCF_024159245.1_spacer_10	virome_phage_91	86.957	23	3	0	7	29	15755	15777	0.25	28.5
Bacillus_GCF_024159245.1_spacer_10	virome_phage_91	76.667	30	7	0	4	33	22018	22047	0.76	26.9
Bacillus_GCF_024159245.1_spacer_10	total_phage_799	86.957	23	3	0	7	29	32385	32407	0.25	28.5
Bacillus_GCF_024159245.1_spacer_10	virome_phage_914	90.000	20	2	0	7	26	18176	18157	0.76	26.9
Bacillus_GCF_024159245.1_spacer_10	virome_phage_783	94.444	18	1	0	8	25	41272	41255	0.76	26.9
Bacillus_GCF_024159245.1_spacer_10	virome_phage_749	90.000	20	2	0	7	26	65089	65070	0.76	26.9
Bacillus_GCF_024159245.1_spacer_10	virome_phage_734	86.364	22	3	0	4	25	238811	238790	0.76	26.9
Bacillus_GCF_024159245.1_spacer_10	virome_phage_7	94.444	18	1	0	9	26	37842	37825	0.76	26.9
Bacillus_GCF_024159245.1_spacer_10	virome_phage_7	86.364	22	3	0	3	24	11259	11280	0.76	26.9
Bacillus_GCF_024159245.1_spacer_10	virome_phage_17	90.000	20	2	0	9	28	58738	58719	0.76	26.9
Bacillus_GCF_024159245.1_spacer_10	total_phage_797	86.364	22	3	0	4	25	2679	2658	0.76	26.9
Bacillus_GCF_024159245.1_spacer_10	total_phage_734	76.667	30	7	0	4	33	6746	6717	0.76	26.9
Bacillus_GCF_024159245.1_spacer_10	total_phage_725	94.444	18	1	0	8	25	1507	1490	0.76	26.9
Bacillus_GCF_024159245.1_spacer_10	total_phage_692	90.000	20	2	0	7	26	4275	4256	0.76	26.9
Bacillus_GCF_024159245.1_spacer_10	total_phage_293	83.333	24	4	0	6	29	15302	15279	0.76	26.9
Bacillus_GCF_024159245.1_spacer_10	total_phage_248	80.769	26	5	0	1	26	4276	4251	0.76	26.9
Bacillus_GCF_024159245.1_spacer_10	virome_phage_2310	76.667	30	7	0	4	33	26978	27007	0.76	26.9
Bacillus_GCF_024159245.1_spacer_10	virome_phage_2288	83.333	24	4	0	3	26	26189	26212	0.76	26.9
Bacillus_GCF_024159245.1_spacer_10	total_phage_92	80.769	26	5	0	3	28	12159	12184	0.76	26.9
Bacillus_GCF_024159245.1_spacer_10	total_phage_803	86.364	22	3	0	4	25	31177	31198	0.76	26.9
Bacillus_GCF_024159245.1_spacer_10	total_phage_658	90.000	20	2	0	7	26	41627	41646	0.76	26.9
Bacillus_GCF_024159245.1_spacer_10	total_phage_604	90.000	20	2	0	7	26	3548	3567	0.76	26.9
Bacillus_GCF_024159245.1_spacer_10	total_phage_524	90.000	20	2	0	7	26	8987	9006	0.76	26.9
Bacillus_GCF_024159245.1_spacer_10	total_phage_418	80.769	26	5	0	1	26	28475	28500	0.76	26.9
Bacillus_GCF_024159245.1_spacer_10	total_phage_413	83.333	24	4	0	4	27	80459	80482	0.76	26.9
Bacillus_GCF_024159245.1_spacer_11	virome_phage_2342	78.125	32	7	0	2	33	25731	25700	0.13	30.1
Bacillus_GCF_024159245.1_spacer_11	virome_phage_734	84.000	25	4	0	10	34	313743	313719	0.38	28.5
Bacillus_GCF_024159245.1_spacer_12	virome_phage_771	91.304	23	2	0	13	35	8165	8187	0.042	31.7
Bacillus_GCF_024159245.1_spacer_12	virome_phage_857	90.909	22	2	0	8	29	12270	12291	0.13	30.1
Bacillus_GCF_024159245.1_spacer_12	virome_phage_743	80.000	30	6	0	2	31	76699	76728	0.13	30.1
Bacillus_GCF_024159245.1_spacer_12	virome_phage_739	95.000	20	1	0	13	32	1502	1483	0.13	30.1
Bacillus_GCF_024159245.1_spacer_12	virome_phage_62	94.737	19	1	0	10	28	33463	33481	0.38	28.5
Bacillus_GCF_024159245.1_spacer_12	virome_phage_181	86.957	23	3	0	2	24	14159	14181	0.38	28.5
Bacillus_GCF_024159245.1_spacer_12	total_phage_488	79.310	29	6	0	7	35	826	854	0.38	28.5
Bacillus_GCF_024159245.1_spacer_12	total_phage_446	84.000	25	4	0	11	35	14772	14796	0.38	28.5
Bacillus_GCF_024159245.1_spacer_12	total_phage_18	86.957	23	3	0	2	24	14260	14282	0.38	28.5
Bacillus_GCF_024159245.1_spacer_12	virome_phage_993	86.957	23	3	0	2	24	2358	2336	0.38	28.5
Bacillus_GCF_024159245.1_spacer_12	virome_phage_2292	86.957	23	3	0	13	35	2481	2459	0.38	28.5
Bacillus_GCF_024159245.1_spacer_12	total_phage_785	84.000	25	4	0	6	30	4608	4584	0.38	28.5
Bacillus_GCF_024159245.1_spacer_12	total_phage_524	86.957	23	3	0	9	31	11570	11548	0.38	28.5
Bacillus_GCF_024159245.1_spacer_12	total_phage_443	84.000	25	4	0	6	30	3228	3204	0.38	28.5
Bacillus_GCF_024159245.1_spacer_13	virome_phage_844	94.444	18	1	0	13	30	27060	27043	0.76	26.9
Bacillus_GCF_024159245.1_spacer_13	virome_phage_787	75.000	32	8	0	1	32	32236	32205	0.76	26.9
Bacillus_GCF_024159245.1_spacer_13	virome_phage_63	80.769	26	5	0	1	26	12176	12151	0.76	26.9
Bacillus_GCF_024159245.1_spacer_13	virome_phage_59	78.571	28	6	0	4	31	4587	4560	0.76	26.9
Bacillus_GCF_024159245.1_spacer_14	virome_phage_865	100.000	16	0	0	1	16	9901	9916	0.76	26.9
Bacillus_GCF_024159245.1_spacer_14	virome_phage_736	86.364	22	3	0	3	24	46815	46836	0.76	26.9
Bacillus_GCF_024159245.1_spacer_14	virome_phage_1	100.000	16	0	0	2	17	165141	165156	0.76	26.9
Bacillus_GCF_024159245.1_spacer_14	total_phage_99	80.769	26	5	0	8	33	1921	1946	0.76	26.9
Bacillus_GCF_024159245.1_spacer_14	total_phage_729	83.333	24	4	0	7	30	134730	134753	0.76	26.9
Bacillus_GCF_024159245.1_spacer_14	total_phage_179	90.000	20	2	0	12	31	7386	7405	0.76	26.9
Bacillus_GCF_024159245.1_spacer_14	virome_phage_743	83.333	24	4	0	6	29	73813	73790	0.76	26.9
Bacillus_GCF_024159245.1_spacer_14	virome_phage_27	94.444	18	1	0	10	27	32974	32957	0.76	26.9
Bacillus_GCF_024159245.1_spacer_14	virome_phage_25	75.000	32	8	0	1	32	37831	37800	0.76	26.9
Bacillus_GCF_024159245.1_spacer_14	virome_phage_2288	94.444	18	1	0	15	32	43818	43801	0.76	26.9
Bacillus_GCF_024159245.1_spacer_14	virome_phage_2272	94.444	18	1	0	12	29	39247	39230	0.76	26.9
Bacillus_GCF_024159245.1_spacer_14	virome_phage_2269	86.364	22	3	0	7	28	227133	227112	0.76	26.9
Bacillus_GCF_024159245.1_spacer_14	total_phage_788	90.000	20	2	0	12	31	34869	34850	0.76	26.9
