Bacillus_GCA_014204475.1_spacer_0	virome_phage_154	73.171	41	11	0	9	49	8169	8129	0.22	31.7
Bacillus_GCA_014204475.1_spacer_0	virome_phage_2281	90.909	22	2	0	24	45	54754	54775	0.65	30.1
Bacillus_GCA_014204475.1_spacer_0	virome_phage_16	70.455	44	13	0	4	47	28966	29009	0.65	30.1
Bacillus_GCA_014204475.1_spacer_0	total_phage_731	95.000	20	1	0	24	43	61054	61035	0.65	30.1
Bacillus_GCA_014204475.1_spacer_1	virome_phage_764	65.672	67	23	0	6	72	45724	45658	0.044	34.9
Bacillus_GCA_014204475.1_spacer_1	virome_phage_764	66.102	59	20	0	14	72	45770	45712	0.40	31.7
Bacillus_GCA_014204475.1_spacer_1	virome_phage_756	71.739	46	13	0	24	69	45456	45501	0.13	33.3
Bacillus_GCA_014204475.1_spacer_1	virome_phage_786	73.171	41	11	0	44	84	34605	34645	0.40	31.7
Bacillus_GCA_014204475.1_spacer_1	virome_phage_77	70.213	47	14	0	23	69	10744	10698	0.40	31.7
Bacillus_GCA_014204475.1_spacer_2	virome_phage_824	62.963	81	30	0	2	82	11816	11896	0.037	34.9
Bacillus_GCA_014204475.1_spacer_2	virome_phage_744	74.359	39	10	0	19	57	7953	7915	0.34	31.7
Bacillus_GCA_014204475.1_spacer_2	virome_phage_2342	66.667	57	19	0	25	81	19656	19600	0.34	31.7
Bacillus_GCA_014204475.1_spacer_2	virome_phage_1	70.213	47	14	0	17	63	221413	221367	0.34	31.7
Bacillus_GCA_014204475.1_spacer_3	virome_phage_52	80.488	41	8	0	5	45	44233	44273	3.84e-04	41.2
Bacillus_GCA_014204475.1_spacer_3	virome_phage_824	67.857	56	18	0	17	72	11813	11868	0.093	33.3
Bacillus_GCA_014204475.1_spacer_3	virome_phage_786	70.213	47	14	0	8	54	34605	34651	0.28	31.7
Bacillus_GCA_014204475.1_spacer_3	virome_phage_786	70.213	47	14	0	17	63	34971	35017	0.28	31.7
Bacillus_GCA_014204475.1_spacer_4	virome_phage_153	83.871	31	5	0	34	64	5714	5744	0.024	34.9
Bacillus_GCA_014204475.1_spacer_4	virome_phage_764	66.102	59	20	0	5	63	45707	45649	0.22	31.7
Bacillus_GCA_014204475.1_spacer_4	virome_phage_764	65.517	58	20	0	6	63	45760	45703	0.65	30.1
Bacillus_GCA_014204475.1_spacer_4	virome_phage_824	71.429	42	12	0	23	64	11675	11716	0.65	30.1
Bacillus_GCA_014204475.1_spacer_4	virome_phage_2291	76.471	34	8	0	3	36	12420	12453	0.65	30.1
Bacillus_GCA_014204475.1_spacer_4	virome_phage_14	90.909	22	2	0	19	40	36140	36119	0.65	30.1
Bacillus_GCA_014204475.1_spacer_5	virome_phage_11	81.481	27	5	0	1	27	24895	24921	0.25	28.5
Bacillus_GCA_014204475.1_spacer_6	virome_phage_913	78.000	50	11	0	4	53	20412	20363	8.18e-06	46.0
Bacillus_GCA_014204475.1_spacer_6	virome_phage_913	79.070	43	9	0	2	44	20405	20363	2.21e-04	41.2
Bacillus_GCA_014204475.1_spacer_6	virome_phage_2314	75.472	53	13	0	3	55	34441	34493	2.45e-05	44.4
Bacillus_GCA_014204475.1_spacer_6	virome_phage_2314	73.469	49	13	0	2	50	34449	34497	0.002	38.0
Bacillus_GCA_014204475.1_spacer_6	virome_phage_2314	72.917	48	13	0	8	55	34428	34475	0.006	36.5
Bacillus_GCA_014204475.1_spacer_6	virome_phage_52	75.610	41	10	0	8	48	44056	44096	0.018	34.9
Bacillus_GCA_014204475.1_spacer_6	virome_phage_773	74.419	43	11	0	4	46	45938	45896	0.018	34.9
Bacillus_GCA_014204475.1_spacer_6	virome_phage_824	83.333	30	5	0	25	54	11668	11697	0.054	33.3
Bacillus_GCA_014204475.1_spacer_6	virome_phage_764	70.000	50	15	0	5	54	45770	45721	0.054	33.3
Bacillus_GCA_014204475.1_spacer_6	virome_phage_764	68.000	50	16	0	5	54	45716	45667	0.48	30.1
Bacillus_GCA_014204475.1_spacer_6	virome_phage_764	68.000	50	16	0	5	54	45734	45685	0.48	30.1
Bacillus_GCA_014204475.1_spacer_6	virome_phage_764	68.000	50	16	0	5	54	45743	45694	0.48	30.1
Bacillus_GCA_014204475.1_spacer_6	virome_phage_826	85.185	27	4	0	2	28	13439	13413	0.16	31.7
Bacillus_GCA_014204475.1_spacer_6	virome_phage_57	68.627	51	16	0	5	55	12737	12687	0.16	31.7
Bacillus_GCA_014204475.1_spacer_6	virome_phage_780	71.429	42	12	0	10	51	7775	7734	0.48	30.1
Bacillus_GCA_014204475.1_spacer_6	virome_phage_62	87.500	24	3	0	10	33	12372	12349	0.48	30.1
Bacillus_GCA_014204475.1_spacer_7	virome_phage_2314	73.077	52	14	0	3	54	34423	34474	6.62e-04	39.6
Bacillus_GCA_014204475.1_spacer_7	virome_phage_764	73.469	49	13	0	6	54	45733	45685	0.002	38.0
Bacillus_GCA_014204475.1_spacer_7	virome_phage_764	73.469	49	13	0	6	54	45742	45694	0.002	38.0
Bacillus_GCA_014204475.1_spacer_7	virome_phage_764	72.000	50	14	0	5	54	45680	45631	0.006	36.5
Bacillus_GCA_014204475.1_spacer_7	virome_phage_764	82.353	34	6	0	5	38	45752	45719	0.006	36.5
Bacillus_GCA_014204475.1_spacer_7	virome_phage_764	70.833	48	14	0	6	53	45724	45677	0.054	33.3
Bacillus_GCA_014204475.1_spacer_7	virome_phage_764	79.412	34	7	0	5	38	45761	45728	0.054	33.3
Bacillus_GCA_014204475.1_spacer_7	virome_phage_764	69.388	49	15	0	6	54	45688	45640	0.16	31.7
Bacillus_GCA_014204475.1_spacer_7	virome_phage_764	78.125	32	7	0	6	37	45661	45630	0.48	30.1
Bacillus_GCA_014204475.1_spacer_7	virome_phage_764	76.471	34	8	0	5	38	45698	45665	0.48	30.1
Bacillus_GCA_014204475.1_spacer_7	virome_phage_913	70.833	48	14	0	6	53	20410	20363	0.054	33.3
Bacillus_GCA_014204475.1_spacer_7	virome_phage_913	79.412	34	7	0	2	35	20396	20363	0.054	33.3
Bacillus_GCA_014204475.1_spacer_7	virome_phage_913	76.471	34	8	0	2	35	20405	20372	0.48	30.1
Bacillus_GCA_014204475.1_spacer_7	virome_phage_4	76.316	38	9	0	2	39	34442	34479	0.054	33.3
Bacillus_GCA_014204475.1_spacer_7	total_phage_731	79.412	34	7	0	9	42	108426	108459	0.054	33.3
Bacillus_GCA_014204475.1_spacer_7	virome_phage_865	78.788	33	7	0	9	41	29343	29311	0.16	31.7
Bacillus_GCA_014204475.1_spacer_7	virome_phage_824	80.000	30	6	0	7	36	11668	11697	0.48	30.1
Bacillus_GCA_014204475.1_spacer_7	virome_phage_738	73.684	38	10	0	2	39	62464	62427	0.48	30.1
Bacillus_GCA_014204475.1_spacer_7	virome_phage_46	78.125	32	7	0	2	33	26076	26107	0.48	30.1
Bacillus_GCA_014204475.1_spacer_8	virome_phage_2269	78.788	33	7	0	13	45	29655	29687	0.10	31.7
Bacillus_GCA_014204475.1_spacer_8	virome_phage_741	87.500	24	3	0	4	27	1339	1362	0.31	30.1
Bacillus_GCA_014204475.1_spacer_8	virome_phage_4	73.684	38	10	0	2	39	34442	34479	0.31	30.1
Bacillus_GCA_014204475.1_spacer_8	virome_phage_28	90.909	22	2	0	1	22	24147	24168	0.31	30.1
Bacillus_GCA_014204475.1_spacer_8	virome_phage_745	86.957	23	3	0	15	37	18316	18338	0.94	28.5
Bacillus_GCA_014204475.1_spacer_8	virome_phage_2281	75.758	33	8	0	5	37	54744	54776	0.94	28.5
Bacillus_GCA_014204475.1_spacer_8	virome_phage_2254	84.000	25	4	0	5	29	13034	13058	0.94	28.5
Bacillus_GCA_014204475.1_spacer_9	virome_phage_797	88.000	25	3	0	3	27	231	207	0.049	31.7
Bacillus_GCA_014204475.1_spacer_9	virome_phage_913	78.125	32	7	0	2	33	20396	20365	0.15	30.1
Bacillus_GCA_014204475.1_spacer_9	virome_phage_864	82.143	28	5	0	10	37	22475	22502	0.15	30.1
Bacillus_GCA_014204475.1_spacer_9	virome_phage_857	82.143	28	5	0	3	30	29513	29486	0.15	30.1
Bacillus_GCA_014204475.1_spacer_10	virome_phage_45	90.909	22	2	0	1	22	9916	9937	0.084	30.1
Bacillus_GCA_014204475.1_spacer_10	virome_phage_2347	100.000	17	0	0	6	22	18466	18450	0.25	28.5
Bacillus_GCA_014204475.1_spacer_10	virome_phage_741	78.571	28	6	0	1	28	9526	9499	0.76	26.9
Bacillus_GCA_014204475.1_spacer_11	virome_phage_2389	100.000	16	0	0	1	16	4675	4660	0.76	26.9
Bacillus_GCA_014204475.1_spacer_11	virome_phage_2389	90.000	20	2	0	5	24	12911	12930	0.76	26.9
Bacillus_GCA_014204475.1_spacer_12	virome_phage_2424	82.143	28	5	0	5	32	4828	4801	0.31	30.1
Bacillus_GCA_014204475.1_spacer_12	virome_phage_239	82.143	28	5	0	5	32	2940	2913	0.31	30.1
Bacillus_GCA_014204475.1_spacer_12	virome_phage_915	77.419	31	7	0	16	46	18490	18460	0.94	28.5
Bacillus_GCA_014204475.1_spacer_13	virome_phage_1142	94.444	18	1	0	11	28	3815	3832	0.76	26.9
Bacillus_GCA_014204475.1_spacer_13	total_phage_731	86.364	22	3	0	4	25	108439	108460	0.76	26.9
Bacillus_GCA_014204475.1_spacer_13	total_phage_653	90.000	20	2	0	6	25	22409	22428	0.76	26.9
Bacillus_GCA_014204475.1_spacer_13	total_phage_927	86.364	22	3	0	2	23	39536	39515	0.76	26.9
Bacillus_GCA_014204475.1_spacer_13	total_phage_725	90.000	20	2	0	6	25	21300	21281	0.76	26.9
Bacillus_GCA_014204475.1_spacer_13	total_phage_483	90.000	20	2	0	6	25	8875	8856	0.76	26.9
Bacillus_GCA_014204475.1_spacer_14	virome_phage_152	77.419	31	7	0	7	37	6721	6751	0.44	28.5
Bacillus_GCA_014204475.1_spacer_15	virome_phage_824	70.213	47	14	0	3	49	11673	11719	0.16	31.7
Bacillus_GCA_014204475.1_spacer_16	virome_phage_67	90.909	22	2	0	13	34	14812	14791	0.31	30.1
Bacillus_GCA_014204475.1_spacer_16	virome_phage_158	79.310	29	6	0	17	45	4654	4682	0.94	28.5
Bacillus_GCA_014204475.1_spacer_17	virome_phage_2314	82.143	28	5	0	1	28	34448	34475	0.084	30.1
Bacillus_GCA_014204475.1_spacer_18	virome_phage_772	86.364	22	3	0	1	22	33731	33752	0.76	26.9
Bacillus_GCA_014204475.1_spacer_18	virome_phage_2333	83.333	24	4	0	1	24	10235	10212	0.76	26.9
Bacillus_GCA_014204475.1_spacer_19	virome_phage_11	82.143	28	5	0	6	33	76593	76620	0.31	30.1
Bacillus_GCA_014204475.1_spacer_20	virome_phage_4	78.947	38	8	0	2	39	34442	34479	0.006	36.5
Bacillus_GCA_014204475.1_spacer_20	virome_phage_738	76.316	38	9	0	2	39	62464	62427	0.054	33.3
Bacillus_GCA_014204475.1_spacer_20	total_phage_731	70.833	48	14	0	2	49	88052	88005	0.054	33.3
Bacillus_GCA_014204475.1_spacer_20	virome_phage_734	70.213	47	14	0	4	50	291019	290973	0.16	31.7
Bacillus_GCA_014204475.1_spacer_20	virome_phage_857	82.143	28	5	0	12	39	29513	29486	0.48	30.1
Bacillus_GCA_014204475.1_spacer_20	virome_phage_52	76.471	34	8	0	6	39	44234	44267	0.48	30.1
Bacillus_GCA_014204475.1_spacer_20	virome_phage_46	78.125	32	7	0	17	48	27043	27012	0.48	30.1
Bacillus_GCA_014204475.1_spacer_20	virome_phage_16	87.500	24	3	0	20	43	32278	32255	0.48	30.1
Bacillus_GCA_014204475.1_spacer_21	virome_phage_2301	90.476	21	2	0	2	22	34127	34147	0.44	28.5
Bacillus_GCA_014204475.1_spacer_22	virome_phage_17	90.476	21	2	0	7	27	8540	8560	0.25	28.5
Bacillus_GCA_014204475.1_spacer_22	total_phage_500	90.476	21	2	0	3	23	59720	59740	0.25	28.5
Bacillus_GCA_014204475.1_spacer_22	virome_phage_34	84.000	25	4	0	3	27	39888	39864	0.25	28.5
Bacillus_GCA_014204475.1_spacer_22	virome_phage_2254	90.476	21	2	0	3	23	66723	66703	0.25	28.5
Bacillus_GCA_014204475.1_spacer_22	virome_phage_2238	90.476	21	2	0	3	23	48237	48217	0.25	28.5
Bacillus_GCA_014204475.1_spacer_22	virome_phage_79	86.364	22	3	0	3	24	17277	17298	0.76	26.9
Bacillus_GCA_014204475.1_spacer_22	virome_phage_4	90.000	20	2	0	2	21	34442	34461	0.76	26.9
Bacillus_GCA_014204475.1_spacer_22	virome_phage_776	80.769	26	5	0	3	28	45667	45642	0.76	26.9
Bacillus_GCA_014204475.1_spacer_22	virome_phage_2288	86.364	22	3	0	3	24	14900	14879	0.76	26.9
Bacillus_GCA_014204475.1_spacer_22	total_phage_239	80.769	26	5	0	3	28	17815	17790	0.76	26.9
Bacillus_GCA_014204475.1_spacer_23	virome_phage_2314	82.143	28	5	0	1	28	34448	34475	0.084	30.1
Bacillus_GCA_014204475.1_spacer_24	virome_phage_813	81.481	27	5	0	1	27	3175	3201	0.25	28.5
