Bacillus_GCF_003284495.1_spacer_0	virome_phage_744	95.000	20	1	0	16	35	6650	6631	0.13	30.1
Bacillus_GCF_003284495.1_spacer_0	total_phage_414	84.615	26	4	0	4	29	41552	41527	0.13	30.1
Bacillus_GCF_003284495.1_spacer_0	virome_phage_2314	95.000	20	1	0	16	35	6365	6384	0.13	30.1
Bacillus_GCF_003284495.1_spacer_0	virome_phage_734	86.957	23	3	0	10	32	90603	90581	0.38	28.5
Bacillus_GCF_003284495.1_spacer_0	virome_phage_734	86.957	23	3	0	2	24	91391	91413	0.38	28.5
Bacillus_GCF_003284495.1_spacer_0	virome_phage_70	81.481	27	5	0	5	31	3083	3057	0.38	28.5
Bacillus_GCF_003284495.1_spacer_0	virome_phage_2269	81.481	27	5	0	1	27	230170	230144	0.38	28.5
Bacillus_GCF_003284495.1_spacer_0	virome_phage_11	79.310	29	6	0	6	34	42425	42397	0.38	28.5
Bacillus_GCF_003284495.1_spacer_0	total_phage_363	86.957	23	3	0	13	35	1231	1209	0.38	28.5
Bacillus_GCF_003284495.1_spacer_0	total_phage_363	84.000	25	4	0	8	32	15147	15171	0.38	28.5
Bacillus_GCF_003284495.1_spacer_0	total_phage_232	94.737	19	1	0	6	24	27269	27251	0.38	28.5
Bacillus_GCF_003284495.1_spacer_0	total_phage_106	86.957	23	3	0	11	33	23730	23708	0.38	28.5
Bacillus_GCF_003284495.1_spacer_0	virome_phage_932	84.000	25	4	0	11	35	16711	16735	0.38	28.5
Bacillus_GCF_003284495.1_spacer_0	virome_phage_7	77.419	31	7	0	2	32	25831	25861	0.38	28.5
Bacillus_GCF_003284495.1_spacer_0	virome_phage_2	77.419	31	7	0	5	35	163122	163152	0.38	28.5
Bacillus_GCF_003284495.1_spacer_0	total_phage_92	90.476	21	2	0	12	32	127688	127708	0.38	28.5
Bacillus_GCF_003284495.1_spacer_1	virome_phage_1236	86.364	22	3	0	10	31	3369	3390	0.94	26.9
Bacillus_GCF_003284495.1_spacer_2	virome_phage_816	83.333	24	4	0	7	30	21861	21838	0.76	26.9
Bacillus_GCF_003284495.1_spacer_3	virome_phage_2301	83.333	24	4	0	2	25	6472	6449	0.94	26.9
Bacillus_GCF_003284495.1_spacer_4	virome_phage_776	86.364	22	3	0	9	30	38061	38082	0.94	26.9
Bacillus_GCF_003284495.1_spacer_4	virome_phage_2243	94.444	18	1	0	15	32	3624	3607	0.94	26.9
Bacillus_GCF_003284495.1_spacer_4	virome_phage_2237	94.444	18	1	0	15	32	14161	14178	0.94	26.9
Bacillus_GCF_003284495.1_spacer_4	total_phage_644	94.444	18	1	0	15	32	3513	3496	0.94	26.9
Bacillus_GCF_003284495.1_spacer_4	total_phage_487	94.444	18	1	0	15	32	2150	2133	0.94	26.9
Bacillus_GCF_003284495.1_spacer_4	total_phage_239	86.364	22	3	0	9	30	4101	4122	0.94	26.9
Bacillus_GCF_003284495.1_spacer_5	virome_phage_72	94.737	19	1	0	4	22	535	553	0.38	28.5
Bacillus_GCF_003284495.1_spacer_6	virome_phage_38	90.476	21	2	0	14	34	42928	42948	0.38	28.5
Bacillus_GCF_003284495.1_spacer_7	virome_phage_8	81.481	27	5	0	3	29	78252	78278	0.25	28.5
Bacillus_GCF_003284495.1_spacer_7	virome_phage_64	83.333	24	4	0	9	32	1834	1811	0.76	26.9
Bacillus_GCF_003284495.1_spacer_7	virome_phage_2259	90.000	20	2	0	1	20	3436	3417	0.76	26.9
Bacillus_GCF_003284495.1_spacer_8	total_phage_658	84.615	26	4	0	6	31	7930	7905	0.084	30.1
Bacillus_GCF_003284495.1_spacer_8	total_phage_658	100.000	16	0	0	7	22	20941	20956	0.76	26.9
Bacillus_GCF_003284495.1_spacer_8	virome_phage_914	87.500	24	3	0	10	33	21565	21588	0.084	30.1
Bacillus_GCF_003284495.1_spacer_8	total_phage_692	84.615	26	4	0	6	31	37972	37997	0.084	30.1
Bacillus_GCF_003284495.1_spacer_8	total_phage_692	100.000	16	0	0	7	22	24961	24946	0.76	26.9
Bacillus_GCF_003284495.1_spacer_8	virome_phage_925	80.769	26	5	0	8	33	6274	6249	0.76	26.9
Bacillus_GCF_003284495.1_spacer_8	virome_phage_2304	94.444	18	1	0	12	29	15389	15372	0.76	26.9
Bacillus_GCF_003284495.1_spacer_8	virome_phage_894	90.000	20	2	0	9	28	22444	22463	0.76	26.9
Bacillus_GCF_003284495.1_spacer_8	virome_phage_3	94.444	18	1	0	13	30	146733	146750	0.76	26.9
Bacillus_GCF_003284495.1_spacer_8	total_phage_98	94.444	18	1	0	4	21	13371	13388	0.76	26.9
Bacillus_GCF_003284495.1_spacer_8	total_phage_731	86.364	22	3	0	8	29	25935	25956	0.76	26.9
Bacillus_GCF_003284495.1_spacer_10	virome_phage_84	90.000	20	2	0	3	22	25684	25665	0.76	26.9
Bacillus_GCF_003284495.1_spacer_10	virome_phage_811	86.364	22	3	0	1	22	29335	29314	0.76	26.9
Bacillus_GCF_003284495.1_spacer_10	total_phage_95	90.000	20	2	0	13	32	109284	109265	0.76	26.9
Bacillus_GCF_003284495.1_spacer_10	virome_phage_791	78.571	28	6	0	6	33	41160	41187	0.76	26.9
Bacillus_GCF_003284495.1_spacer_10	virome_phage_2350	90.000	20	2	0	3	22	12233	12252	0.76	26.9
Bacillus_GCF_003284495.1_spacer_11	virome_phage_84	90.000	20	2	0	3	22	25684	25665	0.76	26.9
Bacillus_GCF_003284495.1_spacer_11	virome_phage_811	86.364	22	3	0	1	22	29335	29314	0.76	26.9
Bacillus_GCF_003284495.1_spacer_11	total_phage_95	90.000	20	2	0	13	32	109284	109265	0.76	26.9
Bacillus_GCF_003284495.1_spacer_11	virome_phage_791	78.571	28	6	0	6	33	41160	41187	0.76	26.9
Bacillus_GCF_003284495.1_spacer_11	virome_phage_2350	90.000	20	2	0	3	22	12233	12252	0.76	26.9
Bacillus_GCF_003284495.1_spacer_12	virome_phage_152	73.810	42	11	0	33	74	7983	7942	0.11	33.3
Bacillus_GCF_003284495.1_spacer_12	virome_phage_1154	85.714	28	4	0	54	81	8467	8494	0.11	33.3
Bacillus_GCF_003284495.1_spacer_13	virome_phage_822	88.462	26	3	0	28	53	27531	27556	0.11	33.3
Bacillus_GCF_003284495.1_spacer_13	virome_phage_52	76.316	38	9	0	17	54	44165	44128	0.11	33.3
Bacillus_GCF_003284495.1_spacer_13	virome_phage_152	73.810	42	11	0	33	74	7983	7942	0.11	33.3
Bacillus_GCF_003284495.1_spacer_13	virome_phage_786	63.768	69	25	0	14	82	35038	34970	0.34	31.7
Bacillus_GCF_003284495.1_spacer_14	virome_phage_786	87.097	31	4	0	51	81	35019	34989	0.004	38.0
Bacillus_GCF_003284495.1_spacer_14	virome_phage_786	72.917	48	13	0	34	81	34652	34605	0.013	36.5
Bacillus_GCF_003284495.1_spacer_14	virome_phage_786	74.419	43	11	0	21	63	35013	34971	0.038	34.9
Bacillus_GCF_003284495.1_spacer_14	virome_phage_94	67.213	61	20	0	6	66	5453	5393	0.038	34.9
Bacillus_GCF_003284495.1_spacer_14	virome_phage_94	67.213	61	20	0	6	66	5462	5402	0.038	34.9
Bacillus_GCF_003284495.1_spacer_14	virome_phage_94	67.213	61	20	0	6	66	5471	5411	0.038	34.9
Bacillus_GCF_003284495.1_spacer_14	virome_phage_94	67.213	61	20	0	6	66	5480	5420	0.038	34.9
Bacillus_GCF_003284495.1_spacer_14	virome_phage_94	65.574	61	21	0	6	66	5444	5384	0.34	31.7
Bacillus_GCF_003284495.1_spacer_14	virome_phage_906	67.213	61	20	0	6	66	19789	19729	0.038	34.9
Bacillus_GCF_003284495.1_spacer_14	virome_phage_906	67.213	61	20	0	6	66	19798	19738	0.038	34.9
Bacillus_GCF_003284495.1_spacer_14	virome_phage_906	67.213	61	20	0	6	66	19807	19747	0.038	34.9
Bacillus_GCF_003284495.1_spacer_14	virome_phage_906	67.213	61	20	0	6	66	21966	21906	0.038	34.9
Bacillus_GCF_003284495.1_spacer_14	virome_phage_906	67.213	61	20	0	6	66	21975	21915	0.038	34.9
Bacillus_GCF_003284495.1_spacer_14	virome_phage_906	66.667	60	20	0	7	66	19866	19807	0.11	33.3
Bacillus_GCF_003284495.1_spacer_14	virome_phage_764	62.963	81	30	0	3	83	45680	45760	0.038	34.9
Bacillus_GCF_003284495.1_spacer_14	virome_phage_764	61.728	81	31	0	3	83	45644	45724	0.34	31.7
Bacillus_GCF_003284495.1_spacer_14	virome_phage_77	81.250	32	6	0	8	39	10713	10744	0.11	33.3
Bacillus_GCF_003284495.1_spacer_15	virome_phage_786	71.429	49	14	0	17	65	35017	34969	0.025	34.9
Bacillus_GCF_003284495.1_spacer_15	virome_phage_152	80.645	31	6	0	8	38	7972	7942	0.22	31.7
Bacillus_GCF_003284495.1_spacer_16	virome_phage_786	80.645	31	6	0	6	36	35019	34989	0.11	31.7
Bacillus_GCF_003284495.1_spacer_16	virome_phage_61	78.125	32	7	0	13	44	2028	2059	0.34	30.1
Bacillus_GCF_003284495.1_spacer_16	virome_phage_2269	76.471	34	8	0	12	45	233641	233674	0.34	30.1
Bacillus_GCF_003284495.1_spacer_17	virome_phage_58	90.909	22	2	0	24	45	40740	40761	0.34	30.1
Bacillus_GCF_003284495.1_spacer_17	virome_phage_1092	76.471	34	8	0	2	35	10023	10056	0.34	30.1
Bacillus_GCF_003284495.1_spacer_17	total_phage_244	78.125	32	7	0	13	44	13647	13616	0.34	30.1
Bacillus_GCF_003284495.1_spacer_18	total_phage_11	85.185	27	4	0	12	38	12608	12582	0.11	31.7
Bacillus_GCF_003284495.1_spacer_18	virome_phage_2285	82.143	28	5	0	3	30	22103	22076	0.34	30.1
Bacillus_GCF_003284495.1_spacer_18	total_phage_114	84.615	26	4	0	13	38	12191	12166	0.34	30.1
Bacillus_GCF_003284495.1_spacer_19	virome_phage_778	84.000	25	4	0	10	34	34363	34339	0.38	28.5
Bacillus_GCF_003284495.1_spacer_20	virome_phage_786	80.000	30	6	0	17	46	34651	34622	0.34	30.1
Bacillus_GCF_003284495.1_spacer_20	virome_phage_2285	82.143	28	5	0	3	30	22103	22076	0.34	30.1
Bacillus_GCF_003284495.1_spacer_20	total_phage_11	84.615	26	4	0	12	37	12608	12583	0.34	30.1
Bacillus_GCF_003284495.1_spacer_21	virome_phage_786	87.097	31	4	0	6	36	35019	34989	0.001	38.0
Bacillus_GCF_003284495.1_spacer_21	total_phage_790	80.645	31	6	0	12	42	42198	42228	0.11	31.7
Bacillus_GCF_003284495.1_spacer_22	virome_phage_52	73.684	38	10	0	8	45	44165	44128	0.34	30.1
Bacillus_GCF_003284495.1_spacer_22	virome_phage_2320	84.615	26	4	0	19	44	27498	27523	0.34	30.1
Bacillus_GCF_003284495.1_spacer_23	virome_phage_810	94.444	18	1	0	17	34	22994	23011	0.94	26.9
Bacillus_GCF_003284495.1_spacer_23	virome_phage_76	90.000	20	2	0	8	27	34340	34359	0.94	26.9
Bacillus_GCF_003284495.1_spacer_23	virome_phage_740	90.000	20	2	0	10	29	76215	76196	0.94	26.9
Bacillus_GCF_003284495.1_spacer_23	total_phage_927	83.333	24	4	0	7	30	269511	269488	0.94	26.9
Bacillus_GCF_003284495.1_spacer_24	virome_phage_62	79.310	29	6	0	2	30	35211	35183	0.25	28.5
Bacillus_GCF_003284495.1_spacer_24	virome_phage_2300	90.476	21	2	0	10	30	14960	14940	0.25	28.5
Bacillus_GCF_003284495.1_spacer_24	virome_phage_2270	90.476	21	2	0	8	28	86711	86731	0.25	28.5
Bacillus_GCF_003284495.1_spacer_24	virome_phage_903	90.000	20	2	0	12	31	3581	3562	0.76	26.9
Bacillus_GCF_003284495.1_spacer_24	virome_phage_903	86.364	22	3	0	12	33	21024	21045	0.76	26.9
Bacillus_GCF_003284495.1_spacer_24	virome_phage_39	80.769	26	5	0	8	33	4878	4853	0.76	26.9
Bacillus_GCF_003284495.1_spacer_24	virome_phage_3	94.444	18	1	0	4	21	106401	106384	0.76	26.9
Bacillus_GCF_003284495.1_spacer_24	virome_phage_1	90.000	20	2	0	9	28	173755	173736	0.76	26.9
Bacillus_GCF_003284495.1_spacer_24	total_phage_731	83.333	24	4	0	1	24	105371	105348	0.76	26.9
Bacillus_GCF_003284495.1_spacer_24	virome_phage_28	83.333	24	4	0	8	31	31079	31102	0.76	26.9
Bacillus_GCF_003284495.1_spacer_24	total_phage_804	94.444	18	1	0	12	29	18906	18923	0.76	26.9
Bacillus_GCF_003284495.1_spacer_24	total_phage_791	76.667	30	7	0	3	32	41231	41260	0.76	26.9
Bacillus_GCF_003284495.1_spacer_24	total_phage_247	90.000	20	2	0	2	21	3718	3737	0.76	26.9
Bacillus_GCF_003284495.1_spacer_24	total_phage_175	80.769	26	5	0	3	28	26754	26779	0.76	26.9
Bacillus_GCF_003284495.1_spacer_25	virome_phage_825	86.364	22	3	0	13	34	2959	2980	0.94	26.9
Bacillus_GCF_003284495.1_spacer_25	virome_phage_734	94.444	18	1	0	2	19	164291	164308	0.94	26.9
Bacillus_GCF_003284495.1_spacer_25	total_phage_729	90.000	20	2	0	9	28	166765	166784	0.94	26.9
Bacillus_GCF_003284495.1_spacer_25	total_phage_803	78.571	28	6	0	3	30	559	532	0.94	26.9
Bacillus_GCF_003284495.1_spacer_26	virome_phage_2296	90.476	21	2	0	6	26	8027	8047	0.38	28.5
Bacillus_GCF_003284495.1_spacer_26	virome_phage_2278	94.737	19	1	0	6	24	10001	10019	0.38	28.5
Bacillus_GCF_003284495.1_spacer_27	virome_phage_2288	94.737	19	1	0	6	24	21740	21722	0.25	28.5
Bacillus_GCF_003284495.1_spacer_27	virome_phage_79	94.737	19	1	0	6	24	10437	10455	0.25	28.5
Bacillus_GCF_003284495.1_spacer_27	virome_phage_17	94.737	19	1	0	5	23	83909	83927	0.25	28.5
Bacillus_GCF_003284495.1_spacer_27	total_phage_451	86.957	23	3	0	1	23	13030	13052	0.25	28.5
Bacillus_GCF_003284495.1_spacer_27	virome_phage_750	83.333	24	4	0	3	26	13312	13289	0.76	26.9
Bacillus_GCF_003284495.1_spacer_27	virome_phage_7	80.769	26	5	0	6	31	115701	115676	0.76	26.9
Bacillus_GCF_003284495.1_spacer_27	total_phage_795	90.000	20	2	0	4	23	34927	34908	0.76	26.9
Bacillus_GCF_003284495.1_spacer_27	total_phage_232	86.364	22	3	0	8	29	12954	12933	0.76	26.9
Bacillus_GCF_003284495.1_spacer_27	virome_phage_34	86.364	22	3	0	6	27	17613	17634	0.76	26.9
Bacillus_GCF_003284495.1_spacer_27	virome_phage_2303	94.444	18	1	0	4	21	25990	26007	0.76	26.9
Bacillus_GCF_003284495.1_spacer_27	total_phage_242	83.333	24	4	0	5	28	6011	6034	0.76	26.9
Bacillus_GCF_003284495.1_spacer_27	total_phage_1	83.333	24	4	0	5	28	42116	42139	0.76	26.9
Bacillus_GCF_003284495.1_spacer_28	virome_phage_2278	90.476	21	2	0	5	25	32908	32928	0.31	28.5
Bacillus_GCF_003284495.1_spacer_28	total_phage_731	78.571	28	6	0	4	31	83699	83726	0.94	26.9
Bacillus_GCF_003284495.1_spacer_29	virome_phage_69	86.364	22	3	0	2	23	33878	33899	0.94	26.9
Bacillus_GCF_003284495.1_spacer_30	virome_phage_739	77.419	31	7	0	1	31	101132	101162	0.31	28.5
Bacillus_GCF_003284495.1_spacer_30	total_phage_604	86.957	23	3	0	8	30	4411	4433	0.31	28.5
Bacillus_GCF_003284495.1_spacer_30	total_phage_479	94.737	19	1	0	5	23	9800	9818	0.31	28.5
Bacillus_GCF_003284495.1_spacer_30	total_phage_232	75.758	33	8	0	2	34	62838	62870	0.31	28.5
Bacillus_GCF_003284495.1_spacer_30	virome_phage_771	75.758	33	8	0	2	34	21943	21911	0.31	28.5
Bacillus_GCF_003284495.1_spacer_30	virome_phage_115	75.758	33	8	0	2	34	5647	5615	0.31	28.5
Bacillus_GCF_003284495.1_spacer_30	total_phage_304	84.000	25	4	0	2	26	9612	9588	0.31	28.5
Bacillus_GCF_003284495.1_spacer_30	virome_phage_792	78.571	28	6	0	7	34	27686	27713	0.94	26.9
Bacillus_GCF_003284495.1_spacer_30	virome_phage_14	80.769	26	5	0	2	27	85364	85389	0.94	26.9
Bacillus_GCF_003284495.1_spacer_30	virome_phage_898	76.667	30	7	0	2	31	6930	6901	0.94	26.9
Bacillus_GCF_003284495.1_spacer_30	virome_phage_33	86.364	22	3	0	13	34	1080	1059	0.94	26.9
Bacillus_GCF_003284495.1_spacer_30	total_phage_653	80.769	26	5	0	9	34	3558	3533	0.94	26.9
Bacillus_GCF_003284495.1_spacer_31	virome_phage_837	88.462	26	3	0	1	26	5088	5063	0.012	33.3
Bacillus_GCF_003284495.1_spacer_31	total_phage_105	91.667	24	2	0	5	28	22071	22048	0.012	33.3
Bacillus_GCF_003284495.1_spacer_31	virome_phage_765	82.143	28	5	0	1	28	41657	41684	0.10	30.1
Bacillus_GCF_003284495.1_spacer_31	virome_phage_3	90.476	21	2	0	1	21	78272	78292	0.31	28.5
Bacillus_GCF_003284495.1_spacer_31	virome_phage_792	94.444	18	1	0	3	20	14912	14895	0.94	26.9
Bacillus_GCF_003284495.1_spacer_31	virome_phage_787	83.333	24	4	0	4	27	9307	9330	0.94	26.9
Bacillus_GCF_003284495.1_spacer_31	virome_phage_769	90.000	20	2	0	12	31	21767	21786	0.94	26.9
Bacillus_GCF_003284495.1_spacer_31	virome_phage_48	80.769	26	5	0	9	34	31529	31554	0.94	26.9
Bacillus_GCF_003284495.1_spacer_31	virome_phage_47	86.364	22	3	0	7	28	4237	4258	0.94	26.9
Bacillus_GCF_003284495.1_spacer_31	virome_phage_2407	83.333	24	4	0	5	28	3496	3473	0.94	26.9
Bacillus_GCF_003284495.1_spacer_31	virome_phage_2290	90.000	20	2	0	12	31	27976	27995	0.94	26.9
Bacillus_GCF_003284495.1_spacer_31	virome_phage_2274	83.333	24	4	0	1	24	4583	4560	0.94	26.9
Bacillus_GCF_003284495.1_spacer_31	virome_phage_2269	94.444	18	1	0	10	27	235070	235087	0.94	26.9
Bacillus_GCF_003284495.1_spacer_31	virome_phage_123	80.769	26	5	0	1	26	6923	6898	0.94	26.9
Bacillus_GCF_003284495.1_spacer_31	total_phage_112	80.769	26	5	0	1	26	55847	55822	0.94	26.9
Bacillus_GCF_003284495.1_spacer_32	virome_phage_201	85.714	28	4	0	7	34	6224	6197	0.016	33.3
Bacillus_GCF_003284495.1_spacer_32	total_phage_743	85.714	28	4	0	7	34	6365	6338	0.016	33.3
Bacillus_GCF_003284495.1_spacer_32	virome_phage_860	81.481	27	5	0	11	37	14043	14017	0.44	28.5
Bacillus_GCF_003284495.1_spacer_32	virome_phage_773	86.957	23	3	0	15	37	29875	29897	0.44	28.5
Bacillus_GCF_003284495.1_spacer_32	total_phage_524	86.957	23	3	0	6	28	43378	43356	0.44	28.5
Bacillus_GCF_003284495.1_spacer_34	total_phage_232	88.000	25	3	0	3	27	78809	78785	0.028	31.7
Bacillus_GCF_003284495.1_spacer_34	virome_phage_2288	77.419	31	7	0	1	31	34951	34981	0.25	28.5
Bacillus_GCF_003284495.1_spacer_34	virome_phage_875	78.571	28	6	0	1	28	20288	20261	0.76	26.9
Bacillus_GCF_003284495.1_spacer_34	total_phage_791	90.000	20	2	0	11	30	40339	40320	0.76	26.9
Bacillus_GCF_003284495.1_spacer_34	total_phage_231	83.333	24	4	0	3	26	29593	29570	0.76	26.9
Bacillus_GCF_003284495.1_spacer_34	total_phage_117	75.000	32	8	0	1	32	22540	22509	0.76	26.9
Bacillus_GCF_003284495.1_spacer_36	total_phage_232	88.000	25	3	0	3	27	78809	78785	0.028	31.7
Bacillus_GCF_003284495.1_spacer_36	virome_phage_2288	77.419	31	7	0	1	31	34951	34981	0.25	28.5
Bacillus_GCF_003284495.1_spacer_36	virome_phage_875	78.571	28	6	0	1	28	20288	20261	0.76	26.9
Bacillus_GCF_003284495.1_spacer_36	total_phage_791	90.000	20	2	0	11	30	40339	40320	0.76	26.9
Bacillus_GCF_003284495.1_spacer_36	total_phage_231	83.333	24	4	0	3	26	29593	29570	0.76	26.9
Bacillus_GCF_003284495.1_spacer_36	total_phage_117	75.000	32	8	0	1	32	22540	22509	0.76	26.9
Bacillus_GCF_003284495.1_spacer_37	total_phage_232	88.000	25	3	0	3	27	78809	78785	0.028	31.7
Bacillus_GCF_003284495.1_spacer_37	virome_phage_2288	77.419	31	7	0	1	31	34951	34981	0.25	28.5
Bacillus_GCF_003284495.1_spacer_37	virome_phage_875	78.571	28	6	0	1	28	20288	20261	0.76	26.9
Bacillus_GCF_003284495.1_spacer_37	total_phage_791	90.000	20	2	0	11	30	40339	40320	0.76	26.9
Bacillus_GCF_003284495.1_spacer_37	total_phage_231	83.333	24	4	0	3	26	29593	29570	0.76	26.9
Bacillus_GCF_003284495.1_spacer_37	total_phage_117	75.000	32	8	0	1	32	22540	22509	0.76	26.9
Bacillus_GCF_003284495.1_spacer_38	virome_phage_736	84.000	25	4	0	8	32	177586	177610	0.31	28.5
Bacillus_GCF_003284495.1_spacer_38	virome_phage_55	83.333	24	4	0	6	29	3880	3903	0.94	26.9
Bacillus_GCF_003284495.1_spacer_38	total_phage_803	86.364	22	3	0	8	29	17488	17509	0.94	26.9
Bacillus_GCF_003284495.1_spacer_39	virome_phage_776	90.909	22	2	0	11	32	36976	36955	0.10	30.1
Bacillus_GCF_003284495.1_spacer_39	virome_phage_734	80.000	30	6	0	2	31	153376	153347	0.10	30.1
Bacillus_GCF_003284495.1_spacer_39	virome_phage_2310	90.909	22	2	0	9	30	26593	26572	0.10	30.1
Bacillus_GCF_003284495.1_spacer_39	total_phage_239	90.909	22	2	0	11	32	2189	2168	0.10	30.1
Bacillus_GCF_003284495.1_spacer_39	virome_phage_740	94.737	19	1	0	7	25	77166	77148	0.31	28.5
Bacillus_GCF_003284495.1_spacer_39	virome_phage_25	94.737	19	1	0	14	32	12605	12587	0.31	28.5
Bacillus_GCF_003284495.1_spacer_39	virome_phage_2286	77.419	31	7	0	4	34	32324	32294	0.31	28.5
Bacillus_GCF_003284495.1_spacer_39	virome_phage_88	86.364	22	3	0	3	24	16916	16937	0.94	26.9
Bacillus_GCF_003284495.1_spacer_39	virome_phage_834	90.000	20	2	0	3	22	25735	25754	0.94	26.9
Bacillus_GCF_003284495.1_spacer_39	virome_phage_800	86.364	22	3	0	3	24	15993	16014	0.94	26.9
Bacillus_GCF_003284495.1_spacer_39	virome_phage_79	83.333	24	4	0	4	27	13465	13488	0.94	26.9
Bacillus_GCF_003284495.1_spacer_39	virome_phage_742	80.769	26	5	0	8	33	76223	76248	0.94	26.9
Bacillus_GCF_003284495.1_spacer_39	virome_phage_2368	90.000	20	2	0	14	33	5990	6009	0.94	26.9
Bacillus_GCF_003284495.1_spacer_39	total_phage_734	94.444	18	1	0	13	30	7135	7152	0.94	26.9
Bacillus_GCF_003284495.1_spacer_39	total_phage_500	73.529	34	9	0	1	34	82203	82236	0.94	26.9
Bacillus_GCF_003284495.1_spacer_39	total_phage_437	83.333	24	4	0	7	30	17234	17257	0.94	26.9
Bacillus_GCF_003284495.1_spacer_39	total_phage_360	94.444	18	1	0	13	30	3679	3696	0.94	26.9
Bacillus_GCF_003284495.1_spacer_39	total_phage_248	94.444	18	1	0	15	32	12453	12470	0.94	26.9
Bacillus_GCF_003284495.1_spacer_39	total_phage_231	86.364	22	3	0	5	26	121378	121399	0.94	26.9
Bacillus_GCF_003284495.1_spacer_39	virome_phage_979	100.000	16	0	0	7	22	2863	2848	0.94	26.9
Bacillus_GCF_003284495.1_spacer_39	virome_phage_844	90.000	20	2	0	4	23	9692	9673	0.94	26.9
Bacillus_GCF_003284495.1_spacer_39	virome_phage_8	86.364	22	3	0	9	30	35414	35393	0.94	26.9
Bacillus_GCF_003284495.1_spacer_39	virome_phage_792	100.000	16	0	0	18	33	272	257	0.94	26.9
Bacillus_GCF_003284495.1_spacer_39	virome_phage_792	94.444	18	1	0	15	32	1388	1371	0.94	26.9
Bacillus_GCF_003284495.1_spacer_39	virome_phage_34	94.444	18	1	0	1	18	8668	8651	0.94	26.9
Bacillus_GCF_003284495.1_spacer_39	virome_phage_2254	73.529	34	9	0	1	34	44240	44207	0.94	26.9
Bacillus_GCF_003284495.1_spacer_39	virome_phage_2238	73.529	34	9	0	1	34	25754	25721	0.94	26.9
Bacillus_GCF_003284495.1_spacer_39	virome_phage_1004	76.667	30	7	0	4	33	3113	3084	0.94	26.9
Bacillus_GCF_003284495.1_spacer_40	virome_phage_749	86.957	23	3	0	7	29	36807	36829	0.38	28.5
Bacillus_GCF_003284495.1_spacer_40	virome_phage_2291	84.000	25	4	0	4	28	3110	3086	0.38	28.5
Bacillus_GCF_003284495.1_spacer_41	virome_phage_201	85.714	28	4	0	7	34	6224	6197	0.016	33.3
Bacillus_GCF_003284495.1_spacer_41	total_phage_743	85.714	28	4	0	7	34	6365	6338	0.016	33.3
Bacillus_GCF_003284495.1_spacer_41	virome_phage_860	81.481	27	5	0	11	37	14043	14017	0.44	28.5
Bacillus_GCF_003284495.1_spacer_41	virome_phage_773	86.957	23	3	0	15	37	29875	29897	0.44	28.5
Bacillus_GCF_003284495.1_spacer_41	total_phage_524	86.957	23	3	0	6	28	43378	43356	0.44	28.5
Bacillus_GCF_003284495.1_spacer_42	total_phage_232	90.909	22	2	0	10	31	52891	52912	0.084	30.1
Bacillus_GCF_003284495.1_spacer_42	virome_phage_2286	94.737	19	1	0	12	30	27546	27564	0.25	28.5
Bacillus_GCF_003284495.1_spacer_42	virome_phage_82	83.333	24	4	0	6	29	31568	31591	0.76	26.9
Bacillus_GCF_003284495.1_spacer_42	virome_phage_817	80.769	26	5	0	4	29	33211	33236	0.76	26.9
Bacillus_GCF_003284495.1_spacer_42	virome_phage_807	83.333	24	4	0	8	31	5171	5194	0.76	26.9
Bacillus_GCF_003284495.1_spacer_42	virome_phage_7	86.364	22	3	0	8	29	98566	98587	0.76	26.9
Bacillus_GCF_003284495.1_spacer_42	virome_phage_2310	94.444	18	1	0	8	25	787	804	0.76	26.9
Bacillus_GCF_003284495.1_spacer_42	total_phage_99	83.333	24	4	0	4	27	24615	24638	0.76	26.9
Bacillus_GCF_003284495.1_spacer_42	total_phage_414	94.444	18	1	0	8	25	23594	23611	0.76	26.9
Bacillus_GCF_003284495.1_spacer_42	total_phage_305	83.333	24	4	0	8	31	27851	27874	0.76	26.9
Bacillus_GCF_003284495.1_spacer_42	total_phage_299	90.000	20	2	0	4	23	23121	23140	0.76	26.9
Bacillus_GCF_003284495.1_spacer_42	virome_phage_878	90.000	20	2	0	8	27	21027	21008	0.76	26.9
Bacillus_GCF_003284495.1_spacer_42	virome_phage_868	83.333	24	4	0	6	29	8130	8107	0.76	26.9
Bacillus_GCF_003284495.1_spacer_42	virome_phage_759	83.333	24	4	0	6	29	52561	52538	0.76	26.9
Bacillus_GCF_003284495.1_spacer_42	virome_phage_3	86.364	22	3	0	7	28	88080	88059	0.76	26.9
Bacillus_GCF_003284495.1_spacer_42	virome_phage_2424	80.769	26	5	0	4	29	9185	9160	0.76	26.9
Bacillus_GCF_003284495.1_spacer_42	virome_phage_239	80.769	26	5	0	4	29	7297	7272	0.76	26.9
Bacillus_GCF_003284495.1_spacer_42	total_phage_98	83.333	24	4	0	4	27	7285	7262	0.76	26.9
Bacillus_GCF_003284495.1_spacer_42	total_phage_804	90.000	20	2	0	10	29	16296	16277	0.76	26.9
Bacillus_GCF_003284495.1_spacer_42	total_phage_231	100.000	16	0	0	3	18	17151	17136	0.76	26.9
Bacillus_GCF_003284495.1_spacer_42	total_phage_102	90.000	20	2	0	10	29	24027	24008	0.76	26.9
Bacillus_GCF_003284495.1_spacer_43	total_phage_731	85.185	27	4	0	4	30	135191	135217	0.035	31.7
Bacillus_GCF_003284495.1_spacer_43	total_phage_176	88.000	25	3	0	2	26	6787	6763	0.035	31.7
Bacillus_GCF_003284495.1_spacer_43	virome_phage_734	77.419	31	7	0	3	33	83371	83401	0.31	28.5
Bacillus_GCF_003284495.1_spacer_43	virome_phage_2292	86.957	23	3	0	6	28	45414	45392	0.31	28.5
Bacillus_GCF_003284495.1_spacer_43	virome_phage_868	73.529	34	9	0	1	34	24133	24166	0.94	26.9
Bacillus_GCF_003284495.1_spacer_43	virome_phage_4	76.667	30	7	0	1	30	26546	26575	0.94	26.9
Bacillus_GCF_003284495.1_spacer_44	virome_phage_2305	82.143	28	5	0	2	29	4415	4388	0.084	30.1
Bacillus_GCF_003284495.1_spacer_44	total_phage_362	87.500	24	3	0	6	29	36996	36973	0.084	30.1
Bacillus_GCF_003284495.1_spacer_44	virome_phage_963	86.957	23	3	0	2	24	8864	8886	0.25	28.5
Bacillus_GCF_003284495.1_spacer_44	virome_phage_2400	86.957	23	3	0	2	24	9466	9444	0.25	28.5
Bacillus_GCF_003284495.1_spacer_44	virome_phage_8	100.000	16	0	0	1	16	48777	48792	0.76	26.9
Bacillus_GCF_003284495.1_spacer_44	virome_phage_748	94.444	18	1	0	3	20	69123	69140	0.76	26.9
Bacillus_GCF_003284495.1_spacer_44	total_phage_112	80.769	26	5	0	8	33	17454	17479	0.76	26.9
Bacillus_GCF_003284495.1_spacer_44	virome_phage_747	80.769	26	5	0	1	26	12625	12600	0.76	26.9
Bacillus_GCF_003284495.1_spacer_44	virome_phage_7	80.769	26	5	0	6	31	72290	72265	0.76	26.9
