Bacillus_GCA_002569075.1_spacer_0	total_phage_787	90.476	21	2	0	13	33	9750	9770	0.38	28.5
Bacillus_GCA_002569075.1_spacer_0	total_phage_445	90.476	21	2	0	13	33	13227	13207	0.38	28.5
Bacillus_GCA_002569075.1_spacer_0	total_phage_357	90.476	21	2	0	13	33	14117	14097	0.38	28.5
Bacillus_GCA_002569075.1_spacer_2	virome_phage_2306	75.758	33	8	0	3	35	13342	13310	0.38	28.5
Bacillus_GCA_002569075.1_spacer_2	virome_phage_767	77.419	31	7	0	6	36	10363	10393	0.38	28.5
Bacillus_GCA_002569075.1_spacer_2	total_phage_793	86.957	23	3	0	2	24	2257	2279	0.38	28.5
Bacillus_GCA_002569075.1_spacer_3	virome_phage_2269	80.000	30	6	0	7	36	190371	190400	0.13	30.1
Bacillus_GCA_002569075.1_spacer_3	total_phage_636	84.615	26	4	0	4	29	30325	30300	0.13	30.1
Bacillus_GCA_002569075.1_spacer_3	virome_phage_741	81.481	27	5	0	10	36	97072	97098	0.38	28.5
Bacillus_GCA_002569075.1_spacer_3	virome_phage_54	81.481	27	5	0	7	33	5046	5072	0.38	28.5
Bacillus_GCA_002569075.1_spacer_3	virome_phage_5	86.957	23	3	0	3	25	23696	23718	0.38	28.5
Bacillus_GCA_002569075.1_spacer_3	virome_phage_2285	77.419	31	7	0	3	33	54504	54534	0.38	28.5
Bacillus_GCA_002569075.1_spacer_4	virome_phage_2298	75.758	33	8	0	4	36	8067	8035	0.38	28.5
Bacillus_GCA_002569075.1_spacer_5	virome_phage_750	90.476	21	2	0	12	32	7580	7600	0.38	28.5
Bacillus_GCA_002569075.1_spacer_5	virome_phage_742	84.000	25	4	0	3	27	21569	21593	0.38	28.5
Bacillus_GCA_002569075.1_spacer_5	total_phage_788	90.476	21	2	0	12	32	4806	4826	0.38	28.5
Bacillus_GCA_002569075.1_spacer_7	virome_phage_32	84.615	26	4	0	1	26	1792	1767	0.13	30.1
Bacillus_GCA_002569075.1_spacer_7	virome_phage_748	75.758	33	8	0	4	36	5995	6027	0.38	28.5
Bacillus_GCA_002569075.1_spacer_7	virome_phage_4	75.758	33	8	0	3	35	5355	5387	0.38	28.5
Bacillus_GCA_002569075.1_spacer_7	virome_phage_104	90.476	21	2	0	14	34	3303	3323	0.38	28.5
Bacillus_GCA_002569075.1_spacer_7	virome_phage_2380	77.419	31	7	0	6	36	10650	10620	0.38	28.5
Bacillus_GCA_002569075.1_spacer_7	total_phage_371	84.000	25	4	0	12	36	4010	3986	0.38	28.5
Bacillus_GCA_002569075.1_spacer_9	virome_phage_979	94.737	19	1	0	14	32	8614	8632	0.38	28.5
Bacillus_GCA_002569075.1_spacer_9	virome_phage_911	75.758	33	8	0	3	35	18731	18699	0.38	28.5
Bacillus_GCA_002569075.1_spacer_9	virome_phage_127	84.000	25	4	0	4	28	20481	20457	0.38	28.5
Bacillus_GCA_002569075.1_spacer_10	total_phage_927	85.185	27	4	0	2	28	259660	259686	0.042	31.7
Bacillus_GCA_002569075.1_spacer_10	virome_phage_881	79.310	29	6	0	6	34	22877	22905	0.38	28.5
Bacillus_GCA_002569075.1_spacer_11	total_phage_694	87.500	24	3	0	8	31	9449	9426	0.13	30.1
Bacillus_GCA_002569075.1_spacer_11	virome_phage_768	81.481	27	5	0	10	36	27081	27107	0.38	28.5
Bacillus_GCA_002569075.1_spacer_11	virome_phage_774	81.481	27	5	0	2	28	17646	17620	0.38	28.5
Bacillus_GCA_002569075.1_spacer_12	total_phage_794	86.957	23	3	0	8	30	12354	12332	0.38	28.5
Bacillus_GCA_002569075.1_spacer_13	total_phage_730	77.419	31	7	0	1	31	76107	76137	0.44	28.5
Bacillus_GCA_002569075.1_spacer_13	virome_phage_10	77.419	31	7	0	1	31	110183	110153	0.44	28.5
Bacillus_GCA_002569075.1_spacer_14	virome_phage_792	91.304	23	2	0	8	30	31348	31326	0.042	31.7
Bacillus_GCA_002569075.1_spacer_14	virome_phage_9	82.143	28	5	0	8	35	102262	102289	0.13	30.1
Bacillus_GCA_002569075.1_spacer_14	virome_phage_824	90.476	21	2	0	4	24	30961	30981	0.38	28.5
Bacillus_GCA_002569075.1_spacer_14	virome_phage_38	90.476	21	2	0	9	29	38448	38468	0.38	28.5
Bacillus_GCA_002569075.1_spacer_14	virome_phage_2327	79.310	29	6	0	5	33	24464	24436	0.38	28.5
Bacillus_GCA_002569075.1_spacer_14	total_phage_925	75.758	33	8	0	3	35	3074	3106	0.38	28.5
Bacillus_GCA_002569075.1_spacer_14	total_phage_795	77.419	31	7	0	4	34	23079	23109	0.38	28.5
Bacillus_GCA_002569075.1_spacer_14	total_phage_415	84.000	25	4	0	4	28	25500	25524	0.38	28.5
