Bacillus_GCF_000832385.1_spacer_1	virome_phage_824	87.500	24	3	0	1	24	13364	13341	0.15	30.1
Bacillus_GCF_000832385.1_spacer_1	total_phage_92	87.500	24	3	0	7	30	144209	144186	0.15	30.1
Bacillus_GCF_000832385.1_spacer_1	total_phage_123	76.471	34	8	0	2	35	18370	18403	0.15	30.1
Bacillus_GCF_000832385.1_spacer_1	virome_phage_771	81.481	27	5	0	3	29	13089	13115	0.44	28.5
Bacillus_GCF_000832385.1_spacer_1	virome_phage_752	100.000	17	0	0	18	34	30214	30230	0.44	28.5
Bacillus_GCF_000832385.1_spacer_1	virome_phage_742	81.481	27	5	0	11	37	95586	95560	0.44	28.5
Bacillus_GCF_000832385.1_spacer_1	virome_phage_2269	94.737	19	1	0	1	19	6570	6588	0.44	28.5
Bacillus_GCF_000832385.1_spacer_2	virome_phage_1033	82.143	28	5	0	4	31	64	37	0.10	30.1
Bacillus_GCF_000832385.1_spacer_2	virome_phage_2275	77.419	31	7	0	2	32	22419	22389	0.31	28.5
Bacillus_GCF_000832385.1_spacer_2	virome_phage_734	83.333	24	4	0	11	34	152192	152215	0.94	26.9
Bacillus_GCF_000832385.1_spacer_2	virome_phage_2325	83.333	24	4	0	10	33	13975	13998	0.94	26.9
Bacillus_GCF_000832385.1_spacer_2	virome_phage_183	80.769	26	5	0	4	29	16360	16385	0.94	26.9
Bacillus_GCF_000832385.1_spacer_2	total_phage_927	86.364	22	3	0	12	33	123314	123293	0.94	26.9
Bacillus_GCF_000832385.1_spacer_2	total_phage_92	83.333	24	4	0	10	33	134318	134295	0.94	26.9
Bacillus_GCF_000832385.1_spacer_3	total_phage_92	90.476	21	2	0	3	23	21521	21501	0.44	28.5
Bacillus_GCF_000832385.1_spacer_3	total_phage_231	90.476	21	2	0	3	23	5302	5282	0.44	28.5
Bacillus_GCF_000832385.1_spacer_3	virome_phage_181	86.957	23	3	0	2	24	5550	5572	0.44	28.5
Bacillus_GCF_000832385.1_spacer_3	total_phage_18	86.957	23	3	0	2	24	5653	5675	0.44	28.5
