Bacillus_GCA_018101255.1_spacer_0	virome_phage_181	86.957	23	3	0	12	34	585	607	0.31	28.5
Bacillus_GCA_018101255.1_spacer_0	virome_phage_875	94.444	18	1	0	14	31	19726	19709	0.94	26.9
Bacillus_GCA_018101255.1_spacer_0	virome_phage_17	94.444	18	1	0	12	29	77346	77329	0.94	26.9
Bacillus_GCA_018101255.1_spacer_0	virome_phage_16	90.000	20	2	0	7	26	49191	49172	0.94	26.9
Bacillus_GCA_018101255.1_spacer_0	total_phage_927	100.000	16	0	0	8	23	131751	131736	0.94	26.9
Bacillus_GCA_018101255.1_spacer_0	virome_phage_861	90.000	20	2	0	8	27	7029	7048	0.94	26.9
Bacillus_GCA_018101255.1_spacer_0	virome_phage_76	73.529	34	9	0	1	34	20333	20366	0.94	26.9
Bacillus_GCA_018101255.1_spacer_0	virome_phage_1217	76.667	30	7	0	5	34	2322	2351	0.94	26.9
Bacillus_GCA_018101255.1_spacer_1	virome_phage_906	79.310	29	6	0	9	37	8775	8747	0.44	28.5
Bacillus_GCA_018101255.1_spacer_1	virome_phage_2243	79.310	29	6	0	2	30	17634	17662	0.44	28.5
Bacillus_GCA_018101255.1_spacer_1	virome_phage_2237	79.310	29	6	0	2	30	151	123	0.44	28.5
Bacillus_GCA_018101255.1_spacer_2	virome_phage_2269	85.185	27	4	0	8	34	283415	283389	0.042	31.7
Bacillus_GCA_018101255.1_spacer_4	virome_phage_787	88.000	25	3	0	12	36	14856	14832	0.042	31.7
Bacillus_GCA_018101255.1_spacer_4	total_phage_795	84.615	26	4	0	9	34	37020	36995	0.13	30.1
Bacillus_GCA_018101255.1_spacer_4	virome_phage_28	79.310	29	6	0	5	33	29830	29802	0.38	28.5
Bacillus_GCA_018101255.1_spacer_4	total_phage_731	79.310	29	6	0	7	35	22892	22920	0.38	28.5
Bacillus_GCA_018101255.1_spacer_5	virome_phage_36	78.125	32	7	0	3	34	25076	25045	0.10	30.1
Bacillus_GCA_018101255.1_spacer_5	total_phage_927	95.000	20	1	0	14	33	86345	86364	0.10	30.1
Bacillus_GCA_018101255.1_spacer_5	virome_phage_785	100.000	17	0	0	12	28	32438	32454	0.31	28.5
Bacillus_GCA_018101255.1_spacer_5	virome_phage_2368	86.957	23	3	0	9	31	17448	17470	0.31	28.5
Bacillus_GCA_018101255.1_spacer_5	virome_phage_145	86.957	23	3	0	9	31	3920	3898	0.31	28.5
Bacillus_GCA_018101255.1_spacer_5	total_phage_735	100.000	17	0	0	12	28	29822	29838	0.31	28.5
Bacillus_GCA_018101255.1_spacer_5	total_phage_735	78.571	28	6	0	3	30	29318	29345	0.94	26.9
Bacillus_GCA_018101255.1_spacer_5	total_phage_414	100.000	17	0	0	12	28	34619	34603	0.31	28.5
Bacillus_GCA_018101255.1_spacer_5	total_phage_248	90.476	21	2	0	8	28	18482	18502	0.31	28.5
Bacillus_GCA_018101255.1_spacer_5	total_phage_114	90.476	21	2	0	8	28	31248	31268	0.31	28.5
Bacillus_GCA_018101255.1_spacer_5	total_phage_114	83.333	24	4	0	11	34	28243	28266	0.94	26.9
Bacillus_GCA_018101255.1_spacer_5	virome_phage_894	94.444	18	1	0	11	28	13969	13986	0.94	26.9
Bacillus_GCA_018101255.1_spacer_5	virome_phage_851	94.444	18	1	0	10	27	21067	21050	0.94	26.9
Bacillus_GCA_018101255.1_spacer_5	virome_phage_83	100.000	16	0	0	14	29	34100	34085	0.94	26.9
Bacillus_GCA_018101255.1_spacer_5	virome_phage_807	83.333	24	4	0	11	34	7427	7450	0.94	26.9
Bacillus_GCA_018101255.1_spacer_5	virome_phage_8	80.769	26	5	0	9	34	56828	56803	0.94	26.9
Bacillus_GCA_018101255.1_spacer_5	virome_phage_752	78.571	28	6	0	2	29	21930	21957	0.94	26.9
Bacillus_GCA_018101255.1_spacer_5	virome_phage_748	83.333	24	4	0	4	27	1130	1153	0.94	26.9
Bacillus_GCA_018101255.1_spacer_5	virome_phage_738	83.333	24	4	0	6	29	27566	27543	0.94	26.9
Bacillus_GCA_018101255.1_spacer_5	virome_phage_738	80.769	26	5	0	8	33	141481	141506	0.94	26.9
Bacillus_GCA_018101255.1_spacer_5	virome_phage_7	83.333	24	4	0	9	32	90205	90182	0.94	26.9
Bacillus_GCA_018101255.1_spacer_5	virome_phage_46	80.769	26	5	0	9	34	10805	10780	0.94	26.9
Bacillus_GCA_018101255.1_spacer_5	virome_phage_4	80.769	26	5	0	8	33	100083	100058	0.94	26.9
Bacillus_GCA_018101255.1_spacer_5	virome_phage_3	80.769	26	5	0	8	33	106359	106334	0.94	26.9
Bacillus_GCA_018101255.1_spacer_5	virome_phage_2314	90.000	20	2	0	11	30	8596	8615	0.94	26.9
Bacillus_GCA_018101255.1_spacer_5	total_phage_798	83.333	24	4	0	11	34	6644	6621	0.94	26.9
Bacillus_GCA_018101255.1_spacer_5	total_phage_738	90.000	20	2	0	8	27	3317	3298	0.94	26.9
Bacillus_GCA_018101255.1_spacer_5	total_phage_738	83.333	24	4	0	11	34	6512	6489	0.94	26.9
Bacillus_GCA_018101255.1_spacer_5	total_phage_305	83.333	24	4	0	11	34	30107	30130	0.94	26.9
Bacillus_GCA_018101255.1_spacer_6	total_phage_249	88.889	27	3	0	3	29	4718	4692	0.003	34.9
Bacillus_GCA_018101255.1_spacer_6	virome_phage_1279	82.143	28	5	0	4	31	4171	4198	0.084	30.1
Bacillus_GCA_018101255.1_spacer_6	virome_phage_894	86.957	23	3	0	8	30	3726	3704	0.25	28.5
Bacillus_GCA_018101255.1_spacer_6	total_phage_2	94.737	19	1	0	4	22	33029	33047	0.25	28.5
Bacillus_GCA_018101255.1_spacer_6	virome_phage_974	94.444	18	1	0	13	30	4487	4470	0.76	26.9
Bacillus_GCA_018101255.1_spacer_6	virome_phage_890	90.000	20	2	0	13	32	17670	17651	0.76	26.9
Bacillus_GCA_018101255.1_spacer_6	virome_phage_890	83.333	24	4	0	7	30	24525	24548	0.76	26.9
Bacillus_GCA_018101255.1_spacer_6	virome_phage_851	86.364	22	3	0	7	28	24437	24458	0.76	26.9
Bacillus_GCA_018101255.1_spacer_6	virome_phage_848	83.333	24	4	0	1	24	23293	23270	0.76	26.9
Bacillus_GCA_018101255.1_spacer_6	virome_phage_776	86.364	22	3	0	8	29	21458	21479	0.76	26.9
Bacillus_GCA_018101255.1_spacer_6	virome_phage_748	83.333	24	4	0	7	30	27463	27440	0.76	26.9
Bacillus_GCA_018101255.1_spacer_6	virome_phage_734	86.364	22	3	0	8	29	25003	24982	0.76	26.9
Bacillus_GCA_018101255.1_spacer_6	virome_phage_734	78.571	28	6	0	3	30	225702	225729	0.76	26.9
Bacillus_GCA_018101255.1_spacer_6	virome_phage_65	83.333	24	4	0	7	30	15937	15914	0.76	26.9
Bacillus_GCA_018101255.1_spacer_6	virome_phage_65	90.000	20	2	0	13	32	22792	22811	0.76	26.9
Bacillus_GCA_018101255.1_spacer_6	total_phage_926	86.364	22	3	0	9	30	71433	71412	0.76	26.9
Bacillus_GCA_018101255.1_spacer_6	total_phage_795	83.333	24	4	0	7	30	25932	25909	0.76	26.9
Bacillus_GCA_018101255.1_spacer_6	total_phage_360	90.000	20	2	0	12	31	398	417	0.76	26.9
Bacillus_GCA_018101255.1_spacer_7	virome_phage_21	100.000	18	0	0	14	31	61275	61292	0.084	30.1
Bacillus_GCA_018101255.1_spacer_7	virome_phage_740	100.000	18	0	0	14	31	89058	89041	0.084	30.1
Bacillus_GCA_018101255.1_spacer_7	virome_phage_83	81.481	27	5	0	1	27	26219	26245	0.25	28.5
Bacillus_GCA_018101255.1_spacer_7	virome_phage_48	78.571	28	6	0	3	30	44080	44107	0.76	26.9
Bacillus_GCA_018101255.1_spacer_7	virome_phage_2	90.000	20	2	0	13	32	36911	36930	0.76	26.9
Bacillus_GCA_018101255.1_spacer_7	total_phage_518	80.769	26	5	0	7	32	5008	5033	0.76	26.9
Bacillus_GCA_018101255.1_spacer_7	virome_phage_744	94.444	18	1	0	9	26	61707	61690	0.76	26.9
Bacillus_GCA_018101255.1_spacer_8	total_phage_930	94.737	19	1	0	2	20	264	246	0.38	28.5
Bacillus_GCA_018101255.1_spacer_8	virome_phage_32	100.000	17	0	0	9	25	26066	26082	0.38	28.5
Bacillus_GCA_018101255.1_spacer_9	virome_phage_745	81.250	32	6	0	3	34	75718	75687	0.012	33.3
Bacillus_GCA_018101255.1_spacer_9	virome_phage_738	86.364	22	3	0	9	30	75405	75426	0.94	26.9
Bacillus_GCA_018101255.1_spacer_9	virome_phage_2272	90.000	20	2	0	13	32	38674	38693	0.94	26.9
Bacillus_GCA_018101255.1_spacer_9	total_phage_730	86.364	22	3	0	9	30	45576	45597	0.94	26.9
Bacillus_GCA_018101255.1_spacer_9	total_phage_694	78.571	28	6	0	1	28	18579	18606	0.94	26.9
Bacillus_GCA_018101255.1_spacer_10	virome_phage_826	95.000	20	1	0	10	29	17736	17755	0.10	30.1
Bacillus_GCA_018101255.1_spacer_10	virome_phage_7	80.000	30	6	0	2	31	116899	116928	0.10	30.1
Bacillus_GCA_018101255.1_spacer_10	virome_phage_842	94.737	19	1	0	6	24	28442	28424	0.31	28.5
Bacillus_GCA_018101255.1_spacer_10	virome_phage_736	81.481	27	5	0	5	31	97681	97655	0.31	28.5
Bacillus_GCA_018101255.1_spacer_10	virome_phage_32	79.310	29	6	0	3	31	39703	39675	0.31	28.5
Bacillus_GCA_018101255.1_spacer_10	total_phage_791	90.000	20	2	0	2	21	31616	31597	0.94	26.9
Bacillus_GCA_018101255.1_spacer_10	total_phage_638	86.364	22	3	0	13	34	22293	22272	0.94	26.9
Bacillus_GCA_018101255.1_spacer_10	total_phage_479	76.667	30	7	0	2	31	1456	1427	0.94	26.9
Bacillus_GCA_018101255.1_spacer_10	total_phage_242	86.364	22	3	0	10	31	6831	6810	0.94	26.9
Bacillus_GCA_018101255.1_spacer_10	virome_phage_91	90.000	20	2	0	9	28	8832	8851	0.94	26.9
Bacillus_GCA_018101255.1_spacer_10	virome_phage_17	86.364	22	3	0	1	22	56284	56305	0.94	26.9
Bacillus_GCA_018101255.1_spacer_10	virome_phage_1	76.667	30	7	0	4	33	48713	48742	0.94	26.9
Bacillus_GCA_018101255.1_spacer_10	total_phage_799	90.000	20	2	0	9	28	25462	25481	0.94	26.9
Bacillus_GCA_018101255.1_spacer_10	total_phage_797	90.000	20	2	0	6	25	26890	26909	0.94	26.9
Bacillus_GCA_018101255.1_spacer_10	total_phage_361	90.000	20	2	0	2	21	14287	14306	0.94	26.9
Bacillus_GCA_018101255.1_spacer_11	total_phage_804	75.758	33	8	0	2	34	632	664	0.38	28.5
Bacillus_GCA_018101255.1_spacer_12	virome_phage_79	81.481	27	5	0	7	33	19476	19450	0.25	28.5
Bacillus_GCA_018101255.1_spacer_12	virome_phage_2239	84.000	25	4	0	7	31	12552	12528	0.25	28.5
Bacillus_GCA_018101255.1_spacer_12	total_phage_454	84.000	25	4	0	7	31	6578	6554	0.25	28.5
Bacillus_GCA_018101255.1_spacer_12	total_phage_357	79.310	29	6	0	1	29	3587	3559	0.25	28.5
Bacillus_GCA_018101255.1_spacer_12	virome_phage_2322	81.481	27	5	0	1	27	7625	7651	0.25	28.5
Bacillus_GCA_018101255.1_spacer_12	virome_phage_2288	81.481	27	5	0	7	33	12701	12727	0.25	28.5
Bacillus_GCA_018101255.1_spacer_12	virome_phage_2260	79.310	29	6	0	1	29	1724	1752	0.25	28.5
Bacillus_GCA_018101255.1_spacer_12	total_phage_733	84.000	25	4	0	3	27	20576	20600	0.25	28.5
Bacillus_GCA_018101255.1_spacer_12	total_phage_501	84.000	25	4	0	7	31	15093	15117	0.25	28.5
Bacillus_GCA_018101255.1_spacer_12	virome_phage_7	80.769	26	5	0	1	26	109228	109203	0.76	26.9
Bacillus_GCA_018101255.1_spacer_12	virome_phage_62	94.444	18	1	0	11	28	5143	5126	0.76	26.9
Bacillus_GCA_018101255.1_spacer_12	virome_phage_2259	80.769	26	5	0	4	29	16624	16599	0.76	26.9
Bacillus_GCA_018101255.1_spacer_12	virome_phage_1004	78.571	28	6	0	1	28	15596	15569	0.76	26.9
Bacillus_GCA_018101255.1_spacer_12	total_phage_636	78.571	28	6	0	3	30	4182	4155	0.76	26.9
Bacillus_GCA_018101255.1_spacer_12	total_phage_231	78.571	28	6	0	1	28	111588	111561	0.76	26.9
Bacillus_GCA_018101255.1_spacer_12	virome_phage_826	94.444	18	1	0	16	33	15858	15875	0.76	26.9
Bacillus_GCA_018101255.1_spacer_12	virome_phage_2325	80.769	26	5	0	4	29	1138	1163	0.76	26.9
Bacillus_GCA_018101255.1_spacer_12	total_phage_739	78.571	28	6	0	4	31	16569	16596	0.76	26.9
Bacillus_GCA_018101255.1_spacer_12	total_phage_616	78.571	28	6	0	2	29	3135	3162	0.76	26.9
Bacillus_GCA_018101255.1_spacer_12	total_phage_233	80.769	26	5	0	4	29	67282	67307	0.76	26.9
Bacillus_GCA_018101255.1_spacer_14	virome_phage_2305	78.125	32	7	0	2	33	10665	10634	0.084	30.1
Bacillus_GCA_018101255.1_spacer_14	virome_phage_780	100.000	16	0	0	18	33	44394	44379	0.76	26.9
Bacillus_GCA_018101255.1_spacer_14	virome_phage_2342	83.333	24	4	0	1	24	20024	20001	0.76	26.9
Bacillus_GCA_018101255.1_spacer_14	total_phage_245	78.571	28	6	0	5	32	21772	21799	0.76	26.9
Bacillus_GCA_018101255.1_spacer_15	virome_phage_742	79.310	29	6	0	16	44	38077	38105	0.82	28.5
Bacillus_GCA_018101255.1_spacer_15	virome_phage_738	77.419	31	7	0	13	43	54031	54001	0.82	28.5
Bacillus_GCA_018101255.1_spacer_15	virome_phage_47	81.481	27	5	0	9	35	8628	8602	0.82	28.5
Bacillus_GCA_018101255.1_spacer_15	virome_phage_4	77.419	31	7	0	13	43	42546	42576	0.82	28.5
Bacillus_GCA_018101255.1_spacer_16	virome_phage_796	79.310	29	6	0	13	41	9242	9214	0.82	28.5
Bacillus_GCA_018101255.1_spacer_16	total_phage_1	84.000	25	4	0	6	30	29446	29422	0.82	28.5
Bacillus_GCA_018101255.1_spacer_16	virome_phage_868	100.000	17	0	0	4	20	337	353	0.82	28.5
Bacillus_GCA_018101255.1_spacer_16	total_phage_172	86.957	23	3	0	4	26	20448	20470	0.82	28.5
Bacillus_GCA_018101255.1_spacer_17	virome_phage_756	81.481	27	5	0	6	32	49233	49207	0.82	28.5
Bacillus_GCA_018101255.1_spacer_17	virome_phage_33	90.476	21	2	0	12	32	21887	21867	0.82	28.5
