Bacillus_GCF_002562695.1_spacer_0	virome_phage_33	78.571	28	6	0	4	31	37254	37227	0.76	26.9
Bacillus_GCF_002562695.1_spacer_0	virome_phage_104	80.769	26	5	0	3	28	23518	23493	0.76	26.9
Bacillus_GCF_002562695.1_spacer_0	virome_phage_2235	94.444	18	1	0	6	23	36251	36268	0.76	26.9
Bacillus_GCF_002562695.1_spacer_1	total_phage_731	90.000	20	2	0	3	22	42731	42712	0.94	26.9
Bacillus_GCF_002562695.1_spacer_1	total_phage_497	90.000	20	2	0	2	21	30217	30198	0.94	26.9
Bacillus_GCF_002562695.1_spacer_1	total_phage_478	90.000	20	2	0	2	21	25542	25523	0.94	26.9
Bacillus_GCF_002562695.1_spacer_1	total_phage_4	90.000	20	2	0	15	34	4589	4608	0.94	26.9
Bacillus_GCF_002562695.1_spacer_2	virome_phage_746	81.481	27	5	0	3	29	52369	52343	0.38	28.5
Bacillus_GCF_002562695.1_spacer_3	virome_phage_745	81.481	27	5	0	1	27	23931	23905	0.38	28.5
Bacillus_GCF_002562695.1_spacer_3	virome_phage_28	81.481	27	5	0	3	29	23481	23455	0.38	28.5
Bacillus_GCF_002562695.1_spacer_3	virome_phage_2272	81.481	27	5	0	5	31	16157	16131	0.38	28.5
Bacillus_GCF_002562695.1_spacer_5	virome_phage_3	90.000	20	2	0	10	29	85869	85850	0.94	26.9
Bacillus_GCF_002562695.1_spacer_5	total_phage_370	94.444	18	1	0	3	20	5927	5910	0.94	26.9
Bacillus_GCF_002562695.1_spacer_5	virome_phage_856	78.571	28	6	0	7	34	8383	8410	0.94	26.9
Bacillus_GCF_002562695.1_spacer_6	virome_phage_738	74.286	35	9	0	1	35	79568	79534	0.38	28.5
Bacillus_GCF_002562695.1_spacer_7	virome_phage_8	85.185	27	4	0	7	33	118672	118646	0.035	31.7
Bacillus_GCF_002562695.1_spacer_7	virome_phage_878	80.000	30	6	0	4	33	24898	24927	0.10	30.1
Bacillus_GCF_002562695.1_spacer_7	virome_phage_7	84.615	26	4	0	6	31	57302	57277	0.10	30.1
Bacillus_GCF_002562695.1_spacer_7	virome_phage_1	95.000	20	1	0	15	34	28853	28834	0.10	30.1
Bacillus_GCF_002562695.1_spacer_7	virome_phage_739	81.481	27	5	0	6	32	109277	109303	0.31	28.5
Bacillus_GCF_002562695.1_spacer_7	virome_phage_739	100.000	16	0	0	16	31	20689	20674	0.94	26.9
Bacillus_GCF_002562695.1_spacer_7	virome_phage_734	81.481	27	5	0	7	33	141118	141144	0.31	28.5
Bacillus_GCF_002562695.1_spacer_7	virome_phage_734	83.333	24	4	0	10	33	230448	230425	0.94	26.9
Bacillus_GCF_002562695.1_spacer_7	virome_phage_2325	81.481	27	5	0	1	27	9642	9668	0.31	28.5
Bacillus_GCF_002562695.1_spacer_7	virome_phage_2239	84.000	25	4	0	10	34	27006	27030	0.31	28.5
Bacillus_GCF_002562695.1_spacer_7	total_phage_692	84.000	25	4	0	10	34	29639	29663	0.31	28.5
Bacillus_GCF_002562695.1_spacer_7	total_phage_454	84.000	25	4	0	10	34	21032	21056	0.31	28.5
Bacillus_GCF_002562695.1_spacer_7	virome_phage_744	79.310	29	6	0	3	31	553	525	0.31	28.5
Bacillus_GCF_002562695.1_spacer_7	virome_phage_2254	86.957	23	3	0	6	28	13630	13608	0.31	28.5
Bacillus_GCF_002562695.1_spacer_7	total_phage_658	84.000	25	4	0	10	34	16263	16239	0.31	28.5
Bacillus_GCF_002562695.1_spacer_7	total_phage_501	84.000	25	4	0	10	34	639	615	0.31	28.5
Bacillus_GCF_002562695.1_spacer_7	total_phage_117	81.481	27	5	0	7	33	26898	26872	0.31	28.5
Bacillus_GCF_002562695.1_spacer_7	virome_phage_742	90.000	20	2	0	12	31	38572	38591	0.94	26.9
Bacillus_GCF_002562695.1_spacer_7	virome_phage_2286	100.000	16	0	0	9	24	25825	25840	0.94	26.9
Bacillus_GCF_002562695.1_spacer_7	virome_phage_145	94.444	18	1	0	9	26	2388	2405	0.94	26.9
Bacillus_GCF_002562695.1_spacer_7	total_phage_738	86.364	22	3	0	7	28	9193	9214	0.94	26.9
Bacillus_GCF_002562695.1_spacer_7	total_phage_730	90.000	20	2	0	12	31	16135	16154	0.94	26.9
Bacillus_GCF_002562695.1_spacer_7	total_phage_696	90.000	20	2	0	14	33	440	459	0.94	26.9
Bacillus_GCF_002562695.1_spacer_7	total_phage_696	90.000	20	2	0	14	33	5756	5775	0.94	26.9
Bacillus_GCF_002562695.1_spacer_7	total_phage_655	90.000	20	2	0	14	33	12188	12207	0.94	26.9
Bacillus_GCF_002562695.1_spacer_7	total_phage_655	90.000	20	2	0	14	33	18191	18210	0.94	26.9
Bacillus_GCF_002562695.1_spacer_7	total_phage_600	90.000	20	2	0	14	33	11207	11226	0.94	26.9
Bacillus_GCF_002562695.1_spacer_7	virome_phage_925	90.000	20	2	0	14	33	1529	1510	0.94	26.9
Bacillus_GCF_002562695.1_spacer_7	virome_phage_816	83.333	24	4	0	1	24	38248	38225	0.94	26.9
Bacillus_GCF_002562695.1_spacer_7	virome_phage_10	90.000	20	2	0	12	31	22728	22709	0.94	26.9
Bacillus_GCF_002562695.1_spacer_7	total_phage_664	90.000	20	2	0	15	34	2432	2413	0.94	26.9
Bacillus_GCF_002562695.1_spacer_7	total_phage_604	83.333	24	4	0	10	33	7649	7626	0.94	26.9
Bacillus_GCF_002562695.1_spacer_7	total_phage_520	90.000	20	2	0	14	33	14914	14895	0.94	26.9
Bacillus_GCF_002562695.1_spacer_8	virome_phage_739	83.333	24	4	0	10	33	116261	116238	0.76	26.9
Bacillus_GCF_002562695.1_spacer_9	total_phage_786	80.769	26	5	0	6	31	6364	6389	0.94	26.9
Bacillus_GCF_002562695.1_spacer_9	total_phage_3	86.364	22	3	0	10	31	11519	11540	0.94	26.9
Bacillus_GCF_002562695.1_spacer_9	total_phage_232	90.000	20	2	0	12	31	6134	6115	0.94	26.9
Bacillus_GCF_002562695.1_spacer_10	total_phage_795	87.500	24	3	0	11	34	36286	36309	0.10	30.1
Bacillus_GCF_002562695.1_spacer_10	virome_phage_2281	81.481	27	5	0	8	34	4076	4050	0.31	28.5
Bacillus_GCF_002562695.1_spacer_10	virome_phage_912	83.333	24	4	0	7	30	2409	2432	0.94	26.9
Bacillus_GCF_002562695.1_spacer_10	virome_phage_2304	83.333	24	4	0	7	30	21004	21027	0.94	26.9
Bacillus_GCF_002562695.1_spacer_10	virome_phage_2300	100.000	16	0	0	6	21	25442	25457	0.94	26.9
Bacillus_GCF_002562695.1_spacer_11	virome_phage_738	82.759	29	5	0	6	34	8279	8307	0.035	31.7
Bacillus_GCF_002562695.1_spacer_11	virome_phage_840	90.909	22	2	0	1	22	18319	18340	0.10	30.1
Bacillus_GCF_002562695.1_spacer_11	virome_phage_4	87.500	24	3	0	11	34	88884	88861	0.10	30.1
Bacillus_GCF_002562695.1_spacer_11	total_phage_364	78.125	32	7	0	3	34	28368	28399	0.10	30.1
Bacillus_GCF_002562695.1_spacer_11	virome_phage_26	75.758	33	8	0	2	34	55876	55908	0.31	28.5
Bacillus_GCF_002562695.1_spacer_11	virome_phage_2269	75.758	33	8	0	1	33	283153	283121	0.31	28.5
Bacillus_GCF_002562695.1_spacer_11	virome_phage_783	78.571	28	6	0	1	28	9804	9777	0.94	26.9
Bacillus_GCF_002562695.1_spacer_11	virome_phage_2235	86.364	22	3	0	4	25	3025	3004	0.94	26.9
Bacillus_GCF_002562695.1_spacer_11	virome_phage_15	86.364	22	3	0	1	22	86424	86403	0.94	26.9
Bacillus_GCF_002562695.1_spacer_12	virome_phage_840	100.000	16	0	0	15	30	24262	24277	0.76	26.9
Bacillus_GCF_002562695.1_spacer_12	virome_phage_739	90.000	20	2	0	1	20	82845	82826	0.76	26.9
Bacillus_GCF_002562695.1_spacer_12	virome_phage_2254	90.000	20	2	0	14	33	17194	17213	0.76	26.9
Bacillus_GCF_002562695.1_spacer_12	virome_phage_1033	90.000	20	2	0	14	33	13240	13221	0.76	26.9
Bacillus_GCF_002562695.1_spacer_12	virome_phage_10	80.769	26	5	0	6	31	57222	57197	0.76	26.9
Bacillus_GCF_002562695.1_spacer_12	virome_phage_10	75.000	32	8	0	1	32	65229	65198	0.76	26.9
Bacillus_GCF_002562695.1_spacer_12	total_phage_730	75.000	32	8	0	1	32	121499	121530	0.76	26.9
Bacillus_GCF_002562695.1_spacer_12	total_phage_730	80.769	26	5	0	6	31	129506	129531	0.76	26.9
Bacillus_GCF_002562695.1_spacer_13	virome_phage_2270	80.000	30	6	0	4	33	181544	181573	0.10	30.1
Bacillus_GCF_002562695.1_spacer_14	virome_phage_752	78.125	32	7	0	3	34	22180	22149	0.10	30.1
Bacillus_GCF_002562695.1_spacer_14	total_phage_111	84.000	25	4	0	1	25	4723	4699	0.31	28.5
Bacillus_GCF_002562695.1_spacer_14	virome_phage_751	77.419	31	7	0	1	31	11198	11228	0.31	28.5
Bacillus_GCF_002562695.1_spacer_14	virome_phage_28	90.476	21	2	0	13	33	15744	15764	0.31	28.5
Bacillus_GCF_002562695.1_spacer_14	total_phage_92	75.758	33	8	0	1	33	113301	113333	0.31	28.5
Bacillus_GCF_002562695.1_spacer_14	total_phage_731	84.000	25	4	0	9	33	64753	64777	0.31	28.5
Bacillus_GCF_002562695.1_spacer_14	total_phage_636	79.310	29	6	0	3	31	19276	19304	0.31	28.5
Bacillus_GCF_002562695.1_spacer_14	total_phage_370	77.419	31	7	0	2	32	26569	26599	0.31	28.5
Bacillus_GCF_002562695.1_spacer_14	virome_phage_925	80.769	26	5	0	8	33	16866	16841	0.94	26.9
Bacillus_GCF_002562695.1_spacer_14	virome_phage_841	90.000	20	2	0	14	33	32609	32590	0.94	26.9
Bacillus_GCF_002562695.1_spacer_14	virome_phage_82	90.000	20	2	0	14	33	36424	36405	0.94	26.9
Bacillus_GCF_002562695.1_spacer_14	virome_phage_8	73.529	34	9	0	1	34	113680	113647	0.94	26.9
Bacillus_GCF_002562695.1_spacer_14	virome_phage_745	90.000	20	2	0	9	28	29800	29781	0.94	26.9
Bacillus_GCF_002562695.1_spacer_14	virome_phage_2368	80.769	26	5	0	7	32	3888	3863	0.94	26.9
Bacillus_GCF_002562695.1_spacer_14	virome_phage_2280	78.571	28	6	0	2	29	12546	12519	0.94	26.9
Bacillus_GCF_002562695.1_spacer_14	total_phage_737	80.769	26	5	0	8	33	921	896	0.94	26.9
Bacillus_GCF_002562695.1_spacer_14	total_phage_727	90.000	20	2	0	2	21	33594	33575	0.94	26.9
Bacillus_GCF_002562695.1_spacer_14	total_phage_518	90.000	20	2	0	2	21	45804	45785	0.94	26.9
Bacillus_GCF_002562695.1_spacer_14	virome_phage_9	90.000	20	2	0	1	20	4413	4432	0.94	26.9
Bacillus_GCF_002562695.1_spacer_14	virome_phage_778	80.769	26	5	0	8	33	42867	42892	0.94	26.9
Bacillus_GCF_002562695.1_spacer_14	virome_phage_759	90.000	20	2	0	14	33	47705	47724	0.94	26.9
Bacillus_GCF_002562695.1_spacer_14	virome_phage_738	86.364	22	3	0	10	31	92572	92593	0.94	26.9
Bacillus_GCF_002562695.1_spacer_14	virome_phage_4	80.769	26	5	0	8	33	2127	2152	0.94	26.9
Bacillus_GCF_002562695.1_spacer_14	virome_phage_2359	83.333	24	4	0	10	33	18987	19010	0.94	26.9
Bacillus_GCF_002562695.1_spacer_14	virome_phage_145	80.769	26	5	0	7	32	17064	17089	0.94	26.9
Bacillus_GCF_002562695.1_spacer_14	total_phage_745	80.769	26	5	0	9	34	5849	5874	0.94	26.9
Bacillus_GCF_002562695.1_spacer_14	total_phage_655	94.444	18	1	0	14	31	6757	6774	0.94	26.9
Bacillus_GCF_002562695.1_spacer_14	total_phage_296	80.769	26	5	0	9	34	7808	7833	0.94	26.9
Bacillus_GCF_002562695.1_spacer_14	total_phage_245	78.571	28	6	0	7	34	7456	7483	0.94	26.9
Bacillus_GCF_002562695.1_spacer_15	virome_phage_2254	100.000	16	0	0	10	25	74215	74200	0.94	26.9
Bacillus_GCF_002562695.1_spacer_15	virome_phage_2238	100.000	16	0	0	10	25	55729	55714	0.94	26.9
Bacillus_GCF_002562695.1_spacer_15	virome_phage_1217	86.364	22	3	0	3	24	3891	3870	0.94	26.9
Bacillus_GCF_002562695.1_spacer_15	total_phage_500	100.000	16	0	0	10	25	52228	52243	0.94	26.9
Bacillus_GCF_002562695.1_spacer_16	virome_phage_2385	79.310	29	6	0	6	34	17558	17586	0.31	28.5
Bacillus_GCF_002562695.1_spacer_16	total_phage_524	94.444	18	1	0	3	20	32538	32521	0.94	26.9
Bacillus_GCF_002562695.1_spacer_16	virome_phage_974	73.529	34	9	0	1	34	16473	16506	0.94	26.9
Bacillus_GCF_002562695.1_spacer_16	virome_phage_28	76.667	30	7	0	5	34	15523	15552	0.94	26.9
Bacillus_GCF_002562695.1_spacer_17	virome_phage_8	84.000	25	4	0	1	25	111190	111214	0.31	28.5
Bacillus_GCF_002562695.1_spacer_17	virome_phage_747	75.758	33	8	0	1	33	44441	44409	0.31	28.5
Bacillus_GCF_002562695.1_spacer_17	virome_phage_2239	77.419	31	7	0	4	34	29092	29062	0.31	28.5
Bacillus_GCF_002562695.1_spacer_17	total_phage_727	86.957	23	3	0	10	32	10996	11018	0.31	28.5
Bacillus_GCF_002562695.1_spacer_17	total_phage_518	86.957	23	3	0	10	32	23206	23228	0.31	28.5
Bacillus_GCF_002562695.1_spacer_17	total_phage_483	77.419	31	7	0	4	34	729	759	0.31	28.5
Bacillus_GCF_002562695.1_spacer_17	total_phage_454	77.419	31	7	0	4	34	23118	23088	0.31	28.5
Bacillus_GCF_002562695.1_spacer_17	total_phage_176	79.310	29	6	0	5	33	2775	2747	0.31	28.5
Bacillus_GCF_002562695.1_spacer_17	virome_phage_979	78.571	28	6	0	1	28	3726	3753	0.94	26.9
Bacillus_GCF_002562695.1_spacer_17	virome_phage_939	94.444	18	1	0	1	18	15454	15437	0.94	26.9
Bacillus_GCF_002562695.1_spacer_17	virome_phage_891	86.364	22	3	0	12	33	14019	14040	0.94	26.9
Bacillus_GCF_002562695.1_spacer_17	virome_phage_842	76.667	30	7	0	4	33	17751	17780	0.94	26.9
Bacillus_GCF_002562695.1_spacer_17	virome_phage_835	75.000	32	8	0	3	34	10533	10502	0.94	26.9
Bacillus_GCF_002562695.1_spacer_17	virome_phage_807	86.364	22	3	0	13	34	31141	31162	0.94	26.9
Bacillus_GCF_002562695.1_spacer_17	virome_phage_764	83.333	24	4	0	2	25	36656	36633	0.94	26.9
Bacillus_GCF_002562695.1_spacer_17	virome_phage_745	78.571	28	6	0	3	30	16568	16541	0.94	26.9
Bacillus_GCF_002562695.1_spacer_17	virome_phage_738	76.667	30	7	0	4	33	121256	121227	0.94	26.9
Bacillus_GCF_002562695.1_spacer_17	virome_phage_734	75.000	32	8	0	1	32	286435	286466	0.94	26.9
Bacillus_GCF_002562695.1_spacer_17	virome_phage_1109	83.333	24	4	0	2	25	2609	2586	0.94	26.9
Bacillus_GCF_002562695.1_spacer_17	total_phage_692	90.000	20	2	0	1	20	1427	1408	0.94	26.9
Bacillus_GCF_002562695.1_spacer_17	total_phage_658	90.000	20	2	0	1	20	44475	44494	0.94	26.9
Bacillus_GCF_002562695.1_spacer_17	total_phage_600	94.444	18	1	0	5	22	143	126	0.94	26.9
Bacillus_GCF_002562695.1_spacer_17	total_phage_305	86.364	22	3	0	13	34	13817	13838	0.94	26.9
Bacillus_GCF_002562695.1_spacer_17	total_phage_3	76.667	30	7	0	4	33	18186	18157	0.94	26.9
Bacillus_GCF_002562695.1_spacer_17	total_phage_189	86.364	22	3	0	12	33	9733	9712	0.94	26.9
Bacillus_GCF_002562695.1_spacer_17	total_phage_12	86.364	22	3	0	13	34	13122	13101	0.94	26.9
Bacillus_GCF_002562695.1_spacer_17	total_phage_114	86.364	22	3	0	13	34	11660	11681	0.94	26.9
Bacillus_GCF_002562695.1_spacer_18	virome_phage_856	94.737	19	1	0	5	23	13167	13185	0.25	28.5
Bacillus_GCF_002562695.1_spacer_18	virome_phage_2269	84.000	25	4	0	1	25	221186	221210	0.25	28.5
Bacillus_GCF_002562695.1_spacer_18	virome_phage_75	86.364	22	3	0	3	24	10321	10300	0.76	26.9
Bacillus_GCF_002562695.1_spacer_18	total_phage_446	76.667	30	7	0	3	32	4828	4857	0.76	26.9
Bacillus_GCF_002562695.1_spacer_20	total_phage_738	87.500	24	3	0	12	35	10260	10283	0.13	30.1
Bacillus_GCF_002562695.1_spacer_21	virome_phage_748	90.000	20	2	0	9	28	15317	15336	0.94	26.9
Bacillus_GCF_002562695.1_spacer_21	total_phage_361	90.000	20	2	0	14	33	41657	41676	0.94	26.9
Bacillus_GCF_002562695.1_spacer_21	virome_phage_795	80.769	26	5	0	9	34	9349	9324	0.94	26.9
Bacillus_GCF_002562695.1_spacer_21	total_phage_92	86.364	22	3	0	12	33	111330	111309	0.94	26.9
Bacillus_GCF_002562695.1_spacer_22	virome_phage_2301	88.462	26	3	0	8	33	474	449	0.009	33.3
Bacillus_GCF_002562695.1_spacer_22	virome_phage_864	78.125	32	7	0	2	33	18231	18262	0.084	30.1
Bacillus_GCF_002562695.1_spacer_22	virome_phage_736	79.310	29	6	0	1	29	178488	178516	0.25	28.5
Bacillus_GCF_002562695.1_spacer_22	virome_phage_58	86.957	23	3	0	6	28	4086	4108	0.25	28.5
Bacillus_GCF_002562695.1_spacer_22	virome_phage_2407	94.737	19	1	0	15	33	6192	6210	0.25	28.5
Bacillus_GCF_002562695.1_spacer_22	virome_phage_51	83.333	24	4	0	4	27	13006	12983	0.76	26.9
Bacillus_GCF_002562695.1_spacer_22	virome_phage_116	86.364	22	3	0	4	25	17717	17696	0.76	26.9
Bacillus_GCF_002562695.1_spacer_22	total_phage_92	83.333	24	4	0	6	29	108906	108883	0.76	26.9
Bacillus_GCF_002562695.1_spacer_22	total_phage_692	94.444	18	1	0	14	31	42670	42653	0.76	26.9
Bacillus_GCF_002562695.1_spacer_22	total_phage_239	80.769	26	5	0	1	26	9372	9347	0.76	26.9
Bacillus_GCF_002562695.1_spacer_22	virome_phage_2308	86.364	22	3	0	2	23	25165	25186	0.76	26.9
Bacillus_GCF_002562695.1_spacer_22	total_phage_929	86.364	22	3	0	10	31	10707	10728	0.76	26.9
Bacillus_GCF_002562695.1_spacer_22	total_phage_658	94.444	18	1	0	14	31	3232	3249	0.76	26.9
Bacillus_GCF_002562695.1_spacer_23	virome_phage_738	86.957	23	3	0	4	26	4009	4031	0.38	28.5
Bacillus_GCF_002562695.1_spacer_23	virome_phage_4	86.957	23	3	0	4	26	93159	93137	0.38	28.5
Bacillus_GCF_002562695.1_spacer_24	virome_phage_4	78.125	32	7	0	1	32	126793	126824	0.084	30.1
Bacillus_GCF_002562695.1_spacer_24	total_phage_929	82.143	28	5	0	2	29	6522	6549	0.084	30.1
Bacillus_GCF_002562695.1_spacer_24	virome_phage_738	78.125	32	7	0	1	32	115663	115632	0.084	30.1
Bacillus_GCF_002562695.1_spacer_24	virome_phage_848	79.310	29	6	0	1	29	20306	20278	0.25	28.5
Bacillus_GCF_002562695.1_spacer_24	virome_phage_834	81.481	27	5	0	2	28	34146	34120	0.25	28.5
Bacillus_GCF_002562695.1_spacer_24	virome_phage_752	75.758	33	8	0	1	33	19647	19615	0.25	28.5
Bacillus_GCF_002562695.1_spacer_24	virome_phage_734	84.000	25	4	0	4	28	244289	244265	0.25	28.5
Bacillus_GCF_002562695.1_spacer_24	virome_phage_734	76.667	30	7	0	1	30	125535	125564	0.76	26.9
Bacillus_GCF_002562695.1_spacer_24	virome_phage_2357	81.481	27	5	0	2	28	5767	5741	0.25	28.5
Bacillus_GCF_002562695.1_spacer_24	virome_phage_840	78.571	28	6	0	2	29	13726	13753	0.76	26.9
Bacillus_GCF_002562695.1_spacer_24	virome_phage_749	86.364	22	3	0	8	29	16615	16636	0.76	26.9
Bacillus_GCF_002562695.1_spacer_24	virome_phage_2294	90.000	20	2	0	5	24	38621	38640	0.76	26.9
Bacillus_GCF_002562695.1_spacer_24	virome_phage_145	86.364	22	3	0	5	26	2101	2122	0.76	26.9
Bacillus_GCF_002562695.1_spacer_24	total_phage_92	100.000	16	0	0	18	33	152198	152213	0.76	26.9
Bacillus_GCF_002562695.1_spacer_24	total_phage_807	100.000	16	0	0	15	30	1088	1103	0.76	26.9
Bacillus_GCF_002562695.1_spacer_24	total_phage_500	80.769	26	5	0	5	30	75118	75143	0.76	26.9
Bacillus_GCF_002562695.1_spacer_24	total_phage_416	86.364	22	3	0	12	33	23738	23759	0.76	26.9
Bacillus_GCF_002562695.1_spacer_24	total_phage_231	100.000	16	0	0	18	33	130555	130570	0.76	26.9
Bacillus_GCF_002562695.1_spacer_24	total_phage_11	86.364	22	3	0	12	33	24456	24477	0.76	26.9
Bacillus_GCF_002562695.1_spacer_24	virome_phage_92	90.000	20	2	0	5	24	32649	32630	0.76	26.9
Bacillus_GCF_002562695.1_spacer_24	virome_phage_8	83.333	24	4	0	5	28	107324	107301	0.76	26.9
Bacillus_GCF_002562695.1_spacer_24	virome_phage_771	80.769	26	5	0	1	26	24827	24802	0.76	26.9
Bacillus_GCF_002562695.1_spacer_24	virome_phage_2327	94.444	18	1	0	15	32	108	91	0.76	26.9
Bacillus_GCF_002562695.1_spacer_24	virome_phage_2260	94.444	18	1	0	2	19	6279	6262	0.76	26.9
Bacillus_GCF_002562695.1_spacer_24	virome_phage_2238	80.769	26	5	0	5	30	32839	32814	0.76	26.9
Bacillus_GCF_002562695.1_spacer_24	virome_phage_115	80.769	26	5	0	1	26	8531	8506	0.76	26.9
Bacillus_GCF_002562695.1_spacer_24	total_phage_734	76.667	30	7	0	4	33	17273	17244	0.76	26.9
Bacillus_GCF_002562695.1_spacer_24	total_phage_664	86.364	22	3	0	7	28	4924	4903	0.76	26.9
Bacillus_GCF_002562695.1_spacer_24	total_phage_232	76.667	30	7	0	1	30	29470	29441	0.76	26.9
Bacillus_GCF_002562695.1_spacer_25	virome_phage_734	79.310	29	6	0	1	29	87928	87956	0.38	28.5
Bacillus_GCF_002562695.1_spacer_25	virome_phage_65	79.310	29	6	0	3	31	17935	17963	0.38	28.5
Bacillus_GCF_002562695.1_spacer_25	virome_phage_890	79.310	29	6	0	3	31	22527	22499	0.38	28.5
Bacillus_GCF_002562695.1_spacer_25	total_phage_745	79.310	29	6	0	3	31	2639	2611	0.38	28.5
Bacillus_GCF_002562695.1_spacer_25	total_phage_443	94.737	19	1	0	5	23	11242	11224	0.38	28.5
Bacillus_GCF_002562695.1_spacer_25	total_phage_296	79.310	29	6	0	3	31	4598	4570	0.38	28.5
Bacillus_GCF_002562695.1_spacer_25	total_phage_233	79.310	29	6	0	3	31	4821	4793	0.38	28.5
Bacillus_GCF_002562695.1_spacer_27	virome_phage_783	81.481	27	5	0	5	31	33077	33103	0.25	28.5
Bacillus_GCF_002562695.1_spacer_27	virome_phage_7	80.769	26	5	0	1	26	34688	34713	0.76	26.9
Bacillus_GCF_002562695.1_spacer_28	total_phage_935	87.500	24	3	0	10	33	10646	10623	0.084	30.1
Bacillus_GCF_002562695.1_spacer_28	total_phage_636	81.481	27	5	0	5	31	10201	10227	0.25	28.5
Bacillus_GCF_002562695.1_spacer_28	virome_phage_91	86.364	22	3	0	2	23	17424	17445	0.76	26.9
Bacillus_GCF_002562695.1_spacer_28	virome_phage_817	76.667	30	7	0	4	33	311	340	0.76	26.9
Bacillus_GCF_002562695.1_spacer_28	virome_phage_2235	94.444	18	1	0	6	23	29868	29885	0.76	26.9
Bacillus_GCF_002562695.1_spacer_28	total_phage_106	80.769	26	5	0	2	27	8535	8560	0.76	26.9
Bacillus_GCF_002562695.1_spacer_28	virome_phage_841	94.444	18	1	0	6	23	62	45	0.76	26.9
Bacillus_GCF_002562695.1_spacer_28	virome_phage_841	94.444	18	1	0	6	23	35106	35089	0.76	26.9
Bacillus_GCF_002562695.1_spacer_28	virome_phage_742	100.000	16	0	0	18	33	37533	37518	0.76	26.9
Bacillus_GCF_002562695.1_spacer_28	virome_phage_2368	83.333	24	4	0	6	29	229	206	0.76	26.9
Bacillus_GCF_002562695.1_spacer_28	total_phage_4	83.333	24	4	0	9	32	11395	11372	0.76	26.9
