Bacillus_GCA_002577525.1_spacer_0	virome_phage_49	90.909	22	2	0	9	30	3892	3871	0.21	30.1
Bacillus_GCA_002577525.1_spacer_1	total_phage_786	84.615	26	4	0	6	31	6364	6389	0.23	30.1
Bacillus_GCA_002577525.1_spacer_1	virome_phage_142	81.481	27	5	0	8	34	5770	5796	0.69	28.5
Bacillus_GCA_002577525.1_spacer_1	virome_phage_1411	84.000	25	4	0	12	36	6939	6915	0.69	28.5
Bacillus_GCA_002577525.1_spacer_2	virome_phage_912	87.500	24	3	0	7	30	2409	2432	0.23	30.1
Bacillus_GCA_002577525.1_spacer_2	virome_phage_2304	87.500	24	3	0	7	30	21004	21027	0.23	30.1
Bacillus_GCA_002577525.1_spacer_2	virome_phage_37	84.000	25	4	0	18	42	26231	26255	0.69	28.5
Bacillus_GCA_002577525.1_spacer_2	total_phage_926	84.000	25	4	0	14	38	50729	50705	0.69	28.5
Bacillus_GCA_002577525.1_spacer_3	virome_phage_739	80.556	36	7	0	1	36	109925	109890	0.003	36.5
Bacillus_GCA_002577525.1_spacer_3	virome_phage_28	76.471	34	8	0	1	34	7588	7555	0.21	30.1
Bacillus_GCA_002577525.1_spacer_3	virome_phage_807	81.481	27	5	0	9	35	17681	17655	0.63	28.5
Bacillus_GCA_002577525.1_spacer_3	virome_phage_734	75.758	33	8	0	7	39	206234	206202	0.63	28.5
Bacillus_GCA_002577525.1_spacer_4	total_phage_794	73.171	41	11	0	4	44	1373	1413	0.091	31.7
Bacillus_GCA_002577525.1_spacer_4	total_phage_731	84.615	26	4	0	19	44	96600	96575	0.27	30.1
Bacillus_GCA_002577525.1_spacer_4	virome_phage_14	90.476	21	2	0	10	30	78318	78338	0.82	28.5
Bacillus_GCA_002577525.1_spacer_4	total_phage_729	90.476	21	2	0	18	38	106860	106840	0.82	28.5
Bacillus_GCA_002577525.1_spacer_6	virome_phage_2368	91.304	23	2	0	15	37	17726	17704	0.091	31.7
Bacillus_GCA_002577525.1_spacer_6	virome_phage_145	91.304	23	2	0	15	37	3642	3664	0.091	31.7
Bacillus_GCA_002577525.1_spacer_6	virome_phage_2269	95.000	20	1	0	24	43	254911	254892	0.27	30.1
Bacillus_GCA_002577525.1_spacer_6	virome_phage_2269	90.476	21	2	0	9	29	97214	97234	0.82	28.5
Bacillus_GCA_002577525.1_spacer_6	virome_phage_2269	90.476	21	2	0	17	37	192434	192454	0.82	28.5
Bacillus_GCA_002577525.1_spacer_6	virome_phage_1082	87.500	24	3	0	16	39	11863	11840	0.27	30.1
Bacillus_GCA_002577525.1_spacer_6	virome_phage_747	84.000	25	4	0	9	33	25119	25143	0.82	28.5
Bacillus_GCA_002577525.1_spacer_6	virome_phage_734	84.000	25	4	0	12	36	187177	187153	0.82	28.5
Bacillus_GCA_002577525.1_spacer_6	total_phage_524	84.000	25	4	0	12	36	37470	37494	0.82	28.5
Bacillus_GCA_002577525.1_spacer_7	virome_phage_2286	83.333	30	5	0	7	36	13120	13091	0.028	33.3
Bacillus_GCA_002577525.1_spacer_7	virome_phage_739	87.500	24	3	0	14	37	40804	40827	0.25	30.1
Bacillus_GCA_002577525.1_spacer_7	virome_phage_69	90.909	22	2	0	8	29	35991	36012	0.25	30.1
Bacillus_GCA_002577525.1_spacer_7	virome_phage_28	78.125	32	7	0	7	38	36031	36062	0.25	30.1
Bacillus_GCA_002577525.1_spacer_7	virome_phage_17	78.125	32	7	0	6	37	22256	22287	0.25	30.1
Bacillus_GCA_002577525.1_spacer_7	virome_phage_17	82.143	28	5	0	9	36	35343	35370	0.25	30.1
Bacillus_GCA_002577525.1_spacer_7	total_phage_413	72.973	37	10	0	1	37	25896	25860	0.76	28.5
Bacillus_GCA_002577525.1_spacer_7	virome_phage_746	81.481	27	5	0	11	37	57809	57835	0.76	28.5
Bacillus_GCA_002577525.1_spacer_7	virome_phage_736	79.310	29	6	0	9	37	72342	72370	0.76	28.5
Bacillus_GCA_002577525.1_spacer_8	virome_phage_2278	80.645	31	6	0	10	40	15315	15345	0.070	31.7
Bacillus_GCA_002577525.1_spacer_8	virome_phage_2324	82.143	28	5	0	3	30	31252	31225	0.21	30.1
Bacillus_GCA_002577525.1_spacer_8	virome_phage_96	94.737	19	1	0	13	31	9236	9254	0.63	28.5
Bacillus_GCA_002577525.1_spacer_8	virome_phage_2319	90.476	21	2	0	9	29	5880	5900	0.63	28.5
Bacillus_GCA_002577525.1_spacer_8	virome_phage_51	94.737	19	1	0	13	31	44324	44306	0.63	28.5
Bacillus_GCA_002577525.1_spacer_8	total_phage_239	94.737	19	1	0	13	31	11466	11448	0.63	28.5
Bacillus_GCA_002577525.1_spacer_9	total_phage_524	94.444	18	1	0	3	20	32538	32521	0.76	26.9
Bacillus_GCA_002577525.1_spacer_10	total_phage_636	82.143	28	5	0	1	28	17985	18012	0.084	30.1
Bacillus_GCA_002577525.1_spacer_10	total_phage_451	81.481	27	5	0	7	33	19254	19228	0.25	28.5
Bacillus_GCA_002577525.1_spacer_10	total_phage_446	84.000	25	4	0	4	28	727	703	0.25	28.5
Bacillus_GCA_002577525.1_spacer_10	total_phage_0	84.000	25	4	0	4	28	33784	33760	0.25	28.5
Bacillus_GCA_002577525.1_spacer_10	virome_phage_815	80.769	26	5	0	8	33	38076	38051	0.76	26.9
Bacillus_GCA_002577525.1_spacer_10	virome_phage_807	94.444	18	1	0	15	32	16268	16285	0.76	26.9
Bacillus_GCA_002577525.1_spacer_10	virome_phage_2359	83.333	24	4	0	10	33	10772	10795	0.76	26.9
Bacillus_GCA_002577525.1_spacer_10	virome_phage_2269	86.364	22	3	0	6	27	46809	46830	0.76	26.9
Bacillus_GCA_002577525.1_spacer_10	total_phage_737	94.444	18	1	0	15	32	1858	1841	0.76	26.9
Bacillus_GCA_002577525.1_spacer_10	total_phage_111	80.769	26	5	0	8	33	40979	40954	0.76	26.9
Bacillus_GCA_002577525.1_spacer_10	total_phage_111	80.769	26	5	0	8	33	81221	81196	0.76	26.9
Bacillus_GCA_002577525.1_spacer_11	total_phage_98	84.615	26	4	0	5	30	3829	3804	0.10	30.1
Bacillus_GCA_002577525.1_spacer_11	virome_phage_795	87.500	24	3	0	10	33	1096	1119	0.10	30.1
Bacillus_GCA_002577525.1_spacer_11	total_phage_99	84.615	26	4	0	5	30	28358	28383	0.10	30.1
Bacillus_GCA_002577525.1_spacer_11	total_phage_122	84.615	26	4	0	4	29	15535	15560	0.10	30.1
Bacillus_GCA_002577525.1_spacer_11	virome_phage_759	77.419	31	7	0	1	31	39528	39498	0.31	28.5
Bacillus_GCA_002577525.1_spacer_11	virome_phage_38	86.957	23	3	0	10	32	40435	40413	0.31	28.5
Bacillus_GCA_002577525.1_spacer_11	virome_phage_32	86.957	23	3	0	3	25	1065	1043	0.31	28.5
Bacillus_GCA_002577525.1_spacer_11	virome_phage_37	80.769	26	5	0	6	31	46839	46814	0.94	26.9
Bacillus_GCA_002577525.1_spacer_11	virome_phage_2270	80.769	26	5	0	4	29	196697	196672	0.94	26.9
Bacillus_GCA_002577525.1_spacer_11	total_phage_785	78.571	28	6	0	3	30	2677	2650	0.94	26.9
Bacillus_GCA_002577525.1_spacer_11	total_phage_743	83.333	24	4	0	4	27	17299	17276	0.94	26.9
Bacillus_GCA_002577525.1_spacer_11	total_phage_307	90.000	20	2	0	6	25	25814	25795	0.94	26.9
Bacillus_GCA_002577525.1_spacer_11	total_phage_176	78.571	28	6	0	3	30	3317	3290	0.94	26.9
Bacillus_GCA_002577525.1_spacer_11	total_phage_117	86.364	22	3	0	2	23	25656	25635	0.94	26.9
Bacillus_GCA_002577525.1_spacer_11	virome_phage_745	80.769	26	5	0	8	33	74189	74214	0.94	26.9
Bacillus_GCA_002577525.1_spacer_11	total_phage_123	83.333	24	4	0	6	29	16543	16566	0.94	26.9
Bacillus_GCA_002577525.1_spacer_12	virome_phage_747	75.758	33	8	0	1	33	44441	44409	0.25	28.5
Bacillus_GCA_002577525.1_spacer_12	total_phage_176	79.310	29	6	0	5	33	2775	2747	0.25	28.5
Bacillus_GCA_002577525.1_spacer_12	virome_phage_8	84.000	25	4	0	1	25	111190	111214	0.25	28.5
Bacillus_GCA_002577525.1_spacer_12	total_phage_727	86.957	23	3	0	10	32	10996	11018	0.25	28.5
Bacillus_GCA_002577525.1_spacer_12	total_phage_518	86.957	23	3	0	10	32	23206	23228	0.25	28.5
Bacillus_GCA_002577525.1_spacer_12	virome_phage_939	94.444	18	1	0	1	18	15454	15437	0.76	26.9
Bacillus_GCA_002577525.1_spacer_12	virome_phage_764	83.333	24	4	0	2	25	36656	36633	0.76	26.9
Bacillus_GCA_002577525.1_spacer_12	virome_phage_745	78.571	28	6	0	3	30	16568	16541	0.76	26.9
Bacillus_GCA_002577525.1_spacer_12	virome_phage_738	76.667	30	7	0	4	33	121256	121227	0.76	26.9
Bacillus_GCA_002577525.1_spacer_12	virome_phage_2239	76.667	30	7	0	4	33	29092	29063	0.76	26.9
Bacillus_GCA_002577525.1_spacer_12	virome_phage_1109	83.333	24	4	0	2	25	2609	2586	0.76	26.9
Bacillus_GCA_002577525.1_spacer_12	total_phage_692	90.000	20	2	0	1	20	1427	1408	0.76	26.9
Bacillus_GCA_002577525.1_spacer_12	total_phage_600	94.444	18	1	0	5	22	143	126	0.76	26.9
Bacillus_GCA_002577525.1_spacer_12	total_phage_454	76.667	30	7	0	4	33	23118	23089	0.76	26.9
Bacillus_GCA_002577525.1_spacer_12	total_phage_3	76.667	30	7	0	4	33	18186	18157	0.76	26.9
Bacillus_GCA_002577525.1_spacer_12	total_phage_189	86.364	22	3	0	12	33	9733	9712	0.76	26.9
Bacillus_GCA_002577525.1_spacer_12	virome_phage_979	78.571	28	6	0	1	28	3726	3753	0.76	26.9
Bacillus_GCA_002577525.1_spacer_12	virome_phage_891	86.364	22	3	0	12	33	14019	14040	0.76	26.9
Bacillus_GCA_002577525.1_spacer_12	virome_phage_842	76.667	30	7	0	4	33	17751	17780	0.76	26.9
Bacillus_GCA_002577525.1_spacer_12	virome_phage_734	75.000	32	8	0	1	32	286435	286466	0.76	26.9
Bacillus_GCA_002577525.1_spacer_12	total_phage_658	90.000	20	2	0	1	20	44475	44494	0.76	26.9
Bacillus_GCA_002577525.1_spacer_12	total_phage_483	76.667	30	7	0	4	33	729	758	0.76	26.9
Bacillus_GCA_002577525.1_spacer_13	total_phage_793	84.615	26	4	0	4	29	35414	35439	0.084	30.1
Bacillus_GCA_002577525.1_spacer_13	total_phage_362	84.615	26	4	0	4	29	38342	38367	0.084	30.1
Bacillus_GCA_002577525.1_spacer_13	total_phage_820	86.957	23	3	0	1	23	9852	9874	0.25	28.5
Bacillus_GCA_002577525.1_spacer_13	virome_phage_52	90.000	20	2	0	4	23	17723	17704	0.76	26.9
Bacillus_GCA_002577525.1_spacer_13	virome_phage_2272	90.000	20	2	0	3	22	29792	29811	0.76	26.9
Bacillus_GCA_002577525.1_spacer_13	virome_phage_1117	94.444	18	1	0	7	24	10392	10409	0.76	26.9
