Bacillus_GCF_002558745.1_spacer_0	virome_phage_142	73.529	34	9	0	1	34	3132	3099	0.94	26.9
Bacillus_GCF_002558745.1_spacer_1	virome_phage_4	78.125	32	7	0	2	33	126824	126793	0.084	30.1
Bacillus_GCF_002558745.1_spacer_1	total_phage_929	82.143	28	5	0	5	32	6549	6522	0.084	30.1
Bacillus_GCF_002558745.1_spacer_1	virome_phage_738	78.125	32	7	0	2	33	115632	115663	0.084	30.1
Bacillus_GCF_002558745.1_spacer_1	virome_phage_848	79.310	29	6	0	5	33	20278	20306	0.25	28.5
Bacillus_GCF_002558745.1_spacer_1	virome_phage_834	81.481	27	5	0	6	32	34120	34146	0.25	28.5
Bacillus_GCF_002558745.1_spacer_1	virome_phage_752	75.758	33	8	0	1	33	19615	19647	0.25	28.5
Bacillus_GCF_002558745.1_spacer_1	virome_phage_734	84.000	25	4	0	6	30	244265	244289	0.25	28.5
Bacillus_GCF_002558745.1_spacer_1	virome_phage_734	76.667	30	7	0	4	33	125564	125535	0.76	26.9
Bacillus_GCF_002558745.1_spacer_1	virome_phage_2357	81.481	27	5	0	6	32	5741	5767	0.25	28.5
Bacillus_GCF_002558745.1_spacer_1	virome_phage_840	78.571	28	6	0	5	32	13753	13726	0.76	26.9
Bacillus_GCF_002558745.1_spacer_1	virome_phage_749	86.364	22	3	0	5	26	16636	16615	0.76	26.9
Bacillus_GCF_002558745.1_spacer_1	virome_phage_2294	90.000	20	2	0	10	29	38640	38621	0.76	26.9
Bacillus_GCF_002558745.1_spacer_1	virome_phage_145	86.364	22	3	0	8	29	2122	2101	0.76	26.9
Bacillus_GCF_002558745.1_spacer_1	total_phage_92	100.000	16	0	0	1	16	152213	152198	0.76	26.9
Bacillus_GCF_002558745.1_spacer_1	total_phage_807	100.000	16	0	0	4	19	1103	1088	0.76	26.9
Bacillus_GCF_002558745.1_spacer_1	total_phage_500	80.769	26	5	0	4	29	75143	75118	0.76	26.9
Bacillus_GCF_002558745.1_spacer_1	total_phage_416	86.364	22	3	0	1	22	23759	23738	0.76	26.9
Bacillus_GCF_002558745.1_spacer_1	total_phage_231	100.000	16	0	0	1	16	130570	130555	0.76	26.9
Bacillus_GCF_002558745.1_spacer_1	total_phage_11	86.364	22	3	0	1	22	24477	24456	0.76	26.9
Bacillus_GCF_002558745.1_spacer_1	virome_phage_92	90.000	20	2	0	10	29	32630	32649	0.76	26.9
Bacillus_GCF_002558745.1_spacer_1	virome_phage_8	83.333	24	4	0	6	29	107301	107324	0.76	26.9
Bacillus_GCF_002558745.1_spacer_1	virome_phage_771	80.769	26	5	0	8	33	24802	24827	0.76	26.9
Bacillus_GCF_002558745.1_spacer_1	virome_phage_2327	94.444	18	1	0	2	19	91	108	0.76	26.9
Bacillus_GCF_002558745.1_spacer_1	virome_phage_2260	94.444	18	1	0	15	32	6262	6279	0.76	26.9
Bacillus_GCF_002558745.1_spacer_1	virome_phage_2238	80.769	26	5	0	4	29	32814	32839	0.76	26.9
Bacillus_GCF_002558745.1_spacer_1	virome_phage_115	80.769	26	5	0	8	33	8506	8531	0.76	26.9
Bacillus_GCF_002558745.1_spacer_1	total_phage_734	76.667	30	7	0	1	30	17244	17273	0.76	26.9
Bacillus_GCF_002558745.1_spacer_1	total_phage_664	86.364	22	3	0	6	27	4903	4924	0.76	26.9
Bacillus_GCF_002558745.1_spacer_1	total_phage_232	76.667	30	7	0	4	33	29441	29470	0.76	26.9
Bacillus_GCF_002558745.1_spacer_2	virome_phage_59	82.143	28	5	0	3	30	6211	6238	0.10	30.1
Bacillus_GCF_002558745.1_spacer_2	total_phage_725	86.957	23	3	0	12	34	24377	24355	0.31	28.5
Bacillus_GCF_002558745.1_spacer_2	total_phage_653	86.957	23	3	0	12	34	19340	19362	0.31	28.5
Bacillus_GCF_002558745.1_spacer_2	total_phage_483	86.957	23	3	0	12	34	11952	11930	0.31	28.5
Bacillus_GCF_002558745.1_spacer_2	virome_phage_766	94.444	18	1	0	17	34	43939	43956	0.94	26.9
Bacillus_GCF_002558745.1_spacer_2	virome_phage_4	73.529	34	9	0	1	34	82579	82546	0.94	26.9
Bacillus_GCF_002558745.1_spacer_2	virome_phage_2333	80.769	26	5	0	5	30	3838	3863	0.94	26.9
Bacillus_GCF_002558745.1_spacer_2	total_phage_99	76.667	30	7	0	4	33	15251	15280	0.94	26.9
Bacillus_GCF_002558745.1_spacer_2	total_phage_800	83.333	24	4	0	9	32	9992	9969	0.94	26.9
Bacillus_GCF_002558745.1_spacer_2	total_phage_479	83.333	24	4	0	3	26	42797	42820	0.94	26.9
Bacillus_GCF_002558745.1_spacer_2	total_phage_4	83.333	24	4	0	9	32	18872	18895	0.94	26.9
Bacillus_GCF_002558745.1_spacer_2	total_phage_368	83.333	24	4	0	9	32	19857	19834	0.94	26.9
Bacillus_GCF_002558745.1_spacer_2	total_phage_105	94.444	18	1	0	17	34	6118	6101	0.94	26.9
Bacillus_GCF_002558745.1_spacer_3	virome_phage_1	94.737	19	1	0	3	21	174762	174780	0.31	28.5
Bacillus_GCF_002558745.1_spacer_3	virome_phage_16	77.419	31	7	0	1	31	41565	41535	0.31	28.5
Bacillus_GCF_002558745.1_spacer_3	virome_phage_743	90.000	20	2	0	2	21	62995	63014	0.94	26.9
Bacillus_GCF_002558745.1_spacer_3	virome_phage_742	75.000	32	8	0	3	34	93891	93860	0.94	26.9
Bacillus_GCF_002558745.1_spacer_4	virome_phage_868	90.909	22	2	0	1	22	5304	5325	0.10	30.1
Bacillus_GCF_002558745.1_spacer_4	virome_phage_875	90.000	20	2	0	12	31	16020	16039	0.94	26.9
Bacillus_GCF_002558745.1_spacer_4	virome_phage_62	76.667	30	7	0	5	34	40656	40627	0.94	26.9
Bacillus_GCF_002558745.1_spacer_4	virome_phage_27	83.333	24	4	0	10	33	6196	6173	0.94	26.9
Bacillus_GCF_002558745.1_spacer_4	virome_phage_2409	80.769	26	5	0	1	26	16941	16916	0.94	26.9
Bacillus_GCF_002558745.1_spacer_4	virome_phage_2303	78.571	28	6	0	1	28	34905	34878	0.94	26.9
Bacillus_GCF_002558745.1_spacer_4	virome_phage_14	90.000	20	2	0	10	29	65042	65023	0.94	26.9
Bacillus_GCF_002558745.1_spacer_4	total_phage_9	78.571	28	6	0	1	28	25333	25306	0.94	26.9
Bacillus_GCF_002558745.1_spacer_4	total_phage_417	78.571	28	6	0	1	28	17669	17642	0.94	26.9
Bacillus_GCF_002558745.1_spacer_5	virome_phage_861	81.481	27	5	0	8	34	32636	32662	0.38	28.5
Bacillus_GCF_002558745.1_spacer_5	virome_phage_739	86.957	23	3	0	9	31	26160	26182	0.38	28.5
Bacillus_GCF_002558745.1_spacer_5	total_phage_293	81.481	27	5	0	6	32	26453	26479	0.38	28.5
Bacillus_GCF_002558745.1_spacer_6	total_phage_734	79.310	29	6	0	6	34	2884	2856	0.38	28.5
Bacillus_GCF_002558745.1_spacer_7	virome_phage_745	80.645	31	6	0	4	34	62424	62394	0.035	31.7
Bacillus_GCF_002558745.1_spacer_7	virome_phage_745	100.000	16	0	0	9	24	3780	3765	0.94	26.9
Bacillus_GCF_002558745.1_spacer_7	virome_phage_759	95.000	20	1	0	13	32	45969	45950	0.10	30.1
Bacillus_GCF_002558745.1_spacer_7	virome_phage_841	82.143	28	5	0	7	34	15408	15435	0.10	30.1
Bacillus_GCF_002558745.1_spacer_7	total_phage_413	95.000	20	1	0	12	31	21200	21219	0.10	30.1
Bacillus_GCF_002558745.1_spacer_7	total_phage_413	90.476	21	2	0	5	25	48569	48549	0.31	28.5
Bacillus_GCF_002558745.1_spacer_7	total_phage_413	73.529	34	9	0	1	34	74989	74956	0.94	26.9
Bacillus_GCF_002558745.1_spacer_7	virome_phage_914	81.481	27	5	0	7	33	8268	8242	0.31	28.5
Bacillus_GCF_002558745.1_spacer_7	virome_phage_876	84.000	25	4	0	6	30	5146	5122	0.31	28.5
Bacillus_GCF_002558745.1_spacer_7	virome_phage_829	84.000	25	4	0	6	30	34531	34507	0.31	28.5
Bacillus_GCF_002558745.1_spacer_7	virome_phage_47	100.000	17	0	0	12	28	14250	14234	0.31	28.5
Bacillus_GCF_002558745.1_spacer_7	virome_phage_119	84.000	25	4	0	6	30	16455	16431	0.31	28.5
Bacillus_GCF_002558745.1_spacer_7	virome_phage_1061	90.476	21	2	0	1	21	13294	13274	0.31	28.5
Bacillus_GCF_002558745.1_spacer_7	virome_phage_1061	78.571	28	6	0	2	29	12921	12894	0.94	26.9
Bacillus_GCF_002558745.1_spacer_7	total_phage_713	90.476	21	2	0	14	34	1003	983	0.31	28.5
Bacillus_GCF_002558745.1_spacer_7	virome_phage_2345	84.000	25	4	0	6	30	18586	18610	0.31	28.5
Bacillus_GCF_002558745.1_spacer_7	virome_phage_2254	84.000	25	4	0	6	30	28900	28924	0.31	28.5
Bacillus_GCF_002558745.1_spacer_7	virome_phage_2238	84.000	25	4	0	6	30	10415	10439	0.31	28.5
Bacillus_GCF_002558745.1_spacer_7	virome_phage_158	90.476	21	2	0	1	21	5912	5932	0.31	28.5
Bacillus_GCF_002558745.1_spacer_7	virome_phage_158	78.571	28	6	0	2	29	6285	6312	0.94	26.9
Bacillus_GCF_002558745.1_spacer_7	total_phage_609	90.476	21	2	0	14	34	2765	2785	0.31	28.5
Bacillus_GCF_002558745.1_spacer_7	total_phage_512	90.476	21	2	0	14	34	2768	2788	0.31	28.5
Bacillus_GCF_002558745.1_spacer_7	total_phage_471	90.476	21	2	0	14	34	2740	2760	0.31	28.5
Bacillus_GCF_002558745.1_spacer_7	virome_phage_748	80.769	26	5	0	8	33	43714	43689	0.94	26.9
Bacillus_GCF_002558745.1_spacer_7	virome_phage_743	78.571	28	6	0	4	31	81440	81413	0.94	26.9
Bacillus_GCF_002558745.1_spacer_7	virome_phage_734	80.769	26	5	0	2	27	54197	54172	0.94	26.9
Bacillus_GCF_002558745.1_spacer_7	virome_phage_734	90.000	20	2	0	1	20	217161	217142	0.94	26.9
Bacillus_GCF_002558745.1_spacer_7	virome_phage_66	86.364	22	3	0	13	34	39128	39107	0.94	26.9
Bacillus_GCF_002558745.1_spacer_7	virome_phage_56	86.364	22	3	0	7	28	21879	21858	0.94	26.9
Bacillus_GCF_002558745.1_spacer_7	virome_phage_2353	86.364	22	3	0	1	22	4139	4118	0.94	26.9
Bacillus_GCF_002558745.1_spacer_7	virome_phage_18	90.000	20	2	0	1	20	24104	24085	0.94	26.9
Bacillus_GCF_002558745.1_spacer_7	virome_phage_145	80.769	26	5	0	2	27	1135	1110	0.94	26.9
Bacillus_GCF_002558745.1_spacer_7	virome_phage_145	83.333	24	4	0	7	30	9021	8998	0.94	26.9
Bacillus_GCF_002558745.1_spacer_7	total_phage_636	94.444	18	1	0	2	19	5576	5559	0.94	26.9
Bacillus_GCF_002558745.1_spacer_7	virome_phage_925	78.571	28	6	0	3	30	5446	5473	0.94	26.9
Bacillus_GCF_002558745.1_spacer_7	virome_phage_751	90.000	20	2	0	2	21	30137	30156	0.94	26.9
Bacillus_GCF_002558745.1_spacer_7	virome_phage_738	83.333	24	4	0	6	29	96186	96209	0.94	26.9
Bacillus_GCF_002558745.1_spacer_7	virome_phage_2270	86.364	22	3	0	13	34	177852	177873	0.94	26.9
Bacillus_GCF_002558745.1_spacer_7	virome_phage_2259	80.769	26	5	0	5	30	12652	12677	0.94	26.9
Bacillus_GCF_002558745.1_spacer_7	virome_phage_14	90.000	20	2	0	4	23	34197	34216	0.94	26.9
Bacillus_GCF_002558745.1_spacer_7	total_phage_92	86.364	22	3	0	4	25	60802	60823	0.94	26.9
Bacillus_GCF_002558745.1_spacer_7	total_phage_244	80.769	26	5	0	6	31	23326	23351	0.94	26.9
Bacillus_GCF_002558745.1_spacer_7	total_phage_232	80.769	26	5	0	3	28	12529	12554	0.94	26.9
Bacillus_GCF_002558745.1_spacer_7	total_phage_231	90.000	20	2	0	2	21	83590	83609	0.94	26.9
Bacillus_GCF_002558745.1_spacer_9	virome_phage_842	90.476	21	2	0	4	24	26123	26103	0.25	28.5
Bacillus_GCF_002558745.1_spacer_9	total_phage_370	84.000	25	4	0	3	27	5157	5133	0.25	28.5
Bacillus_GCF_002558745.1_spacer_9	virome_phage_779	94.737	19	1	0	13	31	19222	19240	0.25	28.5
Bacillus_GCF_002558745.1_spacer_9	virome_phage_748	94.737	19	1	0	10	28	48639	48657	0.25	28.5
Bacillus_GCF_002558745.1_spacer_9	virome_phage_802	100.000	16	0	0	17	32	883	868	0.76	26.9
Bacillus_GCF_002558745.1_spacer_9	total_phage_820	94.444	18	1	0	2	19	6981	6998	0.76	26.9
Bacillus_GCF_002558745.1_spacer_11	virome_phage_2278	79.310	29	6	0	6	34	28236	28208	0.31	28.5
Bacillus_GCF_002558745.1_spacer_11	virome_phage_10	86.364	22	3	0	11	32	37391	37370	0.94	26.9
Bacillus_GCF_002558745.1_spacer_12	virome_phage_2254	100.000	16	0	0	10	25	74200	74215	0.94	26.9
Bacillus_GCF_002558745.1_spacer_12	virome_phage_2238	100.000	16	0	0	10	25	55714	55729	0.94	26.9
Bacillus_GCF_002558745.1_spacer_12	virome_phage_1217	86.364	22	3	0	11	32	3870	3891	0.94	26.9
Bacillus_GCF_002558745.1_spacer_12	total_phage_500	100.000	16	0	0	10	25	52243	52228	0.94	26.9
Bacillus_GCF_002558745.1_spacer_13	virome_phage_752	78.125	32	7	0	1	32	22149	22180	0.10	30.1
Bacillus_GCF_002558745.1_spacer_13	total_phage_111	84.000	25	4	0	10	34	4699	4723	0.31	28.5
Bacillus_GCF_002558745.1_spacer_13	virome_phage_751	77.419	31	7	0	4	34	11228	11198	0.31	28.5
Bacillus_GCF_002558745.1_spacer_13	virome_phage_28	90.476	21	2	0	2	22	15764	15744	0.31	28.5
Bacillus_GCF_002558745.1_spacer_13	total_phage_92	75.758	33	8	0	2	34	113333	113301	0.31	28.5
Bacillus_GCF_002558745.1_spacer_13	total_phage_731	84.000	25	4	0	2	26	64777	64753	0.31	28.5
Bacillus_GCF_002558745.1_spacer_13	total_phage_636	79.310	29	6	0	4	32	19304	19276	0.31	28.5
Bacillus_GCF_002558745.1_spacer_13	total_phage_370	77.419	31	7	0	3	33	26599	26569	0.31	28.5
Bacillus_GCF_002558745.1_spacer_13	virome_phage_925	80.769	26	5	0	2	27	16841	16866	0.94	26.9
Bacillus_GCF_002558745.1_spacer_13	virome_phage_841	90.000	20	2	0	2	21	32590	32609	0.94	26.9
Bacillus_GCF_002558745.1_spacer_13	virome_phage_82	90.000	20	2	0	2	21	36405	36424	0.94	26.9
Bacillus_GCF_002558745.1_spacer_13	virome_phage_8	73.529	34	9	0	1	34	113647	113680	0.94	26.9
Bacillus_GCF_002558745.1_spacer_13	virome_phage_745	90.000	20	2	0	7	26	29781	29800	0.94	26.9
Bacillus_GCF_002558745.1_spacer_13	virome_phage_2368	80.769	26	5	0	3	28	3863	3888	0.94	26.9
Bacillus_GCF_002558745.1_spacer_13	virome_phage_2280	78.571	28	6	0	6	33	12519	12546	0.94	26.9
Bacillus_GCF_002558745.1_spacer_13	total_phage_737	80.769	26	5	0	2	27	896	921	0.94	26.9
Bacillus_GCF_002558745.1_spacer_13	total_phage_727	90.000	20	2	0	14	33	33575	33594	0.94	26.9
Bacillus_GCF_002558745.1_spacer_13	total_phage_518	90.000	20	2	0	14	33	45785	45804	0.94	26.9
Bacillus_GCF_002558745.1_spacer_13	virome_phage_9	90.000	20	2	0	15	34	4432	4413	0.94	26.9
Bacillus_GCF_002558745.1_spacer_13	virome_phage_778	80.769	26	5	0	2	27	42892	42867	0.94	26.9
Bacillus_GCF_002558745.1_spacer_13	virome_phage_759	90.000	20	2	0	2	21	47724	47705	0.94	26.9
Bacillus_GCF_002558745.1_spacer_13	virome_phage_738	86.364	22	3	0	4	25	92593	92572	0.94	26.9
Bacillus_GCF_002558745.1_spacer_13	virome_phage_4	80.769	26	5	0	2	27	2152	2127	0.94	26.9
Bacillus_GCF_002558745.1_spacer_13	virome_phage_2359	83.333	24	4	0	2	25	19010	18987	0.94	26.9
Bacillus_GCF_002558745.1_spacer_13	virome_phage_145	80.769	26	5	0	3	28	17089	17064	0.94	26.9
Bacillus_GCF_002558745.1_spacer_13	total_phage_745	80.769	26	5	0	1	26	5874	5849	0.94	26.9
Bacillus_GCF_002558745.1_spacer_13	total_phage_655	94.444	18	1	0	4	21	6774	6757	0.94	26.9
Bacillus_GCF_002558745.1_spacer_13	total_phage_296	80.769	26	5	0	1	26	7833	7808	0.94	26.9
Bacillus_GCF_002558745.1_spacer_13	total_phage_245	78.571	28	6	0	1	28	7483	7456	0.94	26.9
Bacillus_GCF_002558745.1_spacer_14	total_phage_231	82.759	29	5	0	6	34	41350	41378	0.035	31.7
Bacillus_GCF_002558745.1_spacer_14	virome_phage_734	88.000	25	3	0	10	34	31096	31072	0.035	31.7
Bacillus_GCF_002558745.1_spacer_14	virome_phage_866	90.476	21	2	0	8	28	23961	23981	0.31	28.5
Bacillus_GCF_002558745.1_spacer_14	virome_phage_7	100.000	17	0	0	12	28	117919	117935	0.31	28.5
Bacillus_GCF_002558745.1_spacer_14	virome_phage_7	94.444	18	1	0	6	23	4317	4300	0.94	26.9
Bacillus_GCF_002558745.1_spacer_14	virome_phage_25	86.957	23	3	0	9	31	16466	16444	0.31	28.5
Bacillus_GCF_002558745.1_spacer_14	virome_phage_993	94.444	18	1	0	15	32	15893	15910	0.94	26.9
Bacillus_GCF_002558745.1_spacer_14	virome_phage_743	83.333	24	4	0	11	34	44422	44445	0.94	26.9
Bacillus_GCF_002558745.1_spacer_14	virome_phage_127	83.333	24	4	0	6	29	7177	7200	0.94	26.9
Bacillus_GCF_002558745.1_spacer_14	total_phage_188	94.444	18	1	0	6	23	13209	13226	0.94	26.9
Bacillus_GCF_002558745.1_spacer_14	total_phage_18	78.571	28	6	0	5	32	16077	16104	0.94	26.9
Bacillus_GCF_002558745.1_spacer_14	total_phage_176	83.333	24	4	0	11	34	9768	9791	0.94	26.9
Bacillus_GCF_002558745.1_spacer_14	virome_phage_59	83.333	24	4	0	1	24	23681	23658	0.94	26.9
Bacillus_GCF_002558745.1_spacer_14	virome_phage_2368	86.364	22	3	0	6	27	21121	21100	0.94	26.9
Bacillus_GCF_002558745.1_spacer_14	total_phage_927	80.769	26	5	0	5	30	154129	154104	0.94	26.9
Bacillus_GCF_002558745.1_spacer_14	total_phage_453	78.571	28	6	0	7	34	19465	19438	0.94	26.9
Bacillus_GCF_002558745.1_spacer_14	total_phage_445	78.571	28	6	0	6	33	26541	26514	0.94	26.9
Bacillus_GCF_002558745.1_spacer_15	virome_phage_748	90.000	20	2	0	1	20	57289	57308	0.76	26.9
Bacillus_GCF_002558745.1_spacer_15	virome_phage_739	76.667	30	7	0	4	33	82816	82845	0.76	26.9
Bacillus_GCF_002558745.1_spacer_15	virome_phage_22	90.000	20	2	0	7	26	31655	31674	0.76	26.9
Bacillus_GCF_002558745.1_spacer_15	virome_phage_78	94.444	18	1	0	10	27	20834	20817	0.76	26.9
Bacillus_GCF_002558745.1_spacer_16	virome_phage_2368	90.909	22	2	0	1	22	17705	17726	0.13	30.1
Bacillus_GCF_002558745.1_spacer_16	virome_phage_145	90.909	22	2	0	1	22	3663	3642	0.13	30.1
Bacillus_GCF_002558745.1_spacer_16	virome_phage_734	84.000	25	4	0	1	25	187153	187177	0.38	28.5
Bacillus_GCF_002558745.1_spacer_16	virome_phage_747	84.000	25	4	0	4	28	25143	25119	0.38	28.5
Bacillus_GCF_002558745.1_spacer_16	virome_phage_2269	90.476	21	2	0	8	28	97234	97214	0.38	28.5
Bacillus_GCF_002558745.1_spacer_16	total_phage_524	84.000	25	4	0	1	25	37494	37470	0.38	28.5
Bacillus_GCF_002558745.1_spacer_17	total_phage_793	81.481	27	5	0	1	27	27610	27636	0.31	28.5
Bacillus_GCF_002558745.1_spacer_17	total_phage_363	81.481	27	5	0	1	27	19090	19116	0.31	28.5
Bacillus_GCF_002558745.1_spacer_17	total_phage_175	81.481	27	5	0	1	27	17320	17294	0.31	28.5
Bacillus_GCF_002558745.1_spacer_17	virome_phage_901	100.000	16	0	0	3	18	21652	21637	0.94	26.9
Bacillus_GCF_002558745.1_spacer_17	virome_phage_116	80.769	26	5	0	8	33	7199	7174	0.94	26.9
Bacillus_GCF_002558745.1_spacer_17	total_phage_9	80.769	26	5	0	1	26	26944	26919	0.94	26.9
Bacillus_GCF_002558745.1_spacer_18	virome_phage_743	84.615	26	4	0	1	26	7493	7468	0.10	30.1
Bacillus_GCF_002558745.1_spacer_18	virome_phage_10	78.125	32	7	0	3	34	112569	112600	0.10	30.1
Bacillus_GCF_002558745.1_spacer_18	virome_phage_10	78.571	28	6	0	6	33	4663	4690	0.94	26.9
Bacillus_GCF_002558745.1_spacer_18	virome_phage_10	78.571	28	6	0	6	33	39706	39679	0.94	26.9
Bacillus_GCF_002558745.1_spacer_18	virome_phage_817	94.737	19	1	0	12	30	16904	16922	0.31	28.5
Bacillus_GCF_002558745.1_spacer_18	virome_phage_739	86.957	23	3	0	5	27	108194	108172	0.31	28.5
Bacillus_GCF_002558745.1_spacer_18	virome_phage_739	83.333	24	4	0	7	30	92141	92164	0.94	26.9
Bacillus_GCF_002558745.1_spacer_18	virome_phage_7	84.000	25	4	0	6	30	124174	124198	0.31	28.5
Bacillus_GCF_002558745.1_spacer_18	virome_phage_7	90.000	20	2	0	7	26	56384	56403	0.94	26.9
Bacillus_GCF_002558745.1_spacer_18	virome_phage_2304	86.957	23	3	0	5	27	41667	41645	0.31	28.5
Bacillus_GCF_002558745.1_spacer_18	virome_phage_18	86.957	23	3	0	9	31	48605	48583	0.31	28.5
Bacillus_GCF_002558745.1_spacer_18	virome_phage_890	86.364	22	3	0	4	25	24715	24694	0.94	26.9
Bacillus_GCF_002558745.1_spacer_18	virome_phage_882	94.444	18	1	0	3	20	11311	11328	0.94	26.9
Bacillus_GCF_002558745.1_spacer_18	virome_phage_875	90.000	20	2	0	2	21	29430	29449	0.94	26.9
Bacillus_GCF_002558745.1_spacer_18	virome_phage_860	90.000	20	2	0	10	29	6599	6580	0.94	26.9
Bacillus_GCF_002558745.1_spacer_18	virome_phage_857	83.333	24	4	0	5	28	9373	9396	0.94	26.9
Bacillus_GCF_002558745.1_spacer_18	virome_phage_834	76.667	30	7	0	3	32	11290	11261	0.94	26.9
Bacillus_GCF_002558745.1_spacer_18	virome_phage_79	76.667	30	7	0	1	30	1009	980	0.94	26.9
Bacillus_GCF_002558745.1_spacer_18	virome_phage_742	78.571	28	6	0	5	32	11568	11541	0.94	26.9
Bacillus_GCF_002558745.1_spacer_18	virome_phage_734	86.364	22	3	0	6	27	11099	11120	0.94	26.9
Bacillus_GCF_002558745.1_spacer_18	virome_phage_734	83.333	24	4	0	9	32	158865	158888	0.94	26.9
Bacillus_GCF_002558745.1_spacer_18	virome_phage_734	78.571	28	6	0	3	30	226167	226140	0.94	26.9
Bacillus_GCF_002558745.1_spacer_18	virome_phage_69	90.000	20	2	0	5	24	33481	33500	0.94	26.9
Bacillus_GCF_002558745.1_spacer_18	virome_phage_65	86.364	22	3	0	4	25	15747	15768	0.94	26.9
Bacillus_GCF_002558745.1_spacer_18	virome_phage_2522	100.000	16	0	0	7	22	2955	2940	0.94	26.9
Bacillus_GCF_002558745.1_spacer_18	virome_phage_2424	90.000	20	2	0	7	26	3681	3662	0.94	26.9
Bacillus_GCF_002558745.1_spacer_18	virome_phage_2424	86.364	22	3	0	9	30	15339	15360	0.94	26.9
Bacillus_GCF_002558745.1_spacer_18	virome_phage_239	90.000	20	2	0	7	26	1793	1774	0.94	26.9
Bacillus_GCF_002558745.1_spacer_18	virome_phage_2353	94.444	18	1	0	9	26	22274	22257	0.94	26.9
Bacillus_GCF_002558745.1_spacer_18	virome_phage_2327	90.000	20	2	0	8	27	27275	27256	0.94	26.9
Bacillus_GCF_002558745.1_spacer_18	virome_phage_2294	76.667	30	7	0	2	31	30516	30545	0.94	26.9
Bacillus_GCF_002558745.1_spacer_18	virome_phage_2280	100.000	16	0	0	1	16	34787	34772	0.94	26.9
Bacillus_GCF_002558745.1_spacer_18	virome_phage_2254	78.571	28	6	0	5	32	34754	34781	0.94	26.9
Bacillus_GCF_002558745.1_spacer_18	virome_phage_2238	78.571	28	6	0	5	32	16269	16296	0.94	26.9
Bacillus_GCF_002558745.1_spacer_18	virome_phage_1849	83.333	24	4	0	2	25	2751	2774	0.94	26.9
Bacillus_GCF_002558745.1_spacer_18	virome_phage_14	83.333	24	4	0	6	29	23580	23557	0.94	26.9
Bacillus_GCF_002558745.1_spacer_18	total_phage_806	94.444	18	1	0	9	26	24411	24394	0.94	26.9
Bacillus_GCF_002558745.1_spacer_18	total_phage_800	90.000	20	2	0	6	25	21790	21771	0.94	26.9
Bacillus_GCF_002558745.1_spacer_18	total_phage_8	100.000	16	0	0	18	33	6797	6812	0.94	26.9
Bacillus_GCF_002558745.1_spacer_18	total_phage_788	86.364	22	3	0	6	27	40217	40196	0.94	26.9
Bacillus_GCF_002558745.1_spacer_18	total_phage_734	86.364	22	3	0	9	30	35175	35154	0.94	26.9
Bacillus_GCF_002558745.1_spacer_18	total_phage_731	90.000	20	2	0	8	27	11447	11428	0.94	26.9
Bacillus_GCF_002558745.1_spacer_18	total_phage_730	78.571	28	6	0	6	33	34543	34516	0.94	26.9
Bacillus_GCF_002558745.1_spacer_18	total_phage_729	90.000	20	2	0	6	25	125546	125565	0.94	26.9
Bacillus_GCF_002558745.1_spacer_18	total_phage_360	80.769	26	5	0	1	26	4133	4108	0.94	26.9
Bacillus_GCF_002558745.1_spacer_18	total_phage_358	86.364	22	3	0	6	27	41391	41370	0.94	26.9
Bacillus_GCF_002558745.1_spacer_18	total_phage_294	94.444	18	1	0	9	26	16465	16482	0.94	26.9
Bacillus_GCF_002558745.1_spacer_18	total_phage_293	90.000	20	2	0	6	25	29641	29622	0.94	26.9
Bacillus_GCF_002558745.1_spacer_18	total_phage_237	86.364	22	3	0	6	27	1560	1539	0.94	26.9
Bacillus_GCF_002558745.1_spacer_18	total_phage_233	94.444	18	1	0	9	26	28188	28205	0.94	26.9
Bacillus_GCF_002558745.1_spacer_18	total_phage_231	90.000	20	2	0	8	27	80142	80161	0.94	26.9
Bacillus_GCF_002558745.1_spacer_18	total_phage_231	94.444	18	1	0	7	24	136053	136036	0.94	26.9
Bacillus_GCF_002558745.1_spacer_18	total_phage_178	86.364	22	3	0	1	22	26525	26504	0.94	26.9
Bacillus_GCF_002558745.1_spacer_18	total_phage_172	75.000	32	8	0	2	33	28494	28525	0.94	26.9
Bacillus_GCF_002558745.1_spacer_18	total_phage_117	90.000	20	2	0	6	25	28035	28016	0.94	26.9
Bacillus_GCF_002558745.1_spacer_19	total_phage_663	86.957	23	3	0	8	30	29811	29833	0.25	28.5
Bacillus_GCF_002558745.1_spacer_19	total_phage_637	86.957	23	3	0	8	30	26545	26567	0.25	28.5
Bacillus_GCF_002558745.1_spacer_19	virome_phage_742	90.000	20	2	0	13	32	82038	82019	0.76	26.9
Bacillus_GCF_002558745.1_spacer_19	virome_phage_2	90.000	20	2	0	11	30	80742	80723	0.76	26.9
Bacillus_GCF_002558745.1_spacer_22	virome_phage_955	79.310	29	6	0	1	29	3796	3824	0.25	28.5
Bacillus_GCF_002558745.1_spacer_22	virome_phage_834	94.444	18	1	0	14	31	2500	2483	0.76	26.9
Bacillus_GCF_002558745.1_spacer_22	virome_phage_798	83.333	24	4	0	9	32	5058	5035	0.76	26.9
Bacillus_GCF_002558745.1_spacer_22	virome_phage_743	86.364	22	3	0	12	33	36529	36550	0.76	26.9
Bacillus_GCF_002558745.1_spacer_22	virome_phage_69	83.333	24	4	0	1	24	875	852	0.76	26.9
Bacillus_GCF_002558745.1_spacer_22	virome_phage_2238	83.333	24	4	0	1	24	63776	63753	0.76	26.9
Bacillus_GCF_002558745.1_spacer_22	total_phage_795	83.333	24	4	0	9	32	34627	34604	0.76	26.9
Bacillus_GCF_002558745.1_spacer_22	total_phage_500	83.333	24	4	0	1	24	44181	44204	0.76	26.9
Bacillus_GCF_002558745.1_spacer_22	total_phage_113	83.333	24	4	0	9	32	39615	39592	0.76	26.9
Bacillus_GCF_002558745.1_spacer_24	virome_phage_7	76.471	34	8	0	1	34	92276	92309	0.10	30.1
Bacillus_GCF_002558745.1_spacer_24	virome_phage_7	77.419	31	7	0	1	31	97989	98019	0.31	28.5
Bacillus_GCF_002558745.1_spacer_24	virome_phage_4	90.476	21	2	0	2	22	50998	51018	0.31	28.5
Bacillus_GCF_002558745.1_spacer_24	virome_phage_4	86.364	22	3	0	10	31	135261	135282	0.94	26.9
Bacillus_GCF_002558745.1_spacer_24	virome_phage_2496	84.000	25	4	0	10	34	948	972	0.31	28.5
Bacillus_GCF_002558745.1_spacer_24	virome_phage_2263	84.000	25	4	0	10	34	730	754	0.31	28.5
Bacillus_GCF_002558745.1_spacer_24	total_phage_611	84.000	25	4	0	10	34	904	928	0.31	28.5
Bacillus_GCF_002558745.1_spacer_24	total_phage_445	90.476	21	2	0	9	29	10487	10507	0.31	28.5
Bacillus_GCF_002558745.1_spacer_24	virome_phage_79	86.957	23	3	0	5	27	14206	14184	0.31	28.5
Bacillus_GCF_002558745.1_spacer_24	virome_phage_738	90.476	21	2	0	2	22	45579	45559	0.31	28.5
Bacillus_GCF_002558745.1_spacer_24	virome_phage_738	86.364	22	3	0	10	31	106483	106462	0.94	26.9
Bacillus_GCF_002558745.1_spacer_24	total_phage_92	94.737	19	1	0	1	19	155788	155770	0.31	28.5
Bacillus_GCF_002558745.1_spacer_24	total_phage_787	90.476	21	2	0	9	29	12570	12550	0.31	28.5
Bacillus_GCF_002558745.1_spacer_24	virome_phage_932	100.000	16	0	0	7	22	5617	5632	0.94	26.9
Bacillus_GCF_002558745.1_spacer_24	virome_phage_760	86.364	22	3	0	2	23	47455	47476	0.94	26.9
Bacillus_GCF_002558745.1_spacer_24	virome_phage_784	75.000	32	8	0	1	32	19499	19468	0.94	26.9
Bacillus_GCF_002558745.1_spacer_24	virome_phage_748	94.444	18	1	0	17	34	34002	33985	0.94	26.9
Bacillus_GCF_002558745.1_spacer_24	virome_phage_28	90.000	20	2	0	1	20	46497	46478	0.94	26.9
Bacillus_GCF_002558745.1_spacer_24	total_phage_112	100.000	16	0	0	7	22	32900	32885	0.94	26.9
Bacillus_GCF_002558745.1_spacer_25	virome_phage_2424	82.759	29	5	0	4	32	9881	9909	0.035	31.7
Bacillus_GCF_002558745.1_spacer_25	virome_phage_239	82.759	29	5	0	4	32	7993	8021	0.035	31.7
Bacillus_GCF_002558745.1_spacer_25	total_phage_479	87.500	24	3	0	9	32	1454	1477	0.10	30.1
Bacillus_GCF_002558745.1_spacer_25	virome_phage_91	84.000	25	4	0	9	33	17554	17530	0.31	28.5
Bacillus_GCF_002558745.1_spacer_25	total_phage_605	77.419	31	7	0	2	32	34408	34438	0.31	28.5
Bacillus_GCF_002558745.1_spacer_25	total_phage_526	77.419	31	7	0	2	32	24213	24243	0.31	28.5
Bacillus_GCF_002558745.1_spacer_25	virome_phage_748	90.000	20	2	0	15	34	15654	15635	0.94	26.9
Bacillus_GCF_002558745.1_spacer_25	virome_phage_734	83.333	24	4	0	9	32	182077	182054	0.94	26.9
Bacillus_GCF_002558745.1_spacer_25	virome_phage_318	83.333	24	4	0	8	31	1001	978	0.94	26.9
Bacillus_GCF_002558745.1_spacer_25	virome_phage_318	86.364	22	3	0	3	24	4858	4837	0.94	26.9
Bacillus_GCF_002558745.1_spacer_25	virome_phage_2407	83.333	24	4	0	8	31	8525	8502	0.94	26.9
Bacillus_GCF_002558745.1_spacer_25	total_phage_636	83.333	24	4	0	9	32	138	115	0.94	26.9
Bacillus_GCF_002558745.1_spacer_25	total_phage_175	78.571	28	6	0	7	34	802	775	0.94	26.9
Bacillus_GCF_002558745.1_spacer_25	virome_phage_844	90.000	20	2	0	6	25	28088	28107	0.94	26.9
Bacillus_GCF_002558745.1_spacer_25	virome_phage_746	83.333	24	4	0	11	34	50878	50901	0.94	26.9
Bacillus_GCF_002558745.1_spacer_25	virome_phage_65	94.444	18	1	0	10	27	2296	2313	0.94	26.9
Bacillus_GCF_002558745.1_spacer_25	virome_phage_181	94.444	18	1	0	10	27	8492	8509	0.94	26.9
Bacillus_GCF_002558745.1_spacer_25	total_phage_362	78.571	28	6	0	7	34	51326	51353	0.94	26.9
Bacillus_GCF_002558745.1_spacer_25	total_phage_18	94.444	18	1	0	10	27	8594	8611	0.94	26.9
Bacillus_GCF_002558745.1_spacer_26	total_phage_363	82.143	28	5	0	2	29	13754	13727	0.10	30.1
Bacillus_GCF_002558745.1_spacer_26	total_phage_791	86.957	23	3	0	1	23	17479	17457	0.31	28.5
Bacillus_GCF_002558745.1_spacer_26	virome_phage_742	86.957	23	3	0	8	30	9339	9361	0.31	28.5
Bacillus_GCF_002558745.1_spacer_26	virome_phage_15	86.957	23	3	0	1	23	54611	54633	0.31	28.5
Bacillus_GCF_002558745.1_spacer_26	total_phage_361	86.957	23	3	0	1	23	24679	24701	0.31	28.5
Bacillus_GCF_002558745.1_spacer_26	virome_phage_734	90.000	20	2	0	1	20	168919	168900	0.94	26.9
Bacillus_GCF_002558745.1_spacer_26	virome_phage_734	94.444	18	1	0	14	31	220257	220240	0.94	26.9
Bacillus_GCF_002558745.1_spacer_26	virome_phage_14	90.000	20	2	0	6	25	76803	76784	0.94	26.9
Bacillus_GCF_002558745.1_spacer_26	total_phage_364	90.000	20	2	0	15	34	18608	18589	0.94	26.9
Bacillus_GCF_002558745.1_spacer_26	virome_phage_993	90.000	20	2	0	7	26	6199	6218	0.94	26.9
Bacillus_GCF_002558745.1_spacer_26	virome_phage_739	76.667	30	7	0	3	32	116919	116948	0.94	26.9
