Bacillus_GCA_002583865.1_spacer_0	virome_phage_10	81.481	27	5	0	4	30	106011	106037	0.38	28.5
Bacillus_GCA_002583865.1_spacer_1	virome_phage_2270	84.615	26	4	0	8	33	187378	187353	0.10	30.1
Bacillus_GCA_002583865.1_spacer_1	virome_phage_2380	75.758	33	8	0	2	34	4062	4094	0.31	28.5
Bacillus_GCA_002583865.1_spacer_1	virome_phage_837	75.000	32	8	0	3	34	9680	9649	0.94	26.9
Bacillus_GCA_002583865.1_spacer_1	virome_phage_734	78.571	28	6	0	6	33	161544	161517	0.94	26.9
Bacillus_GCA_002583865.1_spacer_1	virome_phage_123	75.000	32	8	0	3	34	11515	11484	0.94	26.9
Bacillus_GCA_002583865.1_spacer_2	virome_phage_742	91.667	24	2	0	6	29	94166	94143	0.012	33.3
Bacillus_GCA_002583865.1_spacer_2	total_phage_731	84.000	25	4	0	1	25	34631	34607	0.31	28.5
Bacillus_GCA_002583865.1_spacer_2	total_phage_605	79.310	29	6	0	6	34	21696	21668	0.31	28.5
Bacillus_GCA_002583865.1_spacer_2	total_phage_526	79.310	29	6	0	6	34	11501	11473	0.31	28.5
Bacillus_GCA_002583865.1_spacer_2	virome_phage_748	94.444	18	1	0	1	18	22878	22895	0.94	26.9
Bacillus_GCA_002583865.1_spacer_5	virome_phage_79	84.000	25	4	0	4	28	25865	25841	0.38	28.5
Bacillus_GCA_002583865.1_spacer_5	virome_phage_787	77.419	31	7	0	1	31	39941	39911	0.38	28.5
Bacillus_GCA_002583865.1_spacer_5	virome_phage_773	77.419	31	7	0	4	34	44664	44634	0.38	28.5
Bacillus_GCA_002583865.1_spacer_5	virome_phage_2254	79.310	29	6	0	7	35	104781	104753	0.38	28.5
Bacillus_GCA_002583865.1_spacer_5	total_phage_739	86.957	23	3	0	7	29	17142	17120	0.38	28.5
Bacillus_GCA_002583865.1_spacer_5	total_phage_604	79.310	29	6	0	2	30	14770	14742	0.38	28.5
Bacillus_GCA_002583865.1_spacer_5	total_phage_525	79.310	29	6	0	2	30	4077	4049	0.38	28.5
Bacillus_GCA_002583865.1_spacer_5	total_phage_4	86.957	23	3	0	7	29	12223	12201	0.38	28.5
Bacillus_GCA_002583865.1_spacer_5	total_phage_92	86.957	23	3	0	8	30	49808	49830	0.38	28.5
Bacillus_GCA_002583865.1_spacer_5	total_phage_800	86.957	23	3	0	7	29	17922	17944	0.38	28.5
Bacillus_GCA_002583865.1_spacer_5	total_phage_791	75.758	33	8	0	2	34	3822	3854	0.38	28.5
Bacillus_GCA_002583865.1_spacer_5	total_phage_500	79.310	29	6	0	7	35	21657	21685	0.38	28.5
Bacillus_GCA_002583865.1_spacer_6	virome_phage_88	94.737	19	1	0	13	31	1876	1894	0.25	28.5
Bacillus_GCA_002583865.1_spacer_6	virome_phage_800	94.737	19	1	0	13	31	953	971	0.25	28.5
Bacillus_GCA_002583865.1_spacer_6	total_phage_796	94.737	19	1	0	13	31	12832	12814	0.25	28.5
Bacillus_GCA_002583865.1_spacer_6	total_phage_293	94.737	19	1	0	13	31	13035	13017	0.25	28.5
Bacillus_GCA_002583865.1_spacer_6	total_phage_188	94.737	19	1	0	13	31	30561	30579	0.25	28.5
Bacillus_GCA_002583865.1_spacer_6	total_phage_117	94.737	19	1	0	13	31	12172	12154	0.25	28.5
Bacillus_GCA_002583865.1_spacer_6	virome_phage_858	76.667	30	7	0	3	32	6605	6576	0.76	26.9
Bacillus_GCA_002583865.1_spacer_6	virome_phage_2297	76.667	30	7	0	3	32	7652	7681	0.76	26.9
Bacillus_GCA_002583865.1_spacer_6	virome_phage_2292	83.333	24	4	0	7	30	11054	11077	0.76	26.9
Bacillus_GCA_002583865.1_spacer_7	virome_phage_734	79.310	29	6	0	6	34	172991	172963	0.31	28.5
Bacillus_GCA_002583865.1_spacer_7	virome_phage_16	84.000	25	4	0	3	27	45486	45462	0.31	28.5
Bacillus_GCA_002583865.1_spacer_7	total_phage_737	78.571	28	6	0	3	30	3252	3279	0.94	26.9
Bacillus_GCA_002583865.1_spacer_8	virome_phage_42	87.500	24	3	0	3	26	30769	30746	0.10	30.1
Bacillus_GCA_002583865.1_spacer_8	virome_phage_16	90.476	21	2	0	14	34	53212	53192	0.31	28.5
Bacillus_GCA_002583865.1_spacer_9	virome_phage_746	84.615	26	4	0	1	26	52754	52779	0.10	30.1
Bacillus_GCA_002583865.1_spacer_9	virome_phage_748	84.000	25	4	0	1	25	22637	22613	0.31	28.5
Bacillus_GCA_002583865.1_spacer_9	virome_phage_2424	75.000	32	8	0	1	32	3249	3218	0.94	26.9
Bacillus_GCA_002583865.1_spacer_9	virome_phage_239	75.000	32	8	0	1	32	1361	1330	0.94	26.9
Bacillus_GCA_002583865.1_spacer_9	virome_phage_2304	76.667	30	7	0	4	33	15601	15630	0.94	26.9
Bacillus_GCA_002583865.1_spacer_9	virome_phage_2303	94.444	18	1	0	15	32	5986	5969	0.94	26.9
Bacillus_GCA_002583865.1_spacer_9	virome_phage_2275	83.333	24	4	0	2	25	24180	24157	0.94	26.9
Bacillus_GCA_002583865.1_spacer_9	total_phage_233	94.444	18	1	0	15	32	76922	76905	0.94	26.9
Bacillus_GCA_002583865.1_spacer_10	virome_phage_33	95.238	21	1	0	6	26	22001	21981	0.035	31.7
Bacillus_GCA_002583865.1_spacer_10	total_phage_929	87.500	24	3	0	3	26	12122	12145	0.10	30.1
Bacillus_GCA_002583865.1_spacer_10	virome_phage_878	75.758	33	8	0	1	33	1273	1305	0.31	28.5
Bacillus_GCA_002583865.1_spacer_10	virome_phage_734	75.758	33	8	0	1	33	266056	266088	0.31	28.5
Bacillus_GCA_002583865.1_spacer_10	virome_phage_734	84.000	25	4	0	8	32	291170	291194	0.31	28.5
Bacillus_GCA_002583865.1_spacer_10	virome_phage_734	94.444	18	1	0	5	22	195899	195916	0.94	26.9
Bacillus_GCA_002583865.1_spacer_10	virome_phage_2263	77.419	31	7	0	2	32	3430	3460	0.31	28.5
Bacillus_GCA_002583865.1_spacer_10	total_phage_737	86.957	23	3	0	8	30	12167	12189	0.31	28.5
Bacillus_GCA_002583865.1_spacer_10	total_phage_737	86.364	22	3	0	1	22	1256	1235	0.94	26.9
Bacillus_GCA_002583865.1_spacer_10	total_phage_611	77.419	31	7	0	2	32	3604	3634	0.31	28.5
Bacillus_GCA_002583865.1_spacer_10	virome_phage_37	77.419	31	7	0	2	32	46638	46608	0.31	28.5
Bacillus_GCA_002583865.1_spacer_10	virome_phage_797	94.444	18	1	0	1	18	17343	17360	0.94	26.9
Bacillus_GCA_002583865.1_spacer_10	virome_phage_4	80.769	26	5	0	2	27	111284	111309	0.94	26.9
Bacillus_GCA_002583865.1_spacer_10	virome_phage_25	83.333	24	4	0	4	27	19303	19326	0.94	26.9
Bacillus_GCA_002583865.1_spacer_10	virome_phage_903	75.000	32	8	0	1	32	3944	3913	0.94	26.9
Bacillus_GCA_002583865.1_spacer_10	virome_phage_903	94.444	18	1	0	2	19	6474	6457	0.94	26.9
Bacillus_GCA_002583865.1_spacer_10	virome_phage_834	90.000	20	2	0	6	25	28815	28796	0.94	26.9
Bacillus_GCA_002583865.1_spacer_10	virome_phage_828	94.444	18	1	0	9	26	9301	9284	0.94	26.9
Bacillus_GCA_002583865.1_spacer_10	virome_phage_807	73.529	34	9	0	1	34	20910	20877	0.94	26.9
Bacillus_GCA_002583865.1_spacer_10	virome_phage_8	90.000	20	2	0	1	20	114462	114443	0.94	26.9
Bacillus_GCA_002583865.1_spacer_10	virome_phage_778	94.444	18	1	0	4	21	21190	21173	0.94	26.9
Bacillus_GCA_002583865.1_spacer_10	virome_phage_746	86.364	22	3	0	1	22	64898	64877	0.94	26.9
Bacillus_GCA_002583865.1_spacer_10	virome_phage_738	80.769	26	5	0	2	27	130636	130611	0.94	26.9
Bacillus_GCA_002583865.1_spacer_10	virome_phage_735	94.444	18	1	0	4	21	163575	163558	0.94	26.9
Bacillus_GCA_002583865.1_spacer_10	virome_phage_2281	90.000	20	2	0	4	23	20234	20215	0.94	26.9
Bacillus_GCA_002583865.1_spacer_10	virome_phage_2269	83.333	24	4	0	3	26	283512	283489	0.94	26.9
Bacillus_GCA_002583865.1_spacer_10	virome_phage_18	90.000	20	2	0	9	28	24628	24609	0.94	26.9
Bacillus_GCA_002583865.1_spacer_10	virome_phage_16	90.000	20	2	0	1	20	78666	78647	0.94	26.9
Bacillus_GCA_002583865.1_spacer_10	virome_phage_12	86.364	22	3	0	4	25	83096	83075	0.94	26.9
Bacillus_GCA_002583865.1_spacer_10	total_phage_305	73.529	34	9	0	1	34	3586	3553	0.94	26.9
Bacillus_GCA_002583865.1_spacer_10	total_phage_232	75.000	32	8	0	1	32	43982	43951	0.94	26.9
Bacillus_GCA_002583865.1_spacer_11	total_phage_415	81.481	27	5	0	7	33	695	721	0.31	28.5
Bacillus_GCA_002583865.1_spacer_11	total_phage_800	81.481	27	5	0	7	33	32244	32218	0.31	28.5
Bacillus_GCA_002583865.1_spacer_11	total_phage_368	81.481	27	5	0	7	33	41073	41047	0.31	28.5
Bacillus_GCA_002583865.1_spacer_11	total_phage_187	78.571	28	6	0	7	34	14107	14134	0.94	26.9
Bacillus_GCA_002583865.1_spacer_11	virome_phage_749	100.000	16	0	0	19	34	25468	25453	0.94	26.9
Bacillus_GCA_002583865.1_spacer_11	virome_phage_749	90.000	20	2	0	15	34	34694	34675	0.94	26.9
Bacillus_GCA_002583865.1_spacer_11	total_phage_363	83.333	24	4	0	9	32	3013	2990	0.94	26.9
Bacillus_GCA_002583865.1_spacer_12	virome_phage_819	90.000	20	2	0	6	25	29947	29966	0.94	26.9
Bacillus_GCA_002583865.1_spacer_12	virome_phage_2356	90.000	20	2	0	6	25	17007	17026	0.94	26.9
Bacillus_GCA_002583865.1_spacer_12	virome_phage_22	94.444	18	1	0	6	23	39062	39079	0.94	26.9
Bacillus_GCA_002583865.1_spacer_12	total_phage_231	75.000	32	8	0	3	34	21812	21843	0.94	26.9
Bacillus_GCA_002583865.1_spacer_12	virome_phage_32	100.000	16	0	0	5	20	20894	20879	0.94	26.9
Bacillus_GCA_002583865.1_spacer_13	virome_phage_792	84.615	26	4	0	7	32	15176	15201	0.10	30.1
Bacillus_GCA_002583865.1_spacer_13	total_phage_663	84.000	25	4	0	4	28	4663	4687	0.31	28.5
Bacillus_GCA_002583865.1_spacer_13	total_phage_637	84.000	25	4	0	4	28	1349	1373	0.31	28.5
Bacillus_GCA_002583865.1_spacer_13	virome_phage_2312	80.769	26	5	0	4	29	10808	10833	0.94	26.9
Bacillus_GCA_002583865.1_spacer_13	virome_phage_749	83.333	24	4	0	7	30	24261	24238	0.94	26.9
Bacillus_GCA_002583865.1_spacer_13	total_phage_244	78.571	28	6	0	3	30	3676	3649	0.94	26.9
Bacillus_GCA_002583865.1_spacer_13	total_phage_188	78.571	28	6	0	6	33	12903	12876	0.94	26.9
Bacillus_GCA_002583865.1_spacer_14	total_phage_242	84.615	26	4	0	3	28	8078	8103	0.084	30.1
Bacillus_GCA_002583865.1_spacer_14	total_phage_730	78.571	28	6	0	4	31	60781	60808	0.76	26.9
Bacillus_GCA_002583865.1_spacer_15	virome_phage_7	78.788	33	7	0	1	33	60130	60162	0.028	31.7
Bacillus_GCA_002583865.1_spacer_15	virome_phage_807	75.758	33	8	0	1	33	39322	39290	0.25	28.5
Bacillus_GCA_002583865.1_spacer_15	total_phage_305	75.758	33	8	0	1	33	21998	21966	0.25	28.5
Bacillus_GCA_002583865.1_spacer_15	virome_phage_875	100.000	16	0	0	13	28	16119	16104	0.76	26.9
Bacillus_GCA_002583865.1_spacer_15	virome_phage_736	83.333	24	4	0	6	29	1826	1849	0.76	26.9
Bacillus_GCA_002583865.1_spacer_15	virome_phage_37	94.444	18	1	0	2	19	6643	6660	0.76	26.9
Bacillus_GCA_002583865.1_spacer_15	virome_phage_2424	76.667	30	7	0	3	32	11691	11662	0.76	26.9
Bacillus_GCA_002583865.1_spacer_15	virome_phage_239	76.667	30	7	0	3	32	9767	9738	0.76	26.9
Bacillus_GCA_002583865.1_spacer_15	virome_phage_2270	80.769	26	5	0	5	30	52066	52041	0.76	26.9
Bacillus_GCA_002583865.1_spacer_15	virome_phage_181	86.364	22	3	0	3	24	11141	11120	0.76	26.9
Bacillus_GCA_002583865.1_spacer_15	virome_phage_1	100.000	16	0	0	17	32	127283	127298	0.76	26.9
Bacillus_GCA_002583865.1_spacer_15	total_phage_798	76.667	30	7	0	4	33	16104	16075	0.76	26.9
Bacillus_GCA_002583865.1_spacer_15	total_phage_18	86.364	22	3	0	3	24	11243	11222	0.76	26.9
Bacillus_GCA_002583865.1_spacer_16	total_phage_231	90.476	21	2	0	14	34	50620	50600	0.31	28.5
Bacillus_GCA_002583865.1_spacer_16	total_phage_3	83.333	24	4	0	10	33	29735	29758	0.94	26.9
Bacillus_GCA_002583865.1_spacer_17	total_phage_653	83.871	31	5	0	3	33	8887	8857	0.005	34.9
Bacillus_GCA_002583865.1_spacer_17	total_phage_483	83.871	31	5	0	3	33	22405	22435	0.005	34.9
Bacillus_GCA_002583865.1_spacer_17	virome_phage_865	82.759	29	5	0	3	31	16478	16506	0.042	31.7
Bacillus_GCA_002583865.1_spacer_17	virome_phage_750	87.500	24	3	0	12	35	50899	50876	0.13	30.1
Bacillus_GCA_002583865.1_spacer_17	virome_phage_2296	82.143	28	5	0	3	30	40129	40102	0.13	30.1
Bacillus_GCA_002583865.1_spacer_17	total_phage_231	84.615	26	4	0	6	31	114690	114665	0.13	30.1
Bacillus_GCA_002583865.1_spacer_17	virome_phage_748	95.000	20	1	0	13	32	16377	16396	0.13	30.1
Bacillus_GCA_002583865.1_spacer_17	total_phage_800	90.909	22	2	0	14	35	29204	29225	0.13	30.1
Bacillus_GCA_002583865.1_spacer_17	total_phage_368	90.909	22	2	0	14	35	37177	37198	0.13	30.1
Bacillus_GCA_002583865.1_spacer_17	virome_phage_825	94.737	19	1	0	10	28	21812	21794	0.38	28.5
Bacillus_GCA_002583865.1_spacer_17	virome_phage_813	84.000	25	4	0	11	35	29158	29134	0.38	28.5
Bacillus_GCA_002583865.1_spacer_17	virome_phage_735	86.957	23	3	0	10	32	200208	200186	0.38	28.5
Bacillus_GCA_002583865.1_spacer_17	virome_phage_2368	81.481	27	5	0	3	29	7416	7390	0.38	28.5
Bacillus_GCA_002583865.1_spacer_17	total_phage_92	81.481	27	5	0	3	29	62933	62907	0.38	28.5
Bacillus_GCA_002583865.1_spacer_17	total_phage_729	94.737	19	1	0	15	33	190023	190005	0.38	28.5
Bacillus_GCA_002583865.1_spacer_17	total_phage_524	90.476	21	2	0	14	34	16635	16615	0.38	28.5
Bacillus_GCA_002583865.1_spacer_17	total_phage_117	81.481	27	5	0	8	34	1694	1668	0.38	28.5
Bacillus_GCA_002583865.1_spacer_17	virome_phage_28	94.737	19	1	0	8	26	3190	3208	0.38	28.5
Bacillus_GCA_002583865.1_spacer_17	total_phage_3	84.000	25	4	0	10	34	34967	34991	0.38	28.5
Bacillus_GCA_002583865.1_spacer_17	total_phage_245	94.737	19	1	0	13	31	29612	29630	0.38	28.5
