Bacillus_GCF_022662675.1_spacer_0	virome_phage_828	83.333	24	4	0	4	27	18330	18353	0.76	26.9
Bacillus_GCF_022662675.1_spacer_0	virome_phage_2294	90.000	20	2	0	9	28	34446	34465	0.76	26.9
Bacillus_GCF_022662675.1_spacer_1	total_phage_730	90.000	20	2	0	5	24	39222	39203	0.94	26.9
Bacillus_GCF_022662675.1_spacer_1	total_phage_246	83.333	24	4	0	5	28	8842	8865	0.94	26.9
Bacillus_GCF_022662675.1_spacer_2	virome_phage_749	76.471	34	8	0	2	35	33306	33339	0.13	30.1
Bacillus_GCF_022662675.1_spacer_2	virome_phage_865	74.286	35	9	0	1	35	6144	6110	0.38	28.5
Bacillus_GCF_022662675.1_spacer_2	virome_phage_734	79.310	29	6	0	7	35	11188	11160	0.38	28.5
Bacillus_GCF_022662675.1_spacer_2	total_phage_92	86.957	23	3	0	9	31	83087	83065	0.38	28.5
Bacillus_GCF_022662675.1_spacer_2	total_phage_293	84.000	25	4	0	3	27	11781	11757	0.38	28.5
Bacillus_GCF_022662675.1_spacer_2	virome_phage_817	81.481	27	5	0	7	33	59	85	0.38	28.5
Bacillus_GCF_022662675.1_spacer_2	virome_phage_817	81.481	27	5	0	7	33	38301	38327	0.38	28.5
Bacillus_GCF_022662675.1_spacer_2	virome_phage_798	84.000	25	4	0	1	25	33882	33906	0.38	28.5
Bacillus_GCF_022662675.1_spacer_2	virome_phage_776	86.957	23	3	0	13	35	21631	21653	0.38	28.5
Bacillus_GCF_022662675.1_spacer_2	virome_phage_751	77.419	31	7	0	1	31	33380	33410	0.38	28.5
Bacillus_GCF_022662675.1_spacer_2	total_phage_413	90.476	21	2	0	10	30	43003	43023	0.38	28.5
Bacillus_GCF_022662675.1_spacer_2	total_phage_113	84.000	25	4	0	1	25	27300	27324	0.38	28.5
Bacillus_GCF_022662675.1_spacer_3	virome_phage_112	100.000	18	0	0	14	31	7224	7207	0.10	30.1
Bacillus_GCF_022662675.1_spacer_3	total_phage_369	79.310	29	6	0	3	31	23794	23766	0.31	28.5
Bacillus_GCF_022662675.1_spacer_3	total_phage_307	75.758	33	8	0	1	33	11078	11110	0.31	28.5
Bacillus_GCF_022662675.1_spacer_3	virome_phage_913	86.364	22	3	0	9	30	20614	20593	0.94	26.9
Bacillus_GCF_022662675.1_spacer_3	virome_phage_2322	86.364	22	3	0	1	22	29863	29842	0.94	26.9
Bacillus_GCF_022662675.1_spacer_3	virome_phage_2254	86.364	22	3	0	12	33	21939	21918	0.94	26.9
Bacillus_GCF_022662675.1_spacer_3	virome_phage_2238	86.364	22	3	0	12	33	3455	3434	0.94	26.9
Bacillus_GCF_022662675.1_spacer_3	total_phage_524	75.000	32	8	0	3	34	15112	15081	0.94	26.9
Bacillus_GCF_022662675.1_spacer_3	total_phage_446	86.364	22	3	0	9	30	725	704	0.94	26.9
Bacillus_GCF_022662675.1_spacer_3	virome_phage_739	76.667	30	7	0	4	33	100920	100949	0.94	26.9
Bacillus_GCF_022662675.1_spacer_4	total_phage_796	90.909	22	2	0	19	40	29550	29571	0.25	30.1
Bacillus_GCF_022662675.1_spacer_4	total_phage_360	90.909	22	2	0	19	40	30739	30760	0.25	30.1
Bacillus_GCF_022662675.1_spacer_4	total_phage_293	90.909	22	2	0	19	40	31521	31542	0.25	30.1
Bacillus_GCF_022662675.1_spacer_4	total_phage_114	90.909	22	2	0	19	40	27734	27755	0.25	30.1
Bacillus_GCF_022662675.1_spacer_4	virome_phage_88	90.909	22	2	0	19	40	26210	26189	0.25	30.1
Bacillus_GCF_022662675.1_spacer_4	virome_phage_800	90.909	22	2	0	19	40	25287	25266	0.25	30.1
Bacillus_GCF_022662675.1_spacer_4	virome_phage_2360	90.909	22	2	0	19	40	8523	8502	0.25	30.1
Bacillus_GCF_022662675.1_spacer_4	total_phage_798	90.909	22	2	0	19	40	7153	7132	0.25	30.1
Bacillus_GCF_022662675.1_spacer_4	total_phage_245	90.909	22	2	0	19	40	3315	3294	0.25	30.1
Bacillus_GCF_022662675.1_spacer_4	virome_phage_742	94.737	19	1	0	25	43	78105	78123	0.76	28.5
Bacillus_GCF_022662675.1_spacer_4	virome_phage_10	86.957	23	3	0	17	39	86714	86736	0.76	28.5
Bacillus_GCF_022662675.1_spacer_4	total_phage_248	90.476	21	2	0	19	39	14778	14798	0.76	28.5
Bacillus_GCF_022662675.1_spacer_4	total_phage_231	100.000	17	0	0	18	34	95012	95028	0.76	28.5
Bacillus_GCF_022662675.1_spacer_4	total_phage_739	90.476	21	2	0	20	40	12647	12627	0.76	28.5
Bacillus_GCF_022662675.1_spacer_4	total_phage_738	90.476	21	2	0	20	40	7020	7000	0.76	28.5
Bacillus_GCF_022662675.1_spacer_6	virome_phage_62	90.476	21	2	0	15	35	28125	28105	0.76	28.5
Bacillus_GCF_022662675.1_spacer_6	total_phage_783	79.310	29	6	0	3	31	26806	26778	0.76	28.5
Bacillus_GCF_022662675.1_spacer_6	total_phage_363	71.795	39	11	0	2	40	4739	4777	0.76	28.5
Bacillus_GCF_022662675.1_spacer_6	total_phage_18	81.481	27	5	0	17	43	12464	12438	0.76	28.5
Bacillus_GCF_022662675.1_spacer_7	virome_phage_748	81.481	27	5	0	6	32	16050	16076	0.76	28.5
Bacillus_GCF_022662675.1_spacer_8	virome_phage_2407	88.000	25	3	0	9	33	6186	6210	0.077	31.7
Bacillus_GCF_022662675.1_spacer_8	virome_phage_2301	85.185	27	4	0	8	34	474	448	0.077	31.7
Bacillus_GCF_022662675.1_spacer_8	total_phage_413	87.500	24	3	0	19	42	74421	74444	0.23	30.1
Bacillus_GCF_022662675.1_spacer_8	virome_phage_116	90.909	22	2	0	4	25	17717	17696	0.23	30.1
Bacillus_GCF_022662675.1_spacer_8	virome_phage_885	86.957	23	3	0	20	42	27542	27564	0.69	28.5
Bacillus_GCF_022662675.1_spacer_8	virome_phage_771	81.481	27	5	0	12	38	4069	4095	0.69	28.5
Bacillus_GCF_022662675.1_spacer_8	virome_phage_2308	86.957	23	3	0	1	23	25164	25186	0.69	28.5
Bacillus_GCF_022662675.1_spacer_8	total_phage_803	77.419	31	7	0	1	31	17330	17360	0.69	28.5
Bacillus_GCF_022662675.1_spacer_8	total_phage_179	86.957	23	3	0	20	42	8906	8928	0.69	28.5
Bacillus_GCF_022662675.1_spacer_8	virome_phage_70	90.476	21	2	0	10	30	20834	20814	0.69	28.5
Bacillus_GCF_022662675.1_spacer_8	virome_phage_3	81.481	27	5	0	11	37	110566	110540	0.69	28.5
Bacillus_GCF_022662675.1_spacer_8	total_phage_299	86.957	23	3	0	20	42	32436	32414	0.69	28.5
