Bacillus_GCA_002109455.1_spacer_0	virome_phage_2368	85.714	28	4	0	3	30	3362	3389	0.009	33.3
Bacillus_GCA_002109455.1_spacer_0	virome_phage_2368	87.500	24	3	0	4	27	1419	1442	0.084	30.1
Bacillus_GCA_002109455.1_spacer_0	virome_phage_2368	76.667	30	7	0	1	30	2643	2672	0.76	26.9
Bacillus_GCA_002109455.1_spacer_0	virome_phage_145	85.714	28	4	0	3	30	17590	17563	0.009	33.3
Bacillus_GCA_002109455.1_spacer_0	virome_phage_145	87.500	24	3	0	4	27	19533	19510	0.084	30.1
Bacillus_GCA_002109455.1_spacer_0	virome_phage_145	76.667	30	7	0	1	30	18309	18280	0.76	26.9
Bacillus_GCA_002109455.1_spacer_0	virome_phage_2282	80.645	31	6	0	1	31	37817	37787	0.028	31.7
Bacillus_GCA_002109455.1_spacer_0	virome_phage_5	84.000	25	4	0	4	28	28749	28773	0.25	28.5
Bacillus_GCA_002109455.1_spacer_0	virome_phage_5	80.769	26	5	0	4	29	28398	28423	0.76	26.9
Bacillus_GCA_002109455.1_spacer_0	virome_phage_824	80.769	26	5	0	5	30	11795	11820	0.76	26.9
Bacillus_GCA_002109455.1_spacer_0	virome_phage_755	83.333	24	4	0	6	29	27347	27370	0.76	26.9
Bacillus_GCA_002109455.1_spacer_0	virome_phage_52	80.769	26	5	0	5	30	44200	44225	0.76	26.9
Bacillus_GCA_002109455.1_spacer_0	virome_phage_52	78.571	28	6	0	4	31	44424	44451	0.76	26.9
Bacillus_GCA_002109455.1_spacer_0	virome_phage_2295	90.000	20	2	0	5	24	24104	24123	0.76	26.9
Bacillus_GCA_002109455.1_spacer_1	virome_phage_11	88.000	25	3	0	4	28	99939	99963	0.028	31.7
Bacillus_GCA_002109455.1_spacer_1	virome_phage_14	100.000	16	0	0	13	28	31483	31498	0.76	26.9
Bacillus_GCA_002109455.1_spacer_2	virome_phage_2368	78.571	28	6	0	4	31	1053	1080	0.76	26.9
Bacillus_GCA_002109455.1_spacer_2	virome_phage_191	80.769	26	5	0	3	28	43	18	0.76	26.9
Bacillus_GCA_002109455.1_spacer_2	virome_phage_145	80.769	26	5	0	3	28	5465	5440	0.76	26.9
Bacillus_GCA_002109455.1_spacer_2	virome_phage_1	80.769	26	5	0	3	28	220650	220625	0.76	26.9
Bacillus_GCA_002109455.1_spacer_3	virome_phage_2368	72.000	50	14	0	3	52	3362	3411	0.007	36.5
Bacillus_GCA_002109455.1_spacer_3	virome_phage_145	70.000	50	15	0	3	52	17590	17541	0.061	33.3
Bacillus_GCA_002109455.1_spacer_3	virome_phage_824	72.727	44	12	0	14	57	11768	11811	0.061	33.3
Bacillus_GCA_002109455.1_spacer_3	total_phage_500	80.645	31	6	0	21	51	27363	27333	0.18	31.7
Bacillus_GCA_002109455.1_spacer_3	virome_phage_2254	80.645	31	6	0	21	51	99148	99178	0.18	31.7
Bacillus_GCA_002109455.1_spacer_3	virome_phage_2238	80.645	31	6	0	21	51	80594	80624	0.18	31.7
Bacillus_GCA_002109455.1_spacer_3	virome_phage_914	82.143	28	5	0	4	31	22106	22079	0.55	30.1
Bacillus_GCA_002109455.1_spacer_3	virome_phage_2313	95.000	20	1	0	5	24	14256	14275	0.55	30.1
