Bacillus_GCF_918180175.1_spacer_0	virome_phage_2424	74.000	50	13	0	14	63	9968	10017	8.64e-04	39.6
Bacillus_GCF_918180175.1_spacer_0	virome_phage_239	74.000	50	13	0	14	63	8080	8129	8.64e-04	39.6
Bacillus_GCF_918180175.1_spacer_0	virome_phage_2260	69.811	53	16	0	11	63	15498	15550	0.023	34.9
Bacillus_GCF_918180175.1_spacer_0	virome_phage_9	76.316	38	9	0	24	61	93835	93872	0.070	33.3
Bacillus_GCF_918180175.1_spacer_0	virome_phage_745	72.093	43	12	0	21	63	27760	27802	0.21	31.7
Bacillus_GCF_918180175.1_spacer_0	total_phage_106	88.000	25	3	0	39	63	31752	31776	0.21	31.7
Bacillus_GCF_918180175.1_spacer_0	virome_phage_795	69.388	49	15	0	10	58	21410	21362	0.21	31.7
Bacillus_GCF_918180175.1_spacer_0	virome_phage_57	78.788	33	7	0	5	37	4986	4954	0.21	31.7
Bacillus_GCF_918180175.1_spacer_0	total_phage_734	82.143	28	5	0	13	40	29027	29054	0.63	30.1
Bacillus_GCF_918180175.1_spacer_0	virome_phage_11	80.000	30	6	0	15	44	96058	96029	0.63	30.1
Bacillus_GCF_918180175.1_spacer_0	total_phage_737	82.143	28	5	0	35	62	12194	12167	0.63	30.1
Bacillus_GCF_918180175.1_spacer_1	total_phage_106	88.000	25	3	0	21	45	31752	31776	0.098	31.7
Bacillus_GCF_918180175.1_spacer_1	virome_phage_9	80.000	30	6	0	14	43	93843	93872	0.29	30.1
Bacillus_GCF_918180175.1_spacer_1	total_phage_737	82.143	28	5	0	17	44	12194	12167	0.29	30.1
Bacillus_GCF_918180175.1_spacer_1	virome_phage_2322	72.973	37	10	0	6	42	32253	32289	0.88	28.5
Bacillus_GCF_918180175.1_spacer_2	virome_phage_1813	73.333	45	12	0	11	55	5975	6019	0.019	34.9
Bacillus_GCF_918180175.1_spacer_2	virome_phage_1770	73.333	45	12	0	11	55	5209	5253	0.019	34.9
Bacillus_GCF_918180175.1_spacer_2	virome_phage_1770	71.111	45	13	0	11	55	5239	5283	0.17	31.7
Bacillus_GCF_918180175.1_spacer_2	virome_phage_2259	73.810	42	11	0	14	55	15676	15717	0.058	33.3
Bacillus_GCF_918180175.1_spacer_2	virome_phage_767	72.093	43	12	0	6	48	28851	28809	0.17	31.7
Bacillus_GCF_918180175.1_spacer_2	virome_phage_2254	91.304	23	2	0	28	50	64761	64783	0.17	31.7
Bacillus_GCF_918180175.1_spacer_2	virome_phage_2254	75.000	36	9	0	22	57	127666	127631	0.52	30.1
Bacillus_GCF_918180175.1_spacer_2	virome_phage_2238	91.304	23	2	0	28	50	46275	46297	0.17	31.7
Bacillus_GCF_918180175.1_spacer_2	total_phage_500	91.304	23	2	0	28	50	61682	61660	0.17	31.7
Bacillus_GCF_918180175.1_spacer_2	total_phage_413	80.645	31	6	0	19	49	113696	113666	0.17	31.7
Bacillus_GCF_918180175.1_spacer_2	virome_phage_851	80.000	30	6	0	8	37	25823	25794	0.52	30.1
Bacillus_GCF_918180175.1_spacer_2	virome_phage_825	73.684	38	10	0	11	48	2298	2335	0.52	30.1
Bacillus_GCF_918180175.1_spacer_2	virome_phage_745	82.143	28	5	0	21	48	27760	27787	0.52	30.1
Bacillus_GCF_918180175.1_spacer_2	virome_phage_745	75.000	36	9	0	14	49	34718	34753	0.52	30.1
Bacillus_GCF_918180175.1_spacer_2	virome_phage_739	80.000	30	6	0	4	33	97625	97596	0.52	30.1
Bacillus_GCF_918180175.1_spacer_2	virome_phage_2243	69.565	46	14	0	11	56	1745	1700	0.52	30.1
Bacillus_GCF_918180175.1_spacer_2	virome_phage_2237	69.565	46	14	0	11	56	16040	16085	0.52	30.1
Bacillus_GCF_918180175.1_spacer_2	total_phage_644	69.565	46	14	0	11	56	1634	1589	0.52	30.1
Bacillus_GCF_918180175.1_spacer_2	total_phage_487	69.565	46	14	0	11	56	271	226	0.52	30.1
Bacillus_GCF_918180175.1_spacer_2	total_phage_453	87.500	24	3	0	26	49	21032	21009	0.52	30.1
Bacillus_GCF_918180175.1_spacer_3	virome_phage_734	95.455	22	1	0	29	50	100428	100407	0.044	33.3
Bacillus_GCF_918180175.1_spacer_3	virome_phage_734	91.667	24	2	0	9	32	195706	195683	0.044	33.3
Bacillus_GCF_918180175.1_spacer_3	total_phage_666	77.143	35	8	0	15	49	8281	8315	0.13	31.7
Bacillus_GCF_918180175.1_spacer_3	total_phage_639	77.143	35	8	0	15	49	15740	15706	0.13	31.7
Bacillus_GCF_918180175.1_spacer_3	virome_phage_745	84.615	26	4	0	26	51	36899	36924	0.40	30.1
Bacillus_GCF_918180175.1_spacer_3	virome_phage_10	78.125	32	7	0	12	43	68242	68273	0.40	30.1
Bacillus_GCF_918180175.1_spacer_3	total_phage_730	78.125	32	7	0	12	43	118486	118455	0.40	30.1
Bacillus_GCF_918180175.1_spacer_3	total_phage_479	80.000	30	6	0	21	50	7402	7373	0.40	30.1
