Bacillus_GCA_002998315.1_spacer_0	virome_phage_35	90.000	20	2	0	14	33	6838	6819	0.94	26.9
Bacillus_GCA_002998315.1_spacer_0	virome_phage_2291	78.571	28	6	0	7	34	7881	7854	0.94	26.9
Bacillus_GCA_002998315.1_spacer_1	virome_phage_2292	90.476	21	2	0	4	24	24749	24729	0.31	28.5
Bacillus_GCA_002998315.1_spacer_1	virome_phage_2243	90.000	20	2	0	8	27	4547	4528	0.94	26.9
Bacillus_GCA_002998315.1_spacer_1	virome_phage_2237	90.000	20	2	0	8	27	13238	13257	0.94	26.9
Bacillus_GCA_002998315.1_spacer_1	total_phage_92	90.000	20	2	0	12	31	107675	107694	0.94	26.9
Bacillus_GCA_002998315.1_spacer_1	total_phage_644	90.000	20	2	0	8	27	4436	4417	0.94	26.9
Bacillus_GCA_002998315.1_spacer_1	total_phage_487	90.000	20	2	0	8	27	3073	3054	0.94	26.9
Bacillus_GCA_002998315.1_spacer_2	virome_phage_764	75.000	32	8	0	2	33	8974	9005	0.76	26.9
Bacillus_GCA_002998315.1_spacer_2	virome_phage_734	76.667	30	7	0	4	33	32039	32068	0.76	26.9
Bacillus_GCA_002998315.1_spacer_2	total_phage_799	76.667	30	7	0	4	33	1884	1913	0.76	26.9
Bacillus_GCA_002998315.1_spacer_2	virome_phage_3	80.769	26	5	0	1	26	27682	27657	0.76	26.9
Bacillus_GCA_002998315.1_spacer_2	total_phage_663	86.364	22	3	0	4	25	1194	1173	0.76	26.9
Bacillus_GCA_002998315.1_spacer_2	total_phage_413	94.444	18	1	0	16	33	76529	76512	0.76	26.9
Bacillus_GCA_002998315.1_spacer_5	virome_phage_857	90.476	21	2	0	13	33	16601	16581	0.25	28.5
Bacillus_GCA_002998315.1_spacer_5	virome_phage_734	80.769	26	5	0	3	28	19192	19217	0.76	26.9
Bacillus_GCA_002998315.1_spacer_6	total_phage_231	82.143	28	5	0	2	29	106281	106308	0.10	30.1
Bacillus_GCA_002998315.1_spacer_6	virome_phage_908	94.737	19	1	0	12	30	771	753	0.31	28.5
Bacillus_GCA_002998315.1_spacer_6	virome_phage_2329	100.000	17	0	0	14	30	6862	6878	0.31	28.5
Bacillus_GCA_002998315.1_spacer_6	virome_phage_2272	90.476	21	2	0	7	27	56543	56563	0.31	28.5
Bacillus_GCA_002998315.1_spacer_6	total_phage_1	100.000	17	0	0	14	30	16077	16061	0.31	28.5
Bacillus_GCA_002998315.1_spacer_6	virome_phage_839	76.667	30	7	0	1	30	8161	8132	0.94	26.9
Bacillus_GCA_002998315.1_spacer_6	virome_phage_798	78.571	28	6	0	2	29	5930	5957	0.94	26.9
Bacillus_GCA_002998315.1_spacer_6	virome_phage_144	76.667	30	7	0	1	30	7431	7402	0.94	26.9
Bacillus_GCA_002998315.1_spacer_6	total_phage_362	80.769	26	5	0	9	34	31596	31621	0.94	26.9
Bacillus_GCA_002998315.1_spacer_6	total_phage_361	80.769	26	5	0	9	34	1816	1841	0.94	26.9
Bacillus_GCA_002998315.1_spacer_6	total_phage_175	80.769	26	5	0	9	34	15975	15950	0.94	26.9
Bacillus_GCA_002998315.1_spacer_6	total_phage_113	78.571	28	6	0	2	29	40487	40514	0.94	26.9
Bacillus_GCA_002998315.1_spacer_7	virome_phage_736	78.125	32	7	0	3	34	157072	157041	0.10	30.1
Bacillus_GCA_002998315.1_spacer_7	virome_phage_58	76.471	34	8	0	1	34	38526	38559	0.10	30.1
Bacillus_GCA_002998315.1_spacer_7	virome_phage_9	79.310	29	6	0	1	29	9854	9826	0.31	28.5
Bacillus_GCA_002998315.1_spacer_7	virome_phage_2272	79.310	29	6	0	6	34	55840	55812	0.31	28.5
Bacillus_GCA_002998315.1_spacer_7	virome_phage_857	86.364	22	3	0	6	27	23165	23186	0.94	26.9
Bacillus_GCA_002998315.1_spacer_7	virome_phage_79	76.667	30	7	0	1	30	18656	18627	0.94	26.9
Bacillus_GCA_002998315.1_spacer_7	virome_phage_741	90.000	20	2	0	4	23	66317	66298	0.94	26.9
Bacillus_GCA_002998315.1_spacer_7	virome_phage_2313	94.444	18	1	0	1	18	14077	14060	0.94	26.9
Bacillus_GCA_002998315.1_spacer_7	virome_phage_2292	90.000	20	2	0	12	31	37585	37566	0.94	26.9
Bacillus_GCA_002998315.1_spacer_7	virome_phage_2288	76.667	30	7	0	1	30	13521	13550	0.94	26.9
Bacillus_GCA_002998315.1_spacer_7	virome_phage_16	73.529	34	9	0	1	34	42982	42949	0.94	26.9
Bacillus_GCA_002998315.1_spacer_7	virome_phage_10	83.333	24	4	0	11	34	93359	93336	0.94	26.9
Bacillus_GCA_002998315.1_spacer_7	total_phage_730	83.333	24	4	0	11	34	93349	93372	0.94	26.9
Bacillus_GCA_002998315.1_spacer_7	total_phage_729	100.000	16	0	0	16	31	51643	51628	0.94	26.9
Bacillus_GCA_002998315.1_spacer_7	total_phage_524	86.364	22	3	0	3	24	17968	17947	0.94	26.9
Bacillus_GCA_002998315.1_spacer_7	total_phage_413	80.769	26	5	0	6	31	77913	77938	0.94	26.9
Bacillus_GCA_002998315.1_spacer_7	total_phage_366	90.000	20	2	0	11	30	20220	20201	0.94	26.9
Bacillus_GCA_002998315.1_spacer_7	total_phage_364	83.333	24	4	0	10	33	16629	16606	0.94	26.9
