Bacillus_GCF_000746925.1_spacer_0	virome_phage_88	90.909	22	2	0	14	35	421	400	0.13	30.1
Bacillus_GCF_000746925.1_spacer_0	virome_phage_800	90.909	22	2	0	14	35	40550	40529	0.13	30.1
Bacillus_GCF_000746925.1_spacer_0	virome_phage_749	87.500	24	3	0	3	26	8158	8135	0.13	30.1
Bacillus_GCF_000746925.1_spacer_0	total_phage_364	78.125	32	7	0	5	36	6358	6327	0.13	30.1
Bacillus_GCF_000746925.1_spacer_0	total_phage_796	90.909	22	2	0	14	35	14287	14308	0.13	30.1
Bacillus_GCF_000746925.1_spacer_0	virome_phage_891	79.310	29	6	0	1	29	12654	12626	0.38	28.5
Bacillus_GCF_000746925.1_spacer_0	total_phage_188	90.476	21	2	0	15	35	29105	29085	0.38	28.5
Bacillus_GCF_000746925.1_spacer_0	virome_phage_2913	90.476	21	2	0	4	24	2012	2032	0.38	28.5
Bacillus_GCF_000746925.1_spacer_0	total_phage_733	79.310	29	6	0	1	29	13125	13153	0.38	28.5
Bacillus_GCF_000746925.1_spacer_0	total_phage_293	90.476	21	2	0	15	35	14491	14511	0.38	28.5
Bacillus_GCF_000746925.1_spacer_0	total_phage_189	79.310	29	6	0	1	29	11098	11126	0.38	28.5
Bacillus_GCF_000746925.1_spacer_1	virome_phage_742	80.645	31	6	0	2	32	1226	1256	0.042	31.7
Bacillus_GCF_000746925.1_spacer_1	virome_phage_828	86.957	23	3	0	7	29	9995	9973	0.38	28.5
Bacillus_GCF_000746925.1_spacer_1	virome_phage_778	86.957	23	3	0	7	29	36222	36200	0.38	28.5
Bacillus_GCF_000746925.1_spacer_1	virome_phage_748	77.419	31	7	0	3	33	26037	26007	0.38	28.5
Bacillus_GCF_000746925.1_spacer_1	virome_phage_734	81.481	27	5	0	6	32	158015	157989	0.38	28.5
Bacillus_GCF_000746925.1_spacer_2	virome_phage_748	87.500	24	3	0	3	26	56305	56282	0.15	30.1
Bacillus_GCF_000746925.1_spacer_2	virome_phage_15	81.481	27	5	0	1	27	42332	42306	0.44	28.5
Bacillus_GCF_000746925.1_spacer_2	total_phage_730	94.737	19	1	0	1	19	120860	120842	0.44	28.5
Bacillus_GCF_000746925.1_spacer_2	virome_phage_798	79.310	29	6	0	1	29	8128	8156	0.44	28.5
Bacillus_GCF_000746925.1_spacer_2	virome_phage_10	94.737	19	1	0	1	19	65868	65886	0.44	28.5
Bacillus_GCF_000746925.1_spacer_2	total_phage_113	79.310	29	6	0	1	29	42686	42714	0.44	28.5
Bacillus_GCF_000746925.1_spacer_3	total_phage_297	78.125	32	7	0	1	32	7056	7025	0.15	30.1
Bacillus_GCF_000746925.1_spacer_3	virome_phage_776	90.476	21	2	0	7	27	29191	29171	0.44	28.5
Bacillus_GCF_000746925.1_spacer_4	virome_phage_38	77.143	35	8	0	1	35	16525	16559	0.042	31.7
Bacillus_GCF_000746925.1_spacer_4	virome_phage_37	90.476	21	2	0	2	22	34305	34325	0.38	28.5
Bacillus_GCF_000746925.1_spacer_5	virome_phage_734	88.462	26	3	0	9	34	257087	257112	0.016	33.3
Bacillus_GCF_000746925.1_spacer_5	virome_phage_734	95.000	20	1	0	14	33	12558	12577	0.15	30.1
Bacillus_GCF_000746925.1_spacer_5	virome_phage_734	84.000	25	4	0	7	31	327802	327826	0.44	28.5
Bacillus_GCF_000746925.1_spacer_5	total_phage_730	79.412	34	7	0	1	34	41510	41543	0.016	33.3
Bacillus_GCF_000746925.1_spacer_5	total_phage_725	81.250	32	6	0	3	34	10159	10190	0.016	33.3
Bacillus_GCF_000746925.1_spacer_5	virome_phage_798	79.412	34	7	0	4	37	21325	21292	0.016	33.3
Bacillus_GCF_000746925.1_spacer_5	total_phage_306	81.250	32	6	0	1	32	8024	7993	0.016	33.3
Bacillus_GCF_000746925.1_spacer_5	total_phage_113	79.412	34	7	0	4	37	14743	14710	0.016	33.3
Bacillus_GCF_000746925.1_spacer_5	total_phage_363	80.645	31	6	0	6	36	2840	2870	0.049	31.7
Bacillus_GCF_000746925.1_spacer_5	virome_phage_738	76.471	34	8	0	1	34	71271	71304	0.15	30.1
Bacillus_GCF_000746925.1_spacer_5	virome_phage_738	90.476	21	2	0	8	28	71791	71811	0.44	28.5
Bacillus_GCF_000746925.1_spacer_5	total_phage_417	76.471	34	8	0	1	34	32009	32042	0.15	30.1
Bacillus_GCF_000746925.1_spacer_5	total_phage_795	76.471	34	8	0	4	37	10938	10905	0.15	30.1
Bacillus_GCF_000746925.1_spacer_5	virome_phage_746	75.758	33	8	0	3	35	29479	29511	0.44	28.5
Bacillus_GCF_000746925.1_spacer_5	virome_phage_736	90.476	21	2	0	8	28	62110	62130	0.44	28.5
Bacillus_GCF_000746925.1_spacer_5	virome_phage_2407	79.310	29	6	0	1	29	5202	5230	0.44	28.5
Bacillus_GCF_000746925.1_spacer_5	virome_phage_2269	75.758	33	8	0	4	36	143614	143646	0.44	28.5
Bacillus_GCF_000746925.1_spacer_5	virome_phage_2269	84.000	25	4	0	7	31	18315	18291	0.44	28.5
Bacillus_GCF_000746925.1_spacer_5	virome_phage_2237	86.957	23	3	0	1	23	1734	1756	0.44	28.5
Bacillus_GCF_000746925.1_spacer_5	virome_phage_1117	74.286	35	9	0	1	35	7241	7275	0.44	28.5
Bacillus_GCF_000746925.1_spacer_5	virome_phage_1	100.000	17	0	0	4	20	215342	215358	0.44	28.5
Bacillus_GCF_000746925.1_spacer_5	virome_phage_764	94.737	19	1	0	1	19	10164	10146	0.44	28.5
Bacillus_GCF_000746925.1_spacer_5	virome_phage_2243	86.957	23	3	0	1	23	16051	16029	0.44	28.5
Bacillus_GCF_000746925.1_spacer_5	total_phage_644	86.957	23	3	0	1	23	15940	15918	0.44	28.5
Bacillus_GCF_000746925.1_spacer_6	total_phage_362	80.645	31	6	0	1	31	12631	12661	0.042	31.7
Bacillus_GCF_000746925.1_spacer_6	virome_phage_890	74.286	35	9	0	1	35	17192	17158	0.38	28.5
Bacillus_GCF_000746925.1_spacer_6	virome_phage_742	94.737	19	1	0	4	22	65124	65142	0.38	28.5
Bacillus_GCF_000746925.1_spacer_6	virome_phage_736	84.000	25	4	0	6	30	102090	102114	0.38	28.5
Bacillus_GCF_000746925.1_spacer_6	virome_phage_65	74.286	35	9	0	1	35	23270	23304	0.38	28.5
Bacillus_GCF_000746925.1_spacer_6	virome_phage_1	84.000	25	4	0	8	32	7301	7277	0.38	28.5
Bacillus_GCF_000746925.1_spacer_6	total_phage_102	81.481	27	5	0	1	27	35595	35569	0.38	28.5
Bacillus_GCF_000746925.1_spacer_7	virome_phage_62	83.871	31	5	0	1	31	35250	35220	0.005	34.9
Bacillus_GCF_000746925.1_spacer_7	total_phage_414	85.714	28	4	0	2	29	40375	40348	0.016	33.3
Bacillus_GCF_000746925.1_spacer_7	virome_phage_824	85.185	27	4	0	2	28	10028	10054	0.049	31.7
Bacillus_GCF_000746925.1_spacer_7	total_phage_360	82.143	28	5	0	5	32	4149	4176	0.15	30.1
Bacillus_GCF_000746925.1_spacer_7	virome_phage_885	80.000	30	6	0	5	34	10415	10386	0.15	30.1
Bacillus_GCF_000746925.1_spacer_7	virome_phage_736	80.000	30	6	0	5	34	105604	105575	0.15	30.1
Bacillus_GCF_000746925.1_spacer_7	virome_phage_2270	80.000	30	6	0	3	32	136647	136618	0.15	30.1
Bacillus_GCF_000746925.1_spacer_7	virome_phage_201	78.125	32	7	0	1	32	8271	8240	0.15	30.1
Bacillus_GCF_000746925.1_spacer_7	total_phage_743	78.125	32	7	0	1	32	8412	8381	0.15	30.1
Bacillus_GCF_000746925.1_spacer_8	virome_phage_843	79.310	29	6	0	3	31	31674	31702	0.38	28.5
Bacillus_GCF_000746925.1_spacer_8	virome_phage_1	100.000	17	0	0	5	21	130061	130077	0.38	28.5
Bacillus_GCF_000746925.1_spacer_10	virome_phage_1117	88.462	26	3	0	1	26	9195	9220	0.014	33.3
Bacillus_GCF_000746925.1_spacer_10	virome_phage_2254	80.645	31	6	0	1	31	88739	88769	0.042	31.7
Bacillus_GCF_000746925.1_spacer_10	virome_phage_2254	86.957	23	3	0	1	23	114647	114625	0.38	28.5
Bacillus_GCF_000746925.1_spacer_10	virome_phage_787	78.125	32	7	0	4	35	11238	11269	0.13	30.1
Bacillus_GCF_000746925.1_spacer_10	total_phage_189	84.615	26	4	0	1	26	37009	37034	0.13	30.1
Bacillus_GCF_000746925.1_spacer_10	virome_phage_865	95.000	20	1	0	6	25	11510	11491	0.13	30.1
Bacillus_GCF_000746925.1_spacer_10	virome_phage_993	79.310	29	6	0	4	32	11401	11429	0.38	28.5
Bacillus_GCF_000746925.1_spacer_10	virome_phage_825	84.000	25	4	0	9	33	10508	10532	0.38	28.5
Bacillus_GCF_000746925.1_spacer_10	virome_phage_2238	77.419	31	7	0	1	31	70257	70287	0.38	28.5
Bacillus_GCF_000746925.1_spacer_10	virome_phage_1668	84.000	25	4	0	11	35	1296	1320	0.38	28.5
Bacillus_GCF_000746925.1_spacer_10	virome_phage_1004	81.481	27	5	0	2	28	11240	11266	0.38	28.5
Bacillus_GCF_000746925.1_spacer_10	total_phage_500	86.957	23	3	0	1	23	12049	12071	0.38	28.5
Bacillus_GCF_000746925.1_spacer_10	total_phage_500	77.419	31	7	0	1	31	37700	37670	0.38	28.5
Bacillus_GCF_000746925.1_spacer_10	virome_phage_844	86.957	23	3	0	2	24	20981	20959	0.38	28.5
Bacillus_GCF_000746925.1_spacer_10	virome_phage_734	75.758	33	8	0	3	35	59916	59884	0.38	28.5
Bacillus_GCF_000746925.1_spacer_11	virome_phage_844	83.333	30	5	0	2	31	10660	10631	0.016	33.3
Bacillus_GCF_000746925.1_spacer_11	virome_phage_2333	90.476	21	2	0	16	36	23894	23914	0.44	28.5
Bacillus_GCF_000746925.1_spacer_11	total_phage_731	86.957	23	3	0	1	23	125749	125727	0.44	28.5
Bacillus_GCF_000746925.1_spacer_12	virome_phage_766	77.419	31	7	0	6	36	34066	34036	0.38	28.5
Bacillus_GCF_000746925.1_spacer_13	virome_phage_10	92.000	25	2	0	1	25	111505	111481	0.005	34.9
Bacillus_GCF_000746925.1_spacer_13	total_phage_730	92.000	25	2	0	1	25	74785	74809	0.005	34.9
Bacillus_GCF_000746925.1_spacer_13	virome_phage_1565	79.412	34	7	0	4	37	2795	2762	0.016	33.3
Bacillus_GCF_000746925.1_spacer_13	virome_phage_1217	79.412	34	7	0	4	37	3818	3785	0.016	33.3
Bacillus_GCF_000746925.1_spacer_13	virome_phage_745	84.615	26	4	0	3	28	31861	31886	0.15	30.1
Bacillus_GCF_000746925.1_spacer_13	virome_phage_736	87.500	24	3	0	9	32	14522	14545	0.15	30.1
Bacillus_GCF_000746925.1_spacer_13	total_phage_413	84.615	26	4	0	5	30	112733	112708	0.15	30.1
Bacillus_GCF_000746925.1_spacer_13	virome_phage_826	77.419	31	7	0	1	31	34533	34503	0.44	28.5
Bacillus_GCF_000746925.1_spacer_14	virome_phage_792	100.000	17	0	0	13	29	223	207	0.38	28.5
Bacillus_GCF_000746925.1_spacer_14	virome_phage_2342	79.310	29	6	0	1	29	3474	3446	0.38	28.5
Bacillus_GCF_000746925.1_spacer_14	virome_phage_16	100.000	17	0	0	3	19	7765	7749	0.38	28.5
Bacillus_GCF_000746925.1_spacer_15	virome_phage_914	85.185	27	4	0	1	27	11862	11888	0.042	31.7
Bacillus_GCF_000746925.1_spacer_15	virome_phage_1565	81.481	27	5	0	7	33	1255	1281	0.38	28.5
Bacillus_GCF_000746925.1_spacer_15	virome_phage_1217	81.481	27	5	0	7	33	2278	2304	0.38	28.5
Bacillus_GCF_000746925.1_spacer_16	virome_phage_754	81.250	32	6	0	5	36	48648	48679	0.014	33.3
Bacillus_GCF_000746925.1_spacer_16	virome_phage_932	76.471	34	8	0	3	36	1906	1939	0.13	30.1
Bacillus_GCF_000746925.1_spacer_17	virome_phage_839	86.957	23	3	0	15	37	18369	18391	0.44	28.5
Bacillus_GCF_000746925.1_spacer_17	virome_phage_3	86.957	23	3	0	8	30	81748	81770	0.44	28.5
Bacillus_GCF_000746925.1_spacer_17	virome_phage_2310	86.957	23	3	0	15	37	19619	19641	0.44	28.5
Bacillus_GCF_000746925.1_spacer_17	total_phage_639	84.000	25	4	0	3	27	10025	10049	0.44	28.5
Bacillus_GCF_000746925.1_spacer_17	virome_phage_785	86.957	23	3	0	15	37	25557	25535	0.44	28.5
Bacillus_GCF_000746925.1_spacer_17	total_phage_666	84.000	25	4	0	3	27	13996	13972	0.44	28.5
Bacillus_GCF_000746925.1_spacer_18	virome_phage_841	81.250	32	6	0	3	34	23889	23858	0.014	33.3
Bacillus_GCF_000746925.1_spacer_18	virome_phage_743	91.667	24	2	0	11	34	73999	74022	0.014	33.3
Bacillus_GCF_000746925.1_spacer_18	total_phage_803	78.125	32	7	0	1	32	4662	4631	0.13	30.1
Bacillus_GCF_000746925.1_spacer_18	virome_phage_748	77.419	31	7	0	1	31	6923	6893	0.38	28.5
Bacillus_GCF_000746925.1_spacer_20	virome_phage_5	90.909	22	2	0	15	36	39300	39321	0.15	30.1
Bacillus_GCF_000746925.1_spacer_20	virome_phage_145	95.000	20	1	0	9	28	9921	9902	0.15	30.1
Bacillus_GCF_000746925.1_spacer_20	virome_phage_748	94.737	19	1	0	4	22	55231	55249	0.44	28.5
Bacillus_GCF_000746925.1_spacer_20	virome_phage_2353	77.419	31	7	0	4	34	17270	17300	0.44	28.5
Bacillus_GCF_000746925.1_spacer_20	virome_phage_997	81.481	27	5	0	7	33	11903	11877	0.44	28.5
Bacillus_GCF_000746925.1_spacer_22	virome_phage_1	77.419	31	7	0	1	31	5641	5671	0.38	28.5
Bacillus_GCF_000746925.1_spacer_23	total_phage_488	88.462	26	3	0	6	31	4566	4591	0.014	33.3
Bacillus_GCF_000746925.1_spacer_23	total_phage_462	88.462	26	3	0	6	31	3127	3152	0.014	33.3
Bacillus_GCF_000746925.1_spacer_23	virome_phage_4	86.957	23	3	0	10	32	119253	119231	0.38	28.5
Bacillus_GCF_000746925.1_spacer_23	total_phage_92	84.000	25	4	0	1	25	7262	7286	0.38	28.5
Bacillus_GCF_000746925.1_spacer_24	total_phage_653	79.310	29	6	0	8	36	22622	22594	0.44	28.5
Bacillus_GCF_000746925.1_spacer_25	virome_phage_2255	100.000	17	0	0	17	33	44462	44478	0.38	28.5
Bacillus_GCF_000746925.1_spacer_26	virome_phage_844	81.481	27	5	0	9	35	27355	27381	0.38	28.5
Bacillus_GCF_000746925.1_spacer_27	total_phage_413	85.714	28	4	0	7	34	91320	91347	0.014	33.3
Bacillus_GCF_000746925.1_spacer_28	virome_phage_59	82.759	29	5	0	9	37	37916	37888	0.049	31.7
Bacillus_GCF_000746925.1_spacer_28	virome_phage_736	75.758	33	8	0	4	36	99772	99740	0.44	28.5
Bacillus_GCF_000746925.1_spacer_28	total_phage_175	84.000	25	4	0	12	36	25106	25130	0.44	28.5
