Bacillus_GCA_018916645.1_spacer_0	virome_phage_83	86.364	22	3	0	7	28	7106	7127	0.76	26.9
Bacillus_GCA_018916645.1_spacer_0	total_phage_925	86.364	22	3	0	7	28	16230	16209	0.76	26.9
Bacillus_GCA_018916645.1_spacer_1	virome_phage_3	75.758	33	8	0	3	35	83257	83225	0.38	28.5
Bacillus_GCA_018916645.1_spacer_2	virome_phage_812	100.000	16	0	0	9	24	22760	22775	0.94	26.9
Bacillus_GCA_018916645.1_spacer_2	total_phage_111	75.000	32	8	0	2	33	48401	48432	0.94	26.9
Bacillus_GCA_018916645.1_spacer_4	virome_phage_914	82.143	28	5	0	4	31	22321	22348	0.13	30.1
Bacillus_GCA_018916645.1_spacer_4	virome_phage_2322	84.615	26	4	0	7	32	6198	6173	0.13	30.1
Bacillus_GCA_018916645.1_spacer_4	total_phage_797	84.615	26	4	0	8	33	23810	23785	0.13	30.1
Bacillus_GCA_018916645.1_spacer_4	virome_phage_79	74.286	35	9	0	1	35	35393	35427	0.38	28.5
Bacillus_GCA_018916645.1_spacer_4	virome_phage_738	81.481	27	5	0	5	31	132045	132019	0.38	28.5
Bacillus_GCA_018916645.1_spacer_4	virome_phage_4	81.481	27	5	0	5	31	109875	109901	0.38	28.5
Bacillus_GCA_018916645.1_spacer_4	virome_phage_2254	84.000	25	4	0	1	25	130381	130405	0.38	28.5
Bacillus_GCA_018916645.1_spacer_4	total_phage_692	90.476	21	2	0	5	25	43204	43224	0.38	28.5
Bacillus_GCA_018916645.1_spacer_4	total_phage_658	90.476	21	2	0	5	25	2698	2678	0.38	28.5
Bacillus_GCA_018916645.1_spacer_4	total_phage_294	74.286	35	9	0	1	35	38328	38362	0.38	28.5
Bacillus_GCA_018916645.1_spacer_4	total_phage_242	86.957	23	3	0	8	30	7408	7386	0.38	28.5
Bacillus_GCA_018916645.1_spacer_5	virome_phage_743	81.481	27	5	0	2	28	46618	46644	0.38	28.5
Bacillus_GCA_018916645.1_spacer_7	virome_phage_745	79.310	29	6	0	3	31	73111	73083	0.31	28.5
Bacillus_GCA_018916645.1_spacer_9	total_phage_786	82.143	28	5	0	3	30	5312	5339	0.10	30.1
Bacillus_GCA_018916645.1_spacer_9	virome_phage_2388	84.000	25	4	0	5	29	602	626	0.31	28.5
Bacillus_GCA_018916645.1_spacer_9	virome_phage_786	100.000	16	0	0	4	19	23507	23492	0.94	26.9
Bacillus_GCA_018916645.1_spacer_9	virome_phage_76	90.000	20	2	0	2	21	20509	20528	0.94	26.9
Bacillus_GCA_018916645.1_spacer_10	virome_phage_1006	90.909	22	2	0	8	29	13554	13533	0.13	30.1
Bacillus_GCA_018916645.1_spacer_10	total_phage_249	76.471	34	8	0	1	34	11129	11096	0.13	30.1
Bacillus_GCA_018916645.1_spacer_10	total_phage_92	84.000	25	4	0	4	28	128205	128229	0.38	28.5
Bacillus_GCA_018916645.1_spacer_11	virome_phage_2323	84.000	25	4	0	10	34	12023	11999	0.31	28.5
Bacillus_GCA_018916645.1_spacer_11	virome_phage_2	100.000	17	0	0	18	34	66249	66233	0.31	28.5
Bacillus_GCA_018916645.1_spacer_11	virome_phage_8	83.333	24	4	0	4	27	112400	112423	0.94	26.9
Bacillus_GCA_018916645.1_spacer_11	virome_phage_875	78.571	28	6	0	1	28	25834	25807	0.94	26.9
Bacillus_GCA_018916645.1_spacer_11	virome_phage_45	90.000	20	2	0	13	32	25521	25502	0.94	26.9
Bacillus_GCA_018916645.1_spacer_11	virome_phage_3	86.364	22	3	0	10	31	942	921	0.94	26.9
Bacillus_GCA_018916645.1_spacer_12	virome_phage_913	77.419	31	7	0	1	31	2278	2248	0.38	28.5
Bacillus_GCA_018916645.1_spacer_12	virome_phage_744	90.476	21	2	0	12	32	57219	57239	0.38	28.5
Bacillus_GCA_018916645.1_spacer_13	total_phage_803	86.957	23	3	0	3	25	1841	1819	0.31	28.5
Bacillus_GCA_018916645.1_spacer_13	virome_phage_34	100.000	16	0	0	9	24	7780	7795	0.94	26.9
Bacillus_GCA_018916645.1_spacer_14	virome_phage_2280	90.909	22	2	0	4	25	21083	21062	0.084	30.1
Bacillus_GCA_018916645.1_spacer_14	virome_phage_974	86.364	22	3	0	9	30	14285	14306	0.76	26.9
Bacillus_GCA_018916645.1_spacer_14	virome_phage_841	83.333	24	4	0	10	33	4934	4957	0.76	26.9
Bacillus_GCA_018916645.1_spacer_14	virome_phage_735	94.444	18	1	0	2	19	173924	173907	0.76	26.9
Bacillus_GCA_018916645.1_spacer_15	virome_phage_2403	90.909	22	2	0	11	32	3796	3775	0.10	30.1
Bacillus_GCA_018916645.1_spacer_15	virome_phage_164	90.909	22	2	0	11	32	3923	3902	0.10	30.1
Bacillus_GCA_018916645.1_spacer_15	virome_phage_160	90.909	22	2	0	11	32	3899	3878	0.10	30.1
Bacillus_GCA_018916645.1_spacer_15	virome_phage_1032	90.909	22	2	0	11	32	10877	10898	0.10	30.1
Bacillus_GCA_018916645.1_spacer_15	virome_phage_748	86.364	22	3	0	13	34	40695	40674	0.94	26.9
Bacillus_GCA_018916645.1_spacer_15	virome_phage_856	90.000	20	2	0	5	24	1047	1066	0.94	26.9
Bacillus_GCA_018916645.1_spacer_15	virome_phage_759	90.000	20	2	0	2	21	7583	7602	0.94	26.9
Bacillus_GCA_018916645.1_spacer_16	virome_phage_744	83.333	24	4	0	11	34	79543	79520	0.94	26.9
Bacillus_GCA_018916645.1_spacer_16	total_phage_730	78.571	28	6	0	5	32	8424	8397	0.94	26.9
Bacillus_GCA_018916645.1_spacer_17	virome_phage_974	79.310	29	6	0	1	29	9472	9500	0.38	28.5
Bacillus_GCA_018916645.1_spacer_18	virome_phage_925	81.250	32	6	0	2	33	5697	5728	0.012	33.3
Bacillus_GCA_018916645.1_spacer_18	virome_phage_900	77.419	31	7	0	4	34	18287	18257	0.31	28.5
Bacillus_GCA_018916645.1_spacer_20	virome_phage_9	79.310	29	6	0	3	31	58109	58137	0.38	28.5
Bacillus_GCA_018916645.1_spacer_21	virome_phage_744	86.957	23	3	0	2	24	6775	6797	0.38	28.5
Bacillus_GCA_018916645.1_spacer_21	total_phage_524	75.758	33	8	0	4	36	29199	29167	0.38	28.5
Bacillus_GCA_018916645.1_spacer_22	total_phage_99	80.645	31	6	0	1	31	17155	17185	0.042	31.7
Bacillus_GCA_018916645.1_spacer_22	total_phage_930	80.645	31	6	0	1	31	14082	14112	0.042	31.7
Bacillus_GCA_018916645.1_spacer_22	total_phage_782	80.645	31	6	0	1	31	15591	15561	0.042	31.7
Bacillus_GCA_018916645.1_spacer_22	virome_phage_898	84.000	25	4	0	9	33	7090	7114	0.38	28.5
Bacillus_GCA_018916645.1_spacer_22	virome_phage_759	81.481	27	5	0	1	27	9863	9889	0.38	28.5
Bacillus_GCA_018916645.1_spacer_22	virome_phage_82	81.481	27	5	0	1	27	24956	24930	0.38	28.5
Bacillus_GCA_018916645.1_spacer_22	total_phage_98	79.310	29	6	0	1	29	17873	17845	0.38	28.5
Bacillus_GCA_018916645.1_spacer_23	total_phage_799	85.714	28	4	0	3	30	32402	32375	0.012	33.3
Bacillus_GCA_018916645.1_spacer_23	virome_phage_91	85.185	27	4	0	3	29	15772	15746	0.035	31.7
Bacillus_GCA_018916645.1_spacer_23	virome_phage_857	82.143	28	5	0	2	29	21024	20997	0.10	30.1
Bacillus_GCA_018916645.1_spacer_23	virome_phage_749	90.909	22	2	0	13	34	18863	18842	0.10	30.1
Bacillus_GCA_018916645.1_spacer_23	virome_phage_734	94.737	19	1	0	4	22	268467	268485	0.31	28.5
Bacillus_GCA_018916645.1_spacer_23	total_phage_231	77.419	31	7	0	3	33	17494	17524	0.31	28.5
Bacillus_GCA_018916645.1_spacer_23	virome_phage_78	81.481	27	5	0	4	30	8042	8016	0.31	28.5
Bacillus_GCA_018916645.1_spacer_23	total_phage_653	77.419	31	7	0	3	33	38159	38129	0.31	28.5
Bacillus_GCA_018916645.1_spacer_23	virome_phage_974	83.333	24	4	0	8	31	667	690	0.94	26.9
Bacillus_GCA_018916645.1_spacer_23	virome_phage_4	90.000	20	2	0	12	31	86941	86960	0.94	26.9
Bacillus_GCA_018916645.1_spacer_23	virome_phage_2424	94.444	18	1	0	13	30	15669	15686	0.94	26.9
Bacillus_GCA_018916645.1_spacer_23	virome_phage_2308	76.667	30	7	0	3	32	36590	36619	0.94	26.9
Bacillus_GCA_018916645.1_spacer_23	virome_phage_2294	80.769	26	5	0	2	27	35399	35424	0.94	26.9
Bacillus_GCA_018916645.1_spacer_23	total_phage_737	76.667	30	7	0	4	33	3092	3121	0.94	26.9
Bacillus_GCA_018916645.1_spacer_23	virome_phage_837	80.769	26	5	0	3	28	10520	10495	0.94	26.9
Bacillus_GCA_018916645.1_spacer_23	virome_phage_778	80.769	26	5	0	8	33	40450	40425	0.94	26.9
Bacillus_GCA_018916645.1_spacer_23	virome_phage_771	80.769	26	5	0	4	29	13477	13452	0.94	26.9
Bacillus_GCA_018916645.1_spacer_23	virome_phage_738	90.000	20	2	0	12	31	10227	10208	0.94	26.9
Bacillus_GCA_018916645.1_spacer_23	virome_phage_2235	100.000	16	0	0	8	23	28592	28577	0.94	26.9
Bacillus_GCA_018916645.1_spacer_23	virome_phage_123	80.769	26	5	0	3	28	12355	12330	0.94	26.9
Bacillus_GCA_018916645.1_spacer_23	total_phage_604	78.571	28	6	0	3	30	3565	3538	0.94	26.9
Bacillus_GCA_018916645.1_spacer_23	total_phage_524	78.571	28	6	0	3	30	9004	8977	0.94	26.9
Bacillus_GCA_018916645.1_spacer_24	total_phage_244	80.000	30	6	0	4	33	905	934	0.10	30.1
Bacillus_GCA_018916645.1_spacer_24	virome_phage_834	100.000	16	0	0	10	25	31291	31276	0.94	26.9
Bacillus_GCA_018916645.1_spacer_24	virome_phage_785	83.333	24	4	0	5	28	17228	17205	0.94	26.9
Bacillus_GCA_018916645.1_spacer_24	virome_phage_2335	83.333	24	4	0	5	28	9506	9483	0.94	26.9
Bacillus_GCA_018916645.1_spacer_24	virome_phage_824	86.364	22	3	0	3	24	9951	9972	0.94	26.9
Bacillus_GCA_018916645.1_spacer_25	virome_phage_761	90.476	21	2	0	12	32	44488	44468	0.38	28.5
Bacillus_GCA_018916645.1_spacer_25	virome_phage_17	81.481	27	5	0	5	31	11313	11339	0.38	28.5
Bacillus_GCA_018916645.1_spacer_26	virome_phage_875	84.000	25	4	0	5	29	17389	17413	0.44	28.5
Bacillus_GCA_018916645.1_spacer_26	virome_phage_760	84.000	25	4	0	3	27	33136	33112	0.44	28.5
Bacillus_GCA_018916645.1_spacer_27	total_phage_788	83.333	24	4	0	9	32	1972	1995	0.76	26.9
Bacillus_GCA_018916645.1_spacer_27	total_phage_739	94.444	18	1	0	8	25	25592	25575	0.76	26.9
Bacillus_GCA_018916645.1_spacer_27	total_phage_123	90.000	20	2	0	8	27	2147	2128	0.76	26.9
Bacillus_GCA_018916645.1_spacer_28	virome_phage_3	76.667	30	7	0	5	34	146250	146221	0.94	26.9
Bacillus_GCA_018916645.1_spacer_29	virome_phage_46	90.476	21	2	0	7	27	2437	2417	0.25	28.5
Bacillus_GCA_018916645.1_spacer_29	virome_phage_58	94.444	18	1	0	12	29	37643	37626	0.76	26.9
Bacillus_GCA_018916645.1_spacer_29	total_phage_692	90.000	20	2	0	14	33	11359	11340	0.76	26.9
Bacillus_GCA_018916645.1_spacer_29	virome_phage_855	90.000	20	2	0	14	33	23145	23164	0.76	26.9
Bacillus_GCA_018916645.1_spacer_29	total_phage_658	90.000	20	2	0	14	33	34543	34562	0.76	26.9
