Bacillus_GCA_002551565.1_spacer_0	virome_phage_898	77.419	31	7	0	5	35	12335	12305	0.38	28.5
Bacillus_GCA_002551565.1_spacer_1	virome_phage_825	90.909	22	2	0	7	28	23372	23351	0.15	30.1
Bacillus_GCA_002551565.1_spacer_1	virome_phage_7	79.310	29	6	0	9	37	14278	14250	0.44	28.5
Bacillus_GCA_002551565.1_spacer_1	total_phage_361	79.310	29	6	0	8	36	6972	7000	0.44	28.5
Bacillus_GCA_002551565.1_spacer_3	total_phage_730	90.476	21	2	0	9	29	88576	88596	0.31	28.5
Bacillus_GCA_002551565.1_spacer_3	virome_phage_979	78.571	28	6	0	1	28	16599	16572	0.94	26.9
Bacillus_GCA_002551565.1_spacer_3	total_phage_231	86.364	22	3	0	1	22	99329	99308	0.94	26.9
Bacillus_GCA_002551565.1_spacer_3	virome_phage_191	83.333	24	4	0	10	33	4967	4990	0.94	26.9
Bacillus_GCA_002551565.1_spacer_3	total_phage_254	83.333	24	4	0	10	33	4883	4906	0.94	26.9
Bacillus_GCA_002551565.1_spacer_4	virome_phage_2380	82.143	28	5	0	7	34	13420	13447	0.13	30.1
Bacillus_GCA_002551565.1_spacer_4	virome_phage_151	86.957	23	3	0	13	35	18879	18901	0.38	28.5
Bacillus_GCA_002551565.1_spacer_4	virome_phage_2324	86.957	23	3	0	10	32	10931	10909	0.38	28.5
Bacillus_GCA_002551565.1_spacer_4	total_phage_793	79.310	29	6	0	7	35	19513	19485	0.38	28.5
Bacillus_GCA_002551565.1_spacer_5	virome_phage_738	85.185	27	4	0	3	29	80148	80174	0.049	31.7
Bacillus_GCA_002551565.1_spacer_5	virome_phage_878	80.000	30	6	0	3	32	3184	3155	0.15	30.1
Bacillus_GCA_002551565.1_spacer_5	virome_phage_38	82.143	28	5	0	1	28	44787	44760	0.15	30.1
Bacillus_GCA_002551565.1_spacer_5	virome_phage_828	86.957	23	3	0	11	33	26138	26116	0.44	28.5
Bacillus_GCA_002551565.1_spacer_5	virome_phage_734	84.000	25	4	0	6	30	89843	89819	0.44	28.5
