Bacillus_GCF_026787635.1_spacer_0	virome_phage_1082	84.000	25	4	0	3	27	1014	1038	0.38	28.5
Bacillus_GCF_026787635.1_spacer_1	virome_phage_856	84.000	25	4	0	11	35	7871	7847	0.38	28.5
Bacillus_GCF_026787635.1_spacer_1	virome_phage_2319	86.957	23	3	0	11	33	33442	33420	0.38	28.5
Bacillus_GCF_026787635.1_spacer_2	virome_phage_48	77.143	35	8	0	1	35	3253	3219	0.042	31.7
Bacillus_GCF_026787635.1_spacer_2	virome_phage_802	84.615	26	4	0	10	35	35628	35603	0.13	30.1
Bacillus_GCF_026787635.1_spacer_3	virome_phage_2268	80.769	26	5	0	5	30	2530	2555	0.76	26.9
Bacillus_GCF_026787635.1_spacer_3	total_phage_179	86.364	22	3	0	11	32	22211	22232	0.76	26.9
Bacillus_GCF_026787635.1_spacer_3	virome_phage_2398	86.364	22	3	0	12	33	8935	8914	0.76	26.9
Bacillus_GCF_026787635.1_spacer_3	total_phage_788	86.364	22	3	0	11	32	20539	20518	0.76	26.9
Bacillus_GCF_026787635.1_spacer_4	virome_phage_46	90.476	21	2	0	7	27	2437	2417	0.25	28.5
Bacillus_GCF_026787635.1_spacer_4	virome_phage_58	94.444	18	1	0	12	29	37643	37626	0.76	26.9
Bacillus_GCF_026787635.1_spacer_4	total_phage_692	90.000	20	2	0	14	33	11359	11340	0.76	26.9
Bacillus_GCF_026787635.1_spacer_4	virome_phage_855	90.000	20	2	0	14	33	23145	23164	0.76	26.9
Bacillus_GCF_026787635.1_spacer_4	total_phage_658	90.000	20	2	0	14	33	34543	34562	0.76	26.9
