Bacillus_GCF_002559565.1_spacer_0	virome_phage_861	81.481	27	5	0	8	34	32636	32662	0.31	28.5
Bacillus_GCF_002559565.1_spacer_0	virome_phage_739	86.957	23	3	0	9	31	26160	26182	0.31	28.5
Bacillus_GCF_002559565.1_spacer_0	total_phage_293	81.481	27	5	0	6	32	26453	26479	0.31	28.5
Bacillus_GCF_002559565.1_spacer_0	virome_phage_2324	90.000	20	2	0	7	26	28512	28531	0.94	26.9
Bacillus_GCF_002559565.1_spacer_0	virome_phage_1082	78.571	28	6	0	1	28	10686	10713	0.94	26.9
Bacillus_GCF_002559565.1_spacer_0	total_phage_416	90.000	20	2	0	8	27	11305	11324	0.94	26.9
Bacillus_GCF_002559565.1_spacer_0	virome_phage_736	94.444	18	1	0	13	30	137042	137025	0.94	26.9
Bacillus_GCF_002559565.1_spacer_1	virome_phage_2329	87.500	24	3	0	1	24	30664	30687	0.084	30.1
Bacillus_GCF_002559565.1_spacer_1	virome_phage_747	94.444	18	1	0	13	30	8014	7997	0.76	26.9
Bacillus_GCF_002559565.1_spacer_1	virome_phage_749	94.444	18	1	0	1	18	30580	30597	0.76	26.9
Bacillus_GCF_002559565.1_spacer_1	virome_phage_2294	90.000	20	2	0	5	24	32193	32212	0.76	26.9
Bacillus_GCF_002559565.1_spacer_2	total_phage_734	79.310	29	6	0	6	34	2884	2856	0.31	28.5
Bacillus_GCF_002559565.1_spacer_2	virome_phage_875	83.333	24	4	0	6	29	7349	7372	0.94	26.9
Bacillus_GCF_002559565.1_spacer_2	total_phage_368	78.571	28	6	0	6	33	2334	2361	0.94	26.9
Bacillus_GCF_002559565.1_spacer_2	total_phage_298	76.667	30	7	0	5	34	25311	25340	0.94	26.9
Bacillus_GCF_002559565.1_spacer_2	total_phage_233	90.000	20	2	0	11	30	45010	45029	0.94	26.9
Bacillus_GCF_002559565.1_spacer_2	virome_phage_747	90.000	20	2	0	14	33	32667	32648	0.94	26.9
Bacillus_GCF_002559565.1_spacer_2	virome_phage_18	90.000	20	2	0	14	33	1434	1415	0.94	26.9
Bacillus_GCF_002559565.1_spacer_3	virome_phage_2254	100.000	16	0	0	10	25	74200	74215	0.94	26.9
Bacillus_GCF_002559565.1_spacer_3	virome_phage_2238	100.000	16	0	0	10	25	55714	55729	0.94	26.9
Bacillus_GCF_002559565.1_spacer_3	virome_phage_1217	86.364	22	3	0	11	32	3870	3891	0.94	26.9
Bacillus_GCF_002559565.1_spacer_3	total_phage_500	100.000	16	0	0	10	25	52243	52228	0.94	26.9
Bacillus_GCF_002559565.1_spacer_4	virome_phage_752	78.125	32	7	0	1	32	22149	22180	0.10	30.1
Bacillus_GCF_002559565.1_spacer_4	total_phage_111	84.000	25	4	0	10	34	4699	4723	0.31	28.5
Bacillus_GCF_002559565.1_spacer_4	virome_phage_751	77.419	31	7	0	4	34	11228	11198	0.31	28.5
Bacillus_GCF_002559565.1_spacer_4	virome_phage_28	90.476	21	2	0	2	22	15764	15744	0.31	28.5
Bacillus_GCF_002559565.1_spacer_4	total_phage_92	75.758	33	8	0	2	34	113333	113301	0.31	28.5
Bacillus_GCF_002559565.1_spacer_4	total_phage_731	84.000	25	4	0	2	26	64777	64753	0.31	28.5
Bacillus_GCF_002559565.1_spacer_4	total_phage_636	79.310	29	6	0	4	32	19304	19276	0.31	28.5
Bacillus_GCF_002559565.1_spacer_4	total_phage_370	77.419	31	7	0	3	33	26599	26569	0.31	28.5
Bacillus_GCF_002559565.1_spacer_4	virome_phage_925	80.769	26	5	0	2	27	16841	16866	0.94	26.9
Bacillus_GCF_002559565.1_spacer_4	virome_phage_841	90.000	20	2	0	2	21	32590	32609	0.94	26.9
Bacillus_GCF_002559565.1_spacer_4	virome_phage_82	90.000	20	2	0	2	21	36405	36424	0.94	26.9
Bacillus_GCF_002559565.1_spacer_4	virome_phage_8	73.529	34	9	0	1	34	113647	113680	0.94	26.9
Bacillus_GCF_002559565.1_spacer_4	virome_phage_745	90.000	20	2	0	7	26	29781	29800	0.94	26.9
Bacillus_GCF_002559565.1_spacer_4	virome_phage_2368	80.769	26	5	0	3	28	3863	3888	0.94	26.9
Bacillus_GCF_002559565.1_spacer_4	virome_phage_2280	78.571	28	6	0	6	33	12519	12546	0.94	26.9
Bacillus_GCF_002559565.1_spacer_4	total_phage_737	80.769	26	5	0	2	27	896	921	0.94	26.9
Bacillus_GCF_002559565.1_spacer_4	total_phage_727	90.000	20	2	0	14	33	33575	33594	0.94	26.9
Bacillus_GCF_002559565.1_spacer_4	total_phage_518	90.000	20	2	0	14	33	45785	45804	0.94	26.9
Bacillus_GCF_002559565.1_spacer_4	virome_phage_9	90.000	20	2	0	15	34	4432	4413	0.94	26.9
Bacillus_GCF_002559565.1_spacer_4	virome_phage_778	80.769	26	5	0	2	27	42892	42867	0.94	26.9
Bacillus_GCF_002559565.1_spacer_4	virome_phage_759	90.000	20	2	0	2	21	47724	47705	0.94	26.9
Bacillus_GCF_002559565.1_spacer_4	virome_phage_738	86.364	22	3	0	4	25	92593	92572	0.94	26.9
Bacillus_GCF_002559565.1_spacer_4	virome_phage_4	80.769	26	5	0	2	27	2152	2127	0.94	26.9
Bacillus_GCF_002559565.1_spacer_4	virome_phage_2359	83.333	24	4	0	2	25	19010	18987	0.94	26.9
Bacillus_GCF_002559565.1_spacer_4	virome_phage_145	80.769	26	5	0	3	28	17089	17064	0.94	26.9
Bacillus_GCF_002559565.1_spacer_4	total_phage_745	80.769	26	5	0	1	26	5874	5849	0.94	26.9
Bacillus_GCF_002559565.1_spacer_4	total_phage_655	94.444	18	1	0	4	21	6774	6757	0.94	26.9
Bacillus_GCF_002559565.1_spacer_4	total_phage_296	80.769	26	5	0	1	26	7833	7808	0.94	26.9
Bacillus_GCF_002559565.1_spacer_4	total_phage_245	78.571	28	6	0	1	28	7483	7456	0.94	26.9
Bacillus_GCF_002559565.1_spacer_5	total_phage_231	82.759	29	5	0	6	34	41350	41378	0.035	31.7
Bacillus_GCF_002559565.1_spacer_5	virome_phage_734	88.000	25	3	0	10	34	31096	31072	0.035	31.7
Bacillus_GCF_002559565.1_spacer_5	virome_phage_866	90.476	21	2	0	8	28	23961	23981	0.31	28.5
Bacillus_GCF_002559565.1_spacer_5	virome_phage_7	100.000	17	0	0	12	28	117919	117935	0.31	28.5
Bacillus_GCF_002559565.1_spacer_5	virome_phage_7	94.444	18	1	0	6	23	4317	4300	0.94	26.9
Bacillus_GCF_002559565.1_spacer_5	virome_phage_25	86.957	23	3	0	9	31	16466	16444	0.31	28.5
Bacillus_GCF_002559565.1_spacer_5	virome_phage_993	94.444	18	1	0	15	32	15893	15910	0.94	26.9
Bacillus_GCF_002559565.1_spacer_5	virome_phage_743	83.333	24	4	0	11	34	44422	44445	0.94	26.9
Bacillus_GCF_002559565.1_spacer_5	virome_phage_127	83.333	24	4	0	6	29	7177	7200	0.94	26.9
Bacillus_GCF_002559565.1_spacer_5	total_phage_188	94.444	18	1	0	6	23	13209	13226	0.94	26.9
Bacillus_GCF_002559565.1_spacer_5	total_phage_18	78.571	28	6	0	5	32	16077	16104	0.94	26.9
Bacillus_GCF_002559565.1_spacer_5	total_phage_176	83.333	24	4	0	11	34	9768	9791	0.94	26.9
Bacillus_GCF_002559565.1_spacer_5	virome_phage_59	83.333	24	4	0	1	24	23681	23658	0.94	26.9
Bacillus_GCF_002559565.1_spacer_5	virome_phage_2368	86.364	22	3	0	6	27	21121	21100	0.94	26.9
Bacillus_GCF_002559565.1_spacer_5	total_phage_927	80.769	26	5	0	5	30	154129	154104	0.94	26.9
Bacillus_GCF_002559565.1_spacer_5	total_phage_453	78.571	28	6	0	7	34	19465	19438	0.94	26.9
Bacillus_GCF_002559565.1_spacer_5	total_phage_445	78.571	28	6	0	6	33	26541	26514	0.94	26.9
Bacillus_GCF_002559565.1_spacer_6	virome_phage_748	90.000	20	2	0	1	20	57289	57308	0.76	26.9
Bacillus_GCF_002559565.1_spacer_6	virome_phage_739	76.667	30	7	0	4	33	82816	82845	0.76	26.9
Bacillus_GCF_002559565.1_spacer_6	virome_phage_22	90.000	20	2	0	7	26	31655	31674	0.76	26.9
Bacillus_GCF_002559565.1_spacer_6	virome_phage_78	94.444	18	1	0	10	27	20834	20817	0.76	26.9
Bacillus_GCF_002559565.1_spacer_7	virome_phage_2368	90.909	22	2	0	1	22	17705	17726	0.13	30.1
Bacillus_GCF_002559565.1_spacer_7	virome_phage_145	90.909	22	2	0	1	22	3663	3642	0.13	30.1
Bacillus_GCF_002559565.1_spacer_7	virome_phage_734	84.000	25	4	0	1	25	187153	187177	0.38	28.5
Bacillus_GCF_002559565.1_spacer_7	virome_phage_747	84.000	25	4	0	4	28	25143	25119	0.38	28.5
Bacillus_GCF_002559565.1_spacer_7	virome_phage_2269	90.476	21	2	0	8	28	97234	97214	0.38	28.5
Bacillus_GCF_002559565.1_spacer_7	total_phage_524	84.000	25	4	0	1	25	37494	37470	0.38	28.5
Bacillus_GCF_002559565.1_spacer_8	total_phage_793	81.481	27	5	0	1	27	27610	27636	0.31	28.5
Bacillus_GCF_002559565.1_spacer_8	total_phage_363	81.481	27	5	0	1	27	19090	19116	0.31	28.5
Bacillus_GCF_002559565.1_spacer_8	total_phage_175	81.481	27	5	0	1	27	17320	17294	0.31	28.5
Bacillus_GCF_002559565.1_spacer_8	virome_phage_901	100.000	16	0	0	3	18	21652	21637	0.94	26.9
Bacillus_GCF_002559565.1_spacer_8	virome_phage_116	80.769	26	5	0	8	33	7199	7174	0.94	26.9
Bacillus_GCF_002559565.1_spacer_8	total_phage_9	80.769	26	5	0	1	26	26944	26919	0.94	26.9
Bacillus_GCF_002559565.1_spacer_9	virome_phage_743	84.615	26	4	0	1	26	7493	7468	0.10	30.1
Bacillus_GCF_002559565.1_spacer_9	virome_phage_10	78.125	32	7	0	3	34	112569	112600	0.10	30.1
Bacillus_GCF_002559565.1_spacer_9	virome_phage_10	78.571	28	6	0	6	33	4663	4690	0.94	26.9
Bacillus_GCF_002559565.1_spacer_9	virome_phage_10	78.571	28	6	0	6	33	39706	39679	0.94	26.9
Bacillus_GCF_002559565.1_spacer_9	virome_phage_817	94.737	19	1	0	12	30	16904	16922	0.31	28.5
Bacillus_GCF_002559565.1_spacer_9	virome_phage_739	86.957	23	3	0	5	27	108194	108172	0.31	28.5
Bacillus_GCF_002559565.1_spacer_9	virome_phage_739	83.333	24	4	0	7	30	92141	92164	0.94	26.9
Bacillus_GCF_002559565.1_spacer_9	virome_phage_7	84.000	25	4	0	6	30	124174	124198	0.31	28.5
Bacillus_GCF_002559565.1_spacer_9	virome_phage_7	90.000	20	2	0	7	26	56384	56403	0.94	26.9
Bacillus_GCF_002559565.1_spacer_9	virome_phage_2304	86.957	23	3	0	5	27	41667	41645	0.31	28.5
Bacillus_GCF_002559565.1_spacer_9	virome_phage_18	86.957	23	3	0	9	31	48605	48583	0.31	28.5
Bacillus_GCF_002559565.1_spacer_9	virome_phage_890	86.364	22	3	0	4	25	24715	24694	0.94	26.9
Bacillus_GCF_002559565.1_spacer_9	virome_phage_882	94.444	18	1	0	3	20	11311	11328	0.94	26.9
Bacillus_GCF_002559565.1_spacer_9	virome_phage_875	90.000	20	2	0	2	21	29430	29449	0.94	26.9
Bacillus_GCF_002559565.1_spacer_9	virome_phage_860	90.000	20	2	0	10	29	6599	6580	0.94	26.9
Bacillus_GCF_002559565.1_spacer_9	virome_phage_857	83.333	24	4	0	5	28	9373	9396	0.94	26.9
Bacillus_GCF_002559565.1_spacer_9	virome_phage_834	76.667	30	7	0	3	32	11290	11261	0.94	26.9
Bacillus_GCF_002559565.1_spacer_9	virome_phage_79	76.667	30	7	0	1	30	1009	980	0.94	26.9
Bacillus_GCF_002559565.1_spacer_9	virome_phage_742	78.571	28	6	0	5	32	11568	11541	0.94	26.9
Bacillus_GCF_002559565.1_spacer_9	virome_phage_734	86.364	22	3	0	6	27	11099	11120	0.94	26.9
Bacillus_GCF_002559565.1_spacer_9	virome_phage_734	83.333	24	4	0	9	32	158865	158888	0.94	26.9
Bacillus_GCF_002559565.1_spacer_9	virome_phage_734	78.571	28	6	0	3	30	226167	226140	0.94	26.9
Bacillus_GCF_002559565.1_spacer_9	virome_phage_69	90.000	20	2	0	5	24	33481	33500	0.94	26.9
Bacillus_GCF_002559565.1_spacer_9	virome_phage_65	86.364	22	3	0	4	25	15747	15768	0.94	26.9
Bacillus_GCF_002559565.1_spacer_9	virome_phage_2522	100.000	16	0	0	7	22	2955	2940	0.94	26.9
Bacillus_GCF_002559565.1_spacer_9	virome_phage_2424	90.000	20	2	0	7	26	3681	3662	0.94	26.9
Bacillus_GCF_002559565.1_spacer_9	virome_phage_2424	86.364	22	3	0	9	30	15339	15360	0.94	26.9
Bacillus_GCF_002559565.1_spacer_9	virome_phage_239	90.000	20	2	0	7	26	1793	1774	0.94	26.9
Bacillus_GCF_002559565.1_spacer_9	virome_phage_2353	94.444	18	1	0	9	26	22274	22257	0.94	26.9
Bacillus_GCF_002559565.1_spacer_9	virome_phage_2327	90.000	20	2	0	8	27	27275	27256	0.94	26.9
Bacillus_GCF_002559565.1_spacer_9	virome_phage_2294	76.667	30	7	0	2	31	30516	30545	0.94	26.9
Bacillus_GCF_002559565.1_spacer_9	virome_phage_2280	100.000	16	0	0	1	16	34787	34772	0.94	26.9
Bacillus_GCF_002559565.1_spacer_9	virome_phage_2254	78.571	28	6	0	5	32	34754	34781	0.94	26.9
Bacillus_GCF_002559565.1_spacer_9	virome_phage_2238	78.571	28	6	0	5	32	16269	16296	0.94	26.9
Bacillus_GCF_002559565.1_spacer_9	virome_phage_1849	83.333	24	4	0	2	25	2751	2774	0.94	26.9
Bacillus_GCF_002559565.1_spacer_9	virome_phage_14	83.333	24	4	0	6	29	23580	23557	0.94	26.9
Bacillus_GCF_002559565.1_spacer_9	total_phage_806	94.444	18	1	0	9	26	24411	24394	0.94	26.9
Bacillus_GCF_002559565.1_spacer_9	total_phage_800	90.000	20	2	0	6	25	21790	21771	0.94	26.9
Bacillus_GCF_002559565.1_spacer_9	total_phage_8	100.000	16	0	0	18	33	6797	6812	0.94	26.9
Bacillus_GCF_002559565.1_spacer_9	total_phage_788	86.364	22	3	0	6	27	40217	40196	0.94	26.9
Bacillus_GCF_002559565.1_spacer_9	total_phage_734	86.364	22	3	0	9	30	35175	35154	0.94	26.9
Bacillus_GCF_002559565.1_spacer_9	total_phage_731	90.000	20	2	0	8	27	11447	11428	0.94	26.9
Bacillus_GCF_002559565.1_spacer_9	total_phage_730	78.571	28	6	0	6	33	34543	34516	0.94	26.9
Bacillus_GCF_002559565.1_spacer_9	total_phage_729	90.000	20	2	0	6	25	125546	125565	0.94	26.9
Bacillus_GCF_002559565.1_spacer_9	total_phage_360	80.769	26	5	0	1	26	4133	4108	0.94	26.9
Bacillus_GCF_002559565.1_spacer_9	total_phage_358	86.364	22	3	0	6	27	41391	41370	0.94	26.9
Bacillus_GCF_002559565.1_spacer_9	total_phage_294	94.444	18	1	0	9	26	16465	16482	0.94	26.9
Bacillus_GCF_002559565.1_spacer_9	total_phage_293	90.000	20	2	0	6	25	29641	29622	0.94	26.9
Bacillus_GCF_002559565.1_spacer_9	total_phage_237	86.364	22	3	0	6	27	1560	1539	0.94	26.9
Bacillus_GCF_002559565.1_spacer_9	total_phage_233	94.444	18	1	0	9	26	28188	28205	0.94	26.9
Bacillus_GCF_002559565.1_spacer_9	total_phage_231	90.000	20	2	0	8	27	80142	80161	0.94	26.9
Bacillus_GCF_002559565.1_spacer_9	total_phage_231	94.444	18	1	0	7	24	136053	136036	0.94	26.9
Bacillus_GCF_002559565.1_spacer_9	total_phage_178	86.364	22	3	0	1	22	26525	26504	0.94	26.9
Bacillus_GCF_002559565.1_spacer_9	total_phage_172	75.000	32	8	0	2	33	28494	28525	0.94	26.9
Bacillus_GCF_002559565.1_spacer_9	total_phage_117	90.000	20	2	0	6	25	28035	28016	0.94	26.9
Bacillus_GCF_002559565.1_spacer_10	total_phage_663	86.957	23	3	0	8	30	29811	29833	0.25	28.5
Bacillus_GCF_002559565.1_spacer_10	total_phage_637	86.957	23	3	0	8	30	26545	26567	0.25	28.5
Bacillus_GCF_002559565.1_spacer_10	virome_phage_742	90.000	20	2	0	13	32	82038	82019	0.76	26.9
Bacillus_GCF_002559565.1_spacer_10	virome_phage_2	90.000	20	2	0	11	30	80742	80723	0.76	26.9
Bacillus_GCF_002559565.1_spacer_12	total_phage_231	80.769	26	5	0	1	26	95575	95550	0.76	26.9
Bacillus_GCF_002559565.1_spacer_12	virome_phage_744	83.333	24	4	0	8	31	52565	52588	0.76	26.9
Bacillus_GCF_002559565.1_spacer_12	total_phage_445	83.333	24	4	0	9	32	27782	27805	0.76	26.9
Bacillus_GCF_002559565.1_spacer_14	virome_phage_955	79.310	29	6	0	1	29	3796	3824	0.25	28.5
Bacillus_GCF_002559565.1_spacer_14	virome_phage_834	94.444	18	1	0	14	31	2500	2483	0.76	26.9
Bacillus_GCF_002559565.1_spacer_14	virome_phage_798	83.333	24	4	0	9	32	5058	5035	0.76	26.9
Bacillus_GCF_002559565.1_spacer_14	virome_phage_743	86.364	22	3	0	12	33	36529	36550	0.76	26.9
Bacillus_GCF_002559565.1_spacer_14	virome_phage_69	83.333	24	4	0	1	24	875	852	0.76	26.9
Bacillus_GCF_002559565.1_spacer_14	virome_phage_2238	83.333	24	4	0	1	24	63776	63753	0.76	26.9
Bacillus_GCF_002559565.1_spacer_14	total_phage_795	83.333	24	4	0	9	32	34627	34604	0.76	26.9
Bacillus_GCF_002559565.1_spacer_14	total_phage_500	83.333	24	4	0	1	24	44181	44204	0.76	26.9
Bacillus_GCF_002559565.1_spacer_14	total_phage_113	83.333	24	4	0	9	32	39615	39592	0.76	26.9
Bacillus_GCF_002559565.1_spacer_15	virome_phage_9	90.476	21	2	0	1	21	88111	88091	0.31	28.5
Bacillus_GCF_002559565.1_spacer_15	virome_phage_1849	84.000	25	4	0	5	29	5775	5751	0.31	28.5
Bacillus_GCF_002559565.1_spacer_15	virome_phage_850	83.333	24	4	0	1	24	7099	7122	0.94	26.9
Bacillus_GCF_002559565.1_spacer_15	virome_phage_828	83.333	24	4	0	1	24	2204	2227	0.94	26.9
Bacillus_GCF_002559565.1_spacer_15	virome_phage_7	100.000	16	0	0	9	24	38044	38029	0.94	26.9
Bacillus_GCF_002559565.1_spacer_15	total_phage_413	83.333	24	4	0	1	24	11360	11337	0.94	26.9
