Bacillus_GCF_002569445.1_spacer_0	virome_phage_824	76.316	38	9	0	2	39	11814	11777	0.023	33.3
Bacillus_GCF_002569445.1_spacer_0	virome_phage_2368	76.316	38	9	0	2	39	3314	3277	0.023	33.3
Bacillus_GCF_002569445.1_spacer_0	virome_phage_58	84.615	26	4	0	7	32	269	294	0.21	30.1
Bacillus_GCF_002569445.1_spacer_0	virome_phage_145	73.684	38	10	0	2	39	17638	17675	0.21	30.1
Bacillus_GCF_002569445.1_spacer_0	virome_phage_780	77.419	31	7	0	4	34	34632	34602	0.63	28.5
Bacillus_GCF_002569445.1_spacer_0	virome_phage_2295	90.476	21	2	0	1	21	24124	24104	0.63	28.5
Bacillus_GCF_002569445.1_spacer_0	virome_phage_11	90.476	21	2	0	7	27	99963	99943	0.63	28.5
Bacillus_GCF_002569445.1_spacer_1	virome_phage_786	95.000	20	1	0	2	21	35017	34998	0.084	30.1
Bacillus_GCF_002569445.1_spacer_1	virome_phage_803	80.000	30	6	0	2	31	35268	35297	0.084	30.1
Bacillus_GCF_002569445.1_spacer_1	virome_phage_9	80.769	26	5	0	2	27	116652	116627	0.76	26.9
Bacillus_GCF_002569445.1_spacer_1	virome_phage_2243	76.667	30	7	0	1	30	11499	11470	0.76	26.9
Bacillus_GCF_002569445.1_spacer_1	total_phage_644	76.667	30	7	0	1	30	11388	11359	0.76	26.9
Bacillus_GCF_002569445.1_spacer_1	total_phage_487	76.667	30	7	0	1	30	10025	9996	0.76	26.9
Bacillus_GCF_002569445.1_spacer_1	virome_phage_842	100.000	16	0	0	2	17	11484	11499	0.76	26.9
Bacillus_GCF_002569445.1_spacer_1	virome_phage_81	80.769	26	5	0	2	27	9228	9253	0.76	26.9
Bacillus_GCF_002569445.1_spacer_1	virome_phage_2282	76.667	30	7	0	1	30	37784	37813	0.76	26.9
Bacillus_GCF_002569445.1_spacer_1	virome_phage_2237	76.667	30	7	0	1	30	6286	6315	0.76	26.9
Bacillus_GCF_002569445.1_spacer_2	virome_phage_145	74.468	47	12	0	2	48	19477	19523	0.001	38.0
Bacillus_GCF_002569445.1_spacer_2	virome_phage_145	75.000	40	10	0	9	48	17540	17579	0.040	33.3
Bacillus_GCF_002569445.1_spacer_2	virome_phage_2368	74.468	47	12	0	2	48	1475	1429	0.001	38.0
Bacillus_GCF_002569445.1_spacer_2	virome_phage_2368	72.500	40	11	0	9	48	3412	3373	0.36	30.1
Bacillus_GCF_002569445.1_spacer_2	virome_phage_52	92.000	25	2	0	24	48	44098	44074	0.013	34.9
Bacillus_GCF_002569445.1_spacer_2	virome_phage_803	70.833	48	14	0	2	49	35286	35333	0.040	33.3
Bacillus_GCF_002569445.1_spacer_2	virome_phage_1	70.833	48	14	0	1	48	220934	220981	0.040	33.3
Bacillus_GCF_002569445.1_spacer_2	virome_phage_5	83.333	30	5	0	20	49	28184	28155	0.040	33.3
Bacillus_GCF_002569445.1_spacer_2	virome_phage_824	73.171	41	11	0	2	42	11814	11774	0.12	31.7
Bacillus_GCF_002569445.1_spacer_2	virome_phage_824	80.645	31	6	0	18	48	11834	11804	0.12	31.7
Bacillus_GCF_002569445.1_spacer_2	virome_phage_153	72.500	40	11	0	1	40	5762	5723	0.36	30.1
Bacillus_GCF_002569445.1_spacer_2	virome_phage_152	78.125	32	7	0	1	32	6544	6513	0.36	30.1
Bacillus_GCF_002569445.1_spacer_3	virome_phage_824	73.846	65	17	0	2	66	11823	11759	4.48e-07	50.7
Bacillus_GCF_002569445.1_spacer_3	virome_phage_824	72.000	50	14	0	17	66	11853	11804	0.009	36.5
Bacillus_GCF_002569445.1_spacer_3	virome_phage_824	70.833	48	14	0	2	49	11859	11812	0.079	33.3
Bacillus_GCF_002569445.1_spacer_3	virome_phage_145	76.786	56	13	0	11	66	17524	17579	1.34e-06	49.1
Bacillus_GCF_002569445.1_spacer_3	virome_phage_145	79.487	39	8	0	11	49	17638	17676	0.003	38.0
Bacillus_GCF_002569445.1_spacer_3	virome_phage_2368	75.000	56	14	0	11	66	3428	3373	1.21e-05	46.0
Bacillus_GCF_002569445.1_spacer_3	virome_phage_152	69.697	66	20	0	1	66	6688	6623	1.09e-04	42.8
Bacillus_GCF_002569445.1_spacer_3	virome_phage_2342	68.182	66	21	0	1	66	19509	19574	0.001	39.6
Bacillus_GCF_002569445.1_spacer_3	virome_phage_2342	70.213	47	14	0	20	66	19600	19646	0.24	31.7
Bacillus_GCF_002569445.1_spacer_3	virome_phage_2342	71.429	42	12	0	25	66	19623	19664	0.71	30.1
Bacillus_GCF_002569445.1_spacer_3	virome_phage_2342	73.684	38	10	0	29	66	20915	20952	0.71	30.1
Bacillus_GCF_002569445.1_spacer_3	virome_phage_155	68.182	66	21	0	2	67	5700	5635	0.001	39.6
Bacillus_GCF_002569445.1_spacer_3	virome_phage_1	70.370	54	16	0	13	66	220541	220594	0.009	36.5
Bacillus_GCF_002569445.1_spacer_3	virome_phage_5	80.556	36	7	0	8	43	28682	28647	0.009	36.5
Bacillus_GCF_002569445.1_spacer_3	virome_phage_5	69.811	53	16	0	2	54	28427	28375	0.026	34.9
Bacillus_GCF_002569445.1_spacer_3	virome_phage_5	65.152	66	23	0	2	67	28490	28425	0.079	33.3
Bacillus_GCF_002569445.1_spacer_3	virome_phage_5	74.359	39	10	0	29	67	28193	28155	0.24	31.7
Bacillus_GCF_002569445.1_spacer_3	virome_phage_876	66.154	65	22	0	2	66	21150	21214	0.026	34.9
Bacillus_GCF_002569445.1_spacer_3	virome_phage_14	77.778	36	8	0	16	51	31498	31463	0.079	33.3
Bacillus_GCF_002569445.1_spacer_3	virome_phage_864	78.788	33	7	0	19	51	4156	4124	0.24	31.7
Bacillus_GCF_002569445.1_spacer_3	virome_phage_865	76.471	34	8	0	31	64	26303	26336	0.71	30.1
Bacillus_GCF_002569445.1_spacer_3	virome_phage_2411	72.500	40	11	0	18	57	6029	6068	0.71	30.1
Bacillus_GCF_002569445.1_spacer_3	virome_phage_176	72.500	40	11	0	18	57	5930	5969	0.71	30.1
Bacillus_GCF_002569445.1_spacer_3	total_phage_663	95.000	20	1	0	31	50	29320	29339	0.71	30.1
Bacillus_GCF_002569445.1_spacer_3	total_phage_637	95.000	20	1	0	31	50	26054	26073	0.71	30.1
Bacillus_GCF_002569445.1_spacer_3	total_phage_934	87.500	24	3	0	37	60	21942	21919	0.71	30.1
