Bacillus_GCA_900098925.1_spacer_0	virome_phage_979	77.419	31	7	0	1	31	12290	12260	0.38	28.5
Bacillus_GCA_900098925.1_spacer_1	virome_phage_2269	86.957	23	3	0	2	24	52786	52764	0.31	28.5
Bacillus_GCA_900098925.1_spacer_1	virome_phage_440	84.000	25	4	0	10	34	548	572	0.31	28.5
Bacillus_GCA_900098925.1_spacer_1	total_phage_231	79.310	29	6	0	4	32	49593	49621	0.31	28.5
Bacillus_GCA_900098925.1_spacer_1	virome_phage_1	90.000	20	2	0	3	22	18184	18165	0.94	26.9
Bacillus_GCA_900098925.1_spacer_1	total_phage_926	86.364	22	3	0	13	34	64249	64228	0.94	26.9
Bacillus_GCA_900098925.1_spacer_1	virome_phage_742	76.667	30	7	0	5	34	25779	25808	0.94	26.9
Bacillus_GCA_900098925.1_spacer_1	virome_phage_740	86.364	22	3	0	6	27	110964	110985	0.94	26.9
Bacillus_GCA_900098925.1_spacer_1	total_phage_524	83.333	24	4	0	10	33	35053	35076	0.94	26.9
Bacillus_GCA_900098925.1_spacer_1	total_phage_112	78.571	28	6	0	1	28	49984	50011	0.94	26.9
Bacillus_GCA_900098925.1_spacer_3	virome_phage_1	91.304	23	2	0	10	32	25095	25073	0.042	31.7
Bacillus_GCA_900098925.1_spacer_3	virome_phage_815	81.481	27	5	0	2	28	32413	32439	0.38	28.5
Bacillus_GCA_900098925.1_spacer_3	total_phage_111	81.481	27	5	0	2	28	35316	35342	0.38	28.5
Bacillus_GCA_900098925.1_spacer_3	total_phage_111	81.481	27	5	0	2	28	75558	75584	0.38	28.5
Bacillus_GCA_900098925.1_spacer_4	virome_phage_92	86.957	23	3	0	10	32	13801	13779	0.38	28.5
Bacillus_GCA_900098925.1_spacer_4	virome_phage_62	86.957	23	3	0	12	34	32567	32589	0.38	28.5
Bacillus_GCA_900098925.1_spacer_4	virome_phage_2294	86.957	23	3	0	10	32	11508	11530	0.38	28.5
Bacillus_GCA_900098925.1_spacer_5	virome_phage_2300	82.143	28	5	0	3	30	13828	13801	0.13	30.1
Bacillus_GCA_900098925.1_spacer_5	total_phage_731	80.000	30	6	0	3	32	90382	90411	0.13	30.1
Bacillus_GCA_900098925.1_spacer_5	virome_phage_28	94.737	19	1	0	7	25	30404	30386	0.38	28.5
Bacillus_GCA_900098925.1_spacer_6	virome_phage_748	82.759	29	5	0	4	32	69313	69341	0.042	31.7
Bacillus_GCA_900098925.1_spacer_7	virome_phage_859	85.185	27	4	0	7	33	6883	6909	0.042	31.7
Bacillus_GCA_900098925.1_spacer_7	virome_phage_787	82.143	28	5	0	8	35	309	282	0.13	30.1
Bacillus_GCA_900098925.1_spacer_7	virome_phage_34	77.419	31	7	0	6	36	28227	28257	0.38	28.5
Bacillus_GCA_900098925.1_spacer_7	virome_phage_3	79.310	29	6	0	8	36	6771	6799	0.38	28.5
Bacillus_GCA_900098925.1_spacer_7	virome_phage_98	86.957	23	3	0	3	25	16005	15983	0.38	28.5
Bacillus_GCA_900098925.1_spacer_7	virome_phage_749	94.737	19	1	0	6	24	43962	43944	0.38	28.5
Bacillus_GCA_900098925.1_spacer_7	virome_phage_745	79.310	29	6	0	3	31	30295	30267	0.38	28.5
Bacillus_GCA_900098925.1_spacer_7	virome_phage_1	79.310	29	6	0	1	29	204376	204348	0.38	28.5
Bacillus_GCA_900098925.1_spacer_8	total_phage_304	80.645	31	6	0	2	32	4523	4493	0.035	31.7
Bacillus_GCA_900098925.1_spacer_8	virome_phage_860	84.615	26	4	0	8	33	28036	28061	0.10	30.1
Bacillus_GCA_900098925.1_spacer_8	virome_phage_776	84.615	26	4	0	8	33	26919	26944	0.10	30.1
Bacillus_GCA_900098925.1_spacer_8	total_phage_795	80.000	30	6	0	4	33	11370	11341	0.10	30.1
Bacillus_GCA_900098925.1_spacer_8	virome_phage_28	77.419	31	7	0	2	32	26977	27007	0.31	28.5
Bacillus_GCA_900098925.1_spacer_8	virome_phage_2314	79.310	29	6	0	4	32	31694	31666	0.31	28.5
Bacillus_GCA_900098925.1_spacer_8	virome_phage_2239	77.419	31	7	0	4	34	3858	3828	0.31	28.5
Bacillus_GCA_900098925.1_spacer_8	virome_phage_1217	90.476	21	2	0	9	29	8	28	0.31	28.5
Bacillus_GCA_900098925.1_spacer_8	total_phage_501	77.419	31	7	0	4	34	23787	23817	0.31	28.5
Bacillus_GCA_900098925.1_spacer_8	virome_phage_834	100.000	16	0	0	19	34	26365	26350	0.94	26.9
Bacillus_GCA_900098925.1_spacer_8	virome_phage_7	75.000	32	8	0	3	34	63814	63783	0.94	26.9
Bacillus_GCA_900098925.1_spacer_8	virome_phage_63	86.364	22	3	0	6	27	10365	10344	0.94	26.9
Bacillus_GCA_900098925.1_spacer_8	virome_phage_27	94.444	18	1	0	10	27	28290	28273	0.94	26.9
Bacillus_GCA_900098925.1_spacer_8	virome_phage_2286	94.444	18	1	0	8	25	49138	49121	0.94	26.9
Bacillus_GCA_900098925.1_spacer_8	virome_phage_2268	78.571	28	6	0	3	30	2822	2849	0.94	26.9
Bacillus_GCA_900098925.1_spacer_8	virome_phage_183	78.571	28	6	0	5	32	15631	15604	0.94	26.9
Bacillus_GCA_900098925.1_spacer_8	total_phage_247	73.529	34	9	0	1	34	22891	22858	0.94	26.9
Bacillus_GCA_900098925.1_spacer_8	total_phage_112	94.444	18	1	0	10	27	10040	10057	0.94	26.9
Bacillus_GCA_900098925.1_spacer_8	total_phage_102	78.571	28	6	0	4	31	33268	33241	0.94	26.9
Bacillus_GCA_900098925.1_spacer_9	virome_phage_820	76.667	30	7	0	5	34	34317	34288	0.94	26.9
Bacillus_GCA_900098925.1_spacer_9	virome_phage_773	83.333	24	4	0	10	33	44976	44953	0.94	26.9
Bacillus_GCA_900098925.1_spacer_11	virome_phage_734	86.364	22	3	0	10	31	11795	11816	0.94	26.9
Bacillus_GCA_900098925.1_spacer_11	virome_phage_25	76.667	30	7	0	1	30	27778	27807	0.94	26.9
Bacillus_GCA_900098925.1_spacer_11	virome_phage_1	83.333	24	4	0	10	33	165942	165965	0.94	26.9
Bacillus_GCA_900098925.1_spacer_11	total_phage_727	90.000	20	2	0	6	25	12804	12785	0.94	26.9
Bacillus_GCA_900098925.1_spacer_11	total_phage_666	83.333	24	4	0	10	33	16818	16841	0.94	26.9
Bacillus_GCA_900098925.1_spacer_11	total_phage_639	83.333	24	4	0	10	33	7203	7180	0.94	26.9
Bacillus_GCA_900098925.1_spacer_11	total_phage_518	90.000	20	2	0	6	25	25014	24995	0.94	26.9
Bacillus_GCA_900098925.1_spacer_11	total_phage_242	83.333	24	4	0	7	30	4133	4156	0.94	26.9
Bacillus_GCA_900098925.1_spacer_12	virome_phage_974	82.143	28	5	0	8	35	11139	11166	0.13	30.1
Bacillus_GCA_900098925.1_spacer_12	virome_phage_68	90.909	22	2	0	6	27	37840	37819	0.13	30.1
Bacillus_GCA_900098925.1_spacer_12	virome_phage_47	80.000	30	6	0	6	35	26806	26777	0.13	30.1
Bacillus_GCA_900098925.1_spacer_12	total_phage_362	82.143	28	5	0	7	34	13215	13242	0.13	30.1
Bacillus_GCA_900098925.1_spacer_12	total_phage_244	82.143	28	5	0	7	34	10159	10132	0.13	30.1
Bacillus_GCA_900098925.1_spacer_12	total_phage_102	82.143	28	5	0	7	34	20537	20510	0.13	30.1
Bacillus_GCA_900098925.1_spacer_12	total_phage_785	84.000	25	4	0	6	30	11604	11628	0.38	28.5
Bacillus_GCA_900098925.1_spacer_12	total_phage_308	84.000	25	4	0	6	30	15346	15370	0.38	28.5
Bacillus_GCA_900098925.1_spacer_13	virome_phage_2269	90.476	21	2	0	4	24	173781	173801	0.25	28.5
Bacillus_GCA_900098925.1_spacer_13	virome_phage_865	77.419	31	7	0	1	31	12803	12773	0.25	28.5
Bacillus_GCA_900098925.1_spacer_13	virome_phage_12	90.476	21	2	0	8	28	15423	15403	0.25	28.5
Bacillus_GCA_900098925.1_spacer_13	virome_phage_742	80.769	26	5	0	6	31	20901	20926	0.76	26.9
Bacillus_GCA_900098925.1_spacer_13	virome_phage_2342	90.000	20	2	0	5	24	1022	1041	0.76	26.9
Bacillus_GCA_900098925.1_spacer_13	total_phage_782	90.000	20	2	0	11	30	7679	7660	0.76	26.9
Bacillus_GCA_900098925.1_spacer_15	virome_phage_57	87.500	24	3	0	1	24	7318	7295	0.10	30.1
Bacillus_GCA_900098925.1_spacer_15	virome_phage_66	75.000	32	8	0	3	34	27087	27118	0.94	26.9
Bacillus_GCA_900098925.1_spacer_16	virome_phage_2303	84.615	26	4	0	8	33	38319	38344	0.13	30.1
Bacillus_GCA_900098925.1_spacer_16	virome_phage_4	75.758	33	8	0	1	33	117051	117019	0.38	28.5
Bacillus_GCA_900098925.1_spacer_17	total_phage_102	80.000	30	6	0	1	30	6415	6386	0.13	30.1
Bacillus_GCA_900098925.1_spacer_18	virome_phage_784	82.143	28	5	0	1	28	26937	26910	0.13	30.1
Bacillus_GCA_900098925.1_spacer_18	virome_phage_2327	100.000	17	0	0	5	21	11481	11465	0.38	28.5
Bacillus_GCA_900098925.1_spacer_19	virome_phage_844	78.788	33	7	0	1	33	22842	22874	0.028	31.7
Bacillus_GCA_900098925.1_spacer_19	virome_phage_734	80.645	31	6	0	3	33	2019	2049	0.028	31.7
Bacillus_GCA_900098925.1_spacer_19	virome_phage_5	90.909	22	2	0	5	26	120994	120973	0.084	30.1
Bacillus_GCA_900098925.1_spacer_19	total_phage_730	82.143	28	5	0	6	33	102753	102726	0.084	30.1
Bacillus_GCA_900098925.1_spacer_19	virome_phage_742	84.000	25	4	0	4	28	53040	53016	0.25	28.5
Bacillus_GCA_900098925.1_spacer_19	virome_phage_10	81.481	27	5	0	6	32	83847	83873	0.25	28.5
Bacillus_GCA_900098925.1_spacer_19	total_phage_413	90.476	21	2	0	1	21	71405	71425	0.25	28.5
Bacillus_GCA_900098925.1_spacer_19	total_phage_231	86.957	23	3	0	4	26	78128	78106	0.25	28.5
Bacillus_GCA_900098925.1_spacer_19	total_phage_231	86.364	22	3	0	11	32	69062	69083	0.76	26.9
Bacillus_GCA_900098925.1_spacer_19	virome_phage_913	78.571	28	6	0	1	28	16977	17004	0.76	26.9
Bacillus_GCA_900098925.1_spacer_19	virome_phage_843	90.000	20	2	0	11	30	7363	7344	0.76	26.9
Bacillus_GCA_900098925.1_spacer_19	virome_phage_8	86.364	22	3	0	6	27	77978	77999	0.76	26.9
Bacillus_GCA_900098925.1_spacer_19	virome_phage_764	86.364	22	3	0	6	27	47155	47134	0.76	26.9
Bacillus_GCA_900098925.1_spacer_19	virome_phage_739	90.000	20	2	0	3	22	35507	35488	0.76	26.9
Bacillus_GCA_900098925.1_spacer_19	virome_phage_4	80.769	26	5	0	8	33	55411	55436	0.76	26.9
Bacillus_GCA_900098925.1_spacer_19	virome_phage_27	83.333	24	4	0	1	24	49032	49055	0.76	26.9
Bacillus_GCA_900098925.1_spacer_19	virome_phage_2254	80.769	26	5	0	6	31	107827	107852	0.76	26.9
Bacillus_GCA_900098925.1_spacer_19	virome_phage_144	90.000	20	2	0	3	22	8026	8045	0.76	26.9
Bacillus_GCA_900098925.1_spacer_19	virome_phage_14	83.333	24	4	0	8	31	46196	46173	0.76	26.9
Bacillus_GCA_900098925.1_spacer_19	total_phage_725	86.364	22	3	0	10	31	23361	23340	0.76	26.9
Bacillus_GCA_900098925.1_spacer_19	total_phage_500	80.769	26	5	0	6	31	18605	18580	0.76	26.9
Bacillus_GCA_900098925.1_spacer_19	total_phage_483	86.364	22	3	0	10	31	10936	10915	0.76	26.9
Bacillus_GCA_900098925.1_spacer_19	total_phage_368	86.364	22	3	0	8	29	10781	10760	0.76	26.9
Bacillus_GCA_900098925.1_spacer_19	total_phage_112	83.333	24	4	0	1	24	48336	48313	0.76	26.9
Bacillus_GCA_900098925.1_spacer_23	virome_phage_813	86.957	23	3	0	1	23	4003	4025	0.38	28.5
Bacillus_GCA_900098925.1_spacer_23	virome_phage_2368	90.476	21	2	0	16	36	17298	17278	0.38	28.5
Bacillus_GCA_900098925.1_spacer_25	total_phage_92	84.000	25	4	0	3	27	160123	160099	0.31	28.5
Bacillus_GCA_900098925.1_spacer_25	virome_phage_864	79.310	29	6	0	2	30	15487	15515	0.31	28.5
Bacillus_GCA_900098925.1_spacer_25	virome_phage_2270	100.000	16	0	0	2	17	87570	87555	0.94	26.9
Bacillus_GCA_900098925.1_spacer_25	total_phage_415	83.333	24	4	0	9	32	4656	4633	0.94	26.9
Bacillus_GCA_900098925.1_spacer_26	virome_phage_57	87.500	24	3	0	1	24	7318	7295	0.10	30.1
Bacillus_GCA_900098925.1_spacer_26	virome_phage_66	75.000	32	8	0	3	34	27087	27118	0.94	26.9
Bacillus_GCA_900098925.1_spacer_27	virome_phage_741	94.737	19	1	0	11	29	103693	103711	0.31	28.5
Bacillus_GCA_900098925.1_spacer_27	total_phage_927	100.000	16	0	0	14	29	142355	142370	0.94	26.9
Bacillus_GCA_900098925.1_spacer_28	virome_phage_773	81.481	27	5	0	6	32	35010	35036	0.31	28.5
Bacillus_GCA_900098925.1_spacer_28	virome_phage_813	94.444	18	1	0	14	31	9352	9335	0.94	26.9
Bacillus_GCA_900098925.1_spacer_28	virome_phage_46	83.333	24	4	0	5	28	17987	17964	0.94	26.9
Bacillus_GCA_900098925.1_spacer_29	virome_phage_866	94.444	18	1	0	15	32	9235	9218	0.94	26.9
Bacillus_GCA_900098925.1_spacer_29	virome_phage_783	78.571	28	6	0	7	34	22795	22768	0.94	26.9
Bacillus_GCA_900098925.1_spacer_29	virome_phage_41	78.571	28	6	0	3	30	36287	36260	0.94	26.9
Bacillus_GCA_900098925.1_spacer_29	virome_phage_895	90.000	20	2	0	15	34	5673	5692	0.94	26.9
Bacillus_GCA_900098925.1_spacer_30	virome_phage_27	86.364	22	3	0	12	33	52167	52188	0.94	26.9
Bacillus_GCA_900098925.1_spacer_30	virome_phage_827	90.000	20	2	0	10	29	28865	28846	0.94	26.9
Bacillus_GCA_900098925.1_spacer_30	total_phage_636	100.000	16	0	0	19	34	28361	28346	0.94	26.9
Bacillus_GCA_900098925.1_spacer_30	total_phage_112	86.364	22	3	0	12	33	45201	45180	0.94	26.9
Bacillus_GCA_900098925.1_spacer_31	virome_phage_769	75.758	33	8	0	1	33	41915	41947	0.38	28.5
Bacillus_GCA_900098925.1_spacer_32	virome_phage_2269	84.000	25	4	0	7	31	137627	137651	0.25	28.5
Bacillus_GCA_900098925.1_spacer_32	total_phage_415	81.481	27	5	0	3	29	11184	11158	0.25	28.5
Bacillus_GCA_900098925.1_spacer_32	virome_phage_752	78.571	28	6	0	2	29	29117	29144	0.76	26.9
Bacillus_GCA_900098925.1_spacer_32	virome_phage_748	80.769	26	5	0	4	29	3218	3243	0.76	26.9
Bacillus_GCA_900098925.1_spacer_32	virome_phage_748	90.000	20	2	0	2	21	24304	24285	0.76	26.9
Bacillus_GCA_900098925.1_spacer_32	virome_phage_744	86.364	22	3	0	4	25	4028	4049	0.76	26.9
Bacillus_GCA_900098925.1_spacer_32	virome_phage_2281	83.333	24	4	0	1	24	29320	29297	0.76	26.9
Bacillus_GCA_900098925.1_spacer_32	virome_phage_2272	86.364	22	3	0	9	30	61028	61007	0.76	26.9
Bacillus_GCA_900098925.1_spacer_33	virome_phage_2290	90.909	22	2	0	5	26	22946	22925	0.084	30.1
Bacillus_GCA_900098925.1_spacer_33	virome_phage_904	86.364	22	3	0	11	32	4399	4420	0.76	26.9
Bacillus_GCA_900098925.1_spacer_33	virome_phage_769	86.364	22	3	0	5	26	15616	15595	0.76	26.9
Bacillus_GCA_900098925.1_spacer_33	total_phage_790	94.444	18	1	0	7	24	84533	84516	0.76	26.9
Bacillus_GCA_900098925.1_spacer_35	virome_phage_960	80.645	31	6	0	2	32	118	88	0.035	31.7
Bacillus_GCA_900098925.1_spacer_35	virome_phage_760	80.000	30	6	0	4	33	24782	24753	0.10	30.1
Bacillus_GCA_900098925.1_spacer_35	total_phage_524	78.571	28	6	0	6	33	6628	6601	0.94	26.9
Bacillus_GCA_900098925.1_spacer_35	total_phage_800	83.333	24	4	0	7	30	461	484	0.94	26.9
Bacillus_GCA_900098925.1_spacer_40	virome_phage_2355	86.364	22	3	0	1	22	13792	13771	0.94	26.9
Bacillus_GCA_900098925.1_spacer_40	total_phage_808	86.364	22	3	0	1	22	4994	5015	0.94	26.9
Bacillus_GCA_900098925.1_spacer_41	virome_phage_11	81.481	27	5	0	6	32	37070	37096	0.31	28.5
Bacillus_GCA_900098925.1_spacer_42	total_phage_715	100.000	21	0	0	5	25	4236	4216	0.005	34.9
Bacillus_GCA_900098925.1_spacer_42	virome_phage_778	95.000	20	1	0	12	31	33741	33722	0.13	30.1
Bacillus_GCA_900098925.1_spacer_42	total_phage_729	86.957	23	3	0	5	27	61133	61155	0.38	28.5
Bacillus_GCA_900098925.1_spacer_43	virome_phage_2268	94.737	19	1	0	15	33	4286	4268	0.38	28.5
Bacillus_GCA_900098925.1_spacer_43	virome_phage_15	77.419	31	7	0	6	36	33412	33442	0.38	28.5
Bacillus_GCA_900098925.1_spacer_45	virome_phage_844	78.571	28	6	0	1	28	20379	20352	0.76	26.9
Bacillus_GCA_900098925.1_spacer_45	virome_phage_2313	94.444	18	1	0	2	19	15612	15595	0.76	26.9
Bacillus_GCA_900098925.1_spacer_46	virome_phage_9	90.476	21	2	0	8	28	49844	49864	0.25	28.5
Bacillus_GCA_900098925.1_spacer_46	virome_phage_787	83.333	24	4	0	9	32	29978	30001	0.76	26.9
Bacillus_GCA_900098925.1_spacer_47	virome_phage_2322	75.758	33	8	0	1	33	10345	10377	0.31	28.5
Bacillus_GCA_900098925.1_spacer_47	total_phage_237	94.737	19	1	0	15	33	6360	6342	0.31	28.5
Bacillus_GCA_900098925.1_spacer_47	virome_phage_79	86.364	22	3	0	8	29	12669	12690	0.94	26.9
Bacillus_GCA_900098925.1_spacer_47	virome_phage_196	83.333	24	4	0	8	31	846	869	0.94	26.9
Bacillus_GCA_900098925.1_spacer_47	total_phage_231	90.000	20	2	0	14	33	121613	121632	0.94	26.9
Bacillus_GCA_900098925.1_spacer_47	virome_phage_862	90.000	20	2	0	12	31	21179	21160	0.94	26.9
Bacillus_GCA_900098925.1_spacer_47	virome_phage_817	94.444	18	1	0	13	30	12176	12159	0.94	26.9
Bacillus_GCA_900098925.1_spacer_47	virome_phage_817	73.529	34	9	0	1	34	37203	37170	0.94	26.9
Bacillus_GCA_900098925.1_spacer_47	virome_phage_770	90.000	20	2	0	1	20	9903	9884	0.94	26.9
Bacillus_GCA_900098925.1_spacer_47	total_phage_415	90.000	20	2	0	15	34	21474	21455	0.94	26.9
Bacillus_GCA_900098925.1_spacer_47	total_phage_102	94.444	18	1	0	14	31	13813	13796	0.94	26.9
Bacillus_GCA_900098925.1_spacer_48	total_phage_733	84.615	26	4	0	1	26	32676	32651	0.10	30.1
Bacillus_GCA_900098925.1_spacer_48	total_phage_189	84.615	26	4	0	1	26	31068	31043	0.10	30.1
Bacillus_GCA_900098925.1_spacer_48	virome_phage_736	80.769	26	5	0	7	32	514	539	0.94	26.9
Bacillus_GCA_900098925.1_spacer_48	total_phage_413	76.667	30	7	0	2	31	82880	82909	0.94	26.9
Bacillus_GCA_900098925.1_spacer_48	virome_phage_834	80.769	26	5	0	1	26	1952	1927	0.94	26.9
Bacillus_GCA_900098925.1_spacer_48	total_phage_92	83.333	24	4	0	3	26	30570	30547	0.94	26.9
Bacillus_GCA_900098925.1_spacer_50	virome_phage_2	75.000	32	8	0	1	32	109013	109044	0.94	26.9
Bacillus_GCA_900098925.1_spacer_51	total_phage_730	84.375	32	5	0	2	33	112006	112037	0.001	36.5
Bacillus_GCA_900098925.1_spacer_51	virome_phage_10	84.375	32	5	0	2	33	74722	74691	0.001	36.5
Bacillus_GCA_900098925.1_spacer_51	virome_phage_742	88.000	25	3	0	9	33	62748	62772	0.035	31.7
Bacillus_GCA_900098925.1_spacer_51	total_phage_692	78.125	32	7	0	1	32	9925	9956	0.10	30.1
Bacillus_GCA_900098925.1_spacer_51	total_phage_454	78.125	32	7	0	1	32	1398	1429	0.10	30.1
Bacillus_GCA_900098925.1_spacer_51	virome_phage_4	80.000	30	6	0	1	30	133285	133256	0.10	30.1
Bacillus_GCA_900098925.1_spacer_51	total_phage_658	78.125	32	7	0	1	32	35977	35946	0.10	30.1
Bacillus_GCA_900098925.1_spacer_51	virome_phage_752	84.000	25	4	0	8	32	14977	15001	0.31	28.5
Bacillus_GCA_900098925.1_spacer_51	virome_phage_851	90.476	21	2	0	5	25	28246	28226	0.31	28.5
Bacillus_GCA_900098925.1_spacer_51	total_phage_413	79.310	29	6	0	5	33	123735	123707	0.31	28.5
Bacillus_GCA_900098925.1_spacer_51	virome_phage_34	76.667	30	7	0	1	30	5078	5107	0.94	26.9
Bacillus_GCA_900098925.1_spacer_51	virome_phage_736	86.364	22	3	0	12	33	136457	136436	0.94	26.9
Bacillus_GCA_900098925.1_spacer_52	virome_phage_2274	86.957	23	3	0	2	24	14242	14220	0.38	28.5
Bacillus_GCA_900098925.1_spacer_52	virome_phage_764	86.957	23	3	0	6	28	32229	32251	0.38	28.5
Bacillus_GCA_900098925.1_spacer_53	virome_phage_816	84.000	25	4	0	3	27	14653	14629	0.38	28.5
Bacillus_GCA_900098925.1_spacer_54	virome_phage_2292	80.645	31	6	0	3	33	44229	44199	0.028	31.7
Bacillus_GCA_900098925.1_spacer_54	virome_phage_771	80.645	31	6	0	3	33	13605	13635	0.028	31.7
Bacillus_GCA_900098925.1_spacer_54	virome_phage_820	86.957	23	3	0	10	32	20211	20233	0.25	28.5
Bacillus_GCA_900098925.1_spacer_54	virome_phage_841	86.364	22	3	0	8	29	6676	6655	0.76	26.9
Bacillus_GCA_900098925.1_spacer_54	virome_phage_752	80.769	26	5	0	8	33	66124	66099	0.76	26.9
Bacillus_GCA_900098925.1_spacer_54	virome_phage_2254	78.571	28	6	0	6	33	64558	64531	0.76	26.9
Bacillus_GCA_900098925.1_spacer_54	virome_phage_2238	78.571	28	6	0	6	33	46072	46045	0.76	26.9
Bacillus_GCA_900098925.1_spacer_54	total_phage_500	78.571	28	6	0	6	33	61885	61912	0.76	26.9
Bacillus_GCA_900098925.1_spacer_54	total_phage_413	83.333	24	4	0	7	30	96538	96561	0.76	26.9
Bacillus_GCA_900098925.1_spacer_55	total_phage_415	83.333	30	5	0	4	33	41223	41252	0.012	33.3
Bacillus_GCA_900098925.1_spacer_55	virome_phage_815	90.476	21	2	0	1	21	30601	30621	0.31	28.5
Bacillus_GCA_900098925.1_spacer_55	virome_phage_12	94.737	19	1	0	1	19	38735	38717	0.31	28.5
Bacillus_GCA_900098925.1_spacer_55	virome_phage_12	86.364	22	3	0	8	29	80353	80374	0.94	26.9
Bacillus_GCA_900098925.1_spacer_55	total_phage_111	90.476	21	2	0	1	21	33504	33524	0.31	28.5
Bacillus_GCA_900098925.1_spacer_55	total_phage_111	90.476	21	2	0	1	21	73746	73766	0.31	28.5
Bacillus_GCA_900098925.1_spacer_55	virome_phage_2235	80.769	26	5	0	9	34	27451	27426	0.94	26.9
Bacillus_GCA_900098925.1_spacer_55	total_phage_800	94.444	18	1	0	9	26	22018	22035	0.94	26.9
Bacillus_GCA_900098925.1_spacer_55	total_phage_368	78.571	28	6	0	7	34	27637	27610	0.94	26.9
Bacillus_GCA_900098925.1_spacer_55	total_phage_123	76.667	30	7	0	4	33	20004	20033	0.94	26.9
Bacillus_GCA_900098925.1_spacer_56	virome_phage_766	87.500	24	3	0	7	30	24615	24592	0.084	30.1
Bacillus_GCA_900098925.1_spacer_57	virome_phage_123	78.571	28	6	0	2	29	163	136	0.76	26.9
Bacillus_GCA_900098925.1_spacer_58	virome_phage_739	86.957	23	3	0	9	31	99235	99213	0.31	28.5
Bacillus_GCA_900098925.1_spacer_58	virome_phage_734	86.957	23	3	0	12	34	35135	35113	0.31	28.5
Bacillus_GCA_900098925.1_spacer_58	virome_phage_23	76.667	30	7	0	2	31	31699	31670	0.94	26.9
Bacillus_GCA_900098925.1_spacer_58	virome_phage_1	83.333	24	4	0	11	34	82102	82125	0.94	26.9
Bacillus_GCA_900098925.1_spacer_58	total_phage_123	80.769	26	5	0	7	32	16946	16971	0.94	26.9
Bacillus_GCA_900098925.1_spacer_58	total_phage_1	75.000	32	8	0	1	32	38871	38902	0.94	26.9
Bacillus_GCA_900098925.1_spacer_59	virome_phage_2274	86.364	22	3	0	1	22	3581	3560	0.76	26.9
Bacillus_GCA_900098925.1_spacer_60	virome_phage_2	85.714	28	4	0	7	34	70347	70320	0.012	33.3
Bacillus_GCA_900098925.1_spacer_60	virome_phage_57	100.000	17	0	0	2	18	42408	42424	0.31	28.5
Bacillus_GCA_900098925.1_spacer_60	virome_phage_2294	90.000	20	2	0	10	29	29222	29203	0.94	26.9
Bacillus_GCA_900098925.1_spacer_60	virome_phage_98	94.444	18	1	0	15	32	14989	15006	0.94	26.9
Bacillus_GCA_900098925.1_spacer_60	virome_phage_900	83.333	24	4	0	2	25	6426	6449	0.94	26.9
Bacillus_GCA_900098925.1_spacer_60	virome_phage_768	86.364	22	3	0	6	27	17805	17826	0.94	26.9
Bacillus_GCA_900098925.1_spacer_60	virome_phage_25	90.000	20	2	0	15	34	7921	7940	0.94	26.9
Bacillus_GCA_900098925.1_spacer_61	virome_phage_742	75.000	32	8	0	1	32	96584	96615	0.76	26.9
Bacillus_GCA_900098925.1_spacer_61	total_phage_927	94.444	18	1	0	15	32	63770	63753	0.76	26.9
Bacillus_GCA_900098925.1_spacer_62	total_phage_415	83.333	30	5	0	4	33	41223	41252	0.012	33.3
Bacillus_GCA_900098925.1_spacer_62	virome_phage_815	90.476	21	2	0	1	21	30601	30621	0.31	28.5
Bacillus_GCA_900098925.1_spacer_62	virome_phage_12	94.737	19	1	0	1	19	38735	38717	0.31	28.5
Bacillus_GCA_900098925.1_spacer_62	virome_phage_12	86.364	22	3	0	8	29	80353	80374	0.94	26.9
Bacillus_GCA_900098925.1_spacer_62	total_phage_111	90.476	21	2	0	1	21	33504	33524	0.31	28.5
Bacillus_GCA_900098925.1_spacer_62	total_phage_111	90.476	21	2	0	1	21	73746	73766	0.31	28.5
Bacillus_GCA_900098925.1_spacer_62	virome_phage_2235	80.769	26	5	0	9	34	27451	27426	0.94	26.9
Bacillus_GCA_900098925.1_spacer_62	total_phage_800	94.444	18	1	0	9	26	22018	22035	0.94	26.9
Bacillus_GCA_900098925.1_spacer_62	total_phage_368	78.571	28	6	0	7	34	27637	27610	0.94	26.9
Bacillus_GCA_900098925.1_spacer_62	total_phage_123	76.667	30	7	0	4	33	20004	20033	0.94	26.9
Bacillus_GCA_900098925.1_spacer_64	virome_phage_123	78.571	28	6	0	2	29	163	136	0.76	26.9
Bacillus_GCA_900098925.1_spacer_65	virome_phage_70	85.714	28	4	0	1	28	8632	8605	0.012	33.3
Bacillus_GCA_900098925.1_spacer_65	virome_phage_820	86.364	22	3	0	8	29	35095	35074	0.94	26.9
Bacillus_GCA_900098925.1_spacer_65	virome_phage_27	86.364	22	3	0	11	32	3297	3318	0.94	26.9
Bacillus_GCA_900098925.1_spacer_65	virome_phage_2401	100.000	16	0	0	4	19	2393	2378	0.94	26.9
Bacillus_GCA_900098925.1_spacer_66	virome_phage_71	80.000	30	6	0	5	34	23212	23241	0.10	30.1
Bacillus_GCA_900098925.1_spacer_66	virome_phage_75	83.333	24	4	0	11	34	18757	18734	0.94	26.9
Bacillus_GCA_900098925.1_spacer_67	total_phage_731	84.000	25	4	0	10	34	118712	118688	0.31	28.5
Bacillus_GCA_900098925.1_spacer_67	virome_phage_2275	83.333	24	4	0	9	32	65217	65240	0.94	26.9
Bacillus_GCA_900098925.1_spacer_67	virome_phage_39	90.000	20	2	0	7	26	3637	3618	0.94	26.9
Bacillus_GCA_900098925.1_spacer_67	total_phage_361	80.769	26	5	0	5	30	28097	28072	0.94	26.9
Bacillus_GCA_900098925.1_spacer_67	total_phage_306	75.000	32	8	0	3	34	22654	22623	0.94	26.9
Bacillus_GCA_900098925.1_spacer_68	virome_phage_31	83.333	30	5	0	6	35	19136	19107	0.014	33.3
Bacillus_GCA_900098925.1_spacer_69	virome_phage_70	84.000	25	4	0	4	28	31141	31117	0.25	28.5
Bacillus_GCA_900098925.1_spacer_69	virome_phage_742	90.000	20	2	0	10	29	83992	84011	0.76	26.9
Bacillus_GCA_900098925.1_spacer_70	total_phage_788	85.714	28	4	0	5	32	1219	1192	0.009	33.3
Bacillus_GCA_900098925.1_spacer_70	total_phage_609	84.615	26	4	0	8	33	8950	8925	0.084	30.1
Bacillus_GCA_900098925.1_spacer_70	total_phage_246	84.615	26	4	0	4	29	23001	22976	0.084	30.1
Bacillus_GCA_900098925.1_spacer_70	virome_phage_843	90.909	22	2	0	7	28	12699	12720	0.084	30.1
Bacillus_GCA_900098925.1_spacer_70	virome_phage_865	90.476	21	2	0	13	33	8961	8941	0.25	28.5
Bacillus_GCA_900098925.1_spacer_70	virome_phage_2254	84.000	25	4	0	9	33	6373	6349	0.25	28.5
Bacillus_GCA_900098925.1_spacer_70	total_phage_449	79.310	29	6	0	5	33	8069	8097	0.25	28.5
Bacillus_GCA_900098925.1_spacer_70	virome_phage_8	86.364	22	3	0	12	33	16329	16308	0.76	26.9
Bacillus_GCA_900098925.1_spacer_70	virome_phage_743	94.444	18	1	0	16	33	25826	25809	0.76	26.9
Bacillus_GCA_900098925.1_spacer_70	total_phage_786	80.769	26	5	0	8	33	17552	17527	0.76	26.9
Bacillus_GCA_900098925.1_spacer_70	total_phage_176	94.444	18	1	0	8	25	7090	7073	0.76	26.9
Bacillus_GCA_900098925.1_spacer_70	virome_phage_751	90.000	20	2	0	1	20	68878	68897	0.76	26.9
Bacillus_GCA_900098925.1_spacer_70	virome_phage_2388	76.667	30	7	0	1	30	15178	15207	0.76	26.9
Bacillus_GCA_900098925.1_spacer_70	total_phage_99	83.333	24	4	0	3	26	5900	5923	0.76	26.9
Bacillus_GCA_900098925.1_spacer_70	total_phage_604	76.667	30	7	0	3	32	40865	40894	0.76	26.9
Bacillus_GCA_900098925.1_spacer_70	total_phage_524	80.769	26	5	0	6	31	35128	35153	0.76	26.9
Bacillus_GCA_900098925.1_spacer_71	virome_phage_2407	91.667	24	2	0	1	24	6207	6184	0.012	33.3
Bacillus_GCA_900098925.1_spacer_71	total_phage_807	83.333	30	5	0	5	34	18953	18924	0.012	33.3
Bacillus_GCA_900098925.1_spacer_71	virome_phage_33	82.143	28	5	0	6	33	33975	33948	0.10	30.1
Bacillus_GCA_900098925.1_spacer_71	total_phage_730	87.500	24	3	0	1	24	32580	32603	0.10	30.1
Bacillus_GCA_900098925.1_spacer_71	total_phage_121	76.471	34	8	0	1	34	2614	2647	0.10	30.1
Bacillus_GCA_900098925.1_spacer_71	virome_phage_7	75.758	33	8	0	1	33	124901	124869	0.31	28.5
Bacillus_GCA_900098925.1_spacer_71	virome_phage_66	90.476	21	2	0	2	22	37934	37914	0.31	28.5
Bacillus_GCA_900098925.1_spacer_71	virome_phage_2254	86.957	23	3	0	11	33	90501	90479	0.31	28.5
Bacillus_GCA_900098925.1_spacer_71	virome_phage_2238	86.957	23	3	0	11	33	72025	72003	0.31	28.5
Bacillus_GCA_900098925.1_spacer_71	virome_phage_18	84.000	25	4	0	8	32	40761	40737	0.31	28.5
Bacillus_GCA_900098925.1_spacer_71	virome_phage_10	90.476	21	2	0	1	21	6626	6606	0.31	28.5
Bacillus_GCA_900098925.1_spacer_71	total_phage_796	90.476	21	2	0	7	27	24286	24266	0.31	28.5
Bacillus_GCA_900098925.1_spacer_71	total_phage_524	100.000	17	0	0	11	27	12641	12625	0.31	28.5
Bacillus_GCA_900098925.1_spacer_71	total_phage_11	90.476	21	2	0	7	27	23010	22990	0.31	28.5
Bacillus_GCA_900098925.1_spacer_71	virome_phage_88	90.476	21	2	0	7	27	31474	31494	0.31	28.5
Bacillus_GCA_900098925.1_spacer_71	virome_phage_800	90.476	21	2	0	7	27	30551	30571	0.31	28.5
Bacillus_GCA_900098925.1_spacer_71	virome_phage_2360	90.476	21	2	0	7	27	13787	13807	0.31	28.5
Bacillus_GCA_900098925.1_spacer_71	virome_phage_1	100.000	17	0	0	5	21	87426	87442	0.31	28.5
Bacillus_GCA_900098925.1_spacer_71	total_phage_738	90.476	21	2	0	7	27	11567	11587	0.31	28.5
Bacillus_GCA_900098925.1_spacer_71	total_phage_500	86.957	23	3	0	11	33	35932	35954	0.31	28.5
Bacillus_GCA_900098925.1_spacer_71	virome_phage_840	78.571	28	6	0	6	33	12960	12933	0.94	26.9
Bacillus_GCA_900098925.1_spacer_71	virome_phage_4	86.364	22	3	0	3	24	18074	18053	0.94	26.9
Bacillus_GCA_900098925.1_spacer_71	virome_phage_2260	94.444	18	1	0	2	19	5452	5435	0.94	26.9
Bacillus_GCA_900098925.1_spacer_71	virome_phage_2259	83.333	24	4	0	4	27	17180	17157	0.94	26.9
Bacillus_GCA_900098925.1_spacer_71	total_phage_92	80.769	26	5	0	2	27	115262	115237	0.94	26.9
Bacillus_GCA_900098925.1_spacer_71	total_phage_18	94.444	18	1	0	2	19	5905	5888	0.94	26.9
Bacillus_GCA_900098925.1_spacer_71	virome_phage_914	90.000	20	2	0	1	20	18617	18636	0.94	26.9
Bacillus_GCA_900098925.1_spacer_71	virome_phage_785	83.333	24	4	0	1	24	19535	19558	0.94	26.9
Bacillus_GCA_900098925.1_spacer_71	virome_phage_742	76.667	30	7	0	2	31	53614	53643	0.94	26.9
Bacillus_GCA_900098925.1_spacer_71	virome_phage_70	94.444	18	1	0	1	18	20814	20831	0.94	26.9
Bacillus_GCA_900098925.1_spacer_71	virome_phage_2335	83.333	24	4	0	1	24	11813	11836	0.94	26.9
Bacillus_GCA_900098925.1_spacer_71	total_phage_418	90.000	20	2	0	3	22	22898	22917	0.94	26.9
Bacillus_GCA_900098925.1_spacer_71	total_phage_417	100.000	16	0	0	2	17	30273	30288	0.94	26.9
Bacillus_GCA_900098925.1_spacer_71	total_phage_366	94.444	18	1	0	1	18	12583	12600	0.94	26.9
Bacillus_GCA_900098925.1_spacer_71	total_phage_306	75.000	32	8	0	1	32	7408	7439	0.94	26.9
Bacillus_GCA_900098925.1_spacer_71	total_phage_245	90.000	20	2	0	1	20	28059	28078	0.94	26.9
Bacillus_GCA_900098925.1_spacer_71	total_phage_175	100.000	16	0	0	2	17	13568	13583	0.94	26.9
Bacillus_GCA_900098925.1_spacer_72	virome_phage_2319	91.304	23	2	0	5	27	17094	17072	0.042	31.7
Bacillus_GCA_900098925.1_spacer_72	virome_phage_837	86.957	23	3	0	5	27	19885	19863	0.38	28.5
Bacillus_GCA_900098925.1_spacer_72	virome_phage_123	86.957	23	3	0	5	27	20854	20832	0.38	28.5
Bacillus_GCA_900098925.1_spacer_72	total_phage_735	81.481	27	5	0	7	33	29259	29285	0.38	28.5
Bacillus_GCA_900098925.1_spacer_73	total_phage_731	95.000	20	1	0	2	21	70672	70691	0.084	30.1
Bacillus_GCA_900098925.1_spacer_73	total_phage_121	90.476	21	2	0	7	27	5701	5721	0.25	28.5
Bacillus_GCA_900098925.1_spacer_73	virome_phage_9	78.571	28	6	0	6	33	47872	47899	0.76	26.9
Bacillus_GCA_900098925.1_spacer_73	virome_phage_858	78.571	28	6	0	4	31	8297	8324	0.76	26.9
Bacillus_GCA_900098925.1_spacer_73	virome_phage_2345	76.667	30	7	0	2	31	13876	13905	0.76	26.9
Bacillus_GCA_900098925.1_spacer_73	virome_phage_2292	80.769	26	5	0	7	32	33782	33807	0.76	26.9
Bacillus_GCA_900098925.1_spacer_73	virome_phage_829	76.667	30	7	0	2	31	2909	2880	0.76	26.9
Bacillus_GCA_900098925.1_spacer_73	virome_phage_62	94.444	18	1	0	6	23	24714	24697	0.76	26.9
Bacillus_GCA_900098925.1_spacer_73	virome_phage_25	83.333	24	4	0	8	31	17357	17334	0.76	26.9
Bacillus_GCA_900098925.1_spacer_73	virome_phage_2297	78.571	28	6	0	4	31	5969	5942	0.76	26.9
Bacillus_GCA_900098925.1_spacer_73	virome_phage_119	76.667	30	7	0	2	31	21162	21133	0.76	26.9
Bacillus_GCA_900098925.1_spacer_73	total_phage_788	78.571	28	6	0	4	31	42292	42265	0.76	26.9
Bacillus_GCA_900098925.1_spacer_74	virome_phage_2269	94.737	19	1	0	3	21	235967	235949	0.38	28.5
Bacillus_GCA_900098925.1_spacer_75	virome_phage_848	86.957	23	3	0	7	29	30352	30374	0.31	28.5
Bacillus_GCA_900098925.1_spacer_75	total_phage_187	77.419	31	7	0	1	31	29063	29093	0.31	28.5
Bacillus_GCA_900098925.1_spacer_76	virome_phage_2239	79.310	29	6	0	6	34	18231	18259	0.38	28.5
Bacillus_GCA_900098925.1_spacer_76	total_phage_501	79.310	29	6	0	6	34	9414	9386	0.38	28.5
Bacillus_GCA_900098925.1_spacer_76	total_phage_454	79.310	29	6	0	6	34	12257	12285	0.38	28.5
Bacillus_GCA_900098925.1_spacer_77	virome_phage_783	78.125	32	7	0	3	34	28899	28930	0.13	30.1
Bacillus_GCA_900098925.1_spacer_77	total_phage_231	94.737	19	1	0	15	33	99589	99607	0.38	28.5
Bacillus_GCA_900098925.1_spacer_77	total_phage_730	86.957	23	3	0	12	34	61166	61144	0.38	28.5
Bacillus_GCA_900098925.1_spacer_78	virome_phage_761	87.500	24	3	0	8	31	15837	15860	0.10	30.1
Bacillus_GCA_900098925.1_spacer_78	virome_phage_2339	87.500	24	3	0	3	26	19050	19027	0.10	30.1
Bacillus_GCA_900098925.1_spacer_78	total_phage_303	87.500	24	3	0	3	26	33234	33257	0.10	30.1
Bacillus_GCA_900098925.1_spacer_78	total_phage_178	87.500	24	3	0	3	26	24202	24179	0.10	30.1
Bacillus_GCA_900098925.1_spacer_78	total_phage_100	87.500	24	3	0	3	26	326	349	0.10	30.1
Bacillus_GCA_900098925.1_spacer_78	virome_phage_793	100.000	17	0	0	13	29	16416	16432	0.31	28.5
Bacillus_GCA_900098925.1_spacer_78	virome_phage_2282	79.310	29	6	0	3	31	14971	14943	0.31	28.5
Bacillus_GCA_900098925.1_spacer_78	virome_phage_107	90.476	21	2	0	11	31	11080	11100	0.31	28.5
Bacillus_GCA_900098925.1_spacer_78	total_phage_787	86.957	23	3	0	2	24	22366	22344	0.31	28.5
Bacillus_GCA_900098925.1_spacer_78	total_phage_357	86.957	23	3	0	2	24	1472	1494	0.31	28.5
Bacillus_GCA_900098925.1_spacer_78	virome_phage_915	83.333	24	4	0	3	26	12594	12617	0.94	26.9
Bacillus_GCA_900098925.1_spacer_78	virome_phage_909	86.364	22	3	0	10	31	22465	22444	0.94	26.9
Bacillus_GCA_900098925.1_spacer_78	virome_phage_9	90.000	20	2	0	5	24	52403	52422	0.94	26.9
Bacillus_GCA_900098925.1_spacer_78	virome_phage_754	94.444	18	1	0	7	24	38440	38457	0.94	26.9
Bacillus_GCA_900098925.1_spacer_78	virome_phage_740	80.769	26	5	0	7	32	839	864	0.94	26.9
Bacillus_GCA_900098925.1_spacer_78	virome_phage_734	80.769	26	5	0	9	34	99365	99340	0.94	26.9
Bacillus_GCA_900098925.1_spacer_78	virome_phage_37	83.333	24	4	0	11	34	1650	1673	0.94	26.9
Bacillus_GCA_900098925.1_spacer_78	virome_phage_2347	86.364	22	3	0	10	31	4315	4336	0.94	26.9
Bacillus_GCA_900098925.1_spacer_78	virome_phage_2270	86.364	22	3	0	11	32	39990	39969	0.94	26.9
Bacillus_GCA_900098925.1_spacer_78	virome_phage_124	83.333	24	4	0	3	26	23902	23925	0.94	26.9
Bacillus_GCA_900098925.1_spacer_78	total_phage_927	80.769	26	5	0	9	34	142110	142135	0.94	26.9
Bacillus_GCA_900098925.1_spacer_78	total_phage_926	90.000	20	2	0	9	28	16843	16824	0.94	26.9
Bacillus_GCA_900098925.1_spacer_78	total_phage_790	86.364	22	3	0	8	29	21694	21715	0.94	26.9
Bacillus_GCA_900098925.1_spacer_79	virome_phage_8	77.419	31	7	0	3	33	107630	107660	0.31	28.5
Bacillus_GCA_900098925.1_spacer_79	total_phage_738	79.310	29	6	0	4	32	11283	11311	0.31	28.5
Bacillus_GCA_900098925.1_spacer_79	total_phage_293	79.310	29	6	0	4	32	25449	25421	0.31	28.5
Bacillus_GCA_900098925.1_spacer_79	total_phage_249	79.310	29	6	0	4	32	19578	19550	0.31	28.5
Bacillus_GCA_900098925.1_spacer_79	virome_phage_2372	83.333	24	4	0	5	28	2204	2227	0.94	26.9
Bacillus_GCA_900098925.1_spacer_79	virome_phage_91	83.333	24	4	0	1	24	3307	3284	0.94	26.9
Bacillus_GCA_900098925.1_spacer_80	virome_phage_7	84.000	25	4	0	9	33	96274	96250	0.25	28.5
Bacillus_GCA_900098925.1_spacer_80	virome_phage_7	86.364	22	3	0	11	32	48697	48718	0.76	26.9
Bacillus_GCA_900098925.1_spacer_80	virome_phage_25	77.419	31	7	0	3	33	5597	5567	0.25	28.5
Bacillus_GCA_900098925.1_spacer_80	virome_phage_764	94.444	18	1	0	9	26	36957	36940	0.76	26.9
Bacillus_GCA_900098925.1_spacer_80	virome_phage_746	86.364	22	3	0	1	22	55606	55585	0.76	26.9
Bacillus_GCA_900098925.1_spacer_80	virome_phage_742	83.333	24	4	0	10	33	65503	65480	0.76	26.9
Bacillus_GCA_900098925.1_spacer_80	virome_phage_913	90.000	20	2	0	1	20	10777	10796	0.76	26.9
Bacillus_GCA_900098925.1_spacer_80	virome_phage_191	75.000	32	8	0	1	32	1643	1674	0.76	26.9
Bacillus_GCA_900098925.1_spacer_80	total_phage_358	86.364	22	3	0	4	25	33176	33197	0.76	26.9
Bacillus_GCA_900098925.1_spacer_80	total_phage_254	75.000	32	8	0	1	32	1554	1585	0.76	26.9
Bacillus_GCA_900098925.1_spacer_81	virome_phage_2914	86.364	22	3	0	9	30	2674	2695	0.94	26.9
Bacillus_GCA_900098925.1_spacer_82	virome_phage_50	86.957	23	3	0	3	25	8547	8569	0.38	28.5
Bacillus_GCA_900098925.1_spacer_83	virome_phage_14	83.333	24	4	0	5	28	46560	46537	0.94	26.9
Bacillus_GCA_900098925.1_spacer_84	virome_phage_760	86.957	23	3	0	8	30	5954	5976	0.31	28.5
Bacillus_GCA_900098925.1_spacer_84	virome_phage_870	80.769	26	5	0	5	30	21642	21667	0.94	26.9
Bacillus_GCA_900098925.1_spacer_84	virome_phage_27	83.333	24	4	0	7	30	29771	29794	0.94	26.9
Bacillus_GCA_900098925.1_spacer_84	total_phage_8	83.333	24	4	0	8	31	24707	24730	0.94	26.9
Bacillus_GCA_900098925.1_spacer_84	virome_phage_875	94.444	18	1	0	10	27	8196	8179	0.94	26.9
Bacillus_GCA_900098925.1_spacer_85	total_phage_176	83.871	31	5	0	3	33	1796	1826	0.004	34.9
Bacillus_GCA_900098925.1_spacer_85	virome_phage_745	80.645	31	6	0	2	32	34287	34317	0.035	31.7
Bacillus_GCA_900098925.1_spacer_85	virome_phage_857	84.000	25	4	0	8	32	13627	13651	0.31	28.5
Bacillus_GCA_900098925.1_spacer_85	virome_phage_776	86.957	23	3	0	11	33	30695	30717	0.31	28.5
Bacillus_GCA_900098925.1_spacer_85	virome_phage_275	100.000	17	0	0	16	32	6061	6077	0.31	28.5
Bacillus_GCA_900098925.1_spacer_85	total_phage_729	84.000	25	4	0	2	26	112408	112384	0.31	28.5
Bacillus_GCA_900098925.1_spacer_85	total_phage_237	94.737	19	1	0	8	26	10085	10067	0.31	28.5
Bacillus_GCA_900098925.1_spacer_85	virome_phage_96	86.364	22	3	0	6	27	22630	22609	0.94	26.9
Bacillus_GCA_900098925.1_spacer_85	virome_phage_902	80.769	26	5	0	8	33	14675	14650	0.94	26.9
Bacillus_GCA_900098925.1_spacer_85	virome_phage_764	86.364	22	3	0	8	29	15156	15135	0.94	26.9
Bacillus_GCA_900098925.1_spacer_85	virome_phage_33	86.364	22	3	0	12	33	17495	17516	0.94	26.9
Bacillus_GCA_900098925.1_spacer_85	virome_phage_3	94.444	18	1	0	8	25	27403	27386	0.94	26.9
Bacillus_GCA_900098925.1_spacer_85	virome_phage_2522	90.000	20	2	0	12	31	6612	6593	0.94	26.9
Bacillus_GCA_900098925.1_spacer_85	virome_phage_2275	100.000	16	0	0	18	33	50772	50787	0.94	26.9
Bacillus_GCA_900098925.1_spacer_85	virome_phage_2254	80.769	26	5	0	8	33	4305	4280	0.94	26.9
Bacillus_GCA_900098925.1_spacer_85	virome_phage_2254	80.769	26	5	0	8	33	105921	105896	0.94	26.9
Bacillus_GCA_900098925.1_spacer_85	total_phage_935	90.000	20	2	0	8	27	10021	10002	0.94	26.9
Bacillus_GCA_900098925.1_spacer_85	total_phage_9	86.364	22	3	0	12	33	24427	24406	0.94	26.9
Bacillus_GCA_900098925.1_spacer_85	total_phage_500	80.769	26	5	0	8	33	20517	20542	0.94	26.9
Bacillus_GCA_900098925.1_spacer_85	total_phage_364	90.000	20	2	0	8	27	6974	6993	0.94	26.9
Bacillus_GCA_900098925.1_spacer_85	total_phage_239	83.333	24	4	0	10	33	11877	11900	0.94	26.9
Bacillus_GCA_900098925.1_spacer_85	total_phage_179	80.769	26	5	0	1	26	7269	7294	0.94	26.9
Bacillus_GCA_900098925.1_spacer_86	total_phage_1	94.737	19	1	0	13	31	38778	38760	0.38	28.5
Bacillus_GCA_900098925.1_spacer_87	total_phage_92	88.000	25	3	0	10	34	58649	58625	0.035	31.7
Bacillus_GCA_900098925.1_spacer_87	virome_phage_746	90.476	21	2	0	10	30	22960	22940	0.31	28.5
Bacillus_GCA_900098925.1_spacer_87	total_phage_524	81.481	27	5	0	8	34	9911	9885	0.31	28.5
Bacillus_GCA_900098925.1_spacer_87	virome_phage_817	80.769	26	5	0	9	34	27801	27826	0.94	26.9
Bacillus_GCA_900098925.1_spacer_87	virome_phage_2239	100.000	16	0	0	5	20	11070	11085	0.94	26.9
Bacillus_GCA_900098925.1_spacer_87	total_phage_501	100.000	16	0	0	5	20	16575	16560	0.94	26.9
Bacillus_GCA_900098925.1_spacer_87	total_phage_105	94.444	18	1	0	16	33	11848	11831	0.94	26.9
Bacillus_GCA_900098925.1_spacer_88	virome_phage_94	86.957	23	3	0	12	34	26576	26598	0.31	28.5
Bacillus_GCA_900098925.1_spacer_88	virome_phage_9	94.444	18	1	0	3	20	106915	106932	0.94	26.9
Bacillus_GCA_900098925.1_spacer_88	total_phage_497	94.444	18	1	0	17	34	32240	32257	0.94	26.9
Bacillus_GCA_900098925.1_spacer_88	total_phage_478	94.444	18	1	0	17	34	27565	27582	0.94	26.9
Bacillus_GCA_900098925.1_spacer_89	virome_phage_742	84.000	25	4	0	1	25	22833	22857	0.31	28.5
Bacillus_GCA_900098925.1_spacer_89	virome_phage_7	94.737	19	1	0	4	22	65891	65873	0.31	28.5
Bacillus_GCA_900098925.1_spacer_89	virome_phage_2274	79.310	29	6	0	6	34	58651	58623	0.31	28.5
Bacillus_GCA_900098925.1_spacer_89	virome_phage_831	83.333	24	4	0	11	34	20679	20656	0.94	26.9
Bacillus_GCA_900098925.1_spacer_91	virome_phage_35	87.500	24	3	0	10	33	45883	45906	0.13	30.1
Bacillus_GCA_900098925.1_spacer_92	virome_phage_768	100.000	18	0	0	6	23	11574	11557	0.15	30.1
Bacillus_GCA_900098925.1_spacer_92	virome_phage_16	100.000	18	0	0	3	20	55196	55179	0.15	30.1
Bacillus_GCA_900098925.1_spacer_92	total_phage_246	84.000	25	4	0	3	27	12313	12337	0.44	28.5
Bacillus_GCA_900098925.1_spacer_93	virome_phage_739	84.615	26	4	0	3	28	127853	127828	0.13	30.1
Bacillus_GCA_900098925.1_spacer_93	virome_phage_98	94.737	19	1	0	9	27	20023	20005	0.38	28.5
Bacillus_GCA_900098925.1_spacer_93	virome_phage_9	84.000	25	4	0	5	29	87336	87312	0.38	28.5
Bacillus_GCA_900098925.1_spacer_94	virome_phage_963	86.364	22	3	0	11	32	10110	10089	0.94	26.9
Bacillus_GCA_900098925.1_spacer_94	virome_phage_779	90.000	20	2	0	8	27	41399	41418	0.94	26.9
Bacillus_GCA_900098925.1_spacer_94	virome_phage_734	86.364	22	3	0	10	31	74812	74791	0.94	26.9
Bacillus_GCA_900098925.1_spacer_94	virome_phage_734	86.364	22	3	0	6	27	94607	94586	0.94	26.9
Bacillus_GCA_900098925.1_spacer_94	virome_phage_2400	86.364	22	3	0	11	32	8220	8241	0.94	26.9
Bacillus_GCA_900098925.1_spacer_95	virome_phage_754	91.304	23	2	0	12	34	60593	60615	0.035	31.7
Bacillus_GCA_900098925.1_spacer_95	virome_phage_2295	84.000	25	4	0	10	34	13120	13144	0.31	28.5
Bacillus_GCA_900098925.1_spacer_95	virome_phage_819	90.000	20	2	0	15	34	35259	35240	0.94	26.9
Bacillus_GCA_900098925.1_spacer_95	total_phage_415	90.000	20	2	0	1	20	2272	2291	0.94	26.9
Bacillus_GCA_900098925.1_spacer_96	virome_phage_974	82.143	28	5	0	8	35	11139	11166	0.13	30.1
Bacillus_GCA_900098925.1_spacer_96	virome_phage_68	90.909	22	2	0	6	27	37840	37819	0.13	30.1
Bacillus_GCA_900098925.1_spacer_96	virome_phage_47	80.000	30	6	0	6	35	26806	26777	0.13	30.1
Bacillus_GCA_900098925.1_spacer_96	total_phage_362	82.143	28	5	0	7	34	13215	13242	0.13	30.1
Bacillus_GCA_900098925.1_spacer_96	total_phage_244	82.143	28	5	0	7	34	10159	10132	0.13	30.1
Bacillus_GCA_900098925.1_spacer_96	total_phage_102	82.143	28	5	0	7	34	20537	20510	0.13	30.1
Bacillus_GCA_900098925.1_spacer_96	total_phage_785	84.000	25	4	0	6	30	11604	11628	0.38	28.5
Bacillus_GCA_900098925.1_spacer_96	total_phage_308	84.000	25	4	0	6	30	15346	15370	0.38	28.5
Bacillus_GCA_900098925.1_spacer_99	total_phage_731	95.000	20	1	0	3	22	33666	33647	0.084	30.1
Bacillus_GCA_900098925.1_spacer_99	virome_phage_826	78.571	28	6	0	1	28	5703	5676	0.76	26.9
Bacillus_GCA_900098925.1_spacer_100	virome_phage_868	80.769	26	5	0	9	34	12888	12863	0.94	26.9
Bacillus_GCA_900098925.1_spacer_100	virome_phage_807	86.364	22	3	0	11	32	4984	5005	0.94	26.9
Bacillus_GCA_900098925.1_spacer_100	total_phage_305	86.364	22	3	0	11	32	27664	27685	0.94	26.9
Bacillus_GCA_900098925.1_spacer_101	virome_phage_817	78.571	28	6	0	6	33	30177	30150	0.76	26.9
Bacillus_GCA_900098925.1_spacer_101	virome_phage_815	86.364	22	3	0	9	30	37294	37273	0.76	26.9
Bacillus_GCA_900098925.1_spacer_101	total_phage_663	83.333	24	4	0	5	28	9317	9294	0.76	26.9
Bacillus_GCA_900098925.1_spacer_101	total_phage_637	83.333	24	4	0	5	28	6007	5984	0.76	26.9
Bacillus_GCA_900098925.1_spacer_101	total_phage_111	86.364	22	3	0	9	30	40197	40176	0.76	26.9
Bacillus_GCA_900098925.1_spacer_101	total_phage_111	86.364	22	3	0	9	30	80439	80418	0.76	26.9
Bacillus_GCA_900098925.1_spacer_102	virome_phage_782	94.737	19	1	0	8	26	2934	2952	0.38	28.5
Bacillus_GCA_900098925.1_spacer_102	total_phage_697	94.737	19	1	0	5	23	4699	4717	0.38	28.5
Bacillus_GCA_900098925.1_spacer_103	total_phage_497	82.759	29	5	0	3	31	31966	31994	0.028	31.7
Bacillus_GCA_900098925.1_spacer_103	total_phage_478	82.759	29	5	0	3	31	27291	27319	0.028	31.7
Bacillus_GCA_900098925.1_spacer_103	virome_phage_2342	80.000	30	6	0	4	33	3489	3518	0.084	30.1
Bacillus_GCA_900098925.1_spacer_103	total_phage_9	94.737	19	1	0	15	33	13365	13347	0.25	28.5
Bacillus_GCA_900098925.1_spacer_103	total_phage_806	94.737	19	1	0	15	33	12086	12104	0.25	28.5
Bacillus_GCA_900098925.1_spacer_103	virome_phage_839	86.364	22	3	0	2	23	4137	4116	0.76	26.9
Bacillus_GCA_900098925.1_spacer_103	virome_phage_829	83.333	24	4	0	10	33	29599	29622	0.76	26.9
Bacillus_GCA_900098925.1_spacer_103	virome_phage_807	80.769	26	5	0	8	33	11621	11646	0.76	26.9
Bacillus_GCA_900098925.1_spacer_103	virome_phage_795	80.769	26	5	0	5	30	11817	11792	0.76	26.9
Bacillus_GCA_900098925.1_spacer_103	virome_phage_77	75.000	32	8	0	1	32	21023	20992	0.76	26.9
Bacillus_GCA_900098925.1_spacer_103	virome_phage_3	78.571	28	6	0	4	31	25032	25059	0.76	26.9
Bacillus_GCA_900098925.1_spacer_103	virome_phage_3	83.333	24	4	0	7	30	108801	108778	0.76	26.9
Bacillus_GCA_900098925.1_spacer_103	virome_phage_18	78.571	28	6	0	5	32	33145	33172	0.76	26.9
Bacillus_GCA_900098925.1_spacer_103	total_phage_934	90.000	20	2	0	3	22	21462	21481	0.76	26.9
Bacillus_GCA_900098925.1_spacer_103	total_phage_8	80.769	26	5	0	7	32	4847	4822	0.76	26.9
Bacillus_GCA_900098925.1_spacer_103	total_phage_797	80.769	26	5	0	8	33	29795	29820	0.76	26.9
Bacillus_GCA_900098925.1_spacer_103	total_phage_788	80.769	26	5	0	4	29	4304	4279	0.76	26.9
Bacillus_GCA_900098925.1_spacer_103	total_phage_664	90.000	20	2	0	4	23	11218	11199	0.76	26.9
Bacillus_GCA_900098925.1_spacer_103	total_phage_663	90.000	20	2	0	10	29	2384	2403	0.76	26.9
Bacillus_GCA_900098925.1_spacer_103	total_phage_357	80.769	26	5	0	8	33	9791	9766	0.76	26.9
Bacillus_GCA_900098925.1_spacer_103	total_phage_306	90.000	20	2	0	3	22	16133	16152	0.76	26.9
Bacillus_GCA_900098925.1_spacer_103	total_phage_242	94.444	18	1	0	8	25	4748	4731	0.76	26.9
Bacillus_GCA_900098925.1_spacer_103	total_phage_114	80.769	26	5	0	8	33	32291	32316	0.76	26.9
Bacillus_GCA_900098925.1_spacer_103	total_phage_106	86.364	22	3	0	1	22	7361	7382	0.76	26.9
Bacillus_GCA_900098925.1_spacer_104	total_phage_232	86.207	29	4	0	2	30	11770	11742	0.004	34.9
Bacillus_GCA_900098925.1_spacer_104	virome_phage_792	84.000	25	4	0	10	34	19285	19261	0.31	28.5
Bacillus_GCA_900098925.1_spacer_104	virome_phage_77	90.000	20	2	0	6	25	26226	26207	0.94	26.9
Bacillus_GCA_900098925.1_spacer_105	virome_phage_2388	95.000	20	1	0	6	25	12234	12215	0.13	30.1
Bacillus_GCA_900098925.1_spacer_105	virome_phage_785	79.310	29	6	0	2	30	37213	37241	0.38	28.5
Bacillus_GCA_900098925.1_spacer_105	virome_phage_2298	79.310	29	6	0	2	30	37223	37251	0.38	28.5
Bacillus_GCA_900098925.1_spacer_105	virome_phage_839	79.310	29	6	0	2	30	5700	5672	0.38	28.5
Bacillus_GCA_900098925.1_spacer_105	total_phage_414	79.310	29	6	0	2	30	29844	29816	0.38	28.5
Bacillus_GCA_900098925.1_spacer_106	virome_phage_891	95.000	20	1	0	1	20	13715	13696	0.10	30.1
Bacillus_GCA_900098925.1_spacer_106	total_phage_733	95.000	20	1	0	1	20	12064	12083	0.10	30.1
Bacillus_GCA_900098925.1_spacer_106	total_phage_189	95.000	20	1	0	1	20	10037	10056	0.10	30.1
Bacillus_GCA_900098925.1_spacer_106	virome_phage_91	90.476	21	2	0	8	28	19382	19362	0.31	28.5
Bacillus_GCA_900098925.1_spacer_106	virome_phage_807	100.000	17	0	0	16	32	12967	12951	0.31	28.5
Bacillus_GCA_900098925.1_spacer_106	virome_phage_2322	79.310	29	6	0	1	29	24455	24483	0.31	28.5
Bacillus_GCA_900098925.1_spacer_106	total_phage_799	90.476	21	2	0	8	28	2425	2405	0.31	28.5
Bacillus_GCA_900098925.1_spacer_106	total_phage_798	100.000	17	0	0	16	32	1558	1574	0.31	28.5
Bacillus_GCA_900098925.1_spacer_106	total_phage_293	100.000	17	0	0	16	32	36686	36670	0.31	28.5
Bacillus_GCA_900098925.1_spacer_106	virome_phage_834	73.529	34	9	0	1	34	34182	34215	0.94	26.9
Bacillus_GCA_900098925.1_spacer_106	virome_phage_771	83.333	24	4	0	5	28	7644	7621	0.94	26.9
Bacillus_GCA_900098925.1_spacer_106	virome_phage_750	90.000	20	2	0	12	31	9949	9968	0.94	26.9
Bacillus_GCA_900098925.1_spacer_106	virome_phage_75	94.444	18	1	0	15	32	13877	13860	0.94	26.9
Bacillus_GCA_900098925.1_spacer_106	virome_phage_734	94.444	18	1	0	2	19	228739	228756	0.94	26.9
Bacillus_GCA_900098925.1_spacer_106	total_phage_727	90.000	20	2	0	1	20	15867	15848	0.94	26.9
Bacillus_GCA_900098925.1_spacer_106	total_phage_518	90.000	20	2	0	1	20	28077	28058	0.94	26.9
Bacillus_GCA_900098925.1_spacer_106	total_phage_232	80.769	26	5	0	9	34	69398	69373	0.94	26.9
Bacillus_GCA_900098925.1_spacer_107	virome_phage_70	78.125	32	7	0	1	32	36287	36318	0.13	30.1
Bacillus_GCA_900098925.1_spacer_107	total_phage_95	86.957	23	3	0	1	23	78609	78631	0.38	28.5
Bacillus_GCA_900098925.1_spacer_107	total_phage_95	79.310	29	6	0	5	33	112087	112059	0.38	28.5
Bacillus_GCA_900098925.1_spacer_108	virome_phage_202	90.909	22	2	0	1	22	5941	5920	0.10	30.1
Bacillus_GCA_900098925.1_spacer_108	total_phage_174	90.909	22	2	0	1	22	8145	8124	0.10	30.1
Bacillus_GCA_900098925.1_spacer_108	virome_phage_2	75.758	33	8	0	1	33	92422	92390	0.31	28.5
Bacillus_GCA_900098925.1_spacer_108	total_phage_926	84.000	25	4	0	5	29	35308	35332	0.31	28.5
Bacillus_GCA_900098925.1_spacer_108	virome_phage_792	86.364	22	3	0	12	33	10703	10682	0.94	26.9
Bacillus_GCA_900098925.1_spacer_108	total_phage_927	80.769	26	5	0	9	34	33545	33570	0.94	26.9
Bacillus_GCA_900098925.1_spacer_108	total_phage_820	83.333	24	4	0	2	25	14637	14614	0.94	26.9
Bacillus_GCA_900098925.1_spacer_109	total_phage_788	85.714	28	4	0	6	33	1219	1192	0.012	33.3
Bacillus_GCA_900098925.1_spacer_109	total_phage_609	84.615	26	4	0	9	34	8950	8925	0.10	30.1
Bacillus_GCA_900098925.1_spacer_109	total_phage_246	84.615	26	4	0	5	30	23001	22976	0.10	30.1
Bacillus_GCA_900098925.1_spacer_109	virome_phage_843	90.909	22	2	0	8	29	12699	12720	0.10	30.1
Bacillus_GCA_900098925.1_spacer_109	virome_phage_865	90.476	21	2	0	14	34	8961	8941	0.31	28.5
Bacillus_GCA_900098925.1_spacer_109	virome_phage_2254	84.000	25	4	0	10	34	6373	6349	0.31	28.5
Bacillus_GCA_900098925.1_spacer_109	virome_phage_751	90.476	21	2	0	1	21	68877	68897	0.31	28.5
Bacillus_GCA_900098925.1_spacer_109	total_phage_449	79.310	29	6	0	6	34	8069	8097	0.31	28.5
Bacillus_GCA_900098925.1_spacer_109	virome_phage_8	86.364	22	3	0	13	34	16329	16308	0.94	26.9
Bacillus_GCA_900098925.1_spacer_109	virome_phage_743	94.444	18	1	0	17	34	25826	25809	0.94	26.9
Bacillus_GCA_900098925.1_spacer_109	total_phage_786	80.769	26	5	0	9	34	17552	17527	0.94	26.9
Bacillus_GCA_900098925.1_spacer_109	total_phage_176	94.444	18	1	0	9	26	7090	7073	0.94	26.9
Bacillus_GCA_900098925.1_spacer_109	virome_phage_2388	76.667	30	7	0	2	31	15178	15207	0.94	26.9
Bacillus_GCA_900098925.1_spacer_109	total_phage_99	83.333	24	4	0	4	27	5900	5923	0.94	26.9
Bacillus_GCA_900098925.1_spacer_109	total_phage_604	76.667	30	7	0	4	33	40865	40894	0.94	26.9
Bacillus_GCA_900098925.1_spacer_109	total_phage_524	80.769	26	5	0	7	32	35128	35153	0.94	26.9
Bacillus_GCA_900098925.1_spacer_110	virome_phage_1	85.714	28	4	0	4	31	76922	76949	0.012	33.3
Bacillus_GCA_900098925.1_spacer_110	total_phage_730	86.957	23	3	0	12	34	88764	88742	0.31	28.5
Bacillus_GCA_900098925.1_spacer_110	virome_phage_2359	84.000	25	4	0	1	25	23204	23228	0.31	28.5
Bacillus_GCA_900098925.1_spacer_110	virome_phage_2356	79.310	29	6	0	6	34	23184	23212	0.31	28.5
Bacillus_GCA_900098925.1_spacer_110	virome_phage_10	86.957	23	3	0	12	34	96882	96904	0.31	28.5
Bacillus_GCA_900098925.1_spacer_110	total_phage_604	79.310	29	6	0	5	33	15831	15859	0.31	28.5
Bacillus_GCA_900098925.1_spacer_110	total_phage_525	79.310	29	6	0	5	33	5138	5166	0.31	28.5
Bacillus_GCA_900098925.1_spacer_110	total_phage_366	84.000	25	4	0	1	25	17011	17035	0.31	28.5
Bacillus_GCA_900098925.1_spacer_110	total_phage_179	86.957	23	3	0	9	31	9446	9468	0.31	28.5
Bacillus_GCA_900098925.1_spacer_110	virome_phage_96	94.444	18	1	0	14	31	2067	2050	0.94	26.9
Bacillus_GCA_900098925.1_spacer_110	virome_phage_96	86.364	22	3	0	11	32	20913	20892	0.94	26.9
Bacillus_GCA_900098925.1_spacer_110	virome_phage_850	83.333	24	4	0	5	28	278	255	0.94	26.9
Bacillus_GCA_900098925.1_spacer_110	virome_phage_794	86.364	22	3	0	4	25	19185	19164	0.94	26.9
Bacillus_GCA_900098925.1_spacer_110	virome_phage_789	86.364	22	3	0	10	31	13312	13291	0.94	26.9
Bacillus_GCA_900098925.1_spacer_110	virome_phage_109	86.364	22	3	0	8	29	26457	26436	0.94	26.9
Bacillus_GCA_900098925.1_spacer_110	total_phage_501	83.333	24	4	0	3	26	13010	12987	0.94	26.9
Bacillus_GCA_900098925.1_spacer_110	total_phage_368	86.364	22	3	0	3	24	12407	12386	0.94	26.9
Bacillus_GCA_900098925.1_spacer_110	total_phage_360	86.364	22	3	0	7	28	10885	10864	0.94	26.9
Bacillus_GCA_900098925.1_spacer_110	virome_phage_738	80.769	26	5	0	2	27	52605	52630	0.94	26.9
Bacillus_GCA_900098925.1_spacer_110	virome_phage_2239	83.333	24	4	0	3	26	14635	14658	0.94	26.9
Bacillus_GCA_900098925.1_spacer_110	total_phage_454	83.333	24	4	0	3	26	8661	8684	0.94	26.9
Bacillus_GCA_900098925.1_spacer_110	total_phage_415	75.000	32	8	0	1	32	13946	13977	0.94	26.9
Bacillus_GCA_900098925.1_spacer_110	total_phage_371	86.364	22	3	0	7	28	20282	20303	0.94	26.9
Bacillus_GCA_900098925.1_spacer_111	virome_phage_878	78.125	32	7	0	1	32	28488	28457	0.13	30.1
Bacillus_GCA_900098925.1_spacer_111	virome_phage_66	84.615	26	4	0	6	31	6410	6385	0.13	30.1
Bacillus_GCA_900098925.1_spacer_111	virome_phage_834	81.481	27	5	0	6	32	2920	2946	0.38	28.5
Bacillus_GCA_900098925.1_spacer_111	virome_phage_91	79.310	29	6	0	7	35	7114	7086	0.38	28.5
Bacillus_GCA_900098925.1_spacer_111	virome_phage_33	77.419	31	7	0	5	35	39685	39655	0.38	28.5
Bacillus_GCA_900098925.1_spacer_111	total_phage_799	79.310	29	6	0	7	35	23744	23716	0.38	28.5
Bacillus_GCA_900098925.1_spacer_112	total_phage_729	85.185	27	4	0	5	31	145465	145439	0.028	31.7
Bacillus_GCA_900098925.1_spacer_112	total_phage_934	81.481	27	5	0	7	33	34162	34136	0.25	28.5
Bacillus_GCA_900098925.1_spacer_112	total_phage_172	81.481	27	5	0	7	33	2346	2372	0.25	28.5
Bacillus_GCA_900098925.1_spacer_112	virome_phage_809	90.000	20	2	0	2	21	5578	5597	0.76	26.9
Bacillus_GCA_900098925.1_spacer_112	virome_phage_785	86.364	22	3	0	1	22	23937	23958	0.76	26.9
Bacillus_GCA_900098925.1_spacer_112	total_phage_733	90.000	20	2	0	3	22	25937	25956	0.76	26.9
Bacillus_GCA_900098925.1_spacer_113	virome_phage_744	84.000	25	4	0	2	26	68926	68950	0.38	28.5
Bacillus_GCA_900098925.1_spacer_113	total_phage_926	84.000	25	4	0	9	33	52161	52137	0.38	28.5
Bacillus_GCA_900098925.1_spacer_114	total_phage_92	88.000	25	3	0	10	34	58649	58625	0.035	31.7
Bacillus_GCA_900098925.1_spacer_114	virome_phage_746	90.476	21	2	0	10	30	22960	22940	0.31	28.5
Bacillus_GCA_900098925.1_spacer_114	total_phage_524	81.481	27	5	0	8	34	9911	9885	0.31	28.5
Bacillus_GCA_900098925.1_spacer_114	virome_phage_817	80.769	26	5	0	9	34	27801	27826	0.94	26.9
Bacillus_GCA_900098925.1_spacer_114	virome_phage_2239	100.000	16	0	0	5	20	11070	11085	0.94	26.9
Bacillus_GCA_900098925.1_spacer_114	total_phage_501	100.000	16	0	0	5	20	16575	16560	0.94	26.9
Bacillus_GCA_900098925.1_spacer_114	total_phage_105	94.444	18	1	0	16	33	11848	11831	0.94	26.9
