Bacillus_GCF_029866405.1_spacer_0	virome_phage_824	72.059	68	19	0	17	84	11844	11777	2.05e-06	49.1
Bacillus_GCF_029866405.1_spacer_0	virome_phage_824	72.000	50	14	0	2	51	11823	11774	0.013	36.5
Bacillus_GCF_029866405.1_spacer_0	virome_phage_145	66.265	83	28	0	2	84	17524	17606	5.55e-05	44.4
Bacillus_GCF_029866405.1_spacer_0	virome_phage_145	73.684	57	15	0	11	67	19477	19533	5.55e-05	44.4
Bacillus_GCF_029866405.1_spacer_0	virome_phage_145	68.657	67	21	0	18	84	19448	19514	4.99e-04	41.2
Bacillus_GCF_029866405.1_spacer_0	virome_phage_145	63.415	82	30	0	2	83	20041	20122	0.013	36.5
Bacillus_GCF_029866405.1_spacer_0	virome_phage_145	81.818	33	6	0	16	48	19344	19376	0.040	34.9
Bacillus_GCF_029866405.1_spacer_0	virome_phage_145	64.000	75	27	0	10	84	19761	19835	0.040	34.9
Bacillus_GCF_029866405.1_spacer_0	virome_phage_145	63.514	74	27	0	11	84	17497	17570	0.12	33.3
Bacillus_GCF_029866405.1_spacer_0	virome_phage_145	76.316	38	9	0	47	84	17638	17675	0.12	33.3
Bacillus_GCF_029866405.1_spacer_0	virome_phage_145	64.179	67	24	0	2	68	17452	17518	0.36	31.7
Bacillus_GCF_029866405.1_spacer_0	virome_phage_145	74.359	39	10	0	37	75	18276	18314	0.36	31.7
Bacillus_GCF_029866405.1_spacer_0	virome_phage_145	63.768	69	25	0	16	84	19491	19559	0.36	31.7
Bacillus_GCF_029866405.1_spacer_0	virome_phage_2368	73.684	57	15	0	11	67	1475	1419	5.55e-05	44.4
Bacillus_GCF_029866405.1_spacer_0	virome_phage_2368	68.657	67	21	0	18	84	1504	1438	4.99e-04	41.2
Bacillus_GCF_029866405.1_spacer_0	virome_phage_2368	76.596	47	11	0	38	84	3392	3346	4.99e-04	41.2
Bacillus_GCF_029866405.1_spacer_0	virome_phage_2368	85.714	28	4	0	16	43	1608	1581	0.12	33.3
Bacillus_GCF_029866405.1_spacer_0	virome_phage_2368	63.514	74	27	0	11	84	3455	3382	0.12	33.3
Bacillus_GCF_029866405.1_spacer_0	virome_phage_2368	82.759	29	5	0	47	75	1172	1144	0.36	31.7
Bacillus_GCF_029866405.1_spacer_0	virome_phage_2368	74.359	39	10	0	37	75	2676	2638	0.36	31.7
Bacillus_GCF_029866405.1_spacer_0	virome_phage_2368	64.179	67	24	0	2	68	3500	3434	0.36	31.7
Bacillus_GCF_029866405.1_spacer_0	virome_phage_876	67.105	76	25	0	10	85	21122	21197	1.66e-04	42.8
Bacillus_GCF_029866405.1_spacer_0	virome_phage_876	69.697	66	20	0	1	66	21149	21214	1.66e-04	42.8
Bacillus_GCF_029866405.1_spacer_0	virome_phage_876	67.273	55	18	0	21	75	21043	21097	0.36	31.7
Bacillus_GCF_029866405.1_spacer_0	virome_phage_5	69.697	66	20	0	2	67	27935	27870	1.66e-04	42.8
Bacillus_GCF_029866405.1_spacer_0	virome_phage_5	68.750	64	20	0	17	80	29159	29096	0.001	39.6
Bacillus_GCF_029866405.1_spacer_0	virome_phage_5	66.667	66	22	0	1	66	29949	29884	0.013	36.5
Bacillus_GCF_029866405.1_spacer_0	virome_phage_5	66.667	63	21	0	19	81	28437	28375	0.040	34.9
Bacillus_GCF_029866405.1_spacer_0	virome_phage_5	67.241	58	19	0	9	66	29923	29866	0.12	33.3
Bacillus_GCF_029866405.1_spacer_0	virome_phage_5	64.615	65	23	0	11	75	28454	28390	0.36	31.7
Bacillus_GCF_029866405.1_spacer_0	virome_phage_5	72.093	43	12	0	38	80	28778	28736	0.36	31.7
Bacillus_GCF_029866405.1_spacer_0	virome_phage_58	65.789	76	26	0	2	77	228	303	0.001	39.6
Bacillus_GCF_029866405.1_spacer_0	virome_phage_58	72.000	50	14	0	17	66	225	274	0.013	36.5
Bacillus_GCF_029866405.1_spacer_0	virome_phage_14	75.000	44	11	0	16	59	31498	31455	0.013	36.5
Bacillus_GCF_029866405.1_spacer_0	virome_phage_14	78.788	33	7	0	52	84	31498	31466	0.36	31.7
Bacillus_GCF_029866405.1_spacer_0	virome_phage_829	61.905	84	32	0	2	85	14452	14535	0.12	33.3
Bacillus_GCF_029866405.1_spacer_0	virome_phage_1	61.905	84	32	0	1	84	220925	221008	0.12	33.3
Bacillus_GCF_029866405.1_spacer_0	virome_phage_1	72.093	43	12	0	16	58	220598	220640	0.36	31.7
Bacillus_GCF_029866405.1_spacer_0	total_phage_361	67.857	56	18	0	11	66	34190	34245	0.12	33.3
Bacillus_GCF_029866405.1_spacer_0	virome_phage_2345	61.905	84	32	0	2	85	2332	2249	0.12	33.3
Bacillus_GCF_029866405.1_spacer_0	virome_phage_2345	72.093	43	12	0	34	76	2390	2348	0.36	31.7
Bacillus_GCF_029866405.1_spacer_0	virome_phage_803	66.667	57	19	0	1	57	35276	35332	0.36	31.7
Bacillus_GCF_029866405.1_spacer_0	virome_phage_2342	69.388	49	15	0	10	58	19617	19665	0.36	31.7
Bacillus_GCF_029866405.1_spacer_1	virome_phage_824	70.667	75	22	0	1	75	11824	11750	6.85e-07	50.7
Bacillus_GCF_029866405.1_spacer_1	virome_phage_824	70.588	68	20	0	17	84	11853	11786	1.85e-05	46.0
Bacillus_GCF_029866405.1_spacer_1	virome_phage_2368	72.308	65	18	0	11	75	3428	3364	6.16e-06	47.5
Bacillus_GCF_029866405.1_spacer_1	virome_phage_2368	68.000	75	24	0	1	75	1494	1420	5.55e-05	44.4
Bacillus_GCF_029866405.1_spacer_1	virome_phage_2368	77.083	48	11	0	1	48	3393	3346	1.66e-04	42.8
Bacillus_GCF_029866405.1_spacer_1	virome_phage_2368	65.333	75	26	0	1	75	3501	3427	0.004	38.0
Bacillus_GCF_029866405.1_spacer_1	virome_phage_2368	64.865	74	26	0	11	84	1475	1402	0.013	36.5
Bacillus_GCF_029866405.1_spacer_1	virome_phage_2368	65.672	67	23	0	2	68	1127	1061	0.040	34.9
Bacillus_GCF_029866405.1_spacer_1	virome_phage_2368	64.615	65	23	0	11	75	1658	1594	0.36	31.7
Bacillus_GCF_029866405.1_spacer_1	virome_phage_1	73.016	63	17	0	13	75	220541	220603	6.16e-06	47.5
Bacillus_GCF_029866405.1_spacer_1	virome_phage_1	70.213	47	14	0	2	48	220926	220972	0.36	31.7
Bacillus_GCF_029866405.1_spacer_1	virome_phage_145	70.769	65	19	0	11	75	17524	17588	5.55e-05	44.4
Bacillus_GCF_029866405.1_spacer_1	virome_phage_145	68.000	75	24	0	1	75	19458	19532	5.55e-05	44.4
Bacillus_GCF_029866405.1_spacer_1	virome_phage_145	77.083	48	11	0	1	48	17559	17606	1.66e-04	42.8
Bacillus_GCF_029866405.1_spacer_1	virome_phage_145	65.333	75	26	0	1	75	17451	17525	0.004	38.0
Bacillus_GCF_029866405.1_spacer_1	virome_phage_145	64.865	74	26	0	11	84	19477	19550	0.013	36.5
Bacillus_GCF_029866405.1_spacer_1	virome_phage_145	65.152	66	23	0	2	67	19825	19890	0.12	33.3
Bacillus_GCF_029866405.1_spacer_1	virome_phage_145	64.615	65	23	0	11	75	19294	19358	0.36	31.7
Bacillus_GCF_029866405.1_spacer_1	virome_phage_876	66.234	77	26	0	9	85	21121	21197	4.99e-04	41.2
Bacillus_GCF_029866405.1_spacer_1	virome_phage_876	69.231	65	20	0	2	66	21150	21214	4.99e-04	41.2
Bacillus_GCF_029866405.1_spacer_1	virome_phage_2345	69.492	59	18	0	17	75	2326	2268	0.004	38.0
Bacillus_GCF_029866405.1_spacer_1	virome_phage_5	66.667	66	22	0	1	66	28491	28426	0.013	36.5
Bacillus_GCF_029866405.1_spacer_1	virome_phage_5	63.514	74	27	0	2	75	28175	28102	0.12	33.3
Bacillus_GCF_029866405.1_spacer_1	virome_phage_5	76.316	38	9	0	38	75	28787	28750	0.12	33.3
Bacillus_GCF_029866405.1_spacer_1	virome_phage_5	74.359	39	10	0	1	39	28428	28390	0.36	31.7
Bacillus_GCF_029866405.1_spacer_1	virome_phage_5	72.093	43	12	0	2	44	29138	29096	0.36	31.7
Bacillus_GCF_029866405.1_spacer_1	virome_phage_5	70.213	47	14	0	20	66	29975	29929	0.36	31.7
Bacillus_GCF_029866405.1_spacer_1	virome_phage_52	62.963	81	30	0	5	85	44225	44145	0.040	34.9
Bacillus_GCF_029866405.1_spacer_1	virome_phage_52	77.143	35	8	0	43	77	44070	44036	0.36	31.7
Bacillus_GCF_029866405.1_spacer_1	virome_phage_52	74.359	39	10	0	38	76	44237	44199	0.36	31.7
Bacillus_GCF_029866405.1_spacer_1	virome_phage_52	80.645	31	6	0	45	75	44455	44425	0.36	31.7
Bacillus_GCF_029866405.1_spacer_1	virome_phage_155	64.789	71	25	0	8	78	5694	5624	0.040	34.9
Bacillus_GCF_029866405.1_spacer_1	virome_phage_155	62.338	77	29	0	8	84	5937	5861	0.36	31.7
Bacillus_GCF_029866405.1_spacer_1	virome_phage_152	63.636	77	28	0	2	78	6687	6611	0.040	34.9
Bacillus_GCF_029866405.1_spacer_1	virome_phage_829	66.102	59	20	0	17	75	14458	14516	0.36	31.7
Bacillus_GCF_029866405.1_spacer_1	virome_phage_58	65.574	61	21	0	17	77	6095	6155	0.36	31.7
Bacillus_GCF_029866405.1_spacer_2	virome_phage_2368	71.053	76	22	0	1	76	1494	1419	2.28e-07	52.3
Bacillus_GCF_029866405.1_spacer_2	virome_phage_2368	71.698	53	15	0	1	53	1458	1406	0.004	38.0
Bacillus_GCF_029866405.1_spacer_2	virome_phage_2368	74.468	47	12	0	11	57	3392	3346	0.004	38.0
Bacillus_GCF_029866405.1_spacer_2	virome_phage_2368	87.097	31	4	0	47	77	3392	3362	0.004	38.0
Bacillus_GCF_029866405.1_spacer_2	virome_phage_2368	63.158	76	28	0	2	77	3509	3434	0.12	33.3
Bacillus_GCF_029866405.1_spacer_2	virome_phage_2368	62.667	75	28	0	1	75	3501	3427	0.36	31.7
Bacillus_GCF_029866405.1_spacer_2	virome_phage_145	71.053	76	22	0	1	76	19458	19533	2.28e-07	52.3
Bacillus_GCF_029866405.1_spacer_2	virome_phage_145	71.429	56	16	0	2	57	17551	17606	0.001	39.6
Bacillus_GCF_029866405.1_spacer_2	virome_phage_145	87.097	31	4	0	47	77	17560	17590	0.004	38.0
Bacillus_GCF_029866405.1_spacer_2	virome_phage_145	71.698	53	15	0	1	53	19494	19546	0.004	38.0
Bacillus_GCF_029866405.1_spacer_2	virome_phage_145	63.158	76	28	0	2	77	17443	17518	0.12	33.3
Bacillus_GCF_029866405.1_spacer_2	virome_phage_145	63.158	76	28	0	1	76	17451	17526	0.12	33.3
Bacillus_GCF_029866405.1_spacer_2	virome_phage_145	61.905	84	32	0	1	84	20031	20114	0.12	33.3
Bacillus_GCF_029866405.1_spacer_2	virome_phage_5	65.116	86	30	0	1	86	28473	28388	1.66e-04	42.8
Bacillus_GCF_029866405.1_spacer_2	virome_phage_5	66.667	75	25	0	2	76	28184	28110	4.99e-04	41.2
Bacillus_GCF_029866405.1_spacer_2	virome_phage_5	63.514	74	27	0	2	75	29957	29884	0.12	33.3
Bacillus_GCF_029866405.1_spacer_2	virome_phage_5	67.925	53	17	0	1	53	28788	28736	0.36	31.7
Bacillus_GCF_029866405.1_spacer_2	virome_phage_5	62.338	77	29	0	1	77	29967	29891	0.36	31.7
Bacillus_GCF_029866405.1_spacer_2	virome_phage_876	69.231	65	20	0	11	75	21150	21214	4.99e-04	41.2
Bacillus_GCF_029866405.1_spacer_2	virome_phage_876	77.143	35	8	0	11	45	21186	21220	0.36	31.7
Bacillus_GCF_029866405.1_spacer_2	virome_phage_824	66.667	75	25	0	1	75	11833	11759	4.99e-04	41.2
Bacillus_GCF_029866405.1_spacer_2	virome_phage_824	74.419	43	11	0	44	86	11826	11784	0.040	34.9
Bacillus_GCF_029866405.1_spacer_2	virome_phage_824	74.359	39	10	0	1	39	11788	11750	0.36	31.7
Bacillus_GCF_029866405.1_spacer_2	virome_phage_1	64.286	84	30	0	1	84	220916	220999	0.001	39.6
Bacillus_GCF_029866405.1_spacer_2	virome_phage_1	76.316	38	9	0	2	39	220566	220603	0.12	33.3
Bacillus_GCF_029866405.1_spacer_2	virome_phage_829	67.692	65	21	0	11	75	14452	14516	0.004	38.0
Bacillus_GCF_029866405.1_spacer_2	virome_phage_829	67.692	65	21	0	11	75	14488	14552	0.004	38.0
Bacillus_GCF_029866405.1_spacer_2	virome_phage_2345	67.692	65	21	0	11	75	2296	2232	0.004	38.0
Bacillus_GCF_029866405.1_spacer_2	virome_phage_2345	67.692	65	21	0	11	75	2332	2268	0.004	38.0
Bacillus_GCF_029866405.1_spacer_2	virome_phage_803	66.667	66	22	0	1	66	35267	35332	0.013	36.5
Bacillus_GCF_029866405.1_spacer_2	virome_phage_911	86.207	29	4	0	17	45	6270	6242	0.040	34.9
Bacillus_GCF_029866405.1_spacer_2	virome_phage_2342	65.672	67	23	0	11	77	19708	19774	0.040	34.9
Bacillus_GCF_029866405.1_spacer_2	virome_phage_2342	70.213	47	14	0	20	66	19681	19727	0.36	31.7
Bacillus_GCF_029866405.1_spacer_2	virome_phage_2282	81.818	33	6	0	47	79	37785	37817	0.040	34.9
Bacillus_GCF_029866405.1_spacer_2	virome_phage_52	62.821	78	29	0	8	85	44096	44019	0.12	33.3
Bacillus_GCF_029866405.1_spacer_2	virome_phage_52	66.102	59	20	0	2	60	44237	44179	0.36	31.7
Bacillus_GCF_029866405.1_spacer_2	virome_phage_52	66.102	59	20	0	18	76	44482	44424	0.36	31.7
Bacillus_GCF_029866405.1_spacer_2	virome_phage_52	80.645	31	6	0	9	39	44455	44425	0.36	31.7
Bacillus_GCF_029866405.1_spacer_2	virome_phage_2411	67.857	56	18	0	2	57	6013	6068	0.12	33.3
Bacillus_GCF_029866405.1_spacer_2	virome_phage_176	67.857	56	18	0	2	57	5914	5969	0.12	33.3
Bacillus_GCF_029866405.1_spacer_2	total_phage_361	70.833	48	14	0	20	67	34190	34237	0.12	33.3
Bacillus_GCF_029866405.1_spacer_2	virome_phage_94	63.768	69	25	0	2	70	5460	5392	0.36	31.7
Bacillus_GCF_029866405.1_spacer_2	virome_phage_94	63.768	69	25	0	2	70	5469	5401	0.36	31.7
Bacillus_GCF_029866405.1_spacer_2	virome_phage_94	63.768	69	25	0	2	70	5478	5410	0.36	31.7
Bacillus_GCF_029866405.1_spacer_2	virome_phage_906	63.768	69	25	0	2	70	19796	19728	0.36	31.7
Bacillus_GCF_029866405.1_spacer_2	virome_phage_906	63.768	69	25	0	2	70	19805	19737	0.36	31.7
Bacillus_GCF_029866405.1_spacer_2	virome_phage_906	63.768	69	25	0	2	70	21973	21905	0.36	31.7
Bacillus_GCF_029866405.1_spacer_2	virome_phage_2402	69.388	49	15	0	18	66	5189	5141	0.36	31.7
Bacillus_GCF_029866405.1_spacer_2	virome_phage_152	74.359	39	10	0	11	49	6498	6460	0.36	31.7
Bacillus_GCF_029866405.1_spacer_2	virome_phage_152	62.667	75	28	0	10	84	6589	6515	0.36	31.7
Bacillus_GCF_029866405.1_spacer_3	virome_phage_824	71.622	74	21	0	2	75	11823	11750	2.28e-07	52.3
Bacillus_GCF_029866405.1_spacer_3	virome_phage_824	71.429	70	20	0	17	86	11853	11784	2.05e-06	49.1
Bacillus_GCF_029866405.1_spacer_3	virome_phage_2368	73.846	65	17	0	11	75	3428	3364	6.85e-07	50.7
Bacillus_GCF_029866405.1_spacer_3	virome_phage_2368	68.354	79	25	0	8	86	1442	1364	6.16e-06	47.5
Bacillus_GCF_029866405.1_spacer_3	virome_phage_2368	67.105	76	25	0	11	86	1475	1400	1.66e-04	42.8
Bacillus_GCF_029866405.1_spacer_3	virome_phage_2368	64.706	85	30	0	2	86	1493	1409	4.99e-04	41.2
Bacillus_GCF_029866405.1_spacer_3	virome_phage_2368	76.596	47	11	0	2	48	3392	3346	4.99e-04	41.2
Bacillus_GCF_029866405.1_spacer_3	virome_phage_2368	67.647	68	22	0	1	68	1128	1061	0.001	39.6
Bacillus_GCF_029866405.1_spacer_3	virome_phage_2368	63.514	74	27	0	2	75	3500	3427	0.12	33.3
Bacillus_GCF_029866405.1_spacer_3	virome_phage_2368	82.759	29	5	0	11	39	1172	1144	0.36	31.7
Bacillus_GCF_029866405.1_spacer_3	virome_phage_2368	74.359	39	10	0	1	39	2676	2638	0.36	31.7
Bacillus_GCF_029866405.1_spacer_3	virome_phage_145	72.308	65	18	0	11	75	17524	17588	6.16e-06	47.5
Bacillus_GCF_029866405.1_spacer_3	virome_phage_145	68.354	79	25	0	8	86	19510	19588	6.16e-06	47.5
Bacillus_GCF_029866405.1_spacer_3	virome_phage_145	76.596	47	11	0	2	48	17560	17606	4.99e-04	41.2
Bacillus_GCF_029866405.1_spacer_3	virome_phage_145	64.706	85	30	0	2	86	19459	19543	4.99e-04	41.2
Bacillus_GCF_029866405.1_spacer_3	virome_phage_145	66.216	74	25	0	11	84	19477	19550	0.001	39.6
Bacillus_GCF_029866405.1_spacer_3	virome_phage_145	67.164	67	22	0	1	67	19824	19890	0.004	38.0
Bacillus_GCF_029866405.1_spacer_3	virome_phage_145	63.514	74	27	0	2	75	17452	17525	0.12	33.3
Bacillus_GCF_029866405.1_spacer_3	virome_phage_145	76.316	38	9	0	11	48	17638	17675	0.12	33.3
Bacillus_GCF_029866405.1_spacer_3	virome_phage_145	74.359	39	10	0	1	39	18276	18314	0.36	31.7
Bacillus_GCF_029866405.1_spacer_3	virome_phage_145	63.380	71	26	0	16	86	19491	19561	0.36	31.7
Bacillus_GCF_029866405.1_spacer_3	virome_phage_1	73.016	63	17	0	13	75	220541	220603	6.16e-06	47.5
Bacillus_GCF_029866405.1_spacer_3	virome_phage_1	65.574	61	21	0	24	84	220903	220963	0.36	31.7
Bacillus_GCF_029866405.1_spacer_3	virome_phage_1	63.768	69	25	0	18	86	221383	221451	0.36	31.7
Bacillus_GCF_029866405.1_spacer_3	virome_phage_876	67.692	65	21	0	2	66	21150	21214	0.004	38.0
Bacillus_GCF_029866405.1_spacer_3	virome_phage_876	64.865	74	26	0	11	84	21123	21196	0.013	36.5
Bacillus_GCF_029866405.1_spacer_3	virome_phage_5	81.081	37	7	0	8	44	29132	29096	0.004	38.0
Bacillus_GCF_029866405.1_spacer_3	virome_phage_5	76.316	38	9	0	38	75	28787	28750	0.12	33.3
Bacillus_GCF_029866405.1_spacer_3	virome_phage_5	61.176	85	33	0	2	86	28175	28091	0.36	31.7
Bacillus_GCF_029866405.1_spacer_3	virome_phage_5	72.093	43	12	0	2	44	28778	28736	0.36	31.7
Bacillus_GCF_029866405.1_spacer_3	virome_phage_5	70.213	47	14	0	20	66	29975	29929	0.36	31.7
Bacillus_GCF_029866405.1_spacer_3	virome_phage_52	63.095	84	31	0	1	84	44229	44146	0.013	36.5
Bacillus_GCF_029866405.1_spacer_3	virome_phage_52	65.217	69	24	0	17	85	44123	44055	0.040	34.9
Bacillus_GCF_029866405.1_spacer_3	virome_phage_52	77.143	35	8	0	43	77	44070	44036	0.36	31.7
Bacillus_GCF_029866405.1_spacer_3	virome_phage_52	74.359	39	10	0	38	76	44237	44199	0.36	31.7
Bacillus_GCF_029866405.1_spacer_3	virome_phage_52	80.645	31	6	0	45	75	44455	44425	0.36	31.7
Bacillus_GCF_029866405.1_spacer_3	virome_phage_2345	67.797	59	19	0	17	75	2326	2268	0.040	34.9
Bacillus_GCF_029866405.1_spacer_3	virome_phage_58	64.706	68	24	0	17	84	225	292	0.12	33.3
Bacillus_GCF_029866405.1_spacer_3	virome_phage_14	77.778	36	8	0	16	51	31498	31463	0.12	33.3
Bacillus_GCF_029866405.1_spacer_3	virome_phage_14	65.079	63	22	0	18	80	31190	31128	0.36	31.7
Bacillus_GCF_029866405.1_spacer_3	virome_phage_152	66.102	59	20	0	18	76	6527	6469	0.36	31.7
Bacillus_GCF_029866405.1_spacer_4	virome_phage_824	75.862	58	14	0	36	93	11834	11777	2.41e-06	49.1
Bacillus_GCF_029866405.1_spacer_4	virome_phage_824	74.576	59	15	0	2	60	11832	11774	7.23e-06	47.5
Bacillus_GCF_029866405.1_spacer_4	virome_phage_824	63.514	74	27	0	20	93	11751	11678	0.14	33.3
Bacillus_GCF_029866405.1_spacer_4	virome_phage_5	66.667	87	29	0	2	88	29009	28923	7.23e-06	47.5
Bacillus_GCF_029866405.1_spacer_4	virome_phage_5	71.186	59	17	0	26	84	28511	28453	5.85e-04	41.2
Bacillus_GCF_029866405.1_spacer_4	virome_phage_5	68.750	64	20	0	26	89	29159	29096	0.002	39.6
Bacillus_GCF_029866405.1_spacer_4	virome_phage_5	64.557	79	28	0	6	84	28468	28390	0.005	38.0
Bacillus_GCF_029866405.1_spacer_4	virome_phage_5	68.421	57	18	0	20	76	27926	27870	0.047	34.9
Bacillus_GCF_029866405.1_spacer_4	virome_phage_5	66.667	60	20	0	17	76	28718	28659	0.14	33.3
Bacillus_GCF_029866405.1_spacer_4	virome_phage_5	76.316	38	9	0	2	39	28787	28750	0.14	33.3
Bacillus_GCF_029866405.1_spacer_4	virome_phage_5	76.316	38	9	0	38	75	30047	30010	0.14	33.3
Bacillus_GCF_029866405.1_spacer_4	virome_phage_876	68.000	75	24	0	20	94	21123	21197	6.51e-05	44.4
Bacillus_GCF_029866405.1_spacer_4	virome_phage_876	69.231	65	20	0	11	75	21150	21214	5.85e-04	41.2
Bacillus_GCF_029866405.1_spacer_4	virome_phage_876	67.692	65	21	0	2	66	21150	21214	0.005	38.0
Bacillus_GCF_029866405.1_spacer_4	virome_phage_52	64.516	93	33	0	2	94	44237	44145	6.51e-05	44.4
Bacillus_GCF_029866405.1_spacer_4	virome_phage_52	66.216	74	25	0	2	75	44111	44038	0.002	39.6
Bacillus_GCF_029866405.1_spacer_4	virome_phage_52	62.921	89	33	0	7	95	44187	44099	0.005	38.0
Bacillus_GCF_029866405.1_spacer_4	virome_phage_52	64.474	76	27	0	9	84	44455	44380	0.016	36.5
Bacillus_GCF_029866405.1_spacer_4	virome_phage_52	63.768	69	25	0	8	76	44096	44028	0.43	31.7
Bacillus_GCF_029866405.1_spacer_4	virome_phage_52	77.143	35	8	0	7	41	44070	44036	0.43	31.7
Bacillus_GCF_029866405.1_spacer_4	virome_phage_829	64.286	84	30	0	11	94	14452	14535	0.002	39.6
Bacillus_GCF_029866405.1_spacer_4	virome_phage_2345	64.286	84	30	0	11	94	2332	2249	0.002	39.6
Bacillus_GCF_029866405.1_spacer_4	virome_phage_803	63.095	84	31	0	2	85	35268	35351	0.016	36.5
Bacillus_GCF_029866405.1_spacer_4	virome_phage_145	65.278	72	25	0	22	93	19443	19514	0.016	36.5
Bacillus_GCF_029866405.1_spacer_4	virome_phage_145	82.759	29	5	0	11	39	17560	17588	0.43	31.7
Bacillus_GCF_029866405.1_spacer_4	virome_phage_1	61.957	92	35	0	2	93	220917	221008	0.016	36.5
Bacillus_GCF_029866405.1_spacer_4	virome_phage_2368	65.278	72	25	0	22	93	1509	1438	0.016	36.5
Bacillus_GCF_029866405.1_spacer_4	virome_phage_2368	76.316	38	9	0	2	39	3401	3364	0.14	33.3
Bacillus_GCF_029866405.1_spacer_4	virome_phage_155	64.865	74	26	0	2	75	5664	5591	0.016	36.5
Bacillus_GCF_029866405.1_spacer_4	virome_phage_155	64.615	65	23	0	2	66	6240	6176	0.43	31.7
Bacillus_GCF_029866405.1_spacer_4	virome_phage_152	77.500	40	9	0	36	75	6509	6470	0.016	36.5
Bacillus_GCF_029866405.1_spacer_4	virome_phage_152	61.446	83	32	0	2	84	6732	6650	0.43	31.7
Bacillus_GCF_029866405.1_spacer_4	virome_phage_2382	65.672	67	23	0	20	86	6942	6876	0.047	34.9
Bacillus_GCF_029866405.1_spacer_4	virome_phage_2382	64.179	67	24	0	2	68	6987	6921	0.43	31.7
Bacillus_GCF_029866405.1_spacer_5	virome_phage_824	69.333	75	23	0	1	75	11824	11750	6.16e-06	47.5
Bacillus_GCF_029866405.1_spacer_5	virome_phage_824	70.588	68	20	0	17	84	11853	11786	1.85e-05	46.0
Bacillus_GCF_029866405.1_spacer_5	virome_phage_2368	72.308	65	18	0	11	75	3428	3364	6.16e-06	47.5
Bacillus_GCF_029866405.1_spacer_5	virome_phage_2368	66.667	75	25	0	1	75	1494	1420	4.99e-04	41.2
Bacillus_GCF_029866405.1_spacer_5	virome_phage_2368	75.000	48	12	0	1	48	3393	3346	0.001	39.6
Bacillus_GCF_029866405.1_spacer_5	virome_phage_2368	64.865	74	26	0	11	84	1475	1402	0.013	36.5
Bacillus_GCF_029866405.1_spacer_5	virome_phage_2368	64.000	75	27	0	1	75	3501	3427	0.040	34.9
Bacillus_GCF_029866405.1_spacer_5	virome_phage_2368	65.574	61	21	0	8	68	1121	1061	0.36	31.7
Bacillus_GCF_029866405.1_spacer_5	virome_phage_2368	64.615	65	23	0	11	75	1658	1594	0.36	31.7
Bacillus_GCF_029866405.1_spacer_5	virome_phage_1	73.016	63	17	0	13	75	220541	220603	6.16e-06	47.5
Bacillus_GCF_029866405.1_spacer_5	virome_phage_876	70.769	65	19	0	2	66	21150	21214	5.55e-05	44.4
Bacillus_GCF_029866405.1_spacer_5	virome_phage_876	66.234	77	26	0	9	85	21121	21197	4.99e-04	41.2
Bacillus_GCF_029866405.1_spacer_5	virome_phage_145	70.769	65	19	0	11	75	17524	17588	5.55e-05	44.4
Bacillus_GCF_029866405.1_spacer_5	virome_phage_145	66.667	75	25	0	1	75	19458	19532	4.99e-04	41.2
Bacillus_GCF_029866405.1_spacer_5	virome_phage_145	75.000	48	12	0	1	48	17559	17606	0.001	39.6
Bacillus_GCF_029866405.1_spacer_5	virome_phage_145	64.865	74	26	0	11	84	19477	19550	0.013	36.5
Bacillus_GCF_029866405.1_spacer_5	virome_phage_145	64.000	75	27	0	1	75	17451	17525	0.040	34.9
Bacillus_GCF_029866405.1_spacer_5	virome_phage_145	64.615	65	23	0	11	75	19294	19358	0.36	31.7
Bacillus_GCF_029866405.1_spacer_5	virome_phage_2345	69.492	59	18	0	17	75	2326	2268	0.004	38.0
Bacillus_GCF_029866405.1_spacer_5	virome_phage_52	63.415	82	30	0	4	85	44226	44145	0.013	36.5
Bacillus_GCF_029866405.1_spacer_5	virome_phage_52	77.143	35	8	0	43	77	44070	44036	0.36	31.7
Bacillus_GCF_029866405.1_spacer_5	virome_phage_52	74.359	39	10	0	38	76	44237	44199	0.36	31.7
Bacillus_GCF_029866405.1_spacer_5	virome_phage_52	80.645	31	6	0	45	75	44455	44425	0.36	31.7
Bacillus_GCF_029866405.1_spacer_5	virome_phage_5	66.667	66	22	0	1	66	28491	28426	0.013	36.5
Bacillus_GCF_029866405.1_spacer_5	virome_phage_5	76.316	38	9	0	38	75	28787	28750	0.12	33.3
Bacillus_GCF_029866405.1_spacer_5	virome_phage_5	74.359	39	10	0	1	39	28428	28390	0.36	31.7
Bacillus_GCF_029866405.1_spacer_5	virome_phage_5	70.213	47	14	0	20	66	29975	29929	0.36	31.7
Bacillus_GCF_029866405.1_spacer_5	virome_phage_155	64.789	71	25	0	8	78	5694	5624	0.040	34.9
Bacillus_GCF_029866405.1_spacer_5	virome_phage_155	62.338	77	29	0	8	84	5937	5861	0.36	31.7
Bacillus_GCF_029866405.1_spacer_5	virome_phage_152	63.636	77	28	0	2	78	6687	6611	0.040	34.9
Bacillus_GCF_029866405.1_spacer_5	virome_phage_829	66.102	59	20	0	17	75	14458	14516	0.36	31.7
Bacillus_GCF_029866405.1_spacer_5	virome_phage_58	65.574	61	21	0	17	77	6095	6155	0.36	31.7
Bacillus_GCF_029866405.1_spacer_6	virome_phage_145	69.880	83	25	0	11	93	17524	17606	8.92e-08	53.9
Bacillus_GCF_029866405.1_spacer_6	virome_phage_145	77.083	48	11	0	2	49	17560	17607	1.95e-04	42.8
Bacillus_GCF_029866405.1_spacer_6	virome_phage_145	66.667	75	25	0	2	76	19459	19533	5.85e-04	41.2
Bacillus_GCF_029866405.1_spacer_6	virome_phage_145	66.667	69	23	0	8	76	19510	19578	0.005	38.0
Bacillus_GCF_029866405.1_spacer_6	virome_phage_145	62.500	88	33	0	2	89	17452	17539	0.016	36.5
Bacillus_GCF_029866405.1_spacer_6	virome_phage_145	65.672	67	23	0	27	93	19448	19514	0.047	34.9
Bacillus_GCF_029866405.1_spacer_6	virome_phage_145	61.446	83	32	0	11	93	19477	19559	0.43	31.7
Bacillus_GCF_029866405.1_spacer_6	virome_phage_2368	69.880	83	25	0	11	93	3428	3346	8.92e-08	53.9
Bacillus_GCF_029866405.1_spacer_6	virome_phage_2368	77.083	48	11	0	2	49	3392	3345	1.95e-04	42.8
Bacillus_GCF_029866405.1_spacer_6	virome_phage_2368	69.231	65	20	0	20	84	1118	1054	5.85e-04	41.2
Bacillus_GCF_029866405.1_spacer_6	virome_phage_2368	68.116	69	22	0	8	76	1442	1374	5.85e-04	41.2
Bacillus_GCF_029866405.1_spacer_6	virome_phage_2368	66.667	75	25	0	2	76	1493	1419	5.85e-04	41.2
Bacillus_GCF_029866405.1_spacer_6	virome_phage_2368	65.333	75	26	0	10	84	1218	1144	0.005	38.0
Bacillus_GCF_029866405.1_spacer_6	virome_phage_2368	63.291	79	29	0	11	89	1190	1112	0.047	34.9
Bacillus_GCF_029866405.1_spacer_6	virome_phage_2368	65.672	67	23	0	27	93	1504	1438	0.047	34.9
Bacillus_GCF_029866405.1_spacer_6	virome_phage_824	71.622	74	21	0	2	75	11823	11750	2.68e-07	52.3
Bacillus_GCF_029866405.1_spacer_6	virome_phage_824	68.831	77	24	0	17	93	11853	11777	7.23e-06	47.5
Bacillus_GCF_029866405.1_spacer_6	virome_phage_824	60.870	92	36	0	2	93	11877	11786	0.14	33.3
Bacillus_GCF_029866405.1_spacer_6	virome_phage_1	73.438	64	17	0	13	76	220541	220604	2.41e-06	49.1
Bacillus_GCF_029866405.1_spacer_6	virome_phage_5	64.368	87	31	0	1	87	28176	28090	5.85e-04	41.2
Bacillus_GCF_029866405.1_spacer_6	virome_phage_5	74.000	50	13	0	1	50	28779	28730	0.002	39.6
Bacillus_GCF_029866405.1_spacer_6	virome_phage_5	75.556	45	11	0	44	88	28967	28923	0.005	38.0
Bacillus_GCF_029866405.1_spacer_6	virome_phage_5	66.667	63	21	0	8	70	28484	28422	0.047	34.9
Bacillus_GCF_029866405.1_spacer_6	virome_phage_5	74.419	43	11	0	47	89	29138	29096	0.047	34.9
Bacillus_GCF_029866405.1_spacer_6	virome_phage_5	68.627	51	16	0	20	70	28202	28152	0.43	31.7
Bacillus_GCF_029866405.1_spacer_6	virome_phage_2345	65.385	78	27	0	17	94	2326	2249	0.002	39.6
Bacillus_GCF_029866405.1_spacer_6	virome_phage_876	66.667	66	22	0	1	66	21149	21214	0.016	36.5
Bacillus_GCF_029866405.1_spacer_6	virome_phage_876	63.514	74	27	0	11	84	21123	21196	0.14	33.3
Bacillus_GCF_029866405.1_spacer_6	virome_phage_52	66.176	68	23	0	17	84	44123	44056	0.016	36.5
Bacillus_GCF_029866405.1_spacer_6	virome_phage_52	64.474	76	27	0	18	93	44392	44317	0.016	36.5
Bacillus_GCF_029866405.1_spacer_6	virome_phage_52	61.290	93	36	0	2	94	44453	44361	0.047	34.9
Bacillus_GCF_029866405.1_spacer_6	virome_phage_52	78.788	33	7	0	43	75	44070	44038	0.43	31.7
Bacillus_GCF_029866405.1_spacer_6	virome_phage_52	61.728	81	31	0	4	84	44226	44146	0.43	31.7
Bacillus_GCF_029866405.1_spacer_6	virome_phage_2282	69.811	53	16	0	1	53	37784	37836	0.047	34.9
Bacillus_GCF_029866405.1_spacer_6	virome_phage_2282	78.788	33	7	0	47	79	37785	37817	0.43	31.7
Bacillus_GCF_029866405.1_spacer_6	virome_phage_94	61.538	91	35	0	3	93	5486	5396	0.047	34.9
Bacillus_GCF_029866405.1_spacer_6	virome_phage_94	60.440	91	36	0	2	92	5478	5388	0.43	31.7
Bacillus_GCF_029866405.1_spacer_6	virome_phage_153	62.651	83	31	0	11	93	5869	5787	0.047	34.9
Bacillus_GCF_029866405.1_spacer_6	virome_phage_829	62.821	78	29	0	17	94	14458	14535	0.14	33.3
Bacillus_GCF_029866405.1_spacer_6	virome_phage_829	61.176	85	33	0	2	86	14398	14482	0.43	31.7
Bacillus_GCF_029866405.1_spacer_6	virome_phage_803	74.359	39	10	0	38	76	35268	35306	0.43	31.7
Bacillus_GCF_029866405.1_spacer_6	virome_phage_2342	72.093	43	12	0	24	66	19622	19664	0.43	31.7
Bacillus_GCF_029866405.1_spacer_7	virome_phage_2368	70.238	84	25	0	11	94	3428	3345	2.97e-08	55.5
Bacillus_GCF_029866405.1_spacer_7	virome_phage_2368	65.957	94	32	0	1	94	1494	1401	2.41e-06	49.1
Bacillus_GCF_029866405.1_spacer_7	virome_phage_2368	64.286	84	30	0	11	94	1475	1392	0.002	39.6
Bacillus_GCF_029866405.1_spacer_7	virome_phage_2368	75.000	48	12	0	1	48	3393	3346	0.002	39.6
Bacillus_GCF_029866405.1_spacer_7	virome_phage_2368	62.766	94	35	0	1	94	3501	3408	0.002	39.6
Bacillus_GCF_029866405.1_spacer_7	virome_phage_2368	63.095	84	31	0	11	94	1172	1089	0.016	36.5
Bacillus_GCF_029866405.1_spacer_7	virome_phage_2368	62.821	78	29	0	11	88	1658	1581	0.14	33.3
Bacillus_GCF_029866405.1_spacer_7	virome_phage_2368	64.179	67	24	0	2	68	1127	1061	0.43	31.7
Bacillus_GCF_029866405.1_spacer_7	virome_phage_145	69.048	84	26	0	11	94	17524	17607	2.68e-07	52.3
Bacillus_GCF_029866405.1_spacer_7	virome_phage_145	66.292	89	30	0	1	89	19458	19546	7.23e-06	47.5
Bacillus_GCF_029866405.1_spacer_7	virome_phage_145	63.830	94	34	0	1	94	17451	17544	1.95e-04	42.8
Bacillus_GCF_029866405.1_spacer_7	virome_phage_145	65.476	84	29	0	11	94	19477	19560	1.95e-04	42.8
Bacillus_GCF_029866405.1_spacer_7	virome_phage_145	75.000	48	12	0	1	48	17559	17606	0.002	39.6
Bacillus_GCF_029866405.1_spacer_7	virome_phage_145	62.651	83	31	0	11	93	19294	19376	0.047	34.9
Bacillus_GCF_029866405.1_spacer_7	virome_phage_145	74.359	39	10	0	56	94	17638	17676	0.43	31.7
Bacillus_GCF_029866405.1_spacer_7	virome_phage_824	70.513	78	23	0	17	94	11853	11776	2.68e-07	52.3
Bacillus_GCF_029866405.1_spacer_7	virome_phage_824	69.333	75	23	0	1	75	11824	11750	7.23e-06	47.5
Bacillus_GCF_029866405.1_spacer_7	virome_phage_1	71.875	64	18	0	13	76	220541	220604	2.17e-05	46.0
Bacillus_GCF_029866405.1_spacer_7	virome_phage_1	63.889	72	26	0	22	93	220901	220972	0.14	33.3
Bacillus_GCF_029866405.1_spacer_7	virome_phage_5	65.116	86	30	0	2	87	28175	28090	1.95e-04	42.8
Bacillus_GCF_029866405.1_spacer_7	virome_phage_5	70.175	57	17	0	38	94	28787	28731	0.005	38.0
Bacillus_GCF_029866405.1_spacer_7	virome_phage_5	65.152	66	23	0	1	66	28491	28426	0.14	33.3
Bacillus_GCF_029866405.1_spacer_7	virome_phage_5	73.810	42	11	0	2	43	28964	28923	0.14	33.3
Bacillus_GCF_029866405.1_spacer_7	virome_phage_876	69.231	65	20	0	2	66	21150	21214	5.85e-04	41.2
Bacillus_GCF_029866405.1_spacer_7	virome_phage_829	67.123	73	24	0	17	89	14458	14530	5.85e-04	41.2
Bacillus_GCF_029866405.1_spacer_7	virome_phage_2345	67.123	73	24	0	17	89	2326	2254	5.85e-04	41.2
Bacillus_GCF_029866405.1_spacer_7	virome_phage_2282	72.917	48	13	0	47	94	37785	37832	0.016	36.5
Bacillus_GCF_029866405.1_spacer_7	virome_phage_155	62.791	86	32	0	8	93	5694	5609	0.016	36.5
Bacillus_GCF_029866405.1_spacer_7	virome_phage_152	62.500	88	33	0	2	89	6687	6600	0.016	36.5
Bacillus_GCF_029866405.1_spacer_7	virome_phage_52	81.250	32	6	0	45	76	44455	44424	0.14	33.3
Bacillus_GCF_029866405.1_spacer_7	virome_phage_2301	67.925	53	17	0	2	54	11948	12000	0.43	31.7
Bacillus_GCF_029866405.1_spacer_8	virome_phage_58	71.429	56	16	0	23	78	237	292	0.001	39.6
Bacillus_GCF_029866405.1_spacer_8	virome_phage_906	68.852	61	19	0	2	62	19886	19826	0.004	38.0
Bacillus_GCF_029866405.1_spacer_8	virome_phage_906	67.925	53	17	0	10	62	19887	19835	0.33	31.7
Bacillus_GCF_029866405.1_spacer_8	virome_phage_2368	83.871	31	5	0	41	71	3392	3362	0.037	34.9
Bacillus_GCF_029866405.1_spacer_8	virome_phage_2368	79.412	34	7	0	37	70	1452	1419	0.11	33.3
Bacillus_GCF_029866405.1_spacer_8	virome_phage_2368	74.359	39	10	0	40	78	2676	2638	0.33	31.7
Bacillus_GCF_029866405.1_spacer_8	virome_phage_145	83.871	31	5	0	41	71	17560	17590	0.037	34.9
Bacillus_GCF_029866405.1_spacer_8	virome_phage_145	79.412	34	7	0	37	70	19500	19533	0.11	33.3
Bacillus_GCF_029866405.1_spacer_8	virome_phage_145	74.359	39	10	0	40	78	18276	18314	0.33	31.7
Bacillus_GCF_029866405.1_spacer_8	virome_phage_9	77.778	36	8	0	15	50	20114	20149	0.11	33.3
Bacillus_GCF_029866405.1_spacer_8	virome_phage_824	73.171	41	11	0	38	78	11826	11786	0.33	31.7
Bacillus_GCF_029866405.1_spacer_8	virome_phage_824	68.750	48	15	0	22	69	11779	11732	0.99	30.1
Bacillus_GCF_029866405.1_spacer_8	virome_phage_864	71.429	42	12	0	31	72	4393	4352	0.99	30.1
Bacillus_GCF_029866405.1_spacer_8	virome_phage_11	90.909	22	2	0	55	76	99963	99942	0.99	30.1
Bacillus_GCF_029866405.1_spacer_9	virome_phage_2368	73.846	65	17	0	11	75	1475	1411	5.79e-07	50.7
Bacillus_GCF_029866405.1_spacer_9	virome_phage_2368	71.212	66	19	0	1	66	3501	3436	1.56e-05	46.0
Bacillus_GCF_029866405.1_spacer_9	virome_phage_2368	74.074	54	14	0	13	66	1509	1456	1.41e-04	42.8
Bacillus_GCF_029866405.1_spacer_9	virome_phage_2368	69.697	66	20	0	1	66	3429	3364	1.41e-04	42.8
Bacillus_GCF_029866405.1_spacer_9	virome_phage_2368	70.833	48	14	0	1	48	3393	3346	0.10	33.3
Bacillus_GCF_029866405.1_spacer_9	virome_phage_2368	78.788	33	7	0	8	40	1121	1089	0.31	31.7
Bacillus_GCF_029866405.1_spacer_9	virome_phage_2368	82.759	29	5	0	47	75	1190	1162	0.31	31.7
Bacillus_GCF_029866405.1_spacer_9	virome_phage_2368	66.102	59	20	0	11	69	1649	1591	0.31	31.7
Bacillus_GCF_029866405.1_spacer_9	virome_phage_2368	66.102	59	20	0	8	66	1697	1639	0.31	31.7
Bacillus_GCF_029866405.1_spacer_9	virome_phage_2368	64.615	65	23	0	11	75	3482	3418	0.31	31.7
Bacillus_GCF_029866405.1_spacer_9	virome_phage_2368	66.102	59	20	0	1	59	3528	3470	0.31	31.7
Bacillus_GCF_029866405.1_spacer_9	virome_phage_2368	66.071	56	19	0	20	75	1127	1072	0.92	30.1
Bacillus_GCF_029866405.1_spacer_9	virome_phage_2368	63.235	68	25	0	8	75	1442	1375	0.92	30.1
Bacillus_GCF_029866405.1_spacer_9	virome_phage_145	73.846	65	17	0	11	75	19477	19541	5.79e-07	50.7
Bacillus_GCF_029866405.1_spacer_9	virome_phage_145	71.212	66	19	0	1	66	17451	17516	1.56e-05	46.0
Bacillus_GCF_029866405.1_spacer_9	virome_phage_145	69.697	66	20	0	1	66	17523	17588	1.41e-04	42.8
Bacillus_GCF_029866405.1_spacer_9	virome_phage_145	74.074	54	14	0	13	66	19443	19496	1.41e-04	42.8
Bacillus_GCF_029866405.1_spacer_9	virome_phage_145	70.833	48	14	0	1	48	17559	17606	0.10	33.3
Bacillus_GCF_029866405.1_spacer_9	virome_phage_145	66.102	59	20	0	1	59	17424	17482	0.31	31.7
Bacillus_GCF_029866405.1_spacer_9	virome_phage_145	64.615	65	23	0	11	75	17470	17534	0.31	31.7
Bacillus_GCF_029866405.1_spacer_9	virome_phage_145	66.102	59	20	0	8	66	19255	19313	0.31	31.7
Bacillus_GCF_029866405.1_spacer_9	virome_phage_145	66.102	59	20	0	11	69	19303	19361	0.31	31.7
Bacillus_GCF_029866405.1_spacer_9	virome_phage_145	82.759	29	5	0	47	75	19762	19790	0.31	31.7
Bacillus_GCF_029866405.1_spacer_9	virome_phage_145	63.235	68	25	0	8	75	19510	19577	0.92	30.1
Bacillus_GCF_029866405.1_spacer_9	virome_phage_145	72.500	40	11	0	28	67	20031	20070	0.92	30.1
Bacillus_GCF_029866405.1_spacer_9	virome_phage_824	78.000	50	11	0	18	67	11798	11749	1.56e-05	46.0
Bacillus_GCF_029866405.1_spacer_9	virome_phage_824	74.510	51	13	0	1	51	11824	11774	4.22e-04	41.2
Bacillus_GCF_029866405.1_spacer_9	virome_phage_824	67.797	59	19	0	17	75	11844	11786	0.034	34.9
Bacillus_GCF_029866405.1_spacer_9	virome_phage_52	67.568	74	24	0	2	75	44093	44020	1.41e-04	42.8
Bacillus_GCF_029866405.1_spacer_9	virome_phage_52	68.627	51	16	0	26	76	44465	44415	0.31	31.7
Bacillus_GCF_029866405.1_spacer_9	virome_phage_5	67.647	68	22	0	2	69	28175	28108	0.001	39.6
Bacillus_GCF_029866405.1_spacer_9	virome_phage_5	68.750	48	15	0	10	57	28203	28156	0.92	30.1
Bacillus_GCF_029866405.1_spacer_9	virome_phage_5	64.516	62	22	0	6	67	29944	29883	0.92	30.1
Bacillus_GCF_029866405.1_spacer_9	virome_phage_2342	72.549	51	14	0	8	58	19615	19665	0.004	38.0
Bacillus_GCF_029866405.1_spacer_9	virome_phage_2342	68.421	57	18	0	1	57	19626	19682	0.034	34.9
Bacillus_GCF_029866405.1_spacer_9	virome_phage_2342	67.308	52	17	0	1	52	19707	19758	0.92	30.1
Bacillus_GCF_029866405.1_spacer_9	virome_phage_1	65.217	69	24	0	7	75	220625	220693	0.034	34.9
Bacillus_GCF_029866405.1_spacer_9	virome_phage_1	65.152	66	23	0	1	66	217850	217915	0.10	33.3
Bacillus_GCF_029866405.1_spacer_9	virome_phage_1	66.667	57	19	0	10	66	220970	221026	0.31	31.7
Bacillus_GCF_029866405.1_spacer_9	virome_phage_1	70.213	47	14	0	29	75	221403	221449	0.31	31.7
Bacillus_GCF_029866405.1_spacer_9	virome_phage_1	68.000	50	16	0	8	57	220932	220981	0.92	30.1
Bacillus_GCF_029866405.1_spacer_9	virome_phage_865	79.412	34	7	0	22	55	26303	26336	0.10	33.3
Bacillus_GCF_029866405.1_spacer_9	virome_phage_803	70.833	48	14	0	28	75	35267	35314	0.10	33.3
Bacillus_GCF_029866405.1_spacer_9	virome_phage_14	66.667	57	19	0	2	58	31476	31420	0.31	31.7
Bacillus_GCF_029866405.1_spacer_9	total_phage_361	66.102	59	20	0	11	69	34190	34248	0.31	31.7
Bacillus_GCF_029866405.1_spacer_9	virome_phage_15	87.500	24	3	0	24	47	28726	28749	0.92	30.1
Bacillus_GCF_029866405.1_spacer_10	virome_phage_145	77.551	49	11	0	1	49	17559	17607	1.92e-05	44.4
Bacillus_GCF_029866405.1_spacer_10	virome_phage_145	78.788	33	7	0	17	49	17512	17544	0.13	31.7
Bacillus_GCF_029866405.1_spacer_10	virome_phage_145	74.359	39	10	0	11	49	17638	17676	0.13	31.7
Bacillus_GCF_029866405.1_spacer_10	virome_phage_145	75.676	37	9	0	8	44	19510	19546	0.13	31.7
Bacillus_GCF_029866405.1_spacer_10	virome_phage_145	73.684	38	10	0	11	48	19477	19514	0.38	30.1
Bacillus_GCF_029866405.1_spacer_10	virome_phage_2368	77.551	49	11	0	1	49	3393	3345	1.92e-05	44.4
Bacillus_GCF_029866405.1_spacer_10	virome_phage_2368	73.810	42	11	0	8	49	1442	1401	0.042	33.3
Bacillus_GCF_029866405.1_spacer_10	virome_phage_2368	73.684	38	10	0	11	48	1475	1438	0.38	30.1
Bacillus_GCF_029866405.1_spacer_10	virome_phage_824	75.510	49	12	0	1	49	11824	11776	1.73e-04	41.2
Bacillus_GCF_029866405.1_spacer_10	virome_phage_52	70.833	48	14	0	2	49	44102	44055	0.042	33.3
Bacillus_GCF_029866405.1_spacer_10	virome_phage_52	80.000	30	6	0	2	31	44453	44424	0.38	30.1
Bacillus_GCF_029866405.1_spacer_10	virome_phage_2282	73.171	41	11	0	2	42	37929	37969	0.13	31.7
Bacillus_GCF_029866405.1_spacer_10	virome_phage_2282	80.000	30	6	0	2	31	37785	37814	0.38	30.1
Bacillus_GCF_029866405.1_spacer_10	virome_phage_2411	68.750	48	15	0	2	49	6022	6069	0.38	30.1
Bacillus_GCF_029866405.1_spacer_10	virome_phage_176	68.750	48	15	0	2	49	5923	5970	0.38	30.1
Bacillus_GCF_029866405.1_spacer_10	virome_phage_1	80.000	30	6	0	2	31	220575	220604	0.38	30.1
Bacillus_GCF_029866405.1_spacer_10	virome_phage_5	80.000	30	6	0	2	31	28778	28749	0.38	30.1
Bacillus_GCF_029866405.1_spacer_11	virome_phage_2368	74.468	47	12	0	2	48	1457	1411	0.002	38.0
Bacillus_GCF_029866405.1_spacer_11	virome_phage_2368	76.316	38	9	0	2	39	1493	1456	0.042	33.3
Bacillus_GCF_029866405.1_spacer_11	virome_phage_2368	82.759	29	5	0	20	48	1190	1162	0.13	31.7
Bacillus_GCF_029866405.1_spacer_11	virome_phage_2368	82.759	29	5	0	11	39	3392	3364	0.13	31.7
Bacillus_GCF_029866405.1_spacer_11	virome_phage_145	74.468	47	12	0	2	48	19495	19541	0.002	38.0
Bacillus_GCF_029866405.1_spacer_11	virome_phage_145	76.316	38	9	0	2	39	19459	19496	0.042	33.3
Bacillus_GCF_029866405.1_spacer_11	virome_phage_145	82.759	29	5	0	11	39	17560	17588	0.13	31.7
Bacillus_GCF_029866405.1_spacer_11	virome_phage_145	82.759	29	5	0	20	48	19762	19790	0.13	31.7
Bacillus_GCF_029866405.1_spacer_11	virome_phage_824	74.359	39	10	0	2	40	11787	11749	0.13	31.7
Bacillus_GCF_029866405.1_spacer_11	virome_phage_803	70.213	47	14	0	2	48	35268	35314	0.13	31.7
Bacillus_GCF_029866405.1_spacer_11	virome_phage_52	68.750	48	15	0	1	48	44103	44056	0.38	30.1
Bacillus_GCF_029866405.1_spacer_11	virome_phage_1	68.750	48	15	0	1	48	221402	221449	0.38	30.1
Bacillus_GCF_029866405.1_spacer_11	total_phage_361	87.500	24	3	0	19	42	34225	34248	0.38	30.1
Bacillus_GCF_029866405.1_spacer_12	virome_phage_824	77.083	48	11	0	1	48	11824	11777	5.76e-05	42.8
Bacillus_GCF_029866405.1_spacer_12	virome_phage_2368	77.083	48	11	0	1	48	3393	3346	5.76e-05	42.8
Bacillus_GCF_029866405.1_spacer_12	virome_phage_2368	73.684	38	10	0	11	48	1475	1438	0.38	30.1
Bacillus_GCF_029866405.1_spacer_12	virome_phage_145	77.083	48	11	0	1	48	17559	17606	5.76e-05	42.8
Bacillus_GCF_029866405.1_spacer_12	virome_phage_145	73.684	38	10	0	11	48	19477	19514	0.38	30.1
Bacillus_GCF_029866405.1_spacer_12	virome_phage_5	76.923	39	9	0	1	39	28491	28453	0.014	34.9
Bacillus_GCF_029866405.1_spacer_12	virome_phage_5	74.359	39	10	0	1	39	28428	28390	0.13	31.7
Bacillus_GCF_029866405.1_spacer_12	virome_phage_5	72.093	43	12	0	2	44	29138	29096	0.13	31.7
Bacillus_GCF_029866405.1_spacer_12	virome_phage_5	71.429	42	12	0	2	43	28964	28923	0.38	30.1
Bacillus_GCF_029866405.1_spacer_12	virome_phage_1	70.213	47	14	0	2	48	220926	220972	0.13	31.7
Bacillus_GCF_029866405.1_spacer_12	virome_phage_820	78.125	32	7	0	14	45	13378	13347	0.38	30.1
Bacillus_GCF_029866405.1_spacer_12	virome_phage_38	84.615	26	4	0	22	47	45827	45802	0.38	30.1
Bacillus_GCF_029866405.1_spacer_12	virome_phage_2342	90.909	22	2	0	1	22	19626	19647	0.38	30.1
