Bacillus_GCF_002554825.1_spacer_0	virome_phage_939	85.185	27	4	0	4	30	18505	18479	0.042	31.7
Bacillus_GCF_002554825.1_spacer_0	total_phage_92	95.238	21	1	0	10	30	79872	79892	0.042	31.7
Bacillus_GCF_002554825.1_spacer_0	virome_phage_867	87.500	24	3	0	11	34	2269	2246	0.13	30.1
Bacillus_GCF_002554825.1_spacer_0	total_phage_934	76.471	34	8	0	1	34	25063	25096	0.13	30.1
Bacillus_GCF_002554825.1_spacer_0	total_phage_791	90.476	21	2	0	4	24	5829	5849	0.38	28.5
Bacillus_GCF_002554825.1_spacer_3	virome_phage_755	84.000	25	4	0	1	25	44988	44964	0.38	28.5
Bacillus_GCF_002554825.1_spacer_3	virome_phage_1446	90.476	21	2	0	13	33	3992	3972	0.38	28.5
Bacillus_GCF_002554825.1_spacer_3	virome_phage_60	94.737	19	1	0	6	24	4847	4865	0.38	28.5
Bacillus_GCF_002554825.1_spacer_4	virome_phage_17	84.000	25	4	0	3	27	80875	80851	0.31	28.5
Bacillus_GCF_002554825.1_spacer_4	total_phage_98	80.769	26	5	0	3	28	33626	33601	0.94	26.9
Bacillus_GCF_002554825.1_spacer_5	virome_phage_817	95.000	20	1	0	14	33	22108	22127	0.13	30.1
Bacillus_GCF_002554825.1_spacer_6	total_phage_233	78.125	32	7	0	3	34	33918	33887	0.10	30.1
Bacillus_GCF_002554825.1_spacer_6	virome_phage_827	90.476	21	2	0	6	26	21764	21784	0.31	28.5
Bacillus_GCF_002554825.1_spacer_6	virome_phage_857	83.333	24	4	0	3	26	32543	32566	0.94	26.9
Bacillus_GCF_002554825.1_spacer_6	virome_phage_2359	86.364	22	3	0	12	33	22034	22013	0.94	26.9
Bacillus_GCF_002554825.1_spacer_6	virome_phage_14	86.364	22	3	0	1	22	87726	87747	0.94	26.9
Bacillus_GCF_002554825.1_spacer_7	virome_phage_764	94.737	19	1	0	9	27	29442	29424	0.31	28.5
Bacillus_GCF_002554825.1_spacer_7	virome_phage_16	84.000	25	4	0	8	32	50316	50292	0.31	28.5
Bacillus_GCF_002554825.1_spacer_7	virome_phage_783	78.571	28	6	0	6	33	2174	2147	0.94	26.9
Bacillus_GCF_002554825.1_spacer_7	virome_phage_773	83.333	24	4	0	11	34	34354	34331	0.94	26.9
Bacillus_GCF_002554825.1_spacer_7	virome_phage_46	94.444	18	1	0	5	22	31135	31118	0.94	26.9
Bacillus_GCF_002554825.1_spacer_8	virome_phage_1	91.304	23	2	0	6	28	215289	215311	0.042	31.7
Bacillus_GCF_002554825.1_spacer_8	total_phage_803	80.000	30	6	0	6	35	15635	15664	0.13	30.1
Bacillus_GCF_002554825.1_spacer_8	virome_phage_767	84.000	25	4	0	1	25	15903	15927	0.38	28.5
Bacillus_GCF_002554825.1_spacer_8	virome_phage_272	94.737	19	1	0	14	32	9648	9630	0.38	28.5
Bacillus_GCF_002554825.1_spacer_8	virome_phage_271	94.737	19	1	0	14	32	9626	9608	0.38	28.5
Bacillus_GCF_002554825.1_spacer_8	virome_phage_2624	94.737	19	1	0	14	32	2042	2060	0.38	28.5
Bacillus_GCF_002554825.1_spacer_9	total_phage_729	87.500	24	3	0	9	32	144032	144055	0.13	30.1
Bacillus_GCF_002554825.1_spacer_9	virome_phage_815	100.000	17	0	0	6	22	22703	22719	0.38	28.5
Bacillus_GCF_002554825.1_spacer_9	virome_phage_734	94.737	19	1	0	16	34	175043	175061	0.38	28.5
Bacillus_GCF_002554825.1_spacer_9	total_phage_360	79.310	29	6	0	1	29	4527	4555	0.38	28.5
Bacillus_GCF_002554825.1_spacer_9	total_phage_299	79.310	29	6	0	1	29	30120	30148	0.38	28.5
Bacillus_GCF_002554825.1_spacer_9	total_phage_111	100.000	17	0	0	6	22	25606	25622	0.38	28.5
Bacillus_GCF_002554825.1_spacer_9	total_phage_111	100.000	17	0	0	6	22	65848	65864	0.38	28.5
Bacillus_GCF_002554825.1_spacer_10	virome_phage_7	82.759	29	5	0	6	34	15247	15275	0.042	31.7
Bacillus_GCF_002554825.1_spacer_10	virome_phage_272	79.310	29	6	0	5	33	7583	7555	0.38	28.5
Bacillus_GCF_002554825.1_spacer_10	virome_phage_271	79.310	29	6	0	5	33	7561	7533	0.38	28.5
Bacillus_GCF_002554825.1_spacer_10	total_phage_413	84.000	25	4	0	8	32	121418	121394	0.38	28.5
Bacillus_GCF_002554825.1_spacer_10	virome_phage_275	79.310	29	6	0	5	33	3992	4020	0.38	28.5
Bacillus_GCF_002554825.1_spacer_10	virome_phage_2624	79.310	29	6	0	5	33	4107	4135	0.38	28.5
Bacillus_GCF_002554825.1_spacer_10	total_phage_231	90.476	21	2	0	13	33	119684	119704	0.38	28.5
Bacillus_GCF_002554825.1_spacer_11	virome_phage_915	86.957	23	3	0	4	26	11287	11309	0.25	28.5
Bacillus_GCF_002554825.1_spacer_11	virome_phage_843	86.957	23	3	0	6	28	28720	28742	0.25	28.5
Bacillus_GCF_002554825.1_spacer_11	virome_phage_2357	79.310	29	6	0	1	29	8321	8349	0.25	28.5
Bacillus_GCF_002554825.1_spacer_11	total_phage_807	75.758	33	8	0	1	33	2885	2917	0.25	28.5
Bacillus_GCF_002554825.1_spacer_11	total_phage_730	86.957	23	3	0	2	24	74277	74299	0.25	28.5
Bacillus_GCF_002554825.1_spacer_11	total_phage_294	75.758	33	8	0	1	33	22098	22130	0.25	28.5
Bacillus_GCF_002554825.1_spacer_11	virome_phage_10	86.957	23	3	0	2	24	112013	111991	0.25	28.5
Bacillus_GCF_002554825.1_spacer_11	virome_phage_46	83.333	24	4	0	6	29	919	942	0.76	26.9
Bacillus_GCF_002554825.1_spacer_11	virome_phage_2308	94.444	18	1	0	3	20	36012	36029	0.76	26.9
Bacillus_GCF_002554825.1_spacer_11	virome_phage_16	86.364	22	3	0	9	30	49229	49250	0.76	26.9
Bacillus_GCF_002554825.1_spacer_11	total_phage_307	94.444	18	1	0	14	31	19257	19274	0.76	26.9
Bacillus_GCF_002554825.1_spacer_11	virome_phage_738	86.364	22	3	0	7	28	89832	89811	0.76	26.9
Bacillus_GCF_002554825.1_spacer_11	virome_phage_1092	86.364	22	3	0	11	32	6374	6353	0.76	26.9
Bacillus_GCF_002554825.1_spacer_11	total_phage_451	78.571	28	6	0	5	32	22335	22308	0.76	26.9
Bacillus_GCF_002554825.1_spacer_12	virome_phage_750	84.000	25	4	0	12	36	55194	55218	0.38	28.5
Bacillus_GCF_002554825.1_spacer_13	virome_phage_2269	86.957	23	3	0	8	30	147882	147904	0.25	28.5
Bacillus_GCF_002554825.1_spacer_14	virome_phage_2333	86.957	23	3	0	7	29	22535	22557	0.38	28.5
Bacillus_GCF_002554825.1_spacer_14	virome_phage_51	79.310	29	6	0	1	29	12078	12050	0.38	28.5
Bacillus_GCF_002554825.1_spacer_15	virome_phage_69	88.462	26	3	0	5	30	2479	2504	0.014	33.3
Bacillus_GCF_002554825.1_spacer_15	total_phage_231	85.714	28	4	0	2	29	48502	48529	0.014	33.3
Bacillus_GCF_002554825.1_spacer_15	total_phage_739	87.500	24	3	0	7	30	3440	3417	0.13	30.1
Bacillus_GCF_002554825.1_spacer_15	virome_phage_2286	77.419	31	7	0	5	35	48484	48454	0.38	28.5
Bacillus_GCF_002554825.1_spacer_16	virome_phage_738	86.957	23	3	0	5	27	139004	139026	0.25	28.5
Bacillus_GCF_002554825.1_spacer_16	virome_phage_2269	90.476	21	2	0	9	29	310953	310933	0.25	28.5
Bacillus_GCF_002554825.1_spacer_16	virome_phage_59	94.444	18	1	0	10	27	38869	38852	0.76	26.9
Bacillus_GCF_002554825.1_spacer_16	virome_phage_4	86.364	22	3	0	6	27	102925	102904	0.76	26.9
Bacillus_GCF_002554825.1_spacer_17	virome_phage_851	79.310	29	6	0	5	33	20081	20053	0.38	28.5
Bacillus_GCF_002554825.1_spacer_17	virome_phage_745	79.310	29	6	0	2	30	51363	51335	0.38	28.5
Bacillus_GCF_002554825.1_spacer_17	virome_phage_7	86.957	23	3	0	2	24	116146	116168	0.38	28.5
Bacillus_GCF_002554825.1_spacer_17	virome_phage_2297	81.481	27	5	0	1	27	15440	15466	0.38	28.5
Bacillus_GCF_002554825.1_spacer_18	virome_phage_47	86.364	22	3	0	3	24	41112	41133	0.94	26.9
Bacillus_GCF_002554825.1_spacer_19	virome_phage_17	90.476	21	2	0	14	34	81331	81351	0.31	28.5
Bacillus_GCF_002554825.1_spacer_19	virome_phage_1033	90.476	21	2	0	1	21	5003	5023	0.31	28.5
Bacillus_GCF_002554825.1_spacer_19	virome_phage_859	83.333	24	4	0	6	29	21578	21555	0.94	26.9
Bacillus_GCF_002554825.1_spacer_19	virome_phage_736	75.000	32	8	0	3	34	37724	37693	0.94	26.9
Bacillus_GCF_002554825.1_spacer_19	virome_phage_34	80.769	26	5	0	7	32	42638	42613	0.94	26.9
Bacillus_GCF_002554825.1_spacer_19	virome_phage_2324	76.667	30	7	0	2	31	21288	21259	0.94	26.9
Bacillus_GCF_002554825.1_spacer_19	total_phage_934	80.769	26	5	0	4	29	21315	21290	0.94	26.9
Bacillus_GCF_002554825.1_spacer_19	total_phage_786	75.000	32	8	0	1	32	18520	18489	0.94	26.9
Bacillus_GCF_002554825.1_spacer_19	total_phage_729	83.333	24	4	0	1	24	23178	23155	0.94	26.9
Bacillus_GCF_002554825.1_spacer_19	total_phage_729	83.333	24	4	0	1	24	25798	25775	0.94	26.9
Bacillus_GCF_002554825.1_spacer_19	total_phage_734	86.364	22	3	0	2	23	25212	25233	0.94	26.9
Bacillus_GCF_002554825.1_spacer_19	total_phage_655	78.571	28	6	0	5	32	6774	6801	0.94	26.9
Bacillus_GCF_002554825.1_spacer_20	virome_phage_9	94.737	19	1	0	15	33	502	484	0.38	28.5
Bacillus_GCF_002554825.1_spacer_21	virome_phage_4	94.737	19	1	0	2	20	125733	125715	0.25	28.5
Bacillus_GCF_002554825.1_spacer_21	virome_phage_738	94.737	19	1	0	2	20	116723	116741	0.25	28.5
Bacillus_GCF_002554825.1_spacer_21	virome_phage_14	94.444	18	1	0	1	18	78701	78684	0.76	26.9
Bacillus_GCF_002554825.1_spacer_21	virome_phage_2293	90.000	20	2	0	9	28	11756	11775	0.76	26.9
