Bacillus_GCA_027625975.1_spacer_0	total_phage_413	86.957	23	3	0	15	37	97806	97828	0.44	28.5
Bacillus_GCA_027625975.1_spacer_1	virome_phage_8	90.476	21	2	0	8	28	71509	71489	0.38	28.5
Bacillus_GCA_027625975.1_spacer_1	virome_phage_795	84.000	25	4	0	10	34	36914	36890	0.38	28.5
Bacillus_GCA_027625975.1_spacer_1	total_phage_358	86.957	23	3	0	10	32	42307	42285	0.38	28.5
Bacillus_GCA_027625975.1_spacer_2	virome_phage_2270	83.333	30	5	0	3	32	173941	173912	0.016	33.3
Bacillus_GCA_027625975.1_spacer_2	virome_phage_743	95.455	22	1	0	12	33	78110	78131	0.016	33.3
Bacillus_GCA_027625975.1_spacer_2	virome_phage_10	82.759	29	5	0	9	37	67041	67013	0.049	31.7
Bacillus_GCA_027625975.1_spacer_2	total_phage_730	82.759	29	5	0	9	37	119687	119715	0.049	31.7
Bacillus_GCA_027625975.1_spacer_2	virome_phage_739	82.143	28	5	0	6	33	49345	49318	0.15	30.1
Bacillus_GCA_027625975.1_spacer_2	virome_phage_739	76.471	34	8	0	1	34	103174	103207	0.15	30.1
Bacillus_GCA_027625975.1_spacer_2	virome_phage_4	84.615	26	4	0	7	32	144835	144810	0.15	30.1
Bacillus_GCA_027625975.1_spacer_2	virome_phage_4	87.500	24	3	0	12	35	28241	28264	0.15	30.1
Bacillus_GCA_027625975.1_spacer_2	virome_phage_2298	78.125	32	7	0	4	35	26010	25979	0.15	30.1
Bacillus_GCA_027625975.1_spacer_2	total_phage_500	75.000	36	9	0	2	37	29660	29625	0.15	30.1
Bacillus_GCA_027625975.1_spacer_2	total_phage_500	75.758	33	8	0	1	33	67615	67647	0.44	28.5
Bacillus_GCA_027625975.1_spacer_2	total_phage_443	78.125	32	7	0	6	37	9037	9006	0.15	30.1
Bacillus_GCA_027625975.1_spacer_2	total_phage_176	90.909	22	2	0	5	26	6826	6805	0.15	30.1
Bacillus_GCA_027625975.1_spacer_2	virome_phage_2238	75.000	36	9	0	2	37	78297	78332	0.15	30.1
Bacillus_GCA_027625975.1_spacer_2	virome_phage_2238	75.758	33	8	0	1	33	40342	40310	0.44	28.5
Bacillus_GCA_027625975.1_spacer_2	virome_phage_181	84.615	26	4	0	12	37	4324	4349	0.15	30.1
Bacillus_GCA_027625975.1_spacer_2	total_phage_306	84.615	26	4	0	2	27	26830	26855	0.15	30.1
Bacillus_GCA_027625975.1_spacer_2	total_phage_18	84.615	26	4	0	12	37	4427	4452	0.15	30.1
Bacillus_GCA_027625975.1_spacer_2	virome_phage_807	75.758	33	8	0	2	34	23938	23906	0.44	28.5
Bacillus_GCA_027625975.1_spacer_2	virome_phage_795	94.737	19	1	0	15	33	17512	17494	0.44	28.5
Bacillus_GCA_027625975.1_spacer_2	virome_phage_795	84.000	25	4	0	6	30	27763	27739	0.44	28.5
Bacillus_GCA_027625975.1_spacer_2	virome_phage_2272	90.476	21	2	0	13	33	25714	25694	0.44	28.5
Bacillus_GCA_027625975.1_spacer_2	virome_phage_2254	75.758	33	8	0	1	33	58828	58796	0.44	28.5
Bacillus_GCA_027625975.1_spacer_2	virome_phage_2237	74.286	35	9	0	2	36	16035	16001	0.44	28.5
Bacillus_GCA_027625975.1_spacer_2	virome_phage_17	84.000	25	4	0	8	32	31312	31288	0.44	28.5
Bacillus_GCA_027625975.1_spacer_2	total_phage_415	100.000	17	0	0	12	28	1171	1155	0.44	28.5
Bacillus_GCA_027625975.1_spacer_2	total_phage_305	75.758	33	8	0	2	34	6614	6582	0.44	28.5
Bacillus_GCA_027625975.1_spacer_2	virome_phage_895	100.000	17	0	0	9	25	11193	11209	0.44	28.5
Bacillus_GCA_027625975.1_spacer_2	virome_phage_59	90.476	21	2	0	7	27	21522	21542	0.44	28.5
Bacillus_GCA_027625975.1_spacer_2	virome_phage_2312	79.310	29	6	0	8	36	30912	30940	0.44	28.5
Bacillus_GCA_027625975.1_spacer_2	virome_phage_2243	74.286	35	9	0	2	36	1750	1784	0.44	28.5
Bacillus_GCA_027625975.1_spacer_2	total_phage_800	100.000	17	0	0	12	28	31768	31784	0.44	28.5
Bacillus_GCA_027625975.1_spacer_2	total_phage_8	81.481	27	5	0	2	28	23427	23453	0.44	28.5
Bacillus_GCA_027625975.1_spacer_2	total_phage_644	74.286	35	9	0	2	36	1639	1673	0.44	28.5
Bacillus_GCA_027625975.1_spacer_2	total_phage_487	74.286	35	9	0	2	36	276	310	0.44	28.5
Bacillus_GCA_027625975.1_spacer_2	total_phage_368	100.000	17	0	0	12	28	40597	40613	0.44	28.5
Bacillus_GCA_027625975.1_spacer_3	virome_phage_59	87.500	24	3	0	11	34	27587	27564	0.15	30.1
Bacillus_GCA_027625975.1_spacer_3	virome_phage_79	100.000	17	0	0	3	19	27500	27516	0.44	28.5
Bacillus_GCA_027625975.1_spacer_3	virome_phage_2288	100.000	17	0	0	3	19	4801	4785	0.44	28.5
Bacillus_GCA_027625975.1_spacer_5	virome_phage_845	90.000	20	2	0	12	31	20802	20783	0.76	26.9
Bacillus_GCA_027625975.1_spacer_5	total_phage_731	78.571	28	6	0	1	28	9157	9130	0.76	26.9
Bacillus_GCA_027625975.1_spacer_7	total_phage_730	84.000	25	4	0	2	26	89593	89569	0.31	28.5
Bacillus_GCA_027625975.1_spacer_7	total_phage_102	100.000	17	0	0	1	17	3286	3270	0.31	28.5
Bacillus_GCA_027625975.1_spacer_7	virome_phage_7	79.310	29	6	0	6	34	120422	120450	0.31	28.5
Bacillus_GCA_027625975.1_spacer_7	virome_phage_7	80.769	26	5	0	4	29	98580	98605	0.94	26.9
Bacillus_GCA_027625975.1_spacer_7	total_phage_362	100.000	17	0	0	1	17	32054	32070	0.31	28.5
Bacillus_GCA_027625975.1_spacer_7	total_phage_188	86.957	23	3	0	4	26	17236	17258	0.31	28.5
Bacillus_GCA_027625975.1_spacer_7	virome_phage_785	90.000	20	2	0	2	21	20649	20630	0.94	26.9
Bacillus_GCA_027625975.1_spacer_7	virome_phage_2281	90.000	20	2	0	4	23	11019	11000	0.94	26.9
Bacillus_GCA_027625975.1_spacer_7	total_phage_92	90.000	20	2	0	10	29	102706	102687	0.94	26.9
Bacillus_GCA_027625975.1_spacer_7	virome_phage_734	94.444	18	1	0	9	26	225097	225114	0.94	26.9
Bacillus_GCA_027625975.1_spacer_7	total_phage_9	94.444	18	1	0	1	18	465	482	0.94	26.9
Bacillus_GCA_027625975.1_spacer_7	total_phage_231	94.444	18	1	0	2	19	80388	80405	0.94	26.9
Bacillus_GCA_027625975.1_spacer_8	total_phage_104	100.000	17	0	0	17	33	9834	9850	0.31	28.5
Bacillus_GCA_027625975.1_spacer_8	virome_phage_26	90.000	20	2	0	15	34	20056	20037	0.94	26.9
Bacillus_GCA_027625975.1_spacer_8	total_phage_926	86.364	22	3	0	1	22	21811	21832	0.94	26.9
Bacillus_GCA_027625975.1_spacer_8	total_phage_188	75.000	32	8	0	3	34	11421	11452	0.94	26.9
Bacillus_GCA_027625975.1_spacer_9	virome_phage_759	95.238	21	1	0	14	34	49399	49379	0.035	31.7
Bacillus_GCA_027625975.1_spacer_9	virome_phage_82	95.238	21	1	0	14	34	34730	34750	0.035	31.7
Bacillus_GCA_027625975.1_spacer_9	virome_phage_742	78.571	28	6	0	5	32	90752	90725	0.94	26.9
Bacillus_GCA_027625975.1_spacer_9	virome_phage_7	78.571	28	6	0	7	34	46275	46248	0.94	26.9
Bacillus_GCA_027625975.1_spacer_9	virome_phage_33	83.333	24	4	0	9	32	21942	21919	0.94	26.9
Bacillus_GCA_027625975.1_spacer_9	virome_phage_2297	78.571	28	6	0	5	32	37085	37058	0.94	26.9
Bacillus_GCA_027625975.1_spacer_9	total_phage_233	78.571	28	6	0	5	32	52075	52048	0.94	26.9
Bacillus_GCA_027625975.1_spacer_9	virome_phage_858	78.571	28	6	0	5	32	22182	22209	0.94	26.9
Bacillus_GCA_027625975.1_spacer_9	virome_phage_66	76.667	30	7	0	5	34	32109	32138	0.94	26.9
Bacillus_GCA_027625975.1_spacer_9	total_phage_239	78.571	28	6	0	5	32	69	96	0.94	26.9
Bacillus_GCA_027625975.1_spacer_10	virome_phage_835	84.615	26	4	0	8	33	11132	11107	0.084	30.1
Bacillus_GCA_027625975.1_spacer_10	virome_phage_25	77.419	31	7	0	3	33	13037	13007	0.25	28.5
Bacillus_GCA_027625975.1_spacer_10	virome_phage_1279	94.737	19	1	0	15	33	5732	5714	0.25	28.5
Bacillus_GCA_027625975.1_spacer_10	virome_phage_765	80.769	26	5	0	6	31	36938	36963	0.76	26.9
Bacillus_GCA_027625975.1_spacer_10	virome_phage_734	90.000	20	2	0	13	32	216392	216373	0.76	26.9
Bacillus_GCA_027625975.1_spacer_11	virome_phage_739	84.615	26	4	0	1	26	82845	82820	0.084	30.1
Bacillus_GCA_027625975.1_spacer_11	virome_phage_739	83.333	24	4	0	10	33	127858	127835	0.76	26.9
Bacillus_GCA_027625975.1_spacer_11	virome_phage_2254	94.737	19	1	0	14	32	17194	17212	0.25	28.5
Bacillus_GCA_027625975.1_spacer_11	virome_phage_10	75.758	33	8	0	1	33	65229	65197	0.25	28.5
Bacillus_GCA_027625975.1_spacer_11	total_phage_731	90.476	21	2	0	10	30	131311	131331	0.25	28.5
Bacillus_GCA_027625975.1_spacer_11	total_phage_730	75.758	33	8	0	1	33	121499	121531	0.25	28.5
Bacillus_GCA_027625975.1_spacer_11	virome_phage_736	80.769	26	5	0	8	33	80841	80866	0.76	26.9
Bacillus_GCA_027625975.1_spacer_11	virome_phage_70	100.000	16	0	0	13	28	16182	16197	0.76	26.9
Bacillus_GCA_027625975.1_spacer_11	total_phage_360	83.333	24	4	0	8	31	425	448	0.76	26.9
Bacillus_GCA_027625975.1_spacer_12	virome_phage_840	90.909	22	2	0	1	22	18319	18340	0.084	30.1
Bacillus_GCA_027625975.1_spacer_12	virome_phage_738	84.615	26	4	0	6	31	8279	8304	0.084	30.1
Bacillus_GCA_027625975.1_spacer_12	virome_phage_4	90.476	21	2	0	11	31	88884	88864	0.25	28.5
Bacillus_GCA_027625975.1_spacer_12	virome_phage_2269	75.758	33	8	0	1	33	283153	283121	0.25	28.5
Bacillus_GCA_027625975.1_spacer_12	total_phage_364	79.310	29	6	0	3	31	28368	28396	0.25	28.5
Bacillus_GCA_027625975.1_spacer_12	virome_phage_783	78.571	28	6	0	1	28	9804	9777	0.76	26.9
Bacillus_GCA_027625975.1_spacer_12	virome_phage_2235	86.364	22	3	0	4	25	3025	3004	0.76	26.9
Bacillus_GCA_027625975.1_spacer_12	virome_phage_15	86.364	22	3	0	1	22	86424	86403	0.76	26.9
Bacillus_GCA_027625975.1_spacer_12	virome_phage_26	75.000	32	8	0	2	33	55876	55907	0.76	26.9
Bacillus_GCA_027625975.1_spacer_13	total_phage_655	84.000	25	4	0	6	30	2902	2878	0.38	28.5
Bacillus_GCA_027625975.1_spacer_14	virome_phage_841	81.481	27	5	0	1	27	17935	17961	0.31	28.5
Bacillus_GCA_027625975.1_spacer_14	virome_phage_2270	100.000	17	0	0	9	25	2882	2898	0.31	28.5
Bacillus_GCA_027625975.1_spacer_14	total_phage_797	75.758	33	8	0	1	33	31982	32014	0.31	28.5
Bacillus_GCA_027625975.1_spacer_14	virome_phage_758	83.333	24	4	0	9	32	957	934	0.94	26.9
Bacillus_GCA_027625975.1_spacer_15	virome_phage_62	85.185	27	4	0	1	27	1911	1885	0.035	31.7
Bacillus_GCA_027625975.1_spacer_15	virome_phage_1199	81.481	27	5	0	3	29	1520	1546	0.31	28.5
Bacillus_GCA_027625975.1_spacer_15	virome_phage_739	78.571	28	6	0	4	31	121593	121566	0.94	26.9
Bacillus_GCA_027625975.1_spacer_15	virome_phage_27	90.000	20	2	0	2	21	450	431	0.94	26.9
Bacillus_GCA_027625975.1_spacer_15	virome_phage_745	90.000	20	2	0	1	20	14400	14419	0.94	26.9
Bacillus_GCA_027625975.1_spacer_15	total_phage_112	90.000	20	2	0	2	21	37306	37325	0.94	26.9
Bacillus_GCA_027625975.1_spacer_16	total_phage_9	85.185	27	4	0	4	30	9497	9471	0.042	31.7
Bacillus_GCA_027625975.1_spacer_16	total_phage_806	85.185	27	4	0	4	30	15949	15975	0.042	31.7
Bacillus_GCA_027625975.1_spacer_16	total_phage_0	91.304	23	2	0	11	33	45642	45664	0.042	31.7
Bacillus_GCA_027625975.1_spacer_16	virome_phage_792	90.909	22	2	0	11	32	16884	16863	0.13	30.1
Bacillus_GCA_027625975.1_spacer_16	total_phage_363	79.310	29	6	0	4	32	11174	11146	0.38	28.5
Bacillus_GCA_027625975.1_spacer_17	virome_phage_2270	95.000	20	1	0	7	26	230404	230385	0.13	30.1
Bacillus_GCA_027625975.1_spacer_18	virome_phage_857	95.238	21	1	0	4	24	23725	23745	0.028	31.7
Bacillus_GCA_027625975.1_spacer_18	virome_phage_743	82.759	29	5	0	2	30	72845	72873	0.028	31.7
Bacillus_GCA_027625975.1_spacer_18	virome_phage_743	90.000	20	2	0	5	24	33943	33962	0.76	26.9
Bacillus_GCA_027625975.1_spacer_18	virome_phage_1	88.000	25	3	0	1	25	2176	2200	0.028	31.7
Bacillus_GCA_027625975.1_spacer_18	virome_phage_745	95.000	20	1	0	2	21	57657	57676	0.084	30.1
Bacillus_GCA_027625975.1_spacer_18	virome_phage_33	87.500	24	3	0	9	32	38108	38085	0.084	30.1
Bacillus_GCA_027625975.1_spacer_18	virome_phage_742	81.481	27	5	0	3	29	66804	66830	0.25	28.5
Bacillus_GCA_027625975.1_spacer_18	virome_phage_742	94.444	18	1	0	2	19	65172	65155	0.76	26.9
Bacillus_GCA_027625975.1_spacer_18	total_phage_233	84.000	25	4	0	9	33	8731	8755	0.25	28.5
Bacillus_GCA_027625975.1_spacer_18	total_phage_731	84.000	25	4	0	5	29	68164	68140	0.25	28.5
Bacillus_GCA_027625975.1_spacer_18	total_phage_731	78.571	28	6	0	1	28	133356	133383	0.76	26.9
Bacillus_GCA_027625975.1_spacer_18	total_phage_451	84.000	25	4	0	9	33	19710	19686	0.25	28.5
Bacillus_GCA_027625975.1_spacer_18	virome_phage_829	75.000	32	8	0	2	33	2040	2071	0.76	26.9
Bacillus_GCA_027625975.1_spacer_18	virome_phage_119	75.000	32	8	0	2	33	20293	20324	0.76	26.9
Bacillus_GCA_027625975.1_spacer_18	total_phage_653	83.333	24	4	0	9	32	350	373	0.76	26.9
Bacillus_GCA_027625975.1_spacer_18	total_phage_370	86.364	22	3	0	2	23	24676	24697	0.76	26.9
Bacillus_GCA_027625975.1_spacer_18	total_phage_3	94.444	18	1	0	6	23	8178	8195	0.76	26.9
Bacillus_GCA_027625975.1_spacer_18	virome_phage_866	76.667	30	7	0	3	32	14436	14407	0.76	26.9
Bacillus_GCA_027625975.1_spacer_18	virome_phage_839	94.444	18	1	0	7	24	20272	20255	0.76	26.9
Bacillus_GCA_027625975.1_spacer_18	virome_phage_738	86.364	22	3	0	3	24	70136	70115	0.76	26.9
Bacillus_GCA_027625975.1_spacer_18	virome_phage_734	86.364	22	3	0	12	33	294617	294596	0.76	26.9
Bacillus_GCA_027625975.1_spacer_18	virome_phage_5	78.571	28	6	0	4	31	127965	127938	0.76	26.9
Bacillus_GCA_027625975.1_spacer_18	virome_phage_2368	76.667	30	7	0	1	30	505	476	0.76	26.9
Bacillus_GCA_027625975.1_spacer_18	virome_phage_2345	75.000	32	8	0	2	33	14745	14714	0.76	26.9
Bacillus_GCA_027625975.1_spacer_18	virome_phage_189	78.571	28	6	0	2	29	12433	12406	0.76	26.9
Bacillus_GCA_027625975.1_spacer_18	total_phage_414	94.444	18	1	0	7	24	43429	43412	0.76	26.9
Bacillus_GCA_027625975.1_spacer_19	virome_phage_804	86.364	22	3	0	6	27	16546	16567	0.94	26.9
Bacillus_GCA_027625975.1_spacer_19	virome_phage_73	90.000	20	2	0	14	33	9490	9509	0.94	26.9
Bacillus_GCA_027625975.1_spacer_19	virome_phage_67	78.571	28	6	0	6	33	17988	18015	0.94	26.9
Bacillus_GCA_027625975.1_spacer_19	virome_phage_27	80.769	26	5	0	1	26	26092	26117	0.94	26.9
Bacillus_GCA_027625975.1_spacer_19	virome_phage_825	94.444	18	1	0	3	20	14459	14442	0.94	26.9
Bacillus_GCA_027625975.1_spacer_19	virome_phage_2343	83.333	24	4	0	4	27	4850	4827	0.94	26.9
Bacillus_GCA_027625975.1_spacer_19	total_phage_926	86.364	22	3	0	6	27	20108	20087	0.94	26.9
Bacillus_GCA_027625975.1_spacer_20	virome_phage_1	95.000	20	1	0	15	34	162572	162591	0.13	30.1
Bacillus_GCA_027625975.1_spacer_21	virome_phage_749	76.471	34	8	0	2	35	33306	33339	0.13	30.1
Bacillus_GCA_027625975.1_spacer_21	virome_phage_865	74.286	35	9	0	1	35	6144	6110	0.38	28.5
Bacillus_GCA_027625975.1_spacer_21	virome_phage_734	79.310	29	6	0	7	35	11188	11160	0.38	28.5
Bacillus_GCA_027625975.1_spacer_21	total_phage_92	86.957	23	3	0	9	31	83087	83065	0.38	28.5
Bacillus_GCA_027625975.1_spacer_21	total_phage_293	84.000	25	4	0	3	27	11781	11757	0.38	28.5
Bacillus_GCA_027625975.1_spacer_21	virome_phage_817	81.481	27	5	0	7	33	59	85	0.38	28.5
Bacillus_GCA_027625975.1_spacer_21	virome_phage_817	81.481	27	5	0	7	33	38301	38327	0.38	28.5
Bacillus_GCA_027625975.1_spacer_21	virome_phage_798	84.000	25	4	0	1	25	33882	33906	0.38	28.5
Bacillus_GCA_027625975.1_spacer_21	virome_phage_776	86.957	23	3	0	13	35	21631	21653	0.38	28.5
Bacillus_GCA_027625975.1_spacer_21	virome_phage_751	77.419	31	7	0	1	31	33380	33410	0.38	28.5
Bacillus_GCA_027625975.1_spacer_21	total_phage_413	90.476	21	2	0	10	30	43003	43023	0.38	28.5
Bacillus_GCA_027625975.1_spacer_21	total_phage_113	84.000	25	4	0	1	25	27300	27324	0.38	28.5
Bacillus_GCA_027625975.1_spacer_22	virome_phage_112	100.000	18	0	0	14	31	7224	7207	0.10	30.1
Bacillus_GCA_027625975.1_spacer_22	total_phage_369	79.310	29	6	0	3	31	23794	23766	0.31	28.5
Bacillus_GCA_027625975.1_spacer_22	total_phage_307	75.758	33	8	0	1	33	11078	11110	0.31	28.5
Bacillus_GCA_027625975.1_spacer_22	virome_phage_913	86.364	22	3	0	9	30	20614	20593	0.94	26.9
Bacillus_GCA_027625975.1_spacer_22	virome_phage_2322	86.364	22	3	0	1	22	29863	29842	0.94	26.9
Bacillus_GCA_027625975.1_spacer_22	virome_phage_2254	86.364	22	3	0	12	33	21939	21918	0.94	26.9
Bacillus_GCA_027625975.1_spacer_22	virome_phage_2238	86.364	22	3	0	12	33	3455	3434	0.94	26.9
Bacillus_GCA_027625975.1_spacer_22	total_phage_524	75.000	32	8	0	3	34	15112	15081	0.94	26.9
Bacillus_GCA_027625975.1_spacer_22	total_phage_446	86.364	22	3	0	9	30	725	704	0.94	26.9
Bacillus_GCA_027625975.1_spacer_22	virome_phage_739	76.667	30	7	0	4	33	100920	100949	0.94	26.9
