Bacillus_GCA_016483285.1_spacer_0	total_phage_231	83.871	31	5	0	4	34	4951	4981	0.007	34.9
Bacillus_GCA_016483285.1_spacer_0	virome_phage_83	85.714	28	4	0	5	32	5098	5071	0.021	33.3
Bacillus_GCA_016483285.1_spacer_0	virome_phage_2310	78.788	33	7	0	3	35	11108	11076	0.063	31.7
Bacillus_GCA_016483285.1_spacer_0	virome_phage_2298	78.788	33	7	0	3	35	33155	33187	0.063	31.7
Bacillus_GCA_016483285.1_spacer_0	total_phage_92	80.645	31	6	0	4	34	21170	21200	0.063	31.7
Bacillus_GCA_016483285.1_spacer_0	virome_phage_734	80.000	30	6	0	3	32	283686	283657	0.19	30.1
Bacillus_GCA_016483285.1_spacer_0	total_phage_925	84.615	26	4	0	5	30	18237	18262	0.19	30.1
Bacillus_GCA_016483285.1_spacer_0	virome_phage_15	86.957	23	3	0	5	27	39061	39083	0.57	28.5
Bacillus_GCA_016483285.1_spacer_2	virome_phage_201	94.737	19	1	0	6	24	5785	5803	0.50	28.5
Bacillus_GCA_016483285.1_spacer_2	total_phage_930	84.000	25	4	0	11	35	14770	14794	0.50	28.5
Bacillus_GCA_016483285.1_spacer_2	total_phage_743	94.737	19	1	0	6	24	5926	5944	0.50	28.5
Bacillus_GCA_016483285.1_spacer_2	virome_phage_749	74.286	35	9	0	3	37	8338	8304	0.50	28.5
Bacillus_GCA_016483285.1_spacer_2	total_phage_98	84.000	25	4	0	11	35	17117	17093	0.50	28.5
Bacillus_GCA_016483285.1_spacer_3	total_phage_666	85.185	27	4	0	5	31	13817	13843	0.063	31.7
Bacillus_GCA_016483285.1_spacer_3	total_phage_639	85.185	27	4	0	5	31	10204	10178	0.063	31.7
Bacillus_GCA_016483285.1_spacer_3	virome_phage_2254	76.471	34	8	0	1	34	1537	1570	0.19	30.1
Bacillus_GCA_016483285.1_spacer_3	virome_phage_2254	86.957	23	3	0	1	23	111018	110996	0.57	28.5
Bacillus_GCA_016483285.1_spacer_3	virome_phage_993	90.476	21	2	0	1	21	2380	2360	0.57	28.5
Bacillus_GCA_016483285.1_spacer_3	virome_phage_850	77.419	31	7	0	5	35	21861	21891	0.57	28.5
Bacillus_GCA_016483285.1_spacer_3	virome_phage_828	77.419	31	7	0	5	35	17957	17987	0.57	28.5
Bacillus_GCA_016483285.1_spacer_3	virome_phage_764	77.419	31	7	0	5	35	17455	17485	0.57	28.5
Bacillus_GCA_016483285.1_spacer_3	virome_phage_743	81.481	27	5	0	7	33	39844	39818	0.57	28.5
Bacillus_GCA_016483285.1_spacer_3	virome_phage_7	79.310	29	6	0	10	38	94405	94433	0.57	28.5
Bacillus_GCA_016483285.1_spacer_3	virome_phage_28	86.957	23	3	0	2	24	54428	54406	0.57	28.5
Bacillus_GCA_016483285.1_spacer_3	virome_phage_2310	79.310	29	6	0	1	29	9475	9447	0.57	28.5
Bacillus_GCA_016483285.1_spacer_3	virome_phage_2298	77.419	31	7	0	5	35	18709	18739	0.57	28.5
Bacillus_GCA_016483285.1_spacer_3	virome_phage_181	90.476	21	2	0	1	21	14137	14157	0.57	28.5
Bacillus_GCA_016483285.1_spacer_3	virome_phage_10	75.758	33	8	0	5	37	58656	58688	0.57	28.5
Bacillus_GCA_016483285.1_spacer_3	total_phage_92	74.286	35	9	0	1	35	74746	74780	0.57	28.5
Bacillus_GCA_016483285.1_spacer_3	total_phage_734	79.310	29	6	0	1	29	23670	23698	0.57	28.5
Bacillus_GCA_016483285.1_spacer_3	total_phage_730	75.758	33	8	0	5	37	128072	128040	0.57	28.5
Bacillus_GCA_016483285.1_spacer_3	total_phage_500	86.957	23	3	0	1	23	15414	15436	0.57	28.5
Bacillus_GCA_016483285.1_spacer_3	total_phage_18	90.476	21	2	0	1	21	14238	14258	0.57	28.5
Bacillus_GCA_016483285.1_spacer_4	virome_phage_201	94.737	19	1	0	6	24	5785	5803	0.50	28.5
Bacillus_GCA_016483285.1_spacer_4	total_phage_930	84.000	25	4	0	11	35	14770	14794	0.50	28.5
Bacillus_GCA_016483285.1_spacer_4	total_phage_743	94.737	19	1	0	6	24	5926	5944	0.50	28.5
Bacillus_GCA_016483285.1_spacer_4	virome_phage_749	74.286	35	9	0	3	37	8338	8304	0.50	28.5
Bacillus_GCA_016483285.1_spacer_4	total_phage_98	84.000	25	4	0	11	35	17117	17093	0.50	28.5
Bacillus_GCA_016483285.1_spacer_5	total_phage_734	82.143	28	5	0	9	36	25159	25132	0.21	30.1
Bacillus_GCA_016483285.1_spacer_5	total_phage_106	76.471	34	8	0	1	34	5350	5383	0.21	30.1
Bacillus_GCA_016483285.1_spacer_5	virome_phage_59	86.957	23	3	0	17	39	40419	40397	0.63	28.5
Bacillus_GCA_016483285.1_spacer_5	total_phage_793	79.310	29	6	0	4	32	26608	26580	0.63	28.5
Bacillus_GCA_016483285.1_spacer_5	total_phage_696	90.476	21	2	0	16	36	2014	1994	0.63	28.5
Bacillus_GCA_016483285.1_spacer_5	total_phage_655	90.476	21	2	0	16	36	14449	14429	0.63	28.5
Bacillus_GCA_016483285.1_spacer_5	total_phage_296	90.476	21	2	0	19	39	1269	1249	0.63	28.5
Bacillus_GCA_016483285.1_spacer_5	virome_phage_884	79.310	29	6	0	9	37	19755	19783	0.63	28.5
Bacillus_GCA_016483285.1_spacer_5	virome_phage_2424	74.286	35	9	0	1	35	12768	12802	0.63	28.5
Bacillus_GCA_016483285.1_spacer_5	virome_phage_239	74.286	35	9	0	1	35	10844	10878	0.63	28.5
Bacillus_GCA_016483285.1_spacer_5	virome_phage_2322	77.419	31	7	0	5	35	8629	8659	0.63	28.5
Bacillus_GCA_016483285.1_spacer_5	total_phage_520	90.476	21	2	0	16	36	18499	18519	0.63	28.5
Bacillus_GCA_016483285.1_spacer_6	virome_phage_739	76.316	38	9	0	1	38	82846	82809	0.019	33.3
Bacillus_GCA_016483285.1_spacer_7	virome_phage_2285	86.957	23	3	0	1	23	22325	22303	0.44	28.5
Bacillus_GCA_016483285.1_spacer_8	virome_phage_768	84.000	25	4	0	2	26	8106	8082	0.50	28.5
Bacillus_GCA_016483285.1_spacer_8	virome_phage_738	84.000	25	4	0	13	37	69951	69927	0.50	28.5
Bacillus_GCA_016483285.1_spacer_8	virome_phage_64	90.476	21	2	0	14	34	26855	26835	0.50	28.5
Bacillus_GCA_016483285.1_spacer_8	virome_phage_2314	94.737	19	1	0	11	29	15365	15383	0.50	28.5
Bacillus_GCA_016483285.1_spacer_8	virome_phage_2306	90.476	21	2	0	14	34	16840	16820	0.50	28.5
Bacillus_GCA_016483285.1_spacer_9	virome_phage_69	90.909	22	2	0	10	31	35991	36012	0.19	30.1
Bacillus_GCA_016483285.1_spacer_9	virome_phage_2327	84.000	25	4	0	15	39	18988	18964	0.57	28.5
Bacillus_GCA_016483285.1_spacer_9	virome_phage_2286	81.481	27	5	0	9	35	13120	13094	0.57	28.5
Bacillus_GCA_016483285.1_spacer_9	virome_phage_17	86.957	23	3	0	11	33	35343	35365	0.57	28.5
Bacillus_GCA_016483285.1_spacer_10	virome_phage_1217	84.000	25	4	0	5	29	3891	3867	0.57	28.5
Bacillus_GCA_016483285.1_spacer_10	total_phage_413	84.000	25	4	0	3	27	5791	5767	0.57	28.5
Bacillus_GCA_016483285.1_spacer_11	virome_phage_758	75.000	36	9	0	11	46	28086	28051	0.69	30.1
