Bacillus_GCA_001426125.1_spacer_0	virome_phage_77	90.909	22	2	0	15	36	29489	29510	0.38	30.1
Bacillus_GCA_001426125.1_spacer_1	total_phage_231	85.185	27	4	0	6	32	51448	51422	0.056	31.7
Bacillus_GCA_001426125.1_spacer_1	virome_phage_69	94.737	19	1	0	20	38	26559	26541	0.50	28.5
Bacillus_GCA_001426125.1_spacer_1	virome_phage_2424	79.310	29	6	0	5	33	13012	13040	0.50	28.5
Bacillus_GCA_001426125.1_spacer_1	virome_phage_239	79.310	29	6	0	5	33	11088	11116	0.50	28.5
Bacillus_GCA_001426125.1_spacer_1	total_phage_92	81.481	27	5	0	6	32	72057	72031	0.50	28.5
Bacillus_GCA_001426125.1_spacer_1	total_phage_803	79.310	29	6	0	1	29	26227	26255	0.50	28.5
Bacillus_GCA_001426125.1_spacer_1	total_phage_446	94.737	19	1	0	12	30	10518	10536	0.50	28.5
Bacillus_GCA_001426125.1_spacer_1	total_phage_363	79.310	29	6	0	5	33	29641	29669	0.50	28.5
Bacillus_GCA_001426125.1_spacer_1	total_phage_362	79.310	29	6	0	5	33	2643	2671	0.50	28.5
