Bacillus_GCA_025516925.1_spacer_0	virome_phage_786	79.070	43	9	0	9	51	35019	34977	1.92e-04	41.2
Bacillus_GCA_025516925.1_spacer_0	virome_phage_786	76.316	38	9	0	8	45	34636	34599	0.047	33.3
Bacillus_GCA_025516925.1_spacer_0	virome_phage_94	70.588	51	15	0	2	52	5442	5392	0.016	34.9
Bacillus_GCA_025516925.1_spacer_0	virome_phage_94	70.588	51	15	0	2	52	5451	5401	0.016	34.9
Bacillus_GCA_025516925.1_spacer_0	virome_phage_94	70.588	51	15	0	2	52	5460	5410	0.016	34.9
Bacillus_GCA_025516925.1_spacer_0	virome_phage_94	70.588	51	15	0	2	52	5469	5419	0.016	34.9
Bacillus_GCA_025516925.1_spacer_0	virome_phage_94	70.588	51	15	0	2	52	5478	5428	0.016	34.9
Bacillus_GCA_025516925.1_spacer_0	virome_phage_94	82.143	28	5	0	2	29	5415	5388	0.42	30.1
Bacillus_GCA_025516925.1_spacer_0	virome_phage_94	68.750	48	15	0	5	52	5484	5437	0.42	30.1
Bacillus_GCA_025516925.1_spacer_0	virome_phage_906	70.588	51	15	0	2	52	19778	19728	0.016	34.9
Bacillus_GCA_025516925.1_spacer_0	virome_phage_906	70.588	51	15	0	2	52	19787	19737	0.016	34.9
Bacillus_GCA_025516925.1_spacer_0	virome_phage_906	70.588	51	15	0	2	52	19796	19746	0.016	34.9
Bacillus_GCA_025516925.1_spacer_0	virome_phage_906	70.588	51	15	0	2	52	19805	19755	0.016	34.9
Bacillus_GCA_025516925.1_spacer_0	virome_phage_906	70.588	51	15	0	2	52	19856	19806	0.016	34.9
Bacillus_GCA_025516925.1_spacer_0	virome_phage_906	70.588	51	15	0	2	52	19865	19815	0.016	34.9
Bacillus_GCA_025516925.1_spacer_0	virome_phage_906	70.588	51	15	0	2	52	21955	21905	0.016	34.9
Bacillus_GCA_025516925.1_spacer_0	virome_phage_906	70.588	51	15	0	2	52	21964	21914	0.016	34.9
Bacillus_GCA_025516925.1_spacer_0	virome_phage_906	70.588	51	15	0	2	52	21973	21923	0.016	34.9
Bacillus_GCA_025516925.1_spacer_0	virome_phage_906	68.627	51	16	0	2	52	19874	19824	0.14	31.7
Bacillus_GCA_025516925.1_spacer_0	virome_phage_1	70.000	50	15	0	1	50	220907	220956	0.047	33.3
Bacillus_GCA_025516925.1_spacer_0	virome_phage_1	68.000	50	16	0	1	50	217868	217917	0.42	30.1
Bacillus_GCA_025516925.1_spacer_0	virome_phage_2368	70.833	48	14	0	2	49	1100	1053	0.047	33.3
Bacillus_GCA_025516925.1_spacer_0	virome_phage_780	68.627	51	16	0	2	52	31618	31668	0.14	31.7
Bacillus_GCA_025516925.1_spacer_0	virome_phage_780	68.627	51	16	0	2	52	31627	31677	0.14	31.7
Bacillus_GCA_025516925.1_spacer_0	virome_phage_780	68.627	51	16	0	2	52	36000	36050	0.14	31.7
Bacillus_GCA_025516925.1_spacer_0	virome_phage_145	73.171	41	11	0	1	41	17541	17581	0.14	31.7
Bacillus_GCA_025516925.1_spacer_1	virome_phage_824	81.633	49	9	0	1	49	11824	11776	2.63e-07	50.7
Bacillus_GCA_025516925.1_spacer_1	virome_phage_824	71.429	49	14	0	1	49	11860	11812	0.016	34.9
Bacillus_GCA_025516925.1_spacer_1	virome_phage_2368	79.592	49	10	0	1	49	3393	3345	2.37e-06	47.5
Bacillus_GCA_025516925.1_spacer_1	virome_phage_2368	83.871	31	5	0	20	50	1118	1088	0.016	34.9
Bacillus_GCA_025516925.1_spacer_1	virome_phage_2368	74.419	43	11	0	8	50	1442	1400	0.016	34.9
Bacillus_GCA_025516925.1_spacer_1	virome_phage_2368	76.923	39	9	0	11	49	3314	3276	0.016	34.9
Bacillus_GCA_025516925.1_spacer_1	virome_phage_2368	70.833	48	14	0	2	49	2675	2628	0.047	33.3
Bacillus_GCA_025516925.1_spacer_1	virome_phage_145	79.592	49	10	0	1	49	17559	17607	2.37e-06	47.5
Bacillus_GCA_025516925.1_spacer_1	virome_phage_145	79.487	39	8	0	11	49	17638	17676	0.002	38.0
Bacillus_GCA_025516925.1_spacer_1	virome_phage_145	74.359	39	10	0	2	40	18277	18315	0.14	31.7
Bacillus_GCA_025516925.1_spacer_1	virome_phage_145	75.676	37	9	0	8	44	19510	19546	0.14	31.7
Bacillus_GCA_025516925.1_spacer_1	virome_phage_145	68.750	48	15	0	1	48	17523	17570	0.42	30.1
Bacillus_GCA_025516925.1_spacer_1	virome_phage_145	72.500	40	11	0	10	49	20049	20088	0.42	30.1
Bacillus_GCA_025516925.1_spacer_1	virome_phage_14	80.556	36	7	0	16	51	31498	31463	0.005	36.5
Bacillus_GCA_025516925.1_spacer_1	virome_phage_5	75.610	41	10	0	1	41	28428	28388	0.016	34.9
Bacillus_GCA_025516925.1_spacer_1	virome_phage_5	69.388	49	15	0	2	50	28778	28730	0.14	31.7
Bacillus_GCA_025516925.1_spacer_1	virome_phage_1	71.429	49	14	0	2	50	219873	219921	0.016	34.9
Bacillus_GCA_025516925.1_spacer_1	virome_phage_1	72.500	40	11	0	10	49	217058	217097	0.42	30.1
Bacillus_GCA_025516925.1_spacer_1	virome_phage_1	78.125	32	7	0	13	44	220541	220572	0.42	30.1
Bacillus_GCA_025516925.1_spacer_1	virome_phage_2282	78.788	33	7	0	2	34	37785	37817	0.14	31.7
Bacillus_GCA_025516925.1_spacer_1	virome_phage_11	90.909	22	2	0	16	37	99963	99942	0.42	30.1
Bacillus_GCA_025516925.1_spacer_2	virome_phage_824	80.488	41	8	0	1	41	11833	11793	1.15e-04	41.2
Bacillus_GCA_025516925.1_spacer_2	virome_phage_824	72.093	43	12	0	1	43	11788	11746	0.084	31.7
Bacillus_GCA_025516925.1_spacer_2	virome_phage_824	69.767	43	13	0	1	43	11824	11782	0.76	28.5
Bacillus_GCA_025516925.1_spacer_2	virome_phage_5	73.810	42	11	0	1	42	29001	28960	0.028	33.3
Bacillus_GCA_025516925.1_spacer_2	virome_phage_5	74.359	39	10	0	1	39	28473	28435	0.084	31.7
Bacillus_GCA_025516925.1_spacer_2	virome_phage_52	77.143	35	8	0	8	42	44096	44062	0.084	31.7
Bacillus_GCA_025516925.1_spacer_2	virome_phage_52	76.471	34	8	0	7	40	44070	44037	0.25	30.1
Bacillus_GCA_025516925.1_spacer_2	virome_phage_865	87.500	24	3	0	5	28	26313	26336	0.25	30.1
Bacillus_GCA_025516925.1_spacer_2	virome_phage_803	80.000	30	6	0	1	30	35267	35296	0.25	30.1
Bacillus_GCA_025516925.1_spacer_2	virome_phage_2269	78.125	32	7	0	2	33	246906	246937	0.25	30.1
Bacillus_GCA_025516925.1_spacer_2	virome_phage_2269	77.419	31	7	0	1	31	245405	245435	0.76	28.5
Bacillus_GCA_025516925.1_spacer_2	virome_phage_2269	86.957	23	3	0	19	41	247607	247629	0.76	28.5
Bacillus_GCA_025516925.1_spacer_2	virome_phage_58	70.732	41	12	0	1	41	254	294	0.76	28.5
Bacillus_GCA_025516925.1_spacer_2	virome_phage_2368	77.419	31	7	0	2	32	3401	3371	0.76	28.5
Bacillus_GCA_025516925.1_spacer_2	virome_phage_2368	71.795	39	11	0	1	39	3501	3463	0.76	28.5
Bacillus_GCA_025516925.1_spacer_2	virome_phage_2345	77.419	31	7	0	11	41	2332	2302	0.76	28.5
Bacillus_GCA_025516925.1_spacer_2	virome_phage_2282	75.758	33	8	0	2	34	37785	37817	0.76	28.5
Bacillus_GCA_025516925.1_spacer_2	virome_phage_2270	90.476	21	2	0	2	22	100303	100323	0.76	28.5
Bacillus_GCA_025516925.1_spacer_2	virome_phage_152	77.419	31	7	0	10	40	6589	6559	0.76	28.5
Bacillus_GCA_025516925.1_spacer_2	virome_phage_145	71.795	39	11	0	1	39	17451	17489	0.76	28.5
Bacillus_GCA_025516925.1_spacer_2	virome_phage_145	77.419	31	7	0	1	31	20031	20061	0.76	28.5
Bacillus_GCA_025516925.1_spacer_2	virome_phage_14	77.419	31	7	0	9	39	31478	31448	0.76	28.5
Bacillus_GCA_025516925.1_spacer_3	virome_phage_52	77.500	40	9	0	1	40	44094	44055	0.003	36.5
Bacillus_GCA_025516925.1_spacer_3	virome_phage_2368	74.359	39	10	0	2	40	3392	3354	0.084	31.7
Bacillus_GCA_025516925.1_spacer_3	virome_phage_2368	76.471	34	8	0	8	41	1442	1409	0.25	30.1
Bacillus_GCA_025516925.1_spacer_3	virome_phage_145	74.359	39	10	0	2	40	17560	17598	0.084	31.7
Bacillus_GCA_025516925.1_spacer_3	virome_phage_145	76.471	34	8	0	8	41	19510	19543	0.25	30.1
Bacillus_GCA_025516925.1_spacer_3	virome_phage_1	74.359	39	10	0	1	39	220925	220963	0.084	31.7
Bacillus_GCA_025516925.1_spacer_3	virome_phage_1	75.000	36	9	0	8	43	220626	220661	0.25	30.1
Bacillus_GCA_025516925.1_spacer_3	virome_phage_2411	71.429	42	12	0	1	42	6021	6062	0.25	30.1
Bacillus_GCA_025516925.1_spacer_3	virome_phage_176	71.429	42	12	0	1	42	5922	5963	0.25	30.1
Bacillus_GCA_025516925.1_spacer_3	virome_phage_824	86.957	23	3	0	18	40	11798	11776	0.76	28.5
Bacillus_GCA_025516925.1_spacer_3	virome_phage_824	86.957	23	3	0	18	40	11834	11812	0.76	28.5
Bacillus_GCA_025516925.1_spacer_3	virome_phage_5	90.476	21	2	0	1	21	28176	28156	0.76	28.5
Bacillus_GCA_025516925.1_spacer_3	total_phage_232	81.481	27	5	0	10	36	46818	46792	0.76	28.5
Bacillus_GCA_025516925.1_spacer_3	virome_phage_803	75.758	33	8	0	1	33	35276	35308	0.76	28.5
Bacillus_GCA_025516925.1_spacer_3	virome_phage_2342	79.310	29	6	0	2	30	19627	19655	0.76	28.5
Bacillus_GCA_025516925.1_spacer_4	virome_phage_824	75.610	41	10	0	1	41	11833	11793	0.009	34.9
Bacillus_GCA_025516925.1_spacer_4	virome_phage_824	69.767	43	13	0	1	43	11788	11746	0.76	28.5
Bacillus_GCA_025516925.1_spacer_4	virome_phage_824	69.767	43	13	0	1	43	11824	11782	0.76	28.5
Bacillus_GCA_025516925.1_spacer_4	virome_phage_52	77.143	35	8	0	8	42	44096	44062	0.084	31.7
Bacillus_GCA_025516925.1_spacer_4	virome_phage_2342	82.759	29	5	0	11	39	19627	19655	0.084	31.7
Bacillus_GCA_025516925.1_spacer_4	virome_phage_2342	86.957	23	3	0	17	39	19615	19637	0.76	28.5
Bacillus_GCA_025516925.1_spacer_4	virome_phage_2342	77.419	31	7	0	1	31	20923	20953	0.76	28.5
Bacillus_GCA_025516925.1_spacer_4	virome_phage_145	80.645	31	6	0	2	32	17551	17581	0.084	31.7
Bacillus_GCA_025516925.1_spacer_4	virome_phage_145	73.684	38	10	0	2	39	18277	18314	0.25	30.1
Bacillus_GCA_025516925.1_spacer_4	virome_phage_145	71.795	39	11	0	1	39	17451	17489	0.76	28.5
Bacillus_GCA_025516925.1_spacer_4	virome_phage_2368	73.684	38	10	0	2	39	2675	2638	0.25	30.1
Bacillus_GCA_025516925.1_spacer_4	virome_phage_2368	90.909	22	2	0	11	32	3392	3371	0.25	30.1
Bacillus_GCA_025516925.1_spacer_4	virome_phage_2368	71.795	39	11	0	1	39	3501	3463	0.76	28.5
Bacillus_GCA_025516925.1_spacer_4	total_phage_934	87.500	24	3	0	1	24	21942	21919	0.25	30.1
Bacillus_GCA_025516925.1_spacer_4	virome_phage_58	70.732	41	12	0	1	41	254	294	0.76	28.5
Bacillus_GCA_025516925.1_spacer_4	virome_phage_5	79.310	29	6	0	2	30	28184	28156	0.76	28.5
Bacillus_GCA_025516925.1_spacer_4	virome_phage_2269	81.481	27	5	0	5	31	165681	165707	0.76	28.5
Bacillus_GCA_025516925.1_spacer_4	virome_phage_1	74.286	35	9	0	1	35	220916	220950	0.76	28.5
Bacillus_GCA_025516925.1_spacer_5	virome_phage_824	75.000	52	13	0	1	52	11833	11782	6.40e-05	42.8
Bacillus_GCA_025516925.1_spacer_5	virome_phage_824	74.359	39	10	0	1	39	11788	11750	0.14	31.7
Bacillus_GCA_025516925.1_spacer_5	virome_phage_145	74.510	51	13	0	2	52	17551	17601	1.92e-04	41.2
Bacillus_GCA_025516925.1_spacer_5	virome_phage_145	77.500	40	9	0	1	40	19494	19533	0.005	36.5
Bacillus_GCA_025516925.1_spacer_5	virome_phage_145	72.340	47	13	0	4	50	17622	17668	0.016	34.9
Bacillus_GCA_025516925.1_spacer_5	virome_phage_145	75.000	40	10	0	1	40	19458	19497	0.047	33.3
Bacillus_GCA_025516925.1_spacer_5	virome_phage_145	74.359	39	10	0	11	49	18277	18315	0.14	31.7
Bacillus_GCA_025516925.1_spacer_5	virome_phage_145	68.000	50	16	0	1	50	20031	20080	0.42	30.1
Bacillus_GCA_025516925.1_spacer_5	virome_phage_2368	78.571	42	9	0	11	52	3392	3351	5.76e-04	39.6
Bacillus_GCA_025516925.1_spacer_5	virome_phage_2368	77.500	40	9	0	1	40	1458	1419	0.005	36.5
Bacillus_GCA_025516925.1_spacer_5	virome_phage_2368	72.340	47	13	0	4	50	3330	3284	0.016	34.9
Bacillus_GCA_025516925.1_spacer_5	virome_phage_2368	75.000	40	10	0	1	40	1494	1455	0.047	33.3
Bacillus_GCA_025516925.1_spacer_5	virome_phage_2368	74.359	39	10	0	11	49	2675	2637	0.14	31.7
Bacillus_GCA_025516925.1_spacer_5	virome_phage_803	75.000	40	10	0	1	40	35267	35306	0.047	33.3
Bacillus_GCA_025516925.1_spacer_5	virome_phage_1	69.388	49	15	0	2	50	221403	221451	0.14	31.7
Bacillus_GCA_025516925.1_spacer_5	virome_phage_1	72.500	40	11	0	11	50	219873	219912	0.42	30.1
Bacillus_GCA_025516925.1_spacer_5	virome_phage_748	73.684	38	10	0	4	41	54758	54795	0.42	30.1
Bacillus_GCA_025516925.1_spacer_5	virome_phage_864	76.471	34	8	0	9	42	4385	4352	0.42	30.1
Bacillus_GCA_025516925.1_spacer_5	virome_phage_786	95.000	20	1	0	2	21	35017	34998	0.42	30.1
Bacillus_GCA_025516925.1_spacer_5	virome_phage_14	82.143	28	5	0	25	52	31498	31471	0.42	30.1
Bacillus_GCA_025516925.1_spacer_5	virome_phage_11	90.909	22	2	0	25	46	99963	99942	0.42	30.1
