Bacillus_GCA_001182785.1_spacer_0	virome_phage_824	72.549	51	14	0	14	64	11826	11776	0.003	38.0
Bacillus_GCA_001182785.1_spacer_0	virome_phage_824	68.750	48	15	0	17	64	11859	11812	0.65	30.1
Bacillus_GCA_001182785.1_spacer_0	virome_phage_2402	71.154	52	15	0	3	54	6260	6209	0.008	36.5
Bacillus_GCA_001182785.1_spacer_0	virome_phage_2382	73.913	46	12	0	3	48	6992	6947	0.008	36.5
Bacillus_GCA_001182785.1_spacer_0	virome_phage_2368	69.643	56	17	0	8	63	1502	1447	0.008	36.5
Bacillus_GCA_001182785.1_spacer_0	virome_phage_2368	69.811	53	16	0	3	55	1105	1053	0.024	34.9
Bacillus_GCA_001182785.1_spacer_0	virome_phage_2368	66.667	57	19	0	8	64	1457	1401	0.22	31.7
Bacillus_GCA_001182785.1_spacer_0	virome_phage_2368	70.455	44	13	0	5	48	932	889	0.65	30.1
Bacillus_GCA_001182785.1_spacer_0	virome_phage_2368	84.615	26	4	0	39	64	1114	1089	0.65	30.1
Bacillus_GCA_001182785.1_spacer_0	virome_phage_145	69.643	56	17	0	8	63	19450	19505	0.008	36.5
Bacillus_GCA_001182785.1_spacer_0	virome_phage_145	67.308	52	17	0	8	59	19495	19546	0.65	30.1
Bacillus_GCA_001182785.1_spacer_0	virome_phage_1	77.500	40	9	0	17	56	221403	221442	0.008	36.5
Bacillus_GCA_001182785.1_spacer_0	virome_phage_5	70.588	51	15	0	8	58	28499	28449	0.024	34.9
Bacillus_GCA_001182785.1_spacer_0	virome_phage_5	75.000	40	10	0	17	56	28427	28388	0.072	33.3
Bacillus_GCA_001182785.1_spacer_0	virome_phage_5	76.316	38	9	0	8	45	29966	29929	0.072	33.3
Bacillus_GCA_001182785.1_spacer_0	virome_phage_5	75.676	37	9	0	14	50	132959	132995	0.22	31.7
Bacillus_GCA_001182785.1_spacer_0	virome_phage_52	79.412	34	7	0	4	37	44106	44073	0.072	33.3
Bacillus_GCA_001182785.1_spacer_0	virome_phage_155	68.519	54	17	0	4	57	6244	6191	0.072	33.3
Bacillus_GCA_001182785.1_spacer_0	virome_phage_786	69.388	49	15	0	15	63	35019	34971	0.22	31.7
Bacillus_GCA_001182785.1_spacer_0	virome_phage_2282	78.788	33	7	0	17	49	37785	37817	0.22	31.7
Bacillus_GCA_001182785.1_spacer_0	virome_phage_739	73.684	38	10	0	22	59	71731	71694	0.65	30.1
Bacillus_GCA_001182785.1_spacer_0	virome_phage_152	71.429	42	12	0	4	45	6835	6794	0.65	30.1
Bacillus_GCA_001182785.1_spacer_1	virome_phage_824	70.690	58	17	0	7	64	11833	11776	8.93e-04	39.6
Bacillus_GCA_001182785.1_spacer_1	virome_phage_824	68.750	48	15	0	17	64	11859	11812	0.65	30.1
Bacillus_GCA_001182785.1_spacer_1	virome_phage_1	73.077	52	14	0	5	56	221391	221442	8.93e-04	39.6
Bacillus_GCA_001182785.1_spacer_1	virome_phage_2368	70.175	57	17	0	7	63	1503	1447	0.003	38.0
Bacillus_GCA_001182785.1_spacer_1	virome_phage_2368	84.615	26	4	0	39	64	1114	1089	0.65	30.1
Bacillus_GCA_001182785.1_spacer_1	virome_phage_145	70.175	57	17	0	7	63	19449	19505	0.003	38.0
Bacillus_GCA_001182785.1_spacer_1	virome_phage_5	71.154	52	15	0	7	58	28500	28449	0.008	36.5
Bacillus_GCA_001182785.1_spacer_1	virome_phage_5	75.000	40	10	0	17	56	28427	28388	0.072	33.3
Bacillus_GCA_001182785.1_spacer_1	virome_phage_5	75.676	37	9	0	14	50	132959	132995	0.22	31.7
Bacillus_GCA_001182785.1_spacer_1	virome_phage_2402	71.154	52	15	0	3	54	6260	6209	0.008	36.5
Bacillus_GCA_001182785.1_spacer_1	virome_phage_2382	71.739	46	13	0	3	48	6992	6947	0.072	33.3
Bacillus_GCA_001182785.1_spacer_1	virome_phage_2282	78.788	33	7	0	17	49	37785	37817	0.22	31.7
Bacillus_GCA_001182785.1_spacer_1	virome_phage_155	73.171	41	11	0	17	57	6231	6191	0.22	31.7
Bacillus_GCA_001182785.1_spacer_1	virome_phage_152	72.093	43	12	0	3	45	6512	6470	0.22	31.7
Bacillus_GCA_001182785.1_spacer_1	virome_phage_739	73.684	38	10	0	22	59	71731	71694	0.65	30.1
Bacillus_GCA_001182785.1_spacer_1	virome_phage_52	87.500	24	3	0	14	37	44096	44073	0.65	30.1
Bacillus_GCA_001182785.1_spacer_1	virome_phage_2389	67.308	52	17	0	3	54	6633	6582	0.65	30.1
Bacillus_GCA_001182785.1_spacer_2	virome_phage_824	71.212	66	19	0	7	72	11842	11777	1.42e-05	46.0
Bacillus_GCA_001182785.1_spacer_2	virome_phage_824	70.370	54	16	0	3	56	11792	11739	0.010	36.5
Bacillus_GCA_001182785.1_spacer_2	virome_phage_824	62.857	70	26	0	3	72	11882	11813	0.84	30.1
Bacillus_GCA_001182785.1_spacer_2	virome_phage_5	79.487	39	8	0	8	46	29966	29928	0.003	38.0
Bacillus_GCA_001182785.1_spacer_2	virome_phage_5	74.419	43	11	0	25	67	28689	28647	0.031	34.9
Bacillus_GCA_001182785.1_spacer_2	virome_phage_5	75.000	40	10	0	26	65	28427	28388	0.093	33.3
Bacillus_GCA_001182785.1_spacer_2	virome_phage_5	67.857	56	18	0	12	67	28504	28449	0.093	33.3
Bacillus_GCA_001182785.1_spacer_2	virome_phage_2389	67.213	61	20	0	3	63	6642	6582	0.031	34.9
Bacillus_GCA_001182785.1_spacer_2	virome_phage_52	67.857	56	18	0	17	72	44237	44182	0.093	33.3
Bacillus_GCA_001182785.1_spacer_2	virome_phage_2411	83.333	30	5	0	7	36	6039	6068	0.093	33.3
Bacillus_GCA_001182785.1_spacer_2	virome_phage_2411	66.071	56	19	0	16	71	5820	5875	0.84	30.1
Bacillus_GCA_001182785.1_spacer_2	virome_phage_2342	81.250	32	6	0	14	45	19597	19628	0.093	33.3
Bacillus_GCA_001182785.1_spacer_2	virome_phage_176	83.333	30	5	0	7	36	5940	5969	0.093	33.3
Bacillus_GCA_001182785.1_spacer_2	virome_phage_176	66.071	56	19	0	16	71	5721	5776	0.84	30.1
Bacillus_GCA_001182785.1_spacer_2	virome_phage_155	70.833	48	14	0	26	73	5700	5653	0.093	33.3
Bacillus_GCA_001182785.1_spacer_2	virome_phage_152	76.316	38	9	0	26	63	6687	6650	0.093	33.3
Bacillus_GCA_001182785.1_spacer_2	virome_phage_152	74.359	39	10	0	25	63	6553	6515	0.28	31.7
Bacillus_GCA_001182785.1_spacer_2	virome_phage_803	74.359	39	10	0	17	55	35268	35306	0.28	31.7
Bacillus_GCA_001182785.1_spacer_2	virome_phage_2382	73.171	41	11	0	23	63	6918	6878	0.28	31.7
Bacillus_GCA_001182785.1_spacer_2	virome_phage_786	78.125	32	7	0	5	36	34645	34614	0.84	30.1
Bacillus_GCA_001182785.1_spacer_2	virome_phage_2402	65.000	60	21	0	7	66	5377	5318	0.84	30.1
Bacillus_GCA_001182785.1_spacer_2	virome_phage_2368	68.750	48	15	0	8	55	1502	1455	0.84	30.1
Bacillus_GCA_001182785.1_spacer_2	virome_phage_145	68.750	48	15	0	8	55	19450	19497	0.84	30.1
Bacillus_GCA_001182785.1_spacer_3	virome_phage_824	80.769	52	10	0	3	54	11828	11777	1.01e-07	52.3
Bacillus_GCA_001182785.1_spacer_3	virome_phage_2368	77.083	48	11	0	3	50	3397	3350	7.36e-05	42.8
Bacillus_GCA_001182785.1_spacer_3	virome_phage_2368	75.676	37	9	0	14	50	1442	1406	0.16	31.7
Bacillus_GCA_001182785.1_spacer_3	virome_phage_2368	74.359	39	10	0	8	46	2675	2637	0.16	31.7
Bacillus_GCA_001182785.1_spacer_3	virome_phage_145	77.083	48	11	0	3	50	17555	17602	7.36e-05	42.8
Bacillus_GCA_001182785.1_spacer_3	virome_phage_145	73.810	42	11	0	14	55	19510	19551	0.054	33.3
Bacillus_GCA_001182785.1_spacer_3	virome_phage_145	74.359	39	10	0	8	46	18277	18315	0.16	31.7
Bacillus_GCA_001182785.1_spacer_3	virome_phage_1	72.917	48	13	0	7	54	219872	219919	0.006	36.5
Bacillus_GCA_001182785.1_spacer_3	virome_phage_52	79.412	34	7	0	3	36	44098	44065	0.054	33.3
Bacillus_GCA_001182785.1_spacer_3	virome_phage_5	95.455	22	1	0	7	28	28176	28155	0.054	33.3
Bacillus_GCA_001182785.1_spacer_3	virome_phage_803	80.645	31	6	0	7	37	35276	35306	0.16	31.7
Bacillus_GCA_001182785.1_spacer_3	virome_phage_2282	77.143	35	8	0	3	37	37834	37868	0.16	31.7
Bacillus_GCA_001182785.1_spacer_3	virome_phage_2282	76.471	34	8	0	7	40	37784	37817	0.48	30.1
Bacillus_GCA_001182785.1_spacer_3	virome_phage_864	80.000	30	6	0	25	54	4156	4127	0.48	30.1
Bacillus_GCA_001182785.1_spacer_4	virome_phage_145	75.410	61	15	0	3	63	17546	17606	5.27e-07	50.7
Bacillus_GCA_001182785.1_spacer_4	virome_phage_145	72.414	58	16	0	8	65	19495	19552	1.28e-04	42.8
Bacillus_GCA_001182785.1_spacer_4	virome_phage_145	72.222	54	15	0	10	63	17622	17675	0.001	39.6
Bacillus_GCA_001182785.1_spacer_4	virome_phage_145	69.643	56	17	0	8	63	19459	19514	0.010	36.5
Bacillus_GCA_001182785.1_spacer_4	virome_phage_145	69.643	56	17	0	8	63	20032	20087	0.010	36.5
Bacillus_GCA_001182785.1_spacer_4	virome_phage_145	67.213	61	20	0	8	68	17479	17539	0.031	34.9
Bacillus_GCA_001182785.1_spacer_4	virome_phage_145	68.421	57	18	0	8	64	19450	19506	0.031	34.9
Bacillus_GCA_001182785.1_spacer_4	virome_phage_145	75.000	40	10	0	16	55	18276	18315	0.093	33.3
Bacillus_GCA_001182785.1_spacer_4	virome_phage_824	80.000	50	10	0	14	63	11826	11777	1.58e-06	49.1
Bacillus_GCA_001182785.1_spacer_4	virome_phage_824	76.744	43	10	0	3	45	11792	11750	0.003	38.0
Bacillus_GCA_001182785.1_spacer_4	virome_phage_824	78.125	32	7	0	32	63	11844	11813	0.84	30.1
Bacillus_GCA_001182785.1_spacer_4	virome_phage_2368	73.770	61	16	0	3	63	3406	3346	4.74e-06	47.5
Bacillus_GCA_001182785.1_spacer_4	virome_phage_2368	73.077	52	14	0	8	59	1457	1406	0.001	39.6
Bacillus_GCA_001182785.1_spacer_4	virome_phage_2368	69.643	56	17	0	8	63	1493	1438	0.010	36.5
Bacillus_GCA_001182785.1_spacer_4	virome_phage_2368	70.370	54	16	0	10	63	3330	3277	0.010	36.5
Bacillus_GCA_001182785.1_spacer_4	virome_phage_2368	68.421	57	18	0	8	64	1502	1446	0.031	34.9
Bacillus_GCA_001182785.1_spacer_4	virome_phage_2368	75.000	40	10	0	16	55	2676	2637	0.093	33.3
Bacillus_GCA_001182785.1_spacer_4	virome_phage_2368	65.574	61	21	0	8	68	2675	2615	0.28	31.7
Bacillus_GCA_001182785.1_spacer_4	virome_phage_2368	65.574	61	21	0	8	68	3473	3413	0.28	31.7
Bacillus_GCA_001182785.1_spacer_4	virome_phage_94	67.692	65	21	0	8	72	5460	5396	0.003	38.0
Bacillus_GCA_001182785.1_spacer_4	virome_phage_94	67.692	65	21	0	8	72	5469	5405	0.003	38.0
Bacillus_GCA_001182785.1_spacer_4	virome_phage_94	67.692	65	21	0	8	72	5478	5414	0.003	38.0
Bacillus_GCA_001182785.1_spacer_4	virome_phage_94	68.333	60	19	0	8	67	5451	5392	0.010	36.5
Bacillus_GCA_001182785.1_spacer_4	virome_phage_94	65.217	69	24	0	4	72	5491	5423	0.031	34.9
Bacillus_GCA_001182785.1_spacer_4	virome_phage_94	66.667	60	20	0	8	67	5442	5383	0.093	33.3
Bacillus_GCA_001182785.1_spacer_4	virome_phage_94	65.000	60	21	0	8	67	5433	5374	0.84	30.1
Bacillus_GCA_001182785.1_spacer_4	virome_phage_906	68.254	63	20	0	8	70	19787	19725	0.003	38.0
Bacillus_GCA_001182785.1_spacer_4	virome_phage_906	67.692	65	21	0	8	72	19796	19732	0.003	38.0
Bacillus_GCA_001182785.1_spacer_4	virome_phage_906	67.692	65	21	0	8	72	19805	19741	0.003	38.0
Bacillus_GCA_001182785.1_spacer_4	virome_phage_906	67.692	65	21	0	8	72	21973	21909	0.003	38.0
Bacillus_GCA_001182785.1_spacer_4	virome_phage_906	68.333	60	19	0	8	67	19865	19806	0.010	36.5
Bacillus_GCA_001182785.1_spacer_4	virome_phage_906	68.333	60	19	0	8	67	21964	21905	0.010	36.5
Bacillus_GCA_001182785.1_spacer_4	virome_phage_906	65.079	63	22	0	10	72	19812	19750	0.28	31.7
Bacillus_GCA_001182785.1_spacer_4	virome_phage_906	65.079	63	22	0	10	72	21980	21918	0.28	31.7
Bacillus_GCA_001182785.1_spacer_4	virome_phage_906	65.000	60	21	0	8	67	19856	19797	0.84	30.1
Bacillus_GCA_001182785.1_spacer_4	virome_phage_2411	69.643	56	17	0	17	72	6013	6068	0.010	36.5
Bacillus_GCA_001182785.1_spacer_4	virome_phage_2411	67.857	56	18	0	8	63	6013	6068	0.093	33.3
Bacillus_GCA_001182785.1_spacer_4	virome_phage_176	69.643	56	17	0	17	72	5914	5969	0.010	36.5
Bacillus_GCA_001182785.1_spacer_4	virome_phage_176	67.857	56	18	0	8	63	5914	5969	0.093	33.3
Bacillus_GCA_001182785.1_spacer_4	virome_phage_865	79.412	34	7	0	1	34	26303	26336	0.093	33.3
Bacillus_GCA_001182785.1_spacer_4	virome_phage_5	72.727	44	12	0	26	69	28418	28375	0.093	33.3
Bacillus_GCA_001182785.1_spacer_4	virome_phage_5	80.000	30	6	0	7	36	29121	29092	0.84	30.1
Bacillus_GCA_001182785.1_spacer_4	virome_phage_14	77.778	36	8	0	31	66	31498	31463	0.093	33.3
Bacillus_GCA_001182785.1_spacer_4	virome_phage_1	70.000	50	15	0	7	56	221402	221451	0.093	33.3
Bacillus_GCA_001182785.1_spacer_4	virome_phage_1	70.213	47	14	0	17	63	219873	219919	0.28	31.7
Bacillus_GCA_001182785.1_spacer_4	virome_phage_1	71.111	45	13	0	28	72	220541	220585	0.28	31.7
Bacillus_GCA_001182785.1_spacer_4	virome_phage_1	65.079	63	22	0	1	63	220946	221008	0.28	31.7
Bacillus_GCA_001182785.1_spacer_4	virome_phage_1	71.429	42	12	0	5	46	217875	217916	0.84	30.1
Bacillus_GCA_001182785.1_spacer_4	virome_phage_803	74.359	39	10	0	8	46	35268	35306	0.28	31.7
Bacillus_GCA_001182785.1_spacer_4	virome_phage_2282	64.179	67	24	0	7	73	37784	37850	0.28	31.7
Bacillus_GCA_001182785.1_spacer_4	virome_phage_52	71.429	42	12	0	4	45	44106	44065	0.84	30.1
Bacillus_GCA_001182785.1_spacer_4	virome_phage_52	63.636	66	24	0	1	66	44379	44314	0.84	30.1
Bacillus_GCA_001182785.1_spacer_4	virome_phage_52	78.125	32	7	0	15	46	44455	44424	0.84	30.1
Bacillus_GCA_001182785.1_spacer_4	virome_phage_27	73.684	38	10	0	11	48	49479	49516	0.84	30.1
Bacillus_GCA_001182785.1_spacer_4	virome_phage_11	90.909	22	2	0	31	52	99963	99942	0.84	30.1
Bacillus_GCA_001182785.1_spacer_4	total_phage_232	76.471	34	8	0	15	48	23004	22971	0.84	30.1
Bacillus_GCA_001182785.1_spacer_4	total_phage_112	73.684	38	10	0	11	48	47889	47852	0.84	30.1
Bacillus_GCA_001182785.1_spacer_5	virome_phage_824	74.510	51	13	0	14	64	11826	11776	2.98e-04	41.2
Bacillus_GCA_001182785.1_spacer_5	virome_phage_824	70.833	48	14	0	17	64	11859	11812	0.072	33.3
Bacillus_GCA_001182785.1_spacer_5	virome_phage_5	77.500	40	9	0	17	56	28427	28388	0.008	36.5
Bacillus_GCA_001182785.1_spacer_5	virome_phage_5	68.627	51	16	0	8	58	28499	28449	0.22	31.7
Bacillus_GCA_001182785.1_spacer_5	virome_phage_5	72.093	43	12	0	16	58	28689	28647	0.22	31.7
Bacillus_GCA_001182785.1_spacer_5	virome_phage_2402	71.154	52	15	0	3	54	6260	6209	0.008	36.5
Bacillus_GCA_001182785.1_spacer_5	virome_phage_2402	82.759	29	5	0	17	45	5736	5708	0.22	31.7
Bacillus_GCA_001182785.1_spacer_5	virome_phage_2382	75.610	41	10	0	14	54	6918	6878	0.024	34.9
Bacillus_GCA_001182785.1_spacer_5	virome_phage_786	67.241	58	19	0	6	63	35046	34989	0.072	33.3
Bacillus_GCA_001182785.1_spacer_5	virome_phage_786	77.143	35	8	0	3	37	34842	34808	0.22	31.7
Bacillus_GCA_001182785.1_spacer_5	virome_phage_786	70.213	47	14	0	17	63	35017	34971	0.22	31.7
Bacillus_GCA_001182785.1_spacer_5	virome_phage_2411	69.231	52	16	0	8	59	5821	5872	0.072	33.3
Bacillus_GCA_001182785.1_spacer_5	virome_phage_2389	69.231	52	16	0	3	54	6633	6582	0.072	33.3
Bacillus_GCA_001182785.1_spacer_5	virome_phage_2389	68.750	48	15	0	7	54	6503	6456	0.65	30.1
Bacillus_GCA_001182785.1_spacer_5	virome_phage_2368	83.333	30	5	0	35	64	1118	1089	0.072	33.3
Bacillus_GCA_001182785.1_spacer_5	virome_phage_2368	70.455	44	13	0	5	48	932	889	0.65	30.1
Bacillus_GCA_001182785.1_spacer_5	virome_phage_2368	66.071	56	19	0	8	63	1502	1447	0.65	30.1
Bacillus_GCA_001182785.1_spacer_5	virome_phage_176	69.231	52	16	0	8	59	5722	5773	0.072	33.3
Bacillus_GCA_001182785.1_spacer_5	virome_phage_52	78.788	33	7	0	4	36	44106	44074	0.22	31.7
Bacillus_GCA_001182785.1_spacer_5	virome_phage_52	73.684	38	10	0	8	45	44237	44200	0.65	30.1
Bacillus_GCA_001182785.1_spacer_5	virome_phage_145	67.273	55	18	0	10	64	17622	17676	0.22	31.7
Bacillus_GCA_001182785.1_spacer_5	virome_phage_145	66.071	56	19	0	8	63	19450	19505	0.65	30.1
Bacillus_GCA_001182785.1_spacer_5	virome_phage_155	73.684	38	10	0	17	54	6294	6257	0.65	30.1
Bacillus_GCA_001182785.1_spacer_5	virome_phage_152	73.684	38	10	0	17	54	6687	6650	0.65	30.1
Bacillus_GCA_001182785.1_spacer_5	virome_phage_1	72.500	40	11	0	17	56	221403	221442	0.65	30.1
Bacillus_GCA_001182785.1_spacer_6	virome_phage_824	72.222	54	15	0	3	56	11792	11739	8.93e-04	39.6
Bacillus_GCA_001182785.1_spacer_6	virome_phage_824	67.241	58	19	0	7	64	11842	11785	0.072	33.3
Bacillus_GCA_001182785.1_spacer_6	virome_phage_2382	68.852	61	19	0	3	63	7001	6941	0.003	38.0
Bacillus_GCA_001182785.1_spacer_6	virome_phage_1	73.469	49	13	0	8	56	221385	221433	0.003	38.0
Bacillus_GCA_001182785.1_spacer_6	virome_phage_1	67.308	52	17	0	3	54	219904	219955	0.65	30.1
Bacillus_GCA_001182785.1_spacer_6	virome_phage_58	71.154	52	15	0	12	63	241	292	0.008	36.5
Bacillus_GCA_001182785.1_spacer_6	virome_phage_52	76.923	39	9	0	8	46	44111	44073	0.024	34.9
Bacillus_GCA_001182785.1_spacer_6	virome_phage_52	70.455	44	13	0	12	55	44467	44424	0.65	30.1
Bacillus_GCA_001182785.1_spacer_6	virome_phage_5	76.923	39	9	0	7	45	28176	28138	0.024	34.9
Bacillus_GCA_001182785.1_spacer_6	virome_phage_5	72.727	44	12	0	16	59	132952	132995	0.072	33.3
Bacillus_GCA_001182785.1_spacer_6	virome_phage_5	76.471	34	8	0	16	49	29976	29943	0.65	30.1
Bacillus_GCA_001182785.1_spacer_6	virome_phage_2282	81.818	33	6	0	26	58	37785	37817	0.024	34.9
Bacillus_GCA_001182785.1_spacer_6	virome_phage_2368	70.833	48	14	0	17	64	1502	1455	0.072	33.3
Bacillus_GCA_001182785.1_spacer_6	virome_phage_2368	72.093	43	12	0	3	45	1105	1063	0.22	31.7
Bacillus_GCA_001182785.1_spacer_6	virome_phage_2368	66.667	57	19	0	8	64	1466	1410	0.22	31.7
Bacillus_GCA_001182785.1_spacer_6	virome_phage_145	70.833	48	14	0	17	64	19450	19497	0.072	33.3
Bacillus_GCA_001182785.1_spacer_6	virome_phage_145	69.388	49	15	0	8	56	17542	17590	0.22	31.7
Bacillus_GCA_001182785.1_spacer_6	virome_phage_145	66.667	57	19	0	8	64	19486	19542	0.22	31.7
Bacillus_GCA_001182785.1_spacer_6	virome_phage_94	82.759	29	5	0	8	36	5424	5396	0.22	31.7
Bacillus_GCA_001182785.1_spacer_6	virome_phage_94	82.759	29	5	0	8	36	5433	5405	0.22	31.7
Bacillus_GCA_001182785.1_spacer_6	virome_phage_94	82.759	29	5	0	8	36	5442	5414	0.22	31.7
Bacillus_GCA_001182785.1_spacer_6	virome_phage_94	82.759	29	5	0	8	36	5451	5423	0.22	31.7
Bacillus_GCA_001182785.1_spacer_6	virome_phage_94	82.759	29	5	0	8	36	5460	5432	0.22	31.7
Bacillus_GCA_001182785.1_spacer_6	virome_phage_94	82.759	29	5	0	8	36	5469	5441	0.22	31.7
Bacillus_GCA_001182785.1_spacer_6	virome_phage_94	82.759	29	5	0	8	36	5478	5450	0.22	31.7
Bacillus_GCA_001182785.1_spacer_6	virome_phage_94	82.143	28	5	0	8	35	5415	5388	0.65	30.1
Bacillus_GCA_001182785.1_spacer_6	virome_phage_906	82.759	29	5	0	8	36	19760	19732	0.22	31.7
Bacillus_GCA_001182785.1_spacer_6	virome_phage_906	82.759	29	5	0	8	36	19769	19741	0.22	31.7
Bacillus_GCA_001182785.1_spacer_6	virome_phage_906	82.759	29	5	0	8	36	19778	19750	0.22	31.7
Bacillus_GCA_001182785.1_spacer_6	virome_phage_906	82.759	29	5	0	8	36	19787	19759	0.22	31.7
Bacillus_GCA_001182785.1_spacer_6	virome_phage_906	82.759	29	5	0	8	36	19796	19768	0.22	31.7
Bacillus_GCA_001182785.1_spacer_6	virome_phage_906	82.759	29	5	0	8	36	19805	19777	0.22	31.7
Bacillus_GCA_001182785.1_spacer_6	virome_phage_906	82.759	29	5	0	8	36	19838	19810	0.22	31.7
Bacillus_GCA_001182785.1_spacer_6	virome_phage_906	82.759	29	5	0	8	36	19847	19819	0.22	31.7
Bacillus_GCA_001182785.1_spacer_6	virome_phage_906	82.759	29	5	0	8	36	19856	19828	0.22	31.7
Bacillus_GCA_001182785.1_spacer_6	virome_phage_906	82.759	29	5	0	8	36	19865	19837	0.22	31.7
Bacillus_GCA_001182785.1_spacer_6	virome_phage_906	82.759	29	5	0	8	36	21937	21909	0.22	31.7
Bacillus_GCA_001182785.1_spacer_6	virome_phage_906	82.759	29	5	0	8	36	21946	21918	0.22	31.7
Bacillus_GCA_001182785.1_spacer_6	virome_phage_906	82.759	29	5	0	8	36	21955	21927	0.22	31.7
Bacillus_GCA_001182785.1_spacer_6	virome_phage_906	82.759	29	5	0	8	36	21964	21936	0.22	31.7
Bacillus_GCA_001182785.1_spacer_6	virome_phage_906	82.759	29	5	0	8	36	21973	21945	0.22	31.7
Bacillus_GCA_001182785.1_spacer_6	virome_phage_786	82.759	29	5	0	8	36	35017	34989	0.22	31.7
Bacillus_GCA_001182785.1_spacer_6	virome_phage_786	75.000	36	9	0	4	39	34985	34950	0.65	30.1
Bacillus_GCA_001182785.1_spacer_6	virome_phage_786	69.565	46	14	0	4	49	35003	34958	0.65	30.1
Bacillus_GCA_001182785.1_spacer_6	virome_phage_43	87.500	24	3	0	26	49	9514	9491	0.65	30.1
Bacillus_GCA_001182785.1_spacer_6	virome_phage_2342	76.471	34	8	0	1	34	14908	14941	0.65	30.1
Bacillus_GCA_001182785.1_spacer_6	virome_phage_155	73.684	38	10	0	26	63	6231	6194	0.65	30.1
Bacillus_GCA_001182785.1_spacer_7	virome_phage_824	73.585	53	14	0	3	55	11828	11776	2.21e-04	41.2
Bacillus_GCA_001182785.1_spacer_7	virome_phage_824	79.412	34	7	0	3	36	11792	11759	0.054	33.3
Bacillus_GCA_001182785.1_spacer_7	virome_phage_786	76.596	47	11	0	8	54	35017	34971	2.21e-04	41.2
Bacillus_GCA_001182785.1_spacer_7	virome_phage_52	73.077	52	14	0	4	55	44106	44055	6.62e-04	39.6
Bacillus_GCA_001182785.1_spacer_7	virome_phage_52	76.471	34	8	0	15	48	44455	44422	0.48	30.1
Bacillus_GCA_001182785.1_spacer_7	virome_phage_2368	80.000	40	8	0	16	55	1128	1089	6.62e-04	39.6
Bacillus_GCA_001182785.1_spacer_7	virome_phage_2368	69.811	53	16	0	3	55	3406	3354	0.018	34.9
Bacillus_GCA_001182785.1_spacer_7	virome_phage_2368	70.833	48	14	0	8	55	1457	1410	0.054	33.3
Bacillus_GCA_001182785.1_spacer_7	virome_phage_2368	70.213	47	14	0	8	54	1493	1447	0.16	31.7
Bacillus_GCA_001182785.1_spacer_7	virome_phage_2368	69.388	49	15	0	7	55	3510	3462	0.16	31.7
Bacillus_GCA_001182785.1_spacer_7	virome_phage_2368	68.750	48	15	0	8	55	2675	2628	0.48	30.1
Bacillus_GCA_001182785.1_spacer_7	virome_phage_145	71.698	53	15	0	3	55	17546	17598	0.002	38.0
Bacillus_GCA_001182785.1_spacer_7	virome_phage_145	70.833	48	14	0	8	55	19495	19542	0.054	33.3
Bacillus_GCA_001182785.1_spacer_7	virome_phage_145	69.388	49	15	0	7	55	17442	17490	0.16	31.7
Bacillus_GCA_001182785.1_spacer_7	virome_phage_145	70.213	47	14	0	8	54	19459	19505	0.16	31.7
Bacillus_GCA_001182785.1_spacer_7	virome_phage_94	70.833	48	14	0	8	55	5442	5395	0.054	33.3
Bacillus_GCA_001182785.1_spacer_7	virome_phage_94	70.833	48	14	0	8	55	5451	5404	0.054	33.3
Bacillus_GCA_001182785.1_spacer_7	virome_phage_94	70.833	48	14	0	8	55	5460	5413	0.054	33.3
Bacillus_GCA_001182785.1_spacer_7	virome_phage_94	70.833	48	14	0	8	55	5469	5422	0.054	33.3
Bacillus_GCA_001182785.1_spacer_7	virome_phage_94	70.833	48	14	0	8	55	5478	5431	0.054	33.3
Bacillus_GCA_001182785.1_spacer_7	virome_phage_94	69.565	46	14	0	8	53	5433	5388	0.48	30.1
Bacillus_GCA_001182785.1_spacer_7	virome_phage_94	67.308	52	17	0	4	55	5491	5440	0.48	30.1
Bacillus_GCA_001182785.1_spacer_7	virome_phage_906	70.833	48	14	0	8	55	19778	19731	0.054	33.3
Bacillus_GCA_001182785.1_spacer_7	virome_phage_906	70.833	48	14	0	8	55	19787	19740	0.054	33.3
Bacillus_GCA_001182785.1_spacer_7	virome_phage_906	70.833	48	14	0	8	55	19796	19749	0.054	33.3
Bacillus_GCA_001182785.1_spacer_7	virome_phage_906	70.833	48	14	0	8	55	19805	19758	0.054	33.3
Bacillus_GCA_001182785.1_spacer_7	virome_phage_906	70.833	48	14	0	8	55	19856	19809	0.054	33.3
Bacillus_GCA_001182785.1_spacer_7	virome_phage_906	70.833	48	14	0	8	55	19865	19818	0.054	33.3
Bacillus_GCA_001182785.1_spacer_7	virome_phage_906	70.833	48	14	0	8	55	21955	21908	0.054	33.3
Bacillus_GCA_001182785.1_spacer_7	virome_phage_906	70.833	48	14	0	8	55	21964	21917	0.054	33.3
Bacillus_GCA_001182785.1_spacer_7	virome_phage_906	70.833	48	14	0	8	55	21973	21926	0.054	33.3
Bacillus_GCA_001182785.1_spacer_7	virome_phage_865	79.412	34	7	0	1	34	26303	26336	0.054	33.3
Bacillus_GCA_001182785.1_spacer_7	virome_phage_5	73.171	41	11	0	8	48	29000	28960	0.16	31.7
Bacillus_GCA_001182785.1_spacer_7	virome_phage_5	80.000	30	6	0	7	36	29121	29092	0.48	30.1
Bacillus_GCA_001182785.1_spacer_7	virome_phage_2342	82.759	29	5	0	17	45	19627	19655	0.16	31.7
Bacillus_GCA_001182785.1_spacer_7	virome_phage_1	73.171	41	11	0	7	47	220565	220605	0.16	31.7
Bacillus_GCA_001182785.1_spacer_7	virome_phage_1	70.213	47	14	0	8	54	220917	220963	0.16	31.7
Bacillus_GCA_001182785.1_spacer_7	virome_phage_1	70.213	47	14	0	1	47	220946	220992	0.16	31.7
Bacillus_GCA_001182785.1_spacer_7	virome_phage_14	72.500	40	11	0	15	54	31478	31439	0.48	30.1
Bacillus_GCA_001182785.1_spacer_8	virome_phage_824	83.019	53	9	0	3	55	11828	11776	3.74e-09	57.1
Bacillus_GCA_001182785.1_spacer_8	virome_phage_2368	77.358	53	12	0	3	55	3397	3345	2.73e-06	47.5
Bacillus_GCA_001182785.1_spacer_8	virome_phage_2368	83.333	30	5	0	26	55	1118	1089	0.054	33.3
Bacillus_GCA_001182785.1_spacer_8	virome_phage_2368	74.359	39	10	0	17	55	3314	3276	0.16	31.7
Bacillus_GCA_001182785.1_spacer_8	virome_phage_2368	71.429	42	12	0	14	55	1442	1401	0.48	30.1
Bacillus_GCA_001182785.1_spacer_8	virome_phage_145	77.358	53	12	0	3	55	17555	17607	2.73e-06	47.5
Bacillus_GCA_001182785.1_spacer_8	virome_phage_145	76.923	39	9	0	17	55	17638	17676	0.018	34.9
Bacillus_GCA_001182785.1_spacer_8	virome_phage_145	68.627	51	16	0	5	55	20038	20088	0.16	31.7
Bacillus_GCA_001182785.1_spacer_8	virome_phage_145	68.750	48	15	0	7	54	17523	17570	0.48	30.1
Bacillus_GCA_001182785.1_spacer_8	virome_phage_5	70.833	48	14	0	8	55	28175	28128	0.054	33.3
Bacillus_GCA_001182785.1_spacer_8	virome_phage_5	68.750	48	15	0	8	55	28778	28731	0.48	30.1
Bacillus_GCA_001182785.1_spacer_8	virome_phage_11	95.455	22	1	0	22	43	99963	99942	0.054	33.3
Bacillus_GCA_001182785.1_spacer_8	virome_phage_1	70.833	48	14	0	8	55	219873	219920	0.054	33.3
Bacillus_GCA_001182785.1_spacer_9	virome_phage_824	84.906	53	8	0	3	55	11828	11776	4.15e-10	60.2
Bacillus_GCA_001182785.1_spacer_9	virome_phage_824	78.788	33	7	0	23	55	11844	11812	0.16	31.7
Bacillus_GCA_001182785.1_spacer_9	virome_phage_2368	81.132	53	10	0	3	55	3397	3345	3.36e-08	53.9
Bacillus_GCA_001182785.1_spacer_9	virome_phage_2368	72.917	48	13	0	8	55	2675	2628	0.006	36.5
Bacillus_GCA_001182785.1_spacer_9	virome_phage_2368	76.923	39	9	0	17	55	3314	3276	0.018	34.9
Bacillus_GCA_001182785.1_spacer_9	virome_phage_2368	83.333	30	5	0	26	55	1118	1089	0.054	33.3
Bacillus_GCA_001182785.1_spacer_9	virome_phage_2368	73.810	42	11	0	14	55	1442	1401	0.054	33.3
Bacillus_GCA_001182785.1_spacer_9	virome_phage_145	81.132	53	10	0	3	55	17555	17607	3.36e-08	53.9
Bacillus_GCA_001182785.1_spacer_9	virome_phage_145	79.487	39	8	0	17	55	17638	17676	0.002	38.0
Bacillus_GCA_001182785.1_spacer_9	virome_phage_145	76.923	39	9	0	8	46	18277	18315	0.018	34.9
Bacillus_GCA_001182785.1_spacer_9	virome_phage_145	70.588	51	15	0	5	55	20038	20088	0.018	34.9
Bacillus_GCA_001182785.1_spacer_9	virome_phage_145	70.833	48	14	0	7	54	17523	17570	0.054	33.3
Bacillus_GCA_001182785.1_spacer_9	virome_phage_145	75.676	37	9	0	14	50	19510	19546	0.16	31.7
Bacillus_GCA_001182785.1_spacer_9	virome_phage_1	72.917	48	13	0	8	55	219873	219920	0.006	36.5
Bacillus_GCA_001182785.1_spacer_9	virome_phage_1	67.925	53	17	0	3	55	220957	221009	0.16	31.7
Bacillus_GCA_001182785.1_spacer_9	virome_phage_1	72.500	40	11	0	16	55	217058	217097	0.48	30.1
Bacillus_GCA_001182785.1_spacer_9	virome_phage_1	78.125	32	7	0	19	50	220541	220572	0.48	30.1
Bacillus_GCA_001182785.1_spacer_9	virome_phage_14	79.412	34	7	0	22	55	31498	31465	0.054	33.3
Bacillus_GCA_001182785.1_spacer_9	virome_phage_5	73.171	41	11	0	7	47	28428	28388	0.16	31.7
Bacillus_GCA_001182785.1_spacer_9	virome_phage_5	95.000	20	1	0	8	27	28175	28156	0.48	30.1
Bacillus_GCA_001182785.1_spacer_9	virome_phage_5	68.750	48	15	0	8	55	28778	28731	0.48	30.1
Bacillus_GCA_001182785.1_spacer_9	virome_phage_52	76.471	34	8	0	3	36	44098	44065	0.48	30.1
Bacillus_GCA_001182785.1_spacer_9	virome_phage_2342	67.308	52	17	0	3	54	19550	19601	0.48	30.1
Bacillus_GCA_001182785.1_spacer_9	virome_phage_11	90.909	22	2	0	22	43	99963	99942	0.48	30.1
Bacillus_GCA_001182785.1_spacer_10	virome_phage_145	75.410	61	15	0	3	63	17546	17606	4.08e-07	50.7
Bacillus_GCA_001182785.1_spacer_10	virome_phage_145	71.930	57	16	0	8	64	19495	19551	2.98e-04	41.2
Bacillus_GCA_001182785.1_spacer_10	virome_phage_145	72.222	54	15	0	10	63	17622	17675	8.93e-04	39.6
Bacillus_GCA_001182785.1_spacer_10	virome_phage_145	69.643	56	17	0	8	63	19459	19514	0.008	36.5
Bacillus_GCA_001182785.1_spacer_10	virome_phage_145	69.643	56	17	0	8	63	20032	20087	0.008	36.5
Bacillus_GCA_001182785.1_spacer_10	virome_phage_145	68.421	57	18	0	8	64	19450	19506	0.024	34.9
Bacillus_GCA_001182785.1_spacer_10	virome_phage_145	75.000	40	10	0	16	55	18276	18315	0.072	33.3
Bacillus_GCA_001182785.1_spacer_10	virome_phage_145	66.667	57	19	0	8	64	17479	17535	0.22	31.7
Bacillus_GCA_001182785.1_spacer_10	virome_phage_824	80.000	50	10	0	14	63	11826	11777	1.22e-06	49.1
Bacillus_GCA_001182785.1_spacer_10	virome_phage_824	76.744	43	10	0	3	45	11792	11750	0.003	38.0
Bacillus_GCA_001182785.1_spacer_10	virome_phage_824	78.125	32	7	0	32	63	11844	11813	0.65	30.1
Bacillus_GCA_001182785.1_spacer_10	virome_phage_2368	73.770	61	16	0	3	63	3406	3346	3.67e-06	47.5
Bacillus_GCA_001182785.1_spacer_10	virome_phage_2368	73.077	52	14	0	8	59	1457	1406	8.93e-04	39.6
Bacillus_GCA_001182785.1_spacer_10	virome_phage_2368	69.643	56	17	0	8	63	1493	1438	0.008	36.5
Bacillus_GCA_001182785.1_spacer_10	virome_phage_2368	70.370	54	16	0	10	63	3330	3277	0.008	36.5
Bacillus_GCA_001182785.1_spacer_10	virome_phage_2368	68.421	57	18	0	8	64	1502	1446	0.024	34.9
Bacillus_GCA_001182785.1_spacer_10	virome_phage_2368	75.000	40	10	0	16	55	2676	2637	0.072	33.3
Bacillus_GCA_001182785.1_spacer_10	virome_phage_2368	68.750	48	15	0	8	55	2675	2628	0.65	30.1
Bacillus_GCA_001182785.1_spacer_10	virome_phage_2368	72.500	40	11	0	8	47	3473	3434	0.65	30.1
Bacillus_GCA_001182785.1_spacer_10	virome_phage_94	67.857	56	18	0	8	63	5451	5396	0.072	33.3
Bacillus_GCA_001182785.1_spacer_10	virome_phage_94	67.857	56	18	0	8	63	5460	5405	0.072	33.3
Bacillus_GCA_001182785.1_spacer_10	virome_phage_94	67.857	56	18	0	8	63	5469	5414	0.072	33.3
Bacillus_GCA_001182785.1_spacer_10	virome_phage_94	67.857	56	18	0	8	63	5478	5423	0.072	33.3
Bacillus_GCA_001182785.1_spacer_10	virome_phage_94	67.273	55	18	0	8	62	5442	5388	0.22	31.7
Bacillus_GCA_001182785.1_spacer_10	virome_phage_94	65.000	60	21	0	4	63	5491	5432	0.65	30.1
Bacillus_GCA_001182785.1_spacer_10	virome_phage_906	67.857	56	18	0	8	63	19787	19732	0.072	33.3
Bacillus_GCA_001182785.1_spacer_10	virome_phage_906	67.857	56	18	0	8	63	19796	19741	0.072	33.3
Bacillus_GCA_001182785.1_spacer_10	virome_phage_906	67.857	56	18	0	8	63	19805	19750	0.072	33.3
Bacillus_GCA_001182785.1_spacer_10	virome_phage_906	67.857	56	18	0	8	63	19865	19810	0.072	33.3
Bacillus_GCA_001182785.1_spacer_10	virome_phage_906	67.857	56	18	0	8	63	21964	21909	0.072	33.3
Bacillus_GCA_001182785.1_spacer_10	virome_phage_906	67.857	56	18	0	8	63	21973	21918	0.072	33.3
Bacillus_GCA_001182785.1_spacer_10	virome_phage_865	79.412	34	7	0	1	34	26303	26336	0.072	33.3
Bacillus_GCA_001182785.1_spacer_10	virome_phage_2411	67.857	56	18	0	8	63	6013	6068	0.072	33.3
Bacillus_GCA_001182785.1_spacer_10	virome_phage_176	67.857	56	18	0	8	63	5914	5969	0.072	33.3
Bacillus_GCA_001182785.1_spacer_10	virome_phage_1	70.000	50	15	0	7	56	221402	221451	0.072	33.3
Bacillus_GCA_001182785.1_spacer_10	virome_phage_1	70.213	47	14	0	17	63	219873	219919	0.22	31.7
Bacillus_GCA_001182785.1_spacer_10	virome_phage_1	65.079	63	22	0	1	63	220946	221008	0.22	31.7
Bacillus_GCA_001182785.1_spacer_10	virome_phage_1	71.429	42	12	0	5	46	217875	217916	0.65	30.1
Bacillus_GCA_001182785.1_spacer_10	virome_phage_1	78.125	32	7	0	28	59	220541	220572	0.65	30.1
Bacillus_GCA_001182785.1_spacer_10	virome_phage_803	74.359	39	10	0	8	46	35268	35306	0.22	31.7
Bacillus_GCA_001182785.1_spacer_10	virome_phage_14	78.788	33	7	0	31	63	31498	31466	0.22	31.7
Bacillus_GCA_001182785.1_spacer_10	virome_phage_52	71.429	42	12	0	4	45	44106	44065	0.65	30.1
Bacillus_GCA_001182785.1_spacer_10	virome_phage_52	78.125	32	7	0	15	46	44455	44424	0.65	30.1
Bacillus_GCA_001182785.1_spacer_10	virome_phage_5	80.000	30	6	0	7	36	29121	29092	0.65	30.1
Bacillus_GCA_001182785.1_spacer_10	virome_phage_27	73.684	38	10	0	11	48	49479	49516	0.65	30.1
Bacillus_GCA_001182785.1_spacer_10	virome_phage_11	90.909	22	2	0	31	52	99963	99942	0.65	30.1
Bacillus_GCA_001182785.1_spacer_10	total_phage_232	76.471	34	8	0	15	48	23004	22971	0.65	30.1
Bacillus_GCA_001182785.1_spacer_10	total_phage_112	73.684	38	10	0	11	48	47889	47852	0.65	30.1
Bacillus_GCA_001182785.1_spacer_11	virome_phage_824	76.000	50	12	0	14	63	11826	11777	9.92e-05	42.8
Bacillus_GCA_001182785.1_spacer_11	virome_phage_824	72.093	43	12	0	3	45	11792	11750	0.22	31.7
Bacillus_GCA_001182785.1_spacer_11	virome_phage_824	66.667	54	18	0	3	56	11891	11838	0.65	30.1
Bacillus_GCA_001182785.1_spacer_11	virome_phage_145	70.175	57	17	0	8	64	19495	19551	0.003	38.0
Bacillus_GCA_001182785.1_spacer_11	virome_phage_145	66.667	57	19	0	8	64	19450	19506	0.22	31.7
Bacillus_GCA_001182785.1_spacer_11	virome_phage_145	66.071	56	19	0	8	63	19459	19514	0.65	30.1
Bacillus_GCA_001182785.1_spacer_11	virome_phage_2368	71.154	52	15	0	8	59	1457	1406	0.008	36.5
Bacillus_GCA_001182785.1_spacer_11	virome_phage_2368	66.667	57	19	0	8	64	1502	1446	0.22	31.7
Bacillus_GCA_001182785.1_spacer_11	virome_phage_2368	66.071	56	19	0	8	63	1493	1438	0.65	30.1
Bacillus_GCA_001182785.1_spacer_11	virome_phage_152	76.923	39	9	0	16	54	6688	6650	0.024	34.9
Bacillus_GCA_001182785.1_spacer_11	virome_phage_152	73.684	38	10	0	17	54	6552	6515	0.65	30.1
Bacillus_GCA_001182785.1_spacer_11	virome_phage_52	76.316	38	9	0	8	45	44237	44200	0.072	33.3
Bacillus_GCA_001182785.1_spacer_11	virome_phage_52	71.429	42	12	0	4	45	44106	44065	0.65	30.1
Bacillus_GCA_001182785.1_spacer_11	virome_phage_5	75.000	40	10	0	17	56	28427	28388	0.072	33.3
Bacillus_GCA_001182785.1_spacer_11	virome_phage_5	77.778	36	8	0	23	58	28682	28647	0.072	33.3
Bacillus_GCA_001182785.1_spacer_11	virome_phage_5	68.627	51	16	0	8	58	28499	28449	0.22	31.7
Bacillus_GCA_001182785.1_spacer_11	virome_phage_155	70.833	48	14	0	17	64	5700	5653	0.072	33.3
Bacillus_GCA_001182785.1_spacer_11	virome_phage_786	69.388	49	15	0	15	63	35019	34971	0.22	31.7
Bacillus_GCA_001182785.1_spacer_11	virome_phage_2282	72.093	43	12	0	4	46	37826	37868	0.22	31.7
Bacillus_GCA_001182785.1_spacer_11	virome_phage_1	68.000	50	16	0	7	56	221402	221451	0.65	30.1
Bacillus_GCA_001182785.1_spacer_12	virome_phage_824	71.667	60	17	0	14	73	11826	11767	1.28e-04	42.8
Bacillus_GCA_001182785.1_spacer_12	virome_phage_824	72.093	43	12	0	3	45	11792	11750	0.28	31.7
Bacillus_GCA_001182785.1_spacer_12	virome_phage_824	63.380	71	26	0	3	73	11891	11821	0.28	31.7
Bacillus_GCA_001182785.1_spacer_12	virome_phage_145	68.182	66	21	0	8	73	19495	19560	0.001	39.6
Bacillus_GCA_001182785.1_spacer_12	virome_phage_145	74.468	47	12	0	26	72	17524	17570	0.003	38.0
Bacillus_GCA_001182785.1_spacer_12	virome_phage_145	64.615	65	23	0	8	72	19450	19514	0.28	31.7
Bacillus_GCA_001182785.1_spacer_12	virome_phage_52	67.692	65	21	0	8	72	44237	44173	0.003	38.0
Bacillus_GCA_001182785.1_spacer_12	virome_phage_52	65.079	63	22	0	1	63	44379	44317	0.28	31.7
Bacillus_GCA_001182785.1_spacer_12	virome_phage_52	71.429	42	12	0	4	45	44106	44065	0.84	30.1
Bacillus_GCA_001182785.1_spacer_12	virome_phage_5	71.698	53	15	0	17	69	28427	28375	0.003	38.0
Bacillus_GCA_001182785.1_spacer_12	virome_phage_5	77.778	36	8	0	23	58	28682	28647	0.093	33.3
Bacillus_GCA_001182785.1_spacer_12	virome_phage_5	68.627	51	16	0	8	58	28499	28449	0.28	31.7
Bacillus_GCA_001182785.1_spacer_12	virome_phage_2368	71.154	52	15	0	8	59	1457	1406	0.010	36.5
Bacillus_GCA_001182785.1_spacer_12	virome_phage_2368	72.340	47	13	0	26	72	3428	3382	0.031	34.9
Bacillus_GCA_001182785.1_spacer_12	virome_phage_2368	64.615	65	23	0	8	72	1502	1438	0.28	31.7
Bacillus_GCA_001182785.1_spacer_12	virome_phage_152	76.923	39	9	0	16	54	6688	6650	0.031	34.9
Bacillus_GCA_001182785.1_spacer_12	virome_phage_152	73.684	38	10	0	17	54	6552	6515	0.84	30.1
Bacillus_GCA_001182785.1_spacer_12	virome_phage_2282	66.129	62	21	0	4	65	37826	37887	0.093	33.3
Bacillus_GCA_001182785.1_spacer_12	virome_phage_155	70.833	48	14	0	17	64	5700	5653	0.093	33.3
Bacillus_GCA_001182785.1_spacer_12	virome_phage_1	68.000	50	16	0	7	56	221402	221451	0.84	30.1
Bacillus_GCA_001182785.1_spacer_13	virome_phage_824	75.410	61	15	0	3	63	11828	11768	5.27e-07	50.7
Bacillus_GCA_001182785.1_spacer_13	virome_phage_2368	73.585	53	14	0	3	55	3397	3345	3.84e-04	41.2
Bacillus_GCA_001182785.1_spacer_13	virome_phage_2368	76.923	39	9	0	17	55	3314	3276	0.031	34.9
Bacillus_GCA_001182785.1_spacer_13	virome_phage_2368	72.340	47	13	0	17	63	3428	3382	0.031	34.9
Bacillus_GCA_001182785.1_spacer_13	virome_phage_2368	65.517	58	20	0	15	72	1192	1135	0.84	30.1
Bacillus_GCA_001182785.1_spacer_13	virome_phage_2368	68.000	50	16	0	14	63	1442	1393	0.84	30.1
Bacillus_GCA_001182785.1_spacer_13	virome_phage_2368	66.071	56	19	0	8	63	2666	2611	0.84	30.1
Bacillus_GCA_001182785.1_spacer_13	virome_phage_145	73.585	53	14	0	3	55	17555	17607	3.84e-04	41.2
Bacillus_GCA_001182785.1_spacer_13	virome_phage_145	74.468	47	12	0	17	63	17524	17570	0.003	38.0
Bacillus_GCA_001182785.1_spacer_13	virome_phage_145	76.923	39	9	0	17	55	17638	17676	0.031	34.9
Bacillus_GCA_001182785.1_spacer_13	virome_phage_145	71.429	42	12	0	15	56	19760	19801	0.84	30.1
Bacillus_GCA_001182785.1_spacer_13	virome_phage_155	65.714	70	24	0	3	72	5948	5879	0.010	36.5
Bacillus_GCA_001182785.1_spacer_13	virome_phage_155	66.129	62	21	0	3	64	5705	5644	0.093	33.3
Bacillus_GCA_001182785.1_spacer_13	virome_phage_11	95.455	22	1	0	22	43	99963	99942	0.093	33.3
Bacillus_GCA_001182785.1_spacer_13	virome_phage_925	91.304	23	2	0	42	64	1436	1414	0.28	31.7
Bacillus_GCA_001182785.1_spacer_13	virome_phage_5	69.388	49	15	0	12	60	28423	28375	0.28	31.7
Bacillus_GCA_001182785.1_spacer_13	virome_phage_5	72.093	43	12	0	14	56	28484	28442	0.28	31.7
Bacillus_GCA_001182785.1_spacer_13	virome_phage_5	71.429	42	12	0	8	49	28688	28647	0.84	30.1
Bacillus_GCA_001182785.1_spacer_13	virome_phage_14	68.627	51	16	0	22	72	31498	31448	0.28	31.7
Bacillus_GCA_001182785.1_spacer_13	virome_phage_1	71.111	45	13	0	19	63	220541	220585	0.28	31.7
Bacillus_GCA_001182785.1_spacer_13	virome_phage_1	66.667	54	18	0	17	70	221421	221474	0.84	30.1
Bacillus_GCA_001182785.1_spacer_13	virome_phage_786	80.000	30	6	0	44	73	35017	34988	0.84	30.1
Bacillus_GCA_001182785.1_spacer_13	virome_phage_52	76.471	34	8	0	3	36	44098	44065	0.84	30.1
Bacillus_GCA_001182785.1_spacer_13	virome_phage_2411	63.636	66	24	0	8	73	5995	6060	0.84	30.1
Bacillus_GCA_001182785.1_spacer_13	virome_phage_2342	90.909	22	2	0	8	29	19627	19648	0.84	30.1
Bacillus_GCA_001182785.1_spacer_13	virome_phage_2282	68.000	50	16	0	17	66	37803	37852	0.84	30.1
Bacillus_GCA_001182785.1_spacer_13	virome_phage_176	63.636	66	24	0	8	73	5896	5961	0.84	30.1
Bacillus_GCA_001182785.1_spacer_14	virome_phage_5	84.375	32	5	0	23	54	29132	29101	0.006	36.5
Bacillus_GCA_001182785.1_spacer_14	virome_phage_5	73.171	41	11	0	7	47	28473	28433	0.16	31.7
Bacillus_GCA_001182785.1_spacer_14	virome_phage_2368	77.500	40	9	0	7	46	1458	1419	0.006	36.5
Bacillus_GCA_001182785.1_spacer_14	virome_phage_2368	80.645	31	6	0	17	47	3392	3362	0.16	31.7
Bacillus_GCA_001182785.1_spacer_14	virome_phage_145	77.500	40	9	0	7	46	19494	19533	0.006	36.5
Bacillus_GCA_001182785.1_spacer_14	virome_phage_145	73.333	45	12	0	3	47	17546	17590	0.018	34.9
Bacillus_GCA_001182785.1_spacer_14	virome_phage_824	71.429	49	14	0	7	55	11833	11785	0.018	34.9
Bacillus_GCA_001182785.1_spacer_14	virome_phage_824	72.093	43	12	0	3	45	11792	11750	0.16	31.7
Bacillus_GCA_001182785.1_spacer_14	virome_phage_52	74.419	43	11	0	13	55	44070	44028	0.018	34.9
Bacillus_GCA_001182785.1_spacer_14	virome_phage_52	91.304	23	2	0	14	36	44096	44074	0.16	31.7
Bacillus_GCA_001182785.1_spacer_14	virome_phage_2402	74.419	43	11	0	3	45	5210	5168	0.018	34.9
Bacillus_GCA_001182785.1_spacer_14	virome_phage_155	76.923	39	9	0	16	54	5620	5582	0.018	34.9
Bacillus_GCA_001182785.1_spacer_14	virome_phage_1	68.519	54	17	0	1	54	220946	220999	0.054	33.3
Bacillus_GCA_001182785.1_spacer_14	virome_phage_2382	73.171	41	11	0	14	54	6918	6878	0.16	31.7
Bacillus_GCA_001182785.1_spacer_14	virome_phage_762	76.471	34	8	0	13	46	22269	22236	0.48	30.1
Bacillus_GCA_001182785.1_spacer_14	virome_phage_2389	67.308	52	17	0	3	54	6633	6582	0.48	30.1
Bacillus_GCA_001182785.1_spacer_15	virome_phage_824	72.414	58	16	0	7	64	11842	11785	9.92e-05	42.8
Bacillus_GCA_001182785.1_spacer_15	virome_phage_824	70.370	54	16	0	3	56	11792	11739	0.008	36.5
Bacillus_GCA_001182785.1_spacer_15	virome_phage_5	73.077	52	14	0	12	63	29152	29101	8.93e-04	39.6
Bacillus_GCA_001182785.1_spacer_15	virome_phage_5	76.923	39	9	0	8	46	29966	29928	0.024	34.9
Bacillus_GCA_001182785.1_spacer_15	virome_phage_5	74.359	39	10	0	7	45	28176	28138	0.22	31.7
Bacillus_GCA_001182785.1_spacer_15	virome_phage_2368	73.469	49	13	0	8	56	3410	3362	0.003	38.0
Bacillus_GCA_001182785.1_spacer_15	virome_phage_2368	68.750	48	15	0	8	55	1502	1455	0.65	30.1
Bacillus_GCA_001182785.1_spacer_15	virome_phage_786	74.419	43	11	0	4	46	35003	34961	0.024	34.9
Bacillus_GCA_001182785.1_spacer_15	virome_phage_786	84.615	26	4	0	5	30	34645	34620	0.65	30.1
Bacillus_GCA_001182785.1_spacer_15	virome_phage_786	76.471	34	8	0	3	36	34842	34809	0.65	30.1
Bacillus_GCA_001182785.1_spacer_15	virome_phage_145	83.871	31	5	0	26	56	17560	17590	0.024	34.9
Bacillus_GCA_001182785.1_spacer_15	virome_phage_145	68.750	48	15	0	8	55	19450	19497	0.65	30.1
Bacillus_GCA_001182785.1_spacer_15	virome_phage_780	65.574	61	21	0	3	63	21555	21615	0.22	31.7
Bacillus_GCA_001182785.1_spacer_15	virome_phage_780	76.471	34	8	0	3	36	35995	36028	0.65	30.1
Bacillus_GCA_001182785.1_spacer_15	virome_phage_780	71.429	42	12	0	8	49	36018	36059	0.65	30.1
Bacillus_GCA_001182785.1_spacer_15	virome_phage_772	91.304	23	2	0	38	60	37112	37090	0.22	31.7
Bacillus_GCA_001182785.1_spacer_15	virome_phage_58	91.304	23	2	0	12	34	14405	14427	0.22	31.7
Bacillus_GCA_001182785.1_spacer_15	virome_phage_52	70.213	47	14	0	8	54	44111	44065	0.22	31.7
Bacillus_GCA_001182785.1_spacer_15	virome_phage_52	72.500	40	11	0	15	54	44455	44416	0.65	30.1
Bacillus_GCA_001182785.1_spacer_15	virome_phage_1	69.388	49	15	0	8	56	221385	221433	0.22	31.7
Bacillus_GCA_001182785.1_spacer_15	virome_phage_2342	76.471	34	8	0	1	34	14908	14941	0.65	30.1
Bacillus_GCA_001182785.1_spacer_15	virome_phage_101	76.471	34	8	0	4	37	16882	16915	0.65	30.1
Bacillus_GCA_001182785.1_spacer_16	virome_phage_824	81.034	58	11	0	7	64	11833	11776	1.68e-09	58.6
Bacillus_GCA_001182785.1_spacer_16	virome_phage_824	76.744	43	10	0	3	45	11792	11750	0.003	38.0
Bacillus_GCA_001182785.1_spacer_16	virome_phage_824	81.818	33	6	0	32	64	11844	11812	0.024	34.9
Bacillus_GCA_001182785.1_spacer_16	virome_phage_145	72.581	62	17	0	3	64	17546	17607	1.10e-05	46.0
Bacillus_GCA_001182785.1_spacer_16	virome_phage_145	70.909	55	16	0	10	64	17622	17676	0.003	38.0
Bacillus_GCA_001182785.1_spacer_16	virome_phage_145	71.698	53	15	0	7	59	19494	19546	0.003	38.0
Bacillus_GCA_001182785.1_spacer_16	virome_phage_145	68.421	57	18	0	7	63	19449	19505	0.024	34.9
Bacillus_GCA_001182785.1_spacer_16	virome_phage_145	67.241	58	19	0	7	64	20031	20088	0.072	33.3
Bacillus_GCA_001182785.1_spacer_16	virome_phage_145	74.359	39	10	0	26	64	19762	19800	0.22	31.7
Bacillus_GCA_001182785.1_spacer_16	virome_phage_145	65.517	58	20	0	7	64	17496	17553	0.65	30.1
Bacillus_GCA_001182785.1_spacer_16	virome_phage_2368	77.083	48	11	0	17	64	3392	3345	9.92e-05	42.8
Bacillus_GCA_001182785.1_spacer_16	virome_phage_2368	70.690	58	17	0	7	64	1458	1401	8.93e-04	39.6
Bacillus_GCA_001182785.1_spacer_16	virome_phage_2368	70.909	55	16	0	10	64	3330	3276	0.003	38.0
Bacillus_GCA_001182785.1_spacer_16	virome_phage_2368	68.421	57	18	0	7	63	1503	1447	0.024	34.9
Bacillus_GCA_001182785.1_spacer_16	virome_phage_2411	70.175	57	17	0	8	64	6013	6069	0.003	38.0
Bacillus_GCA_001182785.1_spacer_16	virome_phage_176	70.175	57	17	0	8	64	5914	5970	0.003	38.0
Bacillus_GCA_001182785.1_spacer_16	virome_phage_1	68.966	58	18	0	7	64	219863	219920	0.008	36.5
Bacillus_GCA_001182785.1_spacer_16	virome_phage_1	69.388	49	15	0	8	56	221403	221451	0.22	31.7
Bacillus_GCA_001182785.1_spacer_16	virome_phage_5	86.207	29	4	0	8	36	28184	28156	0.024	34.9
Bacillus_GCA_001182785.1_spacer_16	virome_phage_5	67.213	61	20	0	4	64	28791	28731	0.024	34.9
Bacillus_GCA_001182785.1_spacer_16	virome_phage_52	69.231	52	16	0	13	64	44070	44019	0.072	33.3
Bacillus_GCA_001182785.1_spacer_16	virome_phage_52	73.810	42	11	0	14	55	44096	44055	0.072	33.3
Bacillus_GCA_001182785.1_spacer_16	virome_phage_803	74.359	39	10	0	7	45	35267	35305	0.22	31.7
Bacillus_GCA_001182785.1_spacer_16	virome_phage_101	80.000	30	6	0	11	40	6224	6195	0.65	30.1
Bacillus_GCA_001182785.1_spacer_17	virome_phage_824	80.769	52	10	0	3	54	11828	11777	1.01e-07	52.3
Bacillus_GCA_001182785.1_spacer_17	virome_phage_824	78.125	32	7	0	23	54	11844	11813	0.48	30.1
Bacillus_GCA_001182785.1_spacer_17	virome_phage_2368	77.083	48	11	0	3	50	3397	3350	7.36e-05	42.8
Bacillus_GCA_001182785.1_spacer_17	virome_phage_2368	81.579	38	7	0	17	54	3314	3277	6.62e-04	39.6
Bacillus_GCA_001182785.1_spacer_17	virome_phage_2368	78.378	37	8	0	14	50	1442	1406	0.018	34.9
Bacillus_GCA_001182785.1_spacer_17	virome_phage_2368	74.359	39	10	0	8	46	2675	2637	0.16	31.7
Bacillus_GCA_001182785.1_spacer_17	virome_phage_145	77.083	48	11	0	3	50	17555	17602	7.36e-05	42.8
Bacillus_GCA_001182785.1_spacer_17	virome_phage_145	78.947	38	8	0	17	54	17638	17675	0.006	36.5
Bacillus_GCA_001182785.1_spacer_17	virome_phage_145	76.190	42	10	0	14	55	19510	19551	0.006	36.5
Bacillus_GCA_001182785.1_spacer_17	virome_phage_145	74.359	39	10	0	8	46	18277	18315	0.16	31.7
Bacillus_GCA_001182785.1_spacer_17	virome_phage_2411	71.429	49	14	0	6	54	6020	6068	0.018	34.9
Bacillus_GCA_001182785.1_spacer_17	virome_phage_2411	68.750	48	15	0	8	55	6013	6060	0.48	30.1
Bacillus_GCA_001182785.1_spacer_17	virome_phage_176	71.429	49	14	0	6	54	5921	5969	0.018	34.9
Bacillus_GCA_001182785.1_spacer_17	virome_phage_176	68.750	48	15	0	8	55	5914	5961	0.48	30.1
Bacillus_GCA_001182785.1_spacer_17	virome_phage_52	79.412	34	7	0	3	36	44098	44065	0.054	33.3
Bacillus_GCA_001182785.1_spacer_17	virome_phage_1	70.833	48	14	0	7	54	219872	219919	0.054	33.3
Bacillus_GCA_001182785.1_spacer_17	virome_phage_1	80.645	31	6	0	17	47	221421	221451	0.16	31.7
Bacillus_GCA_001182785.1_spacer_17	virome_phage_803	80.645	31	6	0	7	37	35276	35306	0.16	31.7
Bacillus_GCA_001182785.1_spacer_17	virome_phage_14	75.000	36	9	0	15	50	31478	31443	0.48	30.1
Bacillus_GCA_001182785.1_spacer_17	virome_phage_14	82.143	28	5	0	22	49	31498	31471	0.48	30.1
Bacillus_GCA_001182785.1_spacer_17	virome_phage_2282	76.471	34	8	0	7	40	37784	37817	0.48	30.1
Bacillus_GCA_001182785.1_spacer_18	virome_phage_824	73.469	49	13	0	7	55	11833	11785	0.002	38.0
Bacillus_GCA_001182785.1_spacer_18	virome_phage_824	72.093	43	12	0	3	45	11792	11750	0.16	31.7
Bacillus_GCA_001182785.1_spacer_18	virome_phage_52	76.190	42	10	0	14	55	44096	44055	0.006	36.5
Bacillus_GCA_001182785.1_spacer_18	virome_phage_52	74.419	43	11	0	13	55	44070	44028	0.018	34.9
Bacillus_GCA_001182785.1_spacer_18	virome_phage_2368	76.923	39	9	0	7	45	1458	1420	0.018	34.9
Bacillus_GCA_001182785.1_spacer_18	virome_phage_2368	82.759	29	5	0	17	45	3392	3364	0.16	31.7
Bacillus_GCA_001182785.1_spacer_18	virome_phage_155	76.923	39	9	0	16	54	5620	5582	0.018	34.9
Bacillus_GCA_001182785.1_spacer_18	virome_phage_145	74.419	43	11	0	3	45	17546	17588	0.018	34.9
Bacillus_GCA_001182785.1_spacer_18	virome_phage_145	76.923	39	9	0	7	45	19494	19532	0.018	34.9
Bacillus_GCA_001182785.1_spacer_18	virome_phage_5	81.250	32	6	0	23	54	29132	29101	0.054	33.3
Bacillus_GCA_001182785.1_spacer_18	virome_phage_2389	69.231	52	16	0	3	54	6633	6582	0.054	33.3
Bacillus_GCA_001182785.1_spacer_18	virome_phage_2402	72.093	43	12	0	3	45	5210	5168	0.16	31.7
Bacillus_GCA_001182785.1_spacer_18	virome_phage_2382	73.171	41	11	0	14	54	6918	6878	0.16	31.7
Bacillus_GCA_001182785.1_spacer_18	virome_phage_2411	70.213	47	14	0	8	54	5821	5867	0.16	31.7
Bacillus_GCA_001182785.1_spacer_18	virome_phage_176	70.213	47	14	0	8	54	5722	5768	0.16	31.7
Bacillus_GCA_001182785.1_spacer_18	virome_phage_101	80.000	30	6	0	11	40	6224	6195	0.48	30.1
Bacillus_GCA_001182785.1_spacer_19	virome_phage_824	80.000	50	10	0	5	54	11826	11777	9.09e-07	49.1
Bacillus_GCA_001182785.1_spacer_19	virome_phage_145	79.070	43	9	0	8	50	17560	17602	2.21e-04	41.2
Bacillus_GCA_001182785.1_spacer_19	virome_phage_145	77.500	40	9	0	7	46	18276	18315	0.006	36.5
Bacillus_GCA_001182785.1_spacer_19	virome_phage_145	71.154	52	15	0	4	55	19500	19551	0.006	36.5
Bacillus_GCA_001182785.1_spacer_19	virome_phage_145	71.154	52	15	0	3	54	20036	20087	0.006	36.5
Bacillus_GCA_001182785.1_spacer_19	virome_phage_145	68.627	51	16	0	4	54	17625	17675	0.16	31.7
Bacillus_GCA_001182785.1_spacer_19	virome_phage_145	77.143	35	8	0	3	37	19463	19497	0.16	31.7
Bacillus_GCA_001182785.1_spacer_19	virome_phage_2368	79.070	43	9	0	8	50	3392	3350	2.21e-04	41.2
Bacillus_GCA_001182785.1_spacer_19	virome_phage_2368	77.500	40	9	0	7	46	2676	2637	0.006	36.5
Bacillus_GCA_001182785.1_spacer_19	virome_phage_2368	72.340	47	13	0	4	50	1452	1406	0.018	34.9
Bacillus_GCA_001182785.1_spacer_19	virome_phage_2368	70.588	51	15	0	4	54	3327	3277	0.018	34.9
Bacillus_GCA_001182785.1_spacer_19	virome_phage_2368	77.143	35	8	0	3	37	1489	1455	0.16	31.7
Bacillus_GCA_001182785.1_spacer_19	virome_phage_1	74.468	47	12	0	8	54	219873	219919	0.002	38.0
Bacillus_GCA_001182785.1_spacer_19	virome_phage_1	72.500	40	11	0	8	47	221403	221442	0.48	30.1
Bacillus_GCA_001182785.1_spacer_19	virome_phage_5	70.833	48	14	0	3	50	28783	28736	0.054	33.3
Bacillus_GCA_001182785.1_spacer_19	virome_phage_5	95.000	20	1	0	8	27	28175	28156	0.48	30.1
Bacillus_GCA_001182785.1_spacer_19	virome_phage_5	75.000	36	9	0	12	47	28423	28388	0.48	30.1
Bacillus_GCA_001182785.1_spacer_19	virome_phage_2282	78.788	33	7	0	8	40	37785	37817	0.16	31.7
Bacillus_GCA_001182785.1_spacer_19	virome_phage_52	69.388	49	15	0	6	54	44230	44182	0.16	31.7
Bacillus_GCA_001182785.1_spacer_19	virome_phage_52	78.125	32	7	0	6	37	44455	44424	0.48	30.1
Bacillus_GCA_001182785.1_spacer_19	virome_phage_11	90.909	22	2	0	22	43	99963	99942	0.48	30.1
Bacillus_GCA_001182785.1_spacer_20	virome_phage_824	80.769	26	5	0	3	28	11792	11767	0.76	26.9
Bacillus_GCA_001182785.1_spacer_20	virome_phage_791	83.333	24	4	0	1	24	32522	32499	0.76	26.9
Bacillus_GCA_001182785.1_spacer_20	virome_phage_758	94.444	18	1	0	2	19	28545	28528	0.76	26.9
Bacillus_GCA_001182785.1_spacer_20	virome_phage_4	83.333	24	4	0	3	26	75634	75611	0.76	26.9
Bacillus_GCA_001182785.1_spacer_20	virome_phage_35	80.769	26	5	0	2	27	470	445	0.76	26.9
Bacillus_GCA_001182785.1_spacer_20	virome_phage_2411	86.364	22	3	0	7	28	6048	6069	0.76	26.9
Bacillus_GCA_001182785.1_spacer_20	virome_phage_176	86.364	22	3	0	7	28	5949	5970	0.76	26.9
