Bacillus_GCF_016803835.1_spacer_0	total_phage_609	73.684	38	10	0	3	40	7770	7807	0.21	30.1
Bacillus_GCF_016803835.1_spacer_0	virome_phage_776	90.476	21	2	0	20	40	20138	20118	0.63	28.5
Bacillus_GCF_016803835.1_spacer_0	total_phage_179	79.310	29	6	0	5	33	21612	21584	0.63	28.5
Bacillus_GCF_016803835.1_spacer_0	virome_phage_10	79.310	29	6	0	7	35	80584	80612	0.63	28.5
Bacillus_GCF_016803835.1_spacer_0	total_phage_788	79.310	29	6	0	5	33	21138	21166	0.63	28.5
Bacillus_GCF_016803835.1_spacer_1	virome_phage_734	95.000	20	1	0	7	26	328900	328881	0.21	30.1
Bacillus_GCF_016803835.1_spacer_1	virome_phage_2303	84.000	25	4	0	4	28	27607	27583	0.63	28.5
Bacillus_GCF_016803835.1_spacer_1	total_phage_783	81.481	27	5	0	4	30	28450	28424	0.63	28.5
Bacillus_GCF_016803835.1_spacer_1	total_phage_187	94.737	19	1	0	8	26	16761	16743	0.63	28.5
Bacillus_GCF_016803835.1_spacer_1	total_phage_92	86.957	23	3	0	5	27	10355	10377	0.63	28.5
Bacillus_GCF_016803835.1_spacer_2	total_phage_658	82.759	29	5	0	4	32	7337	7309	0.070	31.7
Bacillus_GCF_016803835.1_spacer_2	total_phage_604	88.000	25	3	0	3	27	35280	35256	0.070	31.7
Bacillus_GCF_016803835.1_spacer_2	total_phage_525	88.000	25	3	0	3	27	24574	24550	0.070	31.7
Bacillus_GCF_016803835.1_spacer_2	total_phage_361	82.759	29	5	0	7	35	38390	38362	0.070	31.7
Bacillus_GCF_016803835.1_spacer_2	total_phage_692	82.759	29	5	0	4	32	38565	38593	0.070	31.7
Bacillus_GCF_016803835.1_spacer_2	virome_phage_860	84.615	26	4	0	6	31	19583	19558	0.21	30.1
Bacillus_GCF_016803835.1_spacer_2	virome_phage_743	78.125	32	7	0	2	33	15298	15267	0.21	30.1
Bacillus_GCF_016803835.1_spacer_2	virome_phage_39	82.143	28	5	0	6	33	36375	36348	0.21	30.1
Bacillus_GCF_016803835.1_spacer_2	virome_phage_2424	78.125	32	7	0	4	35	6950	6919	0.21	30.1
Bacillus_GCF_016803835.1_spacer_2	virome_phage_239	78.125	32	7	0	4	35	5062	5031	0.21	30.1
Bacillus_GCF_016803835.1_spacer_2	total_phage_2	82.143	28	5	0	6	33	5361	5388	0.21	30.1
Bacillus_GCF_016803835.1_spacer_2	virome_phage_857	81.481	27	5	0	9	35	4281	4255	0.63	28.5
Bacillus_GCF_016803835.1_spacer_2	virome_phage_1004	79.310	29	6	0	1	29	999	971	0.63	28.5
Bacillus_GCF_016803835.1_spacer_2	total_phage_731	81.481	27	5	0	9	35	20737	20711	0.63	28.5
Bacillus_GCF_016803835.1_spacer_2	total_phage_106	100.000	17	0	0	16	32	12187	12171	0.63	28.5
Bacillus_GCF_016803835.1_spacer_2	virome_phage_911	90.476	21	2	0	10	30	4900	4920	0.63	28.5
Bacillus_GCF_016803835.1_spacer_2	virome_phage_878	86.957	23	3	0	3	25	8443	8465	0.63	28.5
Bacillus_GCF_016803835.1_spacer_2	virome_phage_62	77.419	31	7	0	5	35	41992	42022	0.63	28.5
Bacillus_GCF_016803835.1_spacer_2	virome_phage_2322	90.476	21	2	0	12	32	25851	25871	0.63	28.5
Bacillus_GCF_016803835.1_spacer_2	virome_phage_2286	84.000	25	4	0	6	30	16885	16909	0.63	28.5
Bacillus_GCF_016803835.1_spacer_2	total_phage_930	81.481	27	5	0	6	32	1760	1786	0.63	28.5
Bacillus_GCF_016803835.1_spacer_2	total_phage_791	81.481	27	5	0	7	33	1294	1320	0.63	28.5
Bacillus_GCF_016803835.1_spacer_2	total_phage_308	86.957	23	3	0	16	38	26009	26031	0.63	28.5
Bacillus_GCF_016803835.1_spacer_3	virome_phage_66	88.000	25	3	0	10	34	12517	12493	0.035	31.7
Bacillus_GCF_016803835.1_spacer_3	virome_phage_70	84.615	26	4	0	8	33	571	546	0.10	30.1
Bacillus_GCF_016803835.1_spacer_3	virome_phage_865	75.758	33	8	0	2	34	3421	3453	0.31	28.5
Bacillus_GCF_016803835.1_spacer_3	virome_phage_734	77.419	31	7	0	3	33	224141	224111	0.31	28.5
Bacillus_GCF_016803835.1_spacer_3	virome_phage_127	86.957	23	3	0	11	33	23819	23841	0.31	28.5
Bacillus_GCF_016803835.1_spacer_3	total_phage_175	77.419	31	7	0	3	33	2429	2399	0.31	28.5
Bacillus_GCF_016803835.1_spacer_3	virome_phage_857	80.769	26	5	0	8	33	33006	33031	0.94	26.9
Bacillus_GCF_016803835.1_spacer_3	virome_phage_817	80.769	26	5	0	9	34	16402	16377	0.94	26.9
Bacillus_GCF_016803835.1_spacer_3	virome_phage_817	75.000	32	8	0	2	33	32469	32438	0.94	26.9
Bacillus_GCF_016803835.1_spacer_3	virome_phage_795	78.571	28	6	0	7	34	36725	36698	0.94	26.9
Bacillus_GCF_016803835.1_spacer_3	virome_phage_785	86.364	22	3	0	11	32	7176	7197	0.94	26.9
Bacillus_GCF_016803835.1_spacer_3	total_phage_804	90.000	20	2	0	14	33	6386	6367	0.94	26.9
Bacillus_GCF_016803835.1_spacer_3	total_phage_793	83.333	24	4	0	3	26	3040	3063	0.94	26.9
Bacillus_GCF_016803835.1_spacer_3	total_phage_737	90.000	20	2	0	11	30	25410	25391	0.94	26.9
Bacillus_GCF_016803835.1_spacer_3	total_phage_735	86.364	22	3	0	5	26	14865	14886	0.94	26.9
Bacillus_GCF_016803835.1_spacer_3	total_phage_729	90.000	20	2	0	8	27	7770	7751	0.94	26.9
Bacillus_GCF_016803835.1_spacer_3	total_phage_414	86.364	22	3	0	11	32	15521	15500	0.94	26.9
Bacillus_GCF_016803835.1_spacer_3	total_phage_414	83.333	24	4	0	9	32	21573	21550	0.94	26.9
Bacillus_GCF_016803835.1_spacer_3	total_phage_363	90.000	20	2	0	8	27	17221	17202	0.94	26.9
Bacillus_GCF_016803835.1_spacer_3	total_phage_363	86.364	22	3	0	4	25	27697	27676	0.94	26.9
Bacillus_GCF_016803835.1_spacer_3	total_phage_247	86.364	22	3	0	11	32	25093	25072	0.94	26.9
Bacillus_GCF_016803835.1_spacer_3	total_phage_121	75.000	32	8	0	3	34	2569	2538	0.94	26.9
Bacillus_GCF_016803835.1_spacer_5	total_phage_415	90.476	21	2	0	1	21	32470	32450	0.31	28.5
Bacillus_GCF_016803835.1_spacer_5	total_phage_95	75.758	33	8	0	2	34	90219	90251	0.31	28.5
Bacillus_GCF_016803835.1_spacer_5	total_phage_926	94.444	18	1	0	8	25	9669	9686	0.94	26.9
Bacillus_GCF_016803835.1_spacer_6	total_phage_445	77.419	31	7	0	4	34	31274	31304	0.31	28.5
Bacillus_GCF_016803835.1_spacer_6	virome_phage_823	76.667	30	7	0	3	32	19367	19396	0.94	26.9
Bacillus_GCF_016803835.1_spacer_6	virome_phage_751	94.444	18	1	0	9	26	56461	56478	0.94	26.9
Bacillus_GCF_016803835.1_spacer_6	virome_phage_2320	78.571	28	6	0	4	31	616	643	0.94	26.9
Bacillus_GCF_016803835.1_spacer_6	total_phage_930	80.769	26	5	0	1	26	20486	20511	0.94	26.9
Bacillus_GCF_016803835.1_spacer_6	total_phage_370	86.364	22	3	0	3	24	13053	13074	0.94	26.9
Bacillus_GCF_016803835.1_spacer_6	virome_phage_14	76.667	30	7	0	1	30	27856	27827	0.94	26.9
Bacillus_GCF_016803835.1_spacer_7	virome_phage_749	78.788	33	7	0	2	34	40332	40364	0.042	31.7
Bacillus_GCF_016803835.1_spacer_7	virome_phage_28	87.500	24	3	0	4	27	43753	43730	0.13	30.1
Bacillus_GCF_016803835.1_spacer_7	virome_phage_28	94.737	19	1	0	12	30	11375	11393	0.38	28.5
Bacillus_GCF_016803835.1_spacer_7	virome_phage_9	79.310	29	6	0	2	30	114709	114737	0.38	28.5
Bacillus_GCF_016803835.1_spacer_7	virome_phage_825	94.737	19	1	0	5	23	20548	20566	0.38	28.5
Bacillus_GCF_016803835.1_spacer_7	virome_phage_736	84.000	25	4	0	3	27	115833	115857	0.38	28.5
Bacillus_GCF_016803835.1_spacer_7	total_phage_658	90.476	21	2	0	10	30	2155	2175	0.38	28.5
Bacillus_GCF_016803835.1_spacer_7	virome_phage_104	86.957	23	3	0	8	30	26911	26889	0.38	28.5
Bacillus_GCF_016803835.1_spacer_7	total_phage_692	90.476	21	2	0	10	30	43747	43727	0.38	28.5
Bacillus_GCF_016803835.1_spacer_7	total_phage_176	79.310	29	6	0	4	32	9716	9688	0.38	28.5
Bacillus_GCF_016803835.1_spacer_8	virome_phage_2281	84.615	26	4	0	1	26	55391	55366	0.13	30.1
Bacillus_GCF_016803835.1_spacer_8	total_phage_370	94.737	19	1	0	1	19	12797	12779	0.38	28.5
Bacillus_GCF_016803835.1_spacer_9	virome_phage_116	86.957	23	3	0	11	33	13161	13139	0.31	28.5
Bacillus_GCF_016803835.1_spacer_9	virome_phage_2254	80.769	26	5	0	2	27	69646	69671	0.94	26.9
Bacillus_GCF_016803835.1_spacer_9	virome_phage_2238	80.769	26	5	0	2	27	51160	51185	0.94	26.9
Bacillus_GCF_016803835.1_spacer_9	total_phage_729	90.000	20	2	0	8	27	163222	163241	0.94	26.9
Bacillus_GCF_016803835.1_spacer_9	total_phage_500	80.769	26	5	0	2	27	56797	56772	0.94	26.9
Bacillus_GCF_016803835.1_spacer_9	total_phage_2	83.333	24	4	0	8	31	22163	22186	0.94	26.9
Bacillus_GCF_016803835.1_spacer_10	virome_phage_734	81.481	27	5	0	1	27	243749	243775	0.25	28.5
Bacillus_GCF_016803835.1_spacer_10	virome_phage_33	81.481	27	5	0	1	27	7541	7567	0.25	28.5
Bacillus_GCF_016803835.1_spacer_10	virome_phage_865	94.737	19	1	0	13	31	17853	17835	0.25	28.5
Bacillus_GCF_016803835.1_spacer_10	virome_phage_2345	80.769	26	5	0	6	31	1395	1420	0.76	26.9
Bacillus_GCF_016803835.1_spacer_10	total_phage_8	86.364	22	3	0	10	31	3854	3875	0.76	26.9
Bacillus_GCF_016803835.1_spacer_10	virome_phage_829	80.769	26	5	0	6	31	15389	15364	0.76	26.9
Bacillus_GCF_016803835.1_spacer_10	virome_phage_78	94.444	18	1	0	7	24	25937	25920	0.76	26.9
Bacillus_GCF_016803835.1_spacer_10	virome_phage_71	86.364	22	3	0	10	31	8955	8934	0.76	26.9
