Bacillus_GCF_002568975.1_spacer_0	virome_phage_752	85.185	27	4	0	1	27	19378	19404	0.042	31.7
Bacillus_GCF_002568975.1_spacer_0	virome_phage_4	80.645	31	6	0	2	32	45701	45731	0.042	31.7
Bacillus_GCF_002568975.1_spacer_0	virome_phage_79	80.000	30	6	0	3	32	31136	31165	0.13	30.1
Bacillus_GCF_002568975.1_spacer_0	virome_phage_738	75.000	36	9	0	1	36	59435	59400	0.13	30.1
Bacillus_GCF_002568975.1_spacer_0	virome_phage_738	77.419	31	7	0	2	32	50876	50846	0.38	28.5
Bacillus_GCF_002568975.1_spacer_0	virome_phage_734	90.909	22	2	0	1	22	25492	25513	0.13	30.1
Bacillus_GCF_002568975.1_spacer_0	virome_phage_26	75.758	33	8	0	1	33	24696	24728	0.38	28.5
Bacillus_GCF_002568975.1_spacer_0	virome_phage_2304	77.419	31	7	0	6	36	8474	8504	0.38	28.5
Bacillus_GCF_002568975.1_spacer_0	virome_phage_2297	84.000	25	4	0	7	31	17485	17461	0.38	28.5
Bacillus_GCF_002568975.1_spacer_0	virome_phage_2288	79.310	29	6	0	4	32	1164	1136	0.38	28.5
Bacillus_GCF_002568975.1_spacer_0	total_phage_738	81.481	27	5	0	9	35	8219	8193	0.38	28.5
Bacillus_GCF_002568975.1_spacer_0	total_phage_731	81.481	27	5	0	1	27	6854	6828	0.38	28.5
Bacillus_GCF_002568975.1_spacer_1	total_phage_791	87.500	24	3	0	13	36	23107	23130	0.13	30.1
Bacillus_GCF_002568975.1_spacer_1	total_phage_361	87.500	24	3	0	13	36	19083	19060	0.13	30.1
Bacillus_GCF_002568975.1_spacer_1	virome_phage_2272	75.758	33	8	0	1	33	76539	76507	0.38	28.5
Bacillus_GCF_002568975.1_spacer_1	total_phage_731	84.000	25	4	0	10	34	13630	13606	0.38	28.5
Bacillus_GCF_002568975.1_spacer_2	virome_phage_318	78.788	33	7	0	3	35	843	811	0.049	31.7
Bacillus_GCF_002568975.1_spacer_2	virome_phage_2407	78.788	33	7	0	3	35	8367	8335	0.049	31.7
Bacillus_GCF_002568975.1_spacer_2	virome_phage_829	87.500	24	3	0	8	31	5547	5570	0.15	30.1
Bacillus_GCF_002568975.1_spacer_2	virome_phage_119	87.500	24	3	0	8	31	23800	23823	0.15	30.1
Bacillus_GCF_002568975.1_spacer_2	virome_phage_1082	84.615	26	4	0	4	29	9391	9366	0.15	30.1
Bacillus_GCF_002568975.1_spacer_2	total_phage_175	95.000	20	1	0	3	22	13976	13957	0.15	30.1
Bacillus_GCF_002568975.1_spacer_2	virome_phage_876	84.000	25	4	0	7	31	12505	12529	0.44	28.5
Bacillus_GCF_002568975.1_spacer_2	virome_phage_734	77.419	31	7	0	2	32	238850	238820	0.44	28.5
Bacillus_GCF_002568975.1_spacer_2	virome_phage_10	75.758	33	8	0	5	37	103435	103403	0.44	28.5
Bacillus_GCF_002568975.1_spacer_2	total_phage_730	75.758	33	8	0	5	37	82833	82865	0.44	28.5
Bacillus_GCF_002568975.1_spacer_3	virome_phage_881	82.143	28	5	0	8	35	25673	25646	0.13	30.1
Bacillus_GCF_002568975.1_spacer_3	total_phage_929	82.143	28	5	0	4	31	3473	3500	0.13	30.1
Bacillus_GCF_002568975.1_spacer_3	total_phage_733	90.476	21	2	0	16	36	42323	42303	0.38	28.5
Bacillus_GCF_002568975.1_spacer_4	virome_phage_767	90.476	21	2	0	1	21	30851	30871	0.38	28.5
Bacillus_GCF_002568975.1_spacer_5	virome_phage_3	79.310	29	6	0	4	32	61082	61054	0.38	28.5
Bacillus_GCF_002568975.1_spacer_6	virome_phage_2286	76.471	34	8	0	3	36	8808	8841	0.13	30.1
Bacillus_GCF_002568975.1_spacer_7	virome_phage_7	87.500	24	3	0	8	31	26447	26424	0.13	30.1
Bacillus_GCF_002568975.1_spacer_8	virome_phage_2286	91.667	24	2	0	9	32	12982	12959	0.014	33.3
Bacillus_GCF_002568975.1_spacer_8	virome_phage_749	90.476	21	2	0	6	26	71493	71513	0.38	28.5
Bacillus_GCF_002568975.1_spacer_9	total_phage_729	87.500	24	3	0	9	32	40544	40521	0.13	30.1
Bacillus_GCF_002568975.1_spacer_9	virome_phage_794	90.476	21	2	0	7	27	11386	11406	0.38	28.5
