Bacillus_GCA_002189605.1_spacer_0	virome_phage_761	90.476	21	2	0	1	21	11378	11358	0.38	28.5
Bacillus_GCA_002189605.1_spacer_0	virome_phage_2255	90.476	21	2	0	3	23	16060	16040	0.38	28.5
Bacillus_GCA_002189605.1_spacer_0	total_phage_790	86.957	23	3	0	13	35	91306	91284	0.38	28.5
Bacillus_GCA_002189605.1_spacer_1	virome_phage_2319	81.481	27	5	0	10	36	9075	9101	0.38	28.5
Bacillus_GCA_002189605.1_spacer_2	virome_phage_856	88.462	26	3	0	4	29	15681	15656	0.012	33.3
Bacillus_GCA_002189605.1_spacer_2	total_phage_731	77.419	31	7	0	4	34	126360	126330	0.31	28.5
Bacillus_GCA_002189605.1_spacer_2	virome_phage_2291	86.364	22	3	0	9	30	34140	34119	0.94	26.9
Bacillus_GCA_002189605.1_spacer_3	virome_phage_2345	84.000	25	4	0	9	33	24048	24072	0.38	28.5
Bacillus_GCA_002189605.1_spacer_3	virome_phage_876	84.000	25	4	0	9	33	1789	1765	0.38	28.5
Bacillus_GCA_002189605.1_spacer_4	virome_phage_762	90.476	21	2	0	10	30	32947	32967	0.38	28.5
Bacillus_GCA_002189605.1_spacer_5	virome_phage_740	79.310	29	6	0	1	29	91847	91875	0.31	28.5
Bacillus_GCA_002189605.1_spacer_5	virome_phage_21	79.310	29	6	0	1	29	58482	58454	0.31	28.5
Bacillus_GCA_002189605.1_spacer_5	total_phage_451	81.481	27	5	0	5	31	18229	18203	0.31	28.5
Bacillus_GCA_002189605.1_spacer_5	virome_phage_845	86.364	22	3	0	1	22	24218	24239	0.94	26.9
Bacillus_GCA_002189605.1_spacer_5	virome_phage_751	78.571	28	6	0	2	29	64001	64028	0.94	26.9
Bacillus_GCA_002189605.1_spacer_5	virome_phage_748	90.000	20	2	0	6	25	42573	42592	0.94	26.9
Bacillus_GCA_002189605.1_spacer_5	virome_phage_12	90.000	20	2	0	7	26	25658	25677	0.94	26.9
Bacillus_GCA_002189605.1_spacer_5	total_phage_934	86.364	22	3	0	1	22	29374	29395	0.94	26.9
Bacillus_GCA_002189605.1_spacer_5	total_phage_232	90.000	20	2	0	3	22	72458	72477	0.94	26.9
Bacillus_GCA_002189605.1_spacer_5	virome_phage_832	90.000	20	2	0	4	23	16595	16576	0.94	26.9
Bacillus_GCA_002189605.1_spacer_5	virome_phage_734	90.000	20	2	0	13	32	132358	132339	0.94	26.9
Bacillus_GCA_002189605.1_spacer_5	virome_phage_67	86.364	22	3	0	3	24	20016	19995	0.94	26.9
Bacillus_GCA_002189605.1_spacer_5	virome_phage_18	76.667	30	7	0	2	31	54969	54940	0.94	26.9
Bacillus_GCA_002189605.1_spacer_5	total_phage_92	94.444	18	1	0	2	19	139804	139787	0.94	26.9
Bacillus_GCA_002189605.1_spacer_5	total_phage_418	75.000	32	8	0	3	34	4421	4390	0.94	26.9
Bacillus_GCA_002189605.1_spacer_7	virome_phage_806	82.759	29	5	0	4	32	33657	33629	0.042	31.7
Bacillus_GCA_002189605.1_spacer_7	virome_phage_847	86.957	23	3	0	5	27	5088	5066	0.38	28.5
Bacillus_GCA_002189605.1_spacer_8	virome_phage_768	84.000	25	4	0	8	32	46258	46234	0.38	28.5
Bacillus_GCA_002189605.1_spacer_9	total_phage_416	87.500	24	3	0	11	34	39186	39209	0.10	30.1
Bacillus_GCA_002189605.1_spacer_9	virome_phage_778	94.737	19	1	0	8	26	33777	33795	0.31	28.5
Bacillus_GCA_002189605.1_spacer_9	virome_phage_2305	79.310	29	6	0	1	29	33197	33225	0.31	28.5
Bacillus_GCA_002189605.1_spacer_9	total_phage_3	86.957	23	3	0	11	33	32395	32373	0.31	28.5
Bacillus_GCA_002189605.1_spacer_9	virome_phage_884	80.769	26	5	0	7	32	10971	10946	0.94	26.9
Bacillus_GCA_002189605.1_spacer_9	virome_phage_866	94.444	18	1	0	6	23	24232	24215	0.94	26.9
Bacillus_GCA_002189605.1_spacer_9	virome_phage_7	80.769	26	5	0	4	29	62558	62533	0.94	26.9
Bacillus_GCA_002189605.1_spacer_9	virome_phage_7	83.333	24	4	0	2	25	113965	113942	0.94	26.9
Bacillus_GCA_002189605.1_spacer_9	virome_phage_5	80.769	26	5	0	5	30	128350	128375	0.94	26.9
Bacillus_GCA_002189605.1_spacer_9	virome_phage_45	76.667	30	7	0	1	30	699	670	0.94	26.9
Bacillus_GCA_002189605.1_spacer_9	virome_phage_2328	80.769	26	5	0	8	33	11474	11499	0.94	26.9
Bacillus_GCA_002189605.1_spacer_9	virome_phage_23	80.769	26	5	0	8	33	13084	13059	0.94	26.9
Bacillus_GCA_002189605.1_spacer_9	virome_phage_2243	94.444	18	1	0	15	32	15087	15070	0.94	26.9
Bacillus_GCA_002189605.1_spacer_9	virome_phage_2237	94.444	18	1	0	15	32	2698	2715	0.94	26.9
Bacillus_GCA_002189605.1_spacer_9	total_phage_644	94.444	18	1	0	15	32	14976	14959	0.94	26.9
Bacillus_GCA_002189605.1_spacer_9	total_phage_106	90.000	20	2	0	4	23	32040	32059	0.94	26.9
Bacillus_GCA_002189605.1_spacer_10	virome_phage_1	78.571	28	6	0	6	33	183056	183029	0.76	26.9
Bacillus_GCA_002189605.1_spacer_11	virome_phage_8	84.000	25	4	0	5	29	97667	97643	0.25	28.5
Bacillus_GCA_002189605.1_spacer_11	total_phage_791	90.000	20	2	0	11	30	14565	14546	0.76	26.9
Bacillus_GCA_002189605.1_spacer_11	virome_phage_734	80.769	26	5	0	7	32	234268	234293	0.76	26.9
Bacillus_GCA_002189605.1_spacer_11	total_phage_361	90.000	20	2	0	11	30	27164	27183	0.76	26.9
Bacillus_GCA_002189605.1_spacer_12	virome_phage_766	100.000	16	0	0	4	19	38447	38432	0.76	26.9
Bacillus_GCA_002189605.1_spacer_12	virome_phage_739	76.667	30	7	0	3	32	123540	123569	0.76	26.9
Bacillus_GCA_002189605.1_spacer_12	virome_phage_7	75.000	32	8	0	2	33	18067	18036	0.76	26.9
Bacillus_GCA_002189605.1_spacer_12	total_phage_786	75.000	32	8	0	2	33	26951	26982	0.76	26.9
Bacillus_GCA_002189605.1_spacer_12	total_phage_451	83.333	24	4	0	8	31	14207	14184	0.76	26.9
Bacillus_GCA_002189605.1_spacer_12	total_phage_449	83.333	24	4	0	8	31	16625	16602	0.76	26.9
Bacillus_GCA_002189605.1_spacer_12	total_phage_414	76.667	30	7	0	1	30	46718	46689	0.76	26.9
Bacillus_GCA_002189605.1_spacer_12	total_phage_231	86.364	22	3	0	7	28	112826	112805	0.76	26.9
Bacillus_GCA_002189605.1_spacer_13	virome_phage_78	94.737	19	1	0	6	24	34305	34323	0.25	28.5
Bacillus_GCA_002189605.1_spacer_13	virome_phage_75	94.737	19	1	0	6	24	11081	11099	0.25	28.5
Bacillus_GCA_002189605.1_spacer_13	virome_phage_72	90.000	20	2	0	7	26	6569	6550	0.76	26.9
Bacillus_GCA_002189605.1_spacer_13	virome_phage_71	86.364	22	3	0	3	24	24508	24529	0.76	26.9
Bacillus_GCA_002189605.1_spacer_13	virome_phage_45	78.571	28	6	0	6	33	11785	11812	0.76	26.9
Bacillus_GCA_002189605.1_spacer_13	virome_phage_37	90.000	20	2	0	2	21	41960	41979	0.76	26.9
Bacillus_GCA_002189605.1_spacer_14	virome_phage_814	91.304	23	2	0	7	29	3094	3116	0.035	31.7
Bacillus_GCA_002189605.1_spacer_14	virome_phage_754	90.909	22	2	0	7	28	29305	29284	0.10	30.1
Bacillus_GCA_002189605.1_spacer_14	virome_phage_80	79.310	29	6	0	5	33	10182	10154	0.31	28.5
Bacillus_GCA_002189605.1_spacer_14	virome_phage_68	100.000	16	0	0	4	19	17566	17551	0.94	26.9
Bacillus_GCA_002189605.1_spacer_14	virome_phage_780	80.769	26	5	0	4	29	41837	41862	0.94	26.9
Bacillus_GCA_002189605.1_spacer_14	virome_phage_772	83.333	24	4	0	3	26	19958	19981	0.94	26.9
Bacillus_GCA_002189605.1_spacer_14	virome_phage_735	86.364	22	3	0	7	28	184233	184254	0.94	26.9
Bacillus_GCA_002189605.1_spacer_14	virome_phage_24	86.364	22	3	0	10	31	31449	31470	0.94	26.9
Bacillus_GCA_002189605.1_spacer_14	virome_phage_2282	86.364	22	3	0	12	33	15612	15633	0.94	26.9
Bacillus_GCA_002189605.1_spacer_14	total_phage_786	83.333	24	4	0	8	31	43632	43655	0.94	26.9
Bacillus_GCA_002189605.1_spacer_15	virome_phage_98	78.571	28	6	0	1	28	7564	7537	0.76	26.9
Bacillus_GCA_002189605.1_spacer_15	virome_phage_5	80.769	26	5	0	8	33	47143	47168	0.76	26.9
Bacillus_GCA_002189605.1_spacer_16	virome_phage_2300	90.476	21	2	0	14	34	3503	3483	0.31	28.5
Bacillus_GCA_002189605.1_spacer_16	total_phage_297	84.000	25	4	0	2	26	11585	11609	0.31	28.5
Bacillus_GCA_002189605.1_spacer_16	total_phage_497	100.000	16	0	0	18	33	2288	2273	0.94	26.9
Bacillus_GCA_002189605.1_spacer_16	total_phage_363	90.000	20	2	0	10	29	9820	9801	0.94	26.9
Bacillus_GCA_002189605.1_spacer_17	total_phage_733	94.737	19	1	0	13	31	32062	32080	0.38	28.5
Bacillus_GCA_002189605.1_spacer_18	virome_phage_2914	95.000	20	1	0	4	23	12422	12441	0.13	30.1
Bacillus_GCA_002189605.1_spacer_19	virome_phage_2407	85.185	27	4	0	6	32	10029	10003	0.028	31.7
Bacillus_GCA_002189605.1_spacer_19	virome_phage_2407	78.571	28	6	0	6	33	12368	12341	0.76	26.9
Bacillus_GCA_002189605.1_spacer_19	virome_phage_2368	82.759	29	5	0	5	33	6049	6077	0.028	31.7
Bacillus_GCA_002189605.1_spacer_19	virome_phage_1565	85.185	27	4	0	5	31	5325	5299	0.028	31.7
Bacillus_GCA_002189605.1_spacer_19	total_phage_296	91.304	23	2	0	2	24	10419	10397	0.028	31.7
Bacillus_GCA_002189605.1_spacer_19	virome_phage_8	84.615	26	4	0	4	29	28101	28126	0.084	30.1
Bacillus_GCA_002189605.1_spacer_19	virome_phage_8	81.481	27	5	0	7	33	20960	20934	0.25	28.5
Bacillus_GCA_002189605.1_spacer_19	virome_phage_8	86.957	23	3	0	2	24	95080	95102	0.25	28.5
Bacillus_GCA_002189605.1_spacer_19	virome_phage_54	87.500	24	3	0	4	27	32516	32493	0.084	30.1
Bacillus_GCA_002189605.1_spacer_19	virome_phage_3	80.000	30	6	0	2	31	18027	18056	0.084	30.1
Bacillus_GCA_002189605.1_spacer_19	virome_phage_3	83.333	24	4	0	8	31	75994	75971	0.76	26.9
Bacillus_GCA_002189605.1_spacer_19	virome_phage_2269	80.000	30	6	0	1	30	101544	101515	0.084	30.1
Bacillus_GCA_002189605.1_spacer_19	virome_phage_1155	84.615	26	4	0	2	27	5973	5948	0.084	30.1
Bacillus_GCA_002189605.1_spacer_19	virome_phage_1155	81.481	27	5	0	5	31	4269	4295	0.25	28.5
Bacillus_GCA_002189605.1_spacer_19	virome_phage_882	90.476	21	2	0	3	23	8032	8052	0.25	28.5
Bacillus_GCA_002189605.1_spacer_19	virome_phage_734	81.481	27	5	0	1	27	289671	289697	0.25	28.5
Bacillus_GCA_002189605.1_spacer_19	virome_phage_734	94.444	18	1	0	2	19	273525	273508	0.76	26.9
Bacillus_GCA_002189605.1_spacer_19	virome_phage_4	79.310	29	6	0	4	32	19511	19539	0.25	28.5
Bacillus_GCA_002189605.1_spacer_19	virome_phage_2323	79.310	29	6	0	2	30	18211	18239	0.25	28.5
Bacillus_GCA_002189605.1_spacer_19	virome_phage_2298	86.957	23	3	0	7	29	21223	21245	0.25	28.5
Bacillus_GCA_002189605.1_spacer_19	virome_phage_2298	90.000	20	2	0	5	24	21884	21903	0.76	26.9
Bacillus_GCA_002189605.1_spacer_19	virome_phage_10	86.957	23	3	0	5	27	91540	91518	0.25	28.5
Bacillus_GCA_002189605.1_spacer_19	total_phage_798	90.476	21	2	0	3	23	26747	26727	0.25	28.5
Bacillus_GCA_002189605.1_spacer_19	total_phage_745	90.476	21	2	0	4	24	8458	8438	0.25	28.5
Bacillus_GCA_002189605.1_spacer_19	total_phage_730	86.957	23	3	0	7	29	48168	48190	0.25	28.5
Bacillus_GCA_002189605.1_spacer_19	total_phage_692	86.957	23	3	0	3	25	21011	21033	0.25	28.5
Bacillus_GCA_002189605.1_spacer_19	total_phage_658	86.957	23	3	0	3	25	24891	24869	0.25	28.5
Bacillus_GCA_002189605.1_spacer_19	total_phage_413	84.000	25	4	0	6	30	141606	141582	0.25	28.5
Bacillus_GCA_002189605.1_spacer_19	total_phage_413	90.000	20	2	0	5	24	77363	77344	0.76	26.9
Bacillus_GCA_002189605.1_spacer_19	virome_phage_993	90.000	20	2	0	2	21	3349	3330	0.76	26.9
Bacillus_GCA_002189605.1_spacer_19	virome_phage_91	83.333	24	4	0	1	24	9917	9894	0.76	26.9
Bacillus_GCA_002189605.1_spacer_19	virome_phage_878	78.571	28	6	0	2	29	597	570	0.76	26.9
Bacillus_GCA_002189605.1_spacer_19	virome_phage_878	83.333	24	4	0	8	31	25747	25770	0.76	26.9
Bacillus_GCA_002189605.1_spacer_19	virome_phage_844	86.364	22	3	0	6	27	3309	3288	0.76	26.9
Bacillus_GCA_002189605.1_spacer_19	virome_phage_815	83.333	24	4	0	8	31	6744	6767	0.76	26.9
Bacillus_GCA_002189605.1_spacer_19	virome_phage_807	90.000	20	2	0	4	23	26326	26345	0.76	26.9
Bacillus_GCA_002189605.1_spacer_19	virome_phage_795	86.364	22	3	0	7	28	39900	39921	0.76	26.9
Bacillus_GCA_002189605.1_spacer_19	virome_phage_771	90.000	20	2	0	12	31	10625	10644	0.76	26.9
Bacillus_GCA_002189605.1_spacer_19	virome_phage_742	80.769	26	5	0	8	33	19594	19569	0.76	26.9
Bacillus_GCA_002189605.1_spacer_19	virome_phage_742	90.000	20	2	0	5	24	38523	38504	0.76	26.9
Bacillus_GCA_002189605.1_spacer_19	virome_phage_738	86.364	22	3	0	6	27	52930	52951	0.76	26.9
Bacillus_GCA_002189605.1_spacer_19	virome_phage_738	90.000	20	2	0	4	23	95748	95729	0.76	26.9
Bacillus_GCA_002189605.1_spacer_19	virome_phage_7	78.571	28	6	0	5	32	94196	94223	0.76	26.9
Bacillus_GCA_002189605.1_spacer_19	virome_phage_69	78.571	28	6	0	1	28	18707	18680	0.76	26.9
Bacillus_GCA_002189605.1_spacer_19	virome_phage_28	83.333	24	4	0	3	26	50307	50330	0.76	26.9
Bacillus_GCA_002189605.1_spacer_19	virome_phage_28	80.769	26	5	0	2	27	50654	50679	0.76	26.9
Bacillus_GCA_002189605.1_spacer_19	virome_phage_2424	83.333	24	4	0	5	28	2312	2289	0.76	26.9
Bacillus_GCA_002189605.1_spacer_19	virome_phage_239	83.333	24	4	0	5	28	424	401	0.76	26.9
Bacillus_GCA_002189605.1_spacer_19	virome_phage_2388	94.444	18	1	0	2	19	6198	6181	0.76	26.9
Bacillus_GCA_002189605.1_spacer_19	virome_phage_2335	80.769	26	5	0	4	29	13847	13872	0.76	26.9
Bacillus_GCA_002189605.1_spacer_19	virome_phage_2292	90.000	20	2	0	12	31	31	12	0.76	26.9
Bacillus_GCA_002189605.1_spacer_19	virome_phage_2292	90.000	20	2	0	12	31	47189	47170	0.76	26.9
Bacillus_GCA_002189605.1_spacer_19	virome_phage_2260	78.571	28	6	0	5	32	1016	989	0.76	26.9
Bacillus_GCA_002189605.1_spacer_19	virome_phage_1217	80.769	26	5	0	5	30	6338	6313	0.76	26.9
Bacillus_GCA_002189605.1_spacer_19	virome_phage_1	94.444	18	1	0	9	26	181749	181766	0.76	26.9
Bacillus_GCA_002189605.1_spacer_19	total_phage_92	90.000	20	2	0	9	28	87846	87865	0.76	26.9
Bacillus_GCA_002189605.1_spacer_19	total_phage_92	75.000	32	8	0	2	33	116694	116663	0.76	26.9
Bacillus_GCA_002189605.1_spacer_19	total_phage_92	86.364	22	3	0	2	23	141869	141848	0.76	26.9
Bacillus_GCA_002189605.1_spacer_19	total_phage_799	83.333	24	4	0	1	24	26547	26524	0.76	26.9
Bacillus_GCA_002189605.1_spacer_19	total_phage_797	94.444	18	1	0	2	19	21653	21670	0.76	26.9
Bacillus_GCA_002189605.1_spacer_19	total_phage_739	90.000	20	2	0	6	25	12471	12490	0.76	26.9
Bacillus_GCA_002189605.1_spacer_19	total_phage_600	83.333	24	4	0	10	33	928	905	0.76	26.9
Bacillus_GCA_002189605.1_spacer_19	total_phage_479	83.333	24	4	0	8	31	1278	1255	0.76	26.9
Bacillus_GCA_002189605.1_spacer_19	total_phage_453	86.364	22	3	0	3	24	20353	20332	0.76	26.9
Bacillus_GCA_002189605.1_spacer_19	total_phage_449	83.333	24	4	0	9	32	10777	10754	0.76	26.9
Bacillus_GCA_002189605.1_spacer_19	total_phage_415	83.333	24	4	0	8	31	10392	10369	0.76	26.9
Bacillus_GCA_002189605.1_spacer_19	total_phage_414	90.000	20	2	0	5	24	142	123	0.76	26.9
Bacillus_GCA_002189605.1_spacer_19	total_phage_414	90.000	20	2	0	5	24	44230	44211	0.76	26.9
Bacillus_GCA_002189605.1_spacer_19	total_phage_4	90.000	20	2	0	6	25	6619	6638	0.76	26.9
Bacillus_GCA_002189605.1_spacer_19	total_phage_306	86.364	22	3	0	4	25	675	696	0.76	26.9
Bacillus_GCA_002189605.1_spacer_19	total_phage_306	78.571	28	6	0	5	32	5471	5498	0.76	26.9
Bacillus_GCA_002189605.1_spacer_19	total_phage_305	90.000	20	2	0	4	23	9002	9021	0.76	26.9
Bacillus_GCA_002189605.1_spacer_19	total_phage_123	86.364	22	3	0	3	24	13815	13794	0.76	26.9
Bacillus_GCA_002189605.1_spacer_19	total_phage_122	86.364	22	3	0	3	24	9659	9638	0.76	26.9
Bacillus_GCA_002189605.1_spacer_20	virome_phage_78	75.000	32	8	0	2	33	18263	18294	0.94	26.9
Bacillus_GCA_002189605.1_spacer_20	virome_phage_2333	90.000	20	2	0	2	21	20396	20377	0.94	26.9
Bacillus_GCA_002189605.1_spacer_21	virome_phage_88	80.000	30	6	0	1	30	35377	35406	0.15	30.1
Bacillus_GCA_002189605.1_spacer_21	virome_phage_800	80.000	30	6	0	1	30	34454	34483	0.15	30.1
Bacillus_GCA_002189605.1_spacer_21	virome_phage_2360	80.000	30	6	0	1	30	17690	17719	0.15	30.1
Bacillus_GCA_002189605.1_spacer_21	total_phage_796	80.000	30	6	0	1	30	20383	20354	0.15	30.1
Bacillus_GCA_002189605.1_spacer_22	virome_phage_787	86.364	22	3	0	1	22	29530	29509	0.94	26.9
Bacillus_GCA_002189605.1_spacer_22	virome_phage_745	94.444	18	1	0	3	20	39798	39815	0.94	26.9
Bacillus_GCA_002189605.1_spacer_22	virome_phage_2292	90.000	20	2	0	1	20	4669	4688	0.94	26.9
