Bacillus_GCA_016483355.1_spacer_0	virome_phage_758	75.000	36	9	0	18	53	28051	28086	0.59	30.1
Bacillus_GCA_016483355.1_spacer_1	virome_phage_1217	84.000	25	4	0	8	32	3867	3891	0.31	28.5
Bacillus_GCA_016483355.1_spacer_1	total_phage_413	84.000	25	4	0	10	34	5767	5791	0.31	28.5
Bacillus_GCA_016483355.1_spacer_1	virome_phage_748	76.667	30	7	0	1	30	37537	37508	0.94	26.9
Bacillus_GCA_016483355.1_spacer_1	virome_phage_2280	83.333	24	4	0	2	25	48405	48382	0.94	26.9
Bacillus_GCA_016483355.1_spacer_1	total_phage_500	100.000	16	0	0	10	25	52243	52228	0.94	26.9
Bacillus_GCA_016483355.1_spacer_1	virome_phage_7	90.000	20	2	0	8	27	14069	14088	0.94	26.9
Bacillus_GCA_016483355.1_spacer_1	virome_phage_2254	100.000	16	0	0	10	25	74200	74215	0.94	26.9
Bacillus_GCA_016483355.1_spacer_1	virome_phage_2238	100.000	16	0	0	10	25	55714	55729	0.94	26.9
Bacillus_GCA_016483355.1_spacer_1	virome_phage_1565	90.000	20	2	0	8	27	2844	2863	0.94	26.9
Bacillus_GCA_016483355.1_spacer_2	virome_phage_69	90.909	22	2	0	6	27	36012	35991	0.10	30.1
Bacillus_GCA_016483355.1_spacer_2	virome_phage_2286	81.481	27	5	0	2	28	13094	13120	0.31	28.5
Bacillus_GCA_016483355.1_spacer_2	virome_phage_17	86.957	23	3	0	4	26	35365	35343	0.31	28.5
Bacillus_GCA_016483355.1_spacer_2	total_phage_92	78.571	28	6	0	1	28	50489	50462	0.94	26.9
Bacillus_GCA_016483355.1_spacer_2	total_phage_734	90.000	20	2	0	1	20	38255	38236	0.94	26.9
Bacillus_GCA_016483355.1_spacer_2	total_phage_413	76.667	30	7	0	5	34	25867	25896	0.94	26.9
Bacillus_GCA_016483355.1_spacer_3	virome_phage_2314	94.737	19	1	0	7	25	15383	15365	0.25	28.5
Bacillus_GCA_016483355.1_spacer_3	virome_phage_64	90.476	21	2	0	2	22	26835	26855	0.25	28.5
Bacillus_GCA_016483355.1_spacer_3	virome_phage_2306	90.476	21	2	0	2	22	16820	16840	0.25	28.5
Bacillus_GCA_016483355.1_spacer_3	virome_phage_14	78.571	28	6	0	4	31	23242	23215	0.76	26.9
Bacillus_GCA_016483355.1_spacer_3	virome_phage_768	86.364	22	3	0	10	31	8082	8103	0.76	26.9
Bacillus_GCA_016483355.1_spacer_3	total_phage_604	94.444	18	1	0	10	27	34392	34409	0.76	26.9
Bacillus_GCA_016483355.1_spacer_4	virome_phage_4	90.000	20	2	0	9	28	38597	38616	0.76	26.9
Bacillus_GCA_016483355.1_spacer_4	virome_phage_2285	86.364	22	3	0	12	33	22303	22324	0.76	26.9
Bacillus_GCA_016483355.1_spacer_4	virome_phage_82	83.333	24	4	0	7	30	19925	19902	0.76	26.9
Bacillus_GCA_016483355.1_spacer_5	virome_phage_739	80.000	30	6	0	4	33	82816	82845	0.084	30.1
Bacillus_GCA_016483355.1_spacer_5	virome_phage_779	83.333	24	4	0	7	30	38773	38796	0.76	26.9
Bacillus_GCA_016483355.1_spacer_6	total_phage_734	82.143	28	5	0	1	28	25132	25159	0.13	30.1
Bacillus_GCA_016483355.1_spacer_6	virome_phage_2322	77.419	31	7	0	2	32	8659	8629	0.38	28.5
Bacillus_GCA_016483355.1_spacer_6	total_phage_520	90.476	21	2	0	1	21	18519	18499	0.38	28.5
Bacillus_GCA_016483355.1_spacer_6	total_phage_106	75.758	33	8	0	3	35	5383	5351	0.38	28.5
Bacillus_GCA_016483355.1_spacer_6	total_phage_793	79.310	29	6	0	5	33	26580	26608	0.38	28.5
Bacillus_GCA_016483355.1_spacer_6	total_phage_696	90.476	21	2	0	1	21	1994	2014	0.38	28.5
Bacillus_GCA_016483355.1_spacer_6	total_phage_655	90.476	21	2	0	1	21	14429	14449	0.38	28.5
Bacillus_GCA_016483355.1_spacer_7	virome_phage_201	94.737	19	1	0	11	29	5803	5785	0.25	28.5
Bacillus_GCA_016483355.1_spacer_7	total_phage_743	94.737	19	1	0	11	29	5944	5926	0.25	28.5
Bacillus_GCA_016483355.1_spacer_7	virome_phage_10	90.000	20	2	0	14	33	118244	118225	0.76	26.9
Bacillus_GCA_016483355.1_spacer_7	total_phage_930	83.333	24	4	0	1	24	14793	14770	0.76	26.9
Bacillus_GCA_016483355.1_spacer_7	total_phage_925	80.769	26	5	0	5	30	34723	34698	0.76	26.9
Bacillus_GCA_016483355.1_spacer_7	virome_phage_8	83.333	24	4	0	5	28	29359	29382	0.76	26.9
Bacillus_GCA_016483355.1_spacer_7	virome_phage_749	78.571	28	6	0	5	32	8311	8338	0.76	26.9
Bacillus_GCA_016483355.1_spacer_7	total_phage_98	83.333	24	4	0	1	24	17094	17117	0.76	26.9
Bacillus_GCA_016483355.1_spacer_8	total_phage_666	85.185	27	4	0	5	31	13843	13817	0.035	31.7
Bacillus_GCA_016483355.1_spacer_8	total_phage_639	85.185	27	4	0	5	31	10178	10204	0.035	31.7
Bacillus_GCA_016483355.1_spacer_8	virome_phage_850	77.419	31	7	0	1	31	21891	21861	0.31	28.5
Bacillus_GCA_016483355.1_spacer_8	virome_phage_828	77.419	31	7	0	1	31	17987	17957	0.31	28.5
Bacillus_GCA_016483355.1_spacer_8	virome_phage_764	77.419	31	7	0	1	31	17485	17455	0.31	28.5
Bacillus_GCA_016483355.1_spacer_8	virome_phage_743	81.481	27	5	0	3	29	39818	39844	0.31	28.5
Bacillus_GCA_016483355.1_spacer_8	virome_phage_28	86.957	23	3	0	12	34	54406	54428	0.31	28.5
Bacillus_GCA_016483355.1_spacer_8	virome_phage_2298	77.419	31	7	0	1	31	18739	18709	0.31	28.5
Bacillus_GCA_016483355.1_spacer_8	virome_phage_2254	75.758	33	8	0	2	34	1570	1538	0.31	28.5
Bacillus_GCA_016483355.1_spacer_8	virome_phage_2254	86.364	22	3	0	13	34	110996	111017	0.94	26.9
Bacillus_GCA_016483355.1_spacer_8	virome_phage_993	90.000	20	2	0	15	34	2360	2379	0.94	26.9
Bacillus_GCA_016483355.1_spacer_8	virome_phage_993	75.000	32	8	0	2	33	2386	2417	0.94	26.9
Bacillus_GCA_016483355.1_spacer_8	virome_phage_795	73.529	34	9	0	1	34	14444	14411	0.94	26.9
Bacillus_GCA_016483355.1_spacer_8	virome_phage_785	83.333	24	4	0	10	33	7535	7512	0.94	26.9
Bacillus_GCA_016483355.1_spacer_8	virome_phage_758	94.444	18	1	0	7	24	44224	44241	0.94	26.9
Bacillus_GCA_016483355.1_spacer_8	virome_phage_742	86.364	22	3	0	13	34	83030	83009	0.94	26.9
Bacillus_GCA_016483355.1_spacer_8	virome_phage_7	80.769	26	5	0	1	26	94430	94405	0.94	26.9
Bacillus_GCA_016483355.1_spacer_8	virome_phage_2322	94.444	18	1	0	11	28	12482	12499	0.94	26.9
Bacillus_GCA_016483355.1_spacer_8	virome_phage_2310	90.000	20	2	0	7	26	9447	9466	0.94	26.9
Bacillus_GCA_016483355.1_spacer_8	virome_phage_2310	83.333	24	4	0	10	33	36037	36060	0.94	26.9
Bacillus_GCA_016483355.1_spacer_8	virome_phage_181	75.000	32	8	0	2	33	14131	14100	0.94	26.9
Bacillus_GCA_016483355.1_spacer_8	virome_phage_181	90.000	20	2	0	15	34	14157	14138	0.94	26.9
Bacillus_GCA_016483355.1_spacer_8	virome_phage_15	78.571	28	6	0	6	33	49250	49277	0.94	26.9
Bacillus_GCA_016483355.1_spacer_8	virome_phage_1004	94.444	18	1	0	15	32	13646	13629	0.94	26.9
Bacillus_GCA_016483355.1_spacer_8	total_phage_92	75.000	32	8	0	1	32	74780	74749	0.94	26.9
Bacillus_GCA_016483355.1_spacer_8	total_phage_804	76.667	30	7	0	5	34	28039	28068	0.94	26.9
Bacillus_GCA_016483355.1_spacer_8	total_phage_734	90.000	20	2	0	7	26	23698	23679	0.94	26.9
Bacillus_GCA_016483355.1_spacer_8	total_phage_500	86.364	22	3	0	13	34	15436	15415	0.94	26.9
Bacillus_GCA_016483355.1_spacer_8	total_phage_361	80.769	26	5	0	6	31	3849	3824	0.94	26.9
Bacillus_GCA_016483355.1_spacer_8	total_phage_242	75.000	32	8	0	1	32	9704	9735	0.94	26.9
Bacillus_GCA_016483355.1_spacer_8	total_phage_18	75.000	32	8	0	2	33	14232	14201	0.94	26.9
Bacillus_GCA_016483355.1_spacer_8	total_phage_18	90.000	20	2	0	15	34	14258	14239	0.94	26.9
Bacillus_GCA_016483355.1_spacer_9	virome_phage_201	94.737	19	1	0	11	29	5803	5785	0.25	28.5
Bacillus_GCA_016483355.1_spacer_9	total_phage_743	94.737	19	1	0	11	29	5944	5926	0.25	28.5
Bacillus_GCA_016483355.1_spacer_9	virome_phage_10	90.000	20	2	0	14	33	118244	118225	0.76	26.9
Bacillus_GCA_016483355.1_spacer_9	total_phage_930	83.333	24	4	0	1	24	14793	14770	0.76	26.9
Bacillus_GCA_016483355.1_spacer_9	total_phage_925	80.769	26	5	0	5	30	34723	34698	0.76	26.9
Bacillus_GCA_016483355.1_spacer_9	virome_phage_8	83.333	24	4	0	5	28	29359	29382	0.76	26.9
Bacillus_GCA_016483355.1_spacer_9	virome_phage_749	78.571	28	6	0	5	32	8311	8338	0.76	26.9
Bacillus_GCA_016483355.1_spacer_9	total_phage_98	83.333	24	4	0	1	24	17094	17117	0.76	26.9
Bacillus_GCA_016483355.1_spacer_10	virome_phage_740	78.571	28	6	0	7	34	22457	22484	0.94	26.9
Bacillus_GCA_016483355.1_spacer_10	virome_phage_21	78.571	28	6	0	7	34	13869	13842	0.94	26.9
Bacillus_GCA_016483355.1_spacer_11	total_phage_231	83.871	31	5	0	2	32	4981	4951	0.004	34.9
Bacillus_GCA_016483355.1_spacer_11	virome_phage_83	85.714	28	4	0	4	31	5071	5098	0.012	33.3
Bacillus_GCA_016483355.1_spacer_11	virome_phage_2310	78.788	33	7	0	1	33	11076	11108	0.035	31.7
Bacillus_GCA_016483355.1_spacer_11	virome_phage_2298	78.788	33	7	0	1	33	33187	33155	0.035	31.7
Bacillus_GCA_016483355.1_spacer_11	virome_phage_2298	94.444	18	1	0	15	32	38190	38173	0.94	26.9
Bacillus_GCA_016483355.1_spacer_11	total_phage_92	80.645	31	6	0	2	32	21200	21170	0.035	31.7
Bacillus_GCA_016483355.1_spacer_11	virome_phage_734	80.000	30	6	0	4	33	283657	283686	0.10	30.1
Bacillus_GCA_016483355.1_spacer_11	total_phage_925	84.615	26	4	0	6	31	18262	18237	0.10	30.1
Bacillus_GCA_016483355.1_spacer_11	virome_phage_15	86.957	23	3	0	9	31	39083	39061	0.31	28.5
Bacillus_GCA_016483355.1_spacer_11	total_phage_787	83.333	24	4	0	1	24	10161	10184	0.94	26.9
Bacillus_GCA_016483355.1_spacer_11	total_phage_731	100.000	16	0	0	10	25	60306	60321	0.94	26.9
Bacillus_GCA_016483355.1_spacer_11	total_phage_414	94.444	18	1	0	15	32	28877	28894	0.94	26.9
Bacillus_GCA_016483355.1_spacer_11	virome_phage_744	78.571	28	6	0	7	34	75540	75513	0.94	26.9
Bacillus_GCA_016483355.1_spacer_11	total_phage_636	90.000	20	2	0	9	28	14725	14706	0.94	26.9
Bacillus_GCA_016483355.1_spacer_11	total_phage_357	83.333	24	4	0	1	24	13706	13683	0.94	26.9
