Bacillus_GCF_001444735.1_spacer_0	virome_phage_2255	73.529	34	9	0	1	34	45945	45978	0.94	26.9
Bacillus_GCF_001444735.1_spacer_0	virome_phage_893	86.364	22	3	0	2	23	10789	10768	0.94	26.9
Bacillus_GCF_001444735.1_spacer_0	virome_phage_2288	78.571	28	6	0	6	33	10515	10488	0.94	26.9
Bacillus_GCF_001444735.1_spacer_2	total_phage_245	90.476	21	2	0	7	27	4997	5017	0.38	28.5
Bacillus_GCF_001444735.1_spacer_3	virome_phage_738	100.000	17	0	0	18	34	2957	2941	0.31	28.5
Bacillus_GCF_001444735.1_spacer_3	virome_phage_183	94.737	19	1	0	9	27	7201	7183	0.31	28.5
Bacillus_GCF_001444735.1_spacer_3	virome_phage_1033	94.737	19	1	0	9	27	7050	7032	0.31	28.5
Bacillus_GCF_001444735.1_spacer_3	virome_phage_4	100.000	17	0	0	18	34	94211	94227	0.31	28.5
Bacillus_GCF_001444735.1_spacer_3	virome_phage_2353	84.000	25	4	0	10	34	11366	11390	0.31	28.5
Bacillus_GCF_001444735.1_spacer_3	virome_phage_79	90.000	20	2	0	6	25	23628	23609	0.94	26.9
Bacillus_GCF_001444735.1_spacer_3	virome_phage_749	83.333	24	4	0	9	32	56924	56901	0.94	26.9
Bacillus_GCF_001444735.1_spacer_3	virome_phage_748	86.364	22	3	0	13	34	4016	3995	0.94	26.9
Bacillus_GCF_001444735.1_spacer_3	virome_phage_2522	76.667	30	7	0	4	33	8887	8858	0.94	26.9
Bacillus_GCF_001444735.1_spacer_3	virome_phage_191	86.364	22	3	0	6	27	6732	6711	0.94	26.9
Bacillus_GCF_001444735.1_spacer_3	virome_phage_1109	76.667	30	7	0	4	33	7424	7395	0.94	26.9
Bacillus_GCF_001444735.1_spacer_3	total_phage_730	78.571	28	6	0	2	29	88030	88003	0.94	26.9
Bacillus_GCF_001444735.1_spacer_3	total_phage_254	86.364	22	3	0	6	27	6648	6627	0.94	26.9
Bacillus_GCF_001444735.1_spacer_3	virome_phage_828	78.571	28	6	0	6	33	17059	17086	0.94	26.9
Bacillus_GCF_001444735.1_spacer_3	virome_phage_823	76.667	30	7	0	5	34	31143	31172	0.94	26.9
Bacillus_GCF_001444735.1_spacer_3	virome_phage_17	78.571	28	6	0	7	34	71531	71558	0.94	26.9
Bacillus_GCF_001444735.1_spacer_3	virome_phage_1006	86.364	22	3	0	6	27	9097	9118	0.94	26.9
Bacillus_GCF_001444735.1_spacer_3	total_phage_92	78.571	28	6	0	5	32	152341	152368	0.94	26.9
Bacillus_GCF_001444735.1_spacer_3	total_phage_413	83.333	24	4	0	11	34	86704	86727	0.94	26.9
Bacillus_GCF_001444735.1_spacer_3	total_phage_363	83.333	24	4	0	11	34	12147	12170	0.94	26.9
Bacillus_GCF_001444735.1_spacer_3	total_phage_111	86.364	22	3	0	13	34	46080	46101	0.94	26.9
Bacillus_GCF_001444735.1_spacer_3	total_phage_111	86.364	22	3	0	13	34	86322	86343	0.94	26.9
Bacillus_GCF_001444735.1_spacer_4	total_phage_123	86.957	23	3	0	8	30	12583	12605	0.25	28.5
Bacillus_GCF_001444735.1_spacer_4	total_phage_122	86.957	23	3	0	8	30	11906	11928	0.25	28.5
Bacillus_GCF_001444735.1_spacer_4	virome_phage_2343	83.333	24	4	0	6	29	14984	14961	0.76	26.9
Bacillus_GCF_001444735.1_spacer_5	virome_phage_12	90.000	20	2	0	15	34	97018	97037	0.94	26.9
Bacillus_GCF_001444735.1_spacer_5	virome_phage_2269	90.000	20	2	0	7	26	53519	53500	0.94	26.9
Bacillus_GCF_001444735.1_spacer_6	virome_phage_7	79.310	29	6	0	7	35	32423	32451	0.38	28.5
Bacillus_GCF_001444735.1_spacer_7	total_phage_239	83.871	31	5	0	1	31	27641	27611	0.005	34.9
Bacillus_GCF_001444735.1_spacer_7	total_phage_807	95.238	21	1	0	7	27	16906	16926	0.042	31.7
Bacillus_GCF_001444735.1_spacer_7	total_phage_794	85.185	27	4	0	4	30	23463	23437	0.042	31.7
Bacillus_GCF_001444735.1_spacer_7	virome_phage_858	82.143	28	5	0	6	33	5936	5909	0.13	30.1
Bacillus_GCF_001444735.1_spacer_7	virome_phage_2297	82.143	28	5	0	6	33	8321	8348	0.13	30.1
Bacillus_GCF_001444735.1_spacer_7	virome_phage_2272	78.125	32	7	0	2	33	69799	69830	0.13	30.1
Bacillus_GCF_001444735.1_spacer_7	virome_phage_840	81.481	27	5	0	2	28	25908	25934	0.38	28.5
Bacillus_GCF_001444735.1_spacer_7	virome_phage_829	86.957	23	3	0	1	23	22538	22516	0.38	28.5
Bacillus_GCF_001444735.1_spacer_7	virome_phage_743	77.419	31	7	0	3	33	27120	27150	0.38	28.5
Bacillus_GCF_001444735.1_spacer_7	virome_phage_738	84.000	25	4	0	3	27	139643	139619	0.38	28.5
Bacillus_GCF_001444735.1_spacer_7	virome_phage_4	77.419	31	7	0	5	35	26853	26823	0.38	28.5
Bacillus_GCF_001444735.1_spacer_7	virome_phage_2306	94.737	19	1	0	3	21	34800	34782	0.38	28.5
Bacillus_GCF_001444735.1_spacer_7	virome_phage_119	86.957	23	3	0	1	23	4455	4433	0.38	28.5
Bacillus_GCF_001444735.1_spacer_7	virome_phage_116	77.419	31	7	0	2	32	607	637	0.38	28.5
Bacillus_GCF_001444735.1_spacer_7	virome_phage_10	84.000	25	4	0	3	27	77851	77875	0.38	28.5
Bacillus_GCF_001444735.1_spacer_7	total_phage_730	77.419	31	7	0	5	35	40041	40071	0.38	28.5
Bacillus_GCF_001444735.1_spacer_7	total_phage_730	90.476	21	2	0	3	23	64431	64451	0.38	28.5
Bacillus_GCF_001444735.1_spacer_7	total_phage_246	84.000	25	4	0	9	33	2572	2548	0.38	28.5
Bacillus_GCF_001444735.1_spacer_7	total_phage_231	84.000	25	4	0	4	28	52913	52889	0.38	28.5
Bacillus_GCF_001444735.1_spacer_8	virome_phage_748	80.000	30	6	0	3	32	71556	71585	0.13	30.1
Bacillus_GCF_001444735.1_spacer_8	virome_phage_742	84.615	26	4	0	1	26	14657	14682	0.13	30.1
Bacillus_GCF_001444735.1_spacer_8	virome_phage_870	84.000	25	4	0	5	29	2352	2328	0.38	28.5
Bacillus_GCF_001444735.1_spacer_9	virome_phage_2319	90.476	21	2	0	4	24	4321	4301	0.31	28.5
Bacillus_GCF_001444735.1_spacer_9	virome_phage_925	86.364	22	3	0	3	24	2440	2419	0.94	26.9
Bacillus_GCF_001444735.1_spacer_9	virome_phage_817	86.364	22	3	0	3	24	17941	17920	0.94	26.9
Bacillus_GCF_001444735.1_spacer_9	virome_phage_2298	90.000	20	2	0	4	23	35405	35386	0.94	26.9
Bacillus_GCF_001444735.1_spacer_9	total_phage_735	80.769	26	5	0	8	33	29389	29364	0.94	26.9
Bacillus_GCF_001444735.1_spacer_9	total_phage_734	90.000	20	2	0	4	23	24287	24268	0.94	26.9
Bacillus_GCF_001444735.1_spacer_9	total_phage_666	83.333	24	4	0	4	27	17914	17891	0.94	26.9
Bacillus_GCF_001444735.1_spacer_9	total_phage_5	86.364	22	3	0	2	23	3386	3365	0.94	26.9
Bacillus_GCF_001444735.1_spacer_9	total_phage_416	78.571	28	6	0	2	29	29966	29939	0.94	26.9
Bacillus_GCF_001444735.1_spacer_9	virome_phage_751	83.333	24	4	0	2	25	45184	45207	0.94	26.9
Bacillus_GCF_001444735.1_spacer_9	virome_phage_746	78.571	28	6	0	5	32	48315	48342	0.94	26.9
Bacillus_GCF_001444735.1_spacer_9	virome_phage_52	83.333	24	4	0	10	33	23032	23055	0.94	26.9
Bacillus_GCF_001444735.1_spacer_9	virome_phage_3	90.000	20	2	0	5	24	93953	93972	0.94	26.9
Bacillus_GCF_001444735.1_spacer_9	virome_phage_2303	90.000	20	2	0	10	29	40931	40950	0.94	26.9
Bacillus_GCF_001444735.1_spacer_9	virome_phage_2275	90.000	20	2	0	13	32	41986	42005	0.94	26.9
Bacillus_GCF_001444735.1_spacer_9	total_phage_737	78.571	28	6	0	2	29	11699	11726	0.94	26.9
Bacillus_GCF_001444735.1_spacer_9	total_phage_639	83.333	24	4	0	4	27	6107	6130	0.94	26.9
Bacillus_GCF_001444735.1_spacer_10	virome_phage_891	95.000	20	1	0	7	26	9918	9937	0.10	30.1
Bacillus_GCF_001444735.1_spacer_10	total_phage_733	95.000	20	1	0	7	26	15861	15842	0.10	30.1
Bacillus_GCF_001444735.1_spacer_10	total_phage_189	95.000	20	1	0	7	26	13834	13815	0.10	30.1
Bacillus_GCF_001444735.1_spacer_10	virome_phage_746	80.769	26	5	0	3	28	63876	63851	0.94	26.9
Bacillus_GCF_001444735.1_spacer_10	virome_phage_740	94.444	18	1	0	10	27	93771	93754	0.94	26.9
Bacillus_GCF_001444735.1_spacer_10	virome_phage_12	78.571	28	6	0	3	30	42229	42202	0.94	26.9
Bacillus_GCF_001444735.1_spacer_10	virome_phage_1	78.571	28	6	0	1	28	55173	55200	0.94	26.9
Bacillus_GCF_001444735.1_spacer_11	virome_phage_851	88.000	25	3	0	8	32	9688	9712	0.028	31.7
Bacillus_GCF_001444735.1_spacer_11	total_phage_232	84.615	26	4	0	8	33	9380	9405	0.084	30.1
Bacillus_GCF_001444735.1_spacer_11	total_phage_232	90.000	20	2	0	8	27	26762	26781	0.76	26.9
Bacillus_GCF_001444735.1_spacer_11	total_phage_800	90.476	21	2	0	9	29	32376	32356	0.25	28.5
Bacillus_GCF_001444735.1_spacer_11	total_phage_725	90.476	21	2	0	7	27	11149	11129	0.25	28.5
Bacillus_GCF_001444735.1_spacer_11	total_phage_368	90.476	21	2	0	9	29	41205	41185	0.25	28.5
Bacillus_GCF_001444735.1_spacer_11	virome_phage_826	86.957	23	3	0	4	26	20142	20164	0.25	28.5
Bacillus_GCF_001444735.1_spacer_11	virome_phage_743	84.000	25	4	0	5	29	78184	78208	0.25	28.5
Bacillus_GCF_001444735.1_spacer_11	virome_phage_2342	86.957	23	3	0	2	24	5158	5180	0.25	28.5
Bacillus_GCF_001444735.1_spacer_11	virome_phage_2239	90.476	21	2	0	7	27	30694	30714	0.25	28.5
Bacillus_GCF_001444735.1_spacer_11	total_phage_415	90.476	21	2	0	9	29	563	583	0.25	28.5
Bacillus_GCF_001444735.1_spacer_11	virome_phage_911	80.769	26	5	0	4	29	6797	6772	0.76	26.9
Bacillus_GCF_001444735.1_spacer_11	virome_phage_778	78.571	28	6	0	5	32	35812	35785	0.76	26.9
Bacillus_GCF_001444735.1_spacer_11	virome_phage_4	90.000	20	2	0	2	21	648	629	0.76	26.9
Bacillus_GCF_001444735.1_spacer_11	virome_phage_2269	80.769	26	5	0	2	27	154931	154906	0.76	26.9
Bacillus_GCF_001444735.1_spacer_11	total_phage_927	94.444	18	1	0	9	26	120688	120671	0.76	26.9
Bacillus_GCF_001444735.1_spacer_11	total_phage_733	83.333	24	4	0	4	27	22165	22142	0.76	26.9
Bacillus_GCF_001444735.1_spacer_11	total_phage_189	83.333	24	4	0	4	27	20141	20118	0.76	26.9
Bacillus_GCF_001444735.1_spacer_11	virome_phage_891	83.333	24	4	0	4	27	3611	3634	0.76	26.9
Bacillus_GCF_001444735.1_spacer_11	total_phage_414	94.444	18	1	0	9	26	16845	16862	0.76	26.9
Bacillus_GCF_001444735.1_spacer_12	total_phage_697	83.333	30	5	0	1	30	1153	1124	0.012	33.3
Bacillus_GCF_001444735.1_spacer_12	virome_phage_834	76.667	30	7	0	4	33	32243	32272	0.94	26.9
Bacillus_GCF_001444735.1_spacer_13	virome_phage_745	88.000	25	3	0	10	34	42379	42403	0.042	31.7
Bacillus_GCF_001444735.1_spacer_13	virome_phage_8	86.957	23	3	0	11	33	114444	114466	0.38	28.5
Bacillus_GCF_001444735.1_spacer_13	virome_phage_734	90.476	21	2	0	14	34	159813	159793	0.38	28.5
Bacillus_GCF_001444735.1_spacer_13	virome_phage_59	86.957	23	3	0	5	27	33701	33679	0.38	28.5
Bacillus_GCF_001444735.1_spacer_13	virome_phage_2238	86.957	23	3	0	13	35	41077	41099	0.38	28.5
Bacillus_GCF_001444735.1_spacer_13	total_phage_500	86.957	23	3	0	13	35	66880	66858	0.38	28.5
Bacillus_GCF_001444735.1_spacer_14	virome_phage_2320	85.185	27	4	0	4	30	8785	8759	0.028	31.7
Bacillus_GCF_001444735.1_spacer_14	virome_phage_842	79.310	29	6	0	1	29	10720	10748	0.25	28.5
Bacillus_GCF_001444735.1_spacer_14	virome_phage_2270	77.419	31	7	0	2	32	41759	41789	0.25	28.5
Bacillus_GCF_001444735.1_spacer_14	virome_phage_893	77.419	31	7	0	2	32	1830	1800	0.25	28.5
Bacillus_GCF_001444735.1_spacer_14	virome_phage_878	86.957	23	3	0	1	23	29761	29739	0.25	28.5
Bacillus_GCF_001444735.1_spacer_14	virome_phage_81	81.481	27	5	0	4	30	8860	8834	0.25	28.5
Bacillus_GCF_001444735.1_spacer_14	virome_phage_750	86.957	23	3	0	5	27	50673	50651	0.25	28.5
Bacillus_GCF_001444735.1_spacer_14	virome_phage_2274	84.000	25	4	0	1	25	20689	20665	0.25	28.5
Bacillus_GCF_001444735.1_spacer_14	virome_phage_822	83.333	24	4	0	1	24	16557	16580	0.76	26.9
Bacillus_GCF_001444735.1_spacer_14	virome_phage_33	90.000	20	2	0	8	27	44957	44976	0.76	26.9
Bacillus_GCF_001444735.1_spacer_14	virome_phage_3	83.333	24	4	0	6	29	22140	22163	0.76	26.9
Bacillus_GCF_001444735.1_spacer_14	virome_phage_10	83.333	24	4	0	4	27	57661	57684	0.76	26.9
Bacillus_GCF_001444735.1_spacer_14	total_phage_5	83.333	24	4	0	3	26	6226	6249	0.76	26.9
Bacillus_GCF_001444735.1_spacer_14	total_phage_307	100.000	16	0	0	14	29	18610	18625	0.76	26.9
Bacillus_GCF_001444735.1_spacer_14	virome_phage_819	83.333	24	4	0	1	24	20653	20630	0.76	26.9
Bacillus_GCF_001444735.1_spacer_14	virome_phage_35	100.000	16	0	0	13	28	46786	46771	0.76	26.9
Bacillus_GCF_001444735.1_spacer_14	virome_phage_2356	83.333	24	4	0	1	24	8134	8111	0.76	26.9
Bacillus_GCF_001444735.1_spacer_14	total_phage_730	83.333	24	4	0	4	27	129067	129044	0.76	26.9
Bacillus_GCF_001444735.1_spacer_14	total_phage_297	83.333	24	4	0	4	27	30228	30205	0.76	26.9
Bacillus_GCF_001444735.1_spacer_14	total_phage_233	83.333	24	4	0	5	28	74951	74928	0.76	26.9
Bacillus_GCF_001444735.1_spacer_15	virome_phage_752	83.333	30	5	0	5	34	20383	20412	0.014	33.3
Bacillus_GCF_001444735.1_spacer_15	virome_phage_1092	87.500	24	3	0	4	27	11513	11536	0.13	30.1
Bacillus_GCF_001444735.1_spacer_15	virome_phage_8	100.000	17	0	0	12	28	8174	8190	0.38	28.5
Bacillus_GCF_001444735.1_spacer_15	virome_phage_747	90.476	21	2	0	9	29	6605	6625	0.38	28.5
Bacillus_GCF_001444735.1_spacer_15	total_phage_112	77.419	31	7	0	4	34	18660	18630	0.38	28.5
Bacillus_GCF_001444735.1_spacer_16	virome_phage_736	90.476	21	2	0	13	33	165979	165999	0.38	28.5
Bacillus_GCF_001444735.1_spacer_17	virome_phage_2300	87.500	24	3	0	9	32	33550	33573	0.13	30.1
Bacillus_GCF_001444735.1_spacer_18	total_phage_239	84.000	25	4	0	5	29	12282	12258	0.31	28.5
Bacillus_GCF_001444735.1_spacer_18	virome_phage_891	94.444	18	1	0	4	21	17497	17514	0.94	26.9
Bacillus_GCF_001444735.1_spacer_18	virome_phage_2310	90.000	20	2	0	15	34	29159	29178	0.94	26.9
Bacillus_GCF_001444735.1_spacer_18	total_phage_799	90.000	20	2	0	15	34	6322	6341	0.94	26.9
Bacillus_GCF_001444735.1_spacer_18	virome_phage_4	83.333	24	4	0	1	24	78764	78741	0.94	26.9
Bacillus_GCF_001444735.1_spacer_18	virome_phage_33	86.364	22	3	0	4	25	17150	17129	0.94	26.9
Bacillus_GCF_001444735.1_spacer_18	virome_phage_2280	90.000	20	2	0	5	24	47610	47591	0.94	26.9
Bacillus_GCF_001444735.1_spacer_18	total_phage_734	90.000	20	2	0	15	34	4597	4578	0.94	26.9
Bacillus_GCF_001444735.1_spacer_18	total_phage_733	94.444	18	1	0	4	21	8282	8265	0.94	26.9
Bacillus_GCF_001444735.1_spacer_18	total_phage_189	94.444	18	1	0	4	21	6255	6238	0.94	26.9
Bacillus_GCF_001444735.1_spacer_18	total_phage_111	90.000	20	2	0	4	23	48587	48568	0.94	26.9
Bacillus_GCF_001444735.1_spacer_19	virome_phage_27	85.185	27	4	0	1	27	31644	31618	0.042	31.7
Bacillus_GCF_001444735.1_spacer_19	total_phage_296	94.737	19	1	0	1	19	14684	14666	0.38	28.5
Bacillus_GCF_001444735.1_spacer_19	total_phage_233	94.737	19	1	0	1	19	14883	14865	0.38	28.5
Bacillus_GCF_001444735.1_spacer_19	total_phage_451	94.737	19	1	0	1	19	7296	7314	0.38	28.5
Bacillus_GCF_001444735.1_spacer_19	total_phage_237	94.737	19	1	0	1	19	2150	2168	0.38	28.5
Bacillus_GCF_001444735.1_spacer_20	total_phage_730	84.000	25	4	0	2	26	9915	9939	0.31	28.5
Bacillus_GCF_001444735.1_spacer_20	total_phage_730	86.364	22	3	0	11	32	31026	31047	0.94	26.9
Bacillus_GCF_001444735.1_spacer_20	virome_phage_913	76.667	30	7	0	4	33	6779	6808	0.94	26.9
Bacillus_GCF_001444735.1_spacer_20	virome_phage_815	75.000	32	8	0	1	32	38228	38197	0.94	26.9
Bacillus_GCF_001444735.1_spacer_20	virome_phage_759	100.000	16	0	0	8	23	2011	2026	0.94	26.9
Bacillus_GCF_001444735.1_spacer_20	virome_phage_745	75.000	32	8	0	1	32	23572	23541	0.94	26.9
Bacillus_GCF_001444735.1_spacer_20	virome_phage_69	80.769	26	5	0	3	28	4091	4066	0.94	26.9
Bacillus_GCF_001444735.1_spacer_20	virome_phage_191	73.529	34	9	0	1	34	3830	3863	0.94	26.9
Bacillus_GCF_001444735.1_spacer_20	virome_phage_10	86.364	22	3	0	11	32	8144	8123	0.94	26.9
Bacillus_GCF_001444735.1_spacer_20	total_phage_807	80.769	26	5	0	7	32	7732	7707	0.94	26.9
Bacillus_GCF_001444735.1_spacer_20	total_phage_363	75.000	32	8	0	3	34	27044	27075	0.94	26.9
Bacillus_GCF_001444735.1_spacer_20	total_phage_254	73.529	34	9	0	1	34	3746	3779	0.94	26.9
Bacillus_GCF_001444735.1_spacer_20	total_phage_111	75.000	32	8	0	1	32	41131	41100	0.94	26.9
Bacillus_GCF_001444735.1_spacer_20	total_phage_111	75.000	32	8	0	1	32	81373	81342	0.94	26.9
Bacillus_GCF_001444735.1_spacer_21	virome_phage_748	91.667	24	2	0	7	30	65696	65673	0.012	33.3
Bacillus_GCF_001444735.1_spacer_21	virome_phage_734	83.333	24	4	0	9	32	69029	69006	0.94	26.9
Bacillus_GCF_001444735.1_spacer_21	virome_phage_64	94.444	18	1	0	17	34	40068	40051	0.94	26.9
Bacillus_GCF_001444735.1_spacer_21	virome_phage_2306	94.444	18	1	0	17	34	29863	29846	0.94	26.9
Bacillus_GCF_001444735.1_spacer_21	virome_phage_2286	90.000	20	2	0	7	26	5400	5419	0.94	26.9
Bacillus_GCF_001444735.1_spacer_21	total_phage_730	83.333	24	4	0	9	32	58845	58822	0.94	26.9
Bacillus_GCF_001444735.1_spacer_21	total_phage_636	90.000	20	2	0	15	34	10483	10502	0.94	26.9
