Bacillus_GCA_002576165.1_spacer_0	total_phage_294	100.000	17	0	0	3	19	47117	47133	0.25	28.5
Bacillus_GCA_002576165.1_spacer_0	virome_phage_28	80.769	26	5	0	6	31	32493	32518	0.76	26.9
Bacillus_GCA_002576165.1_spacer_0	virome_phage_28	86.364	22	3	0	10	31	48234	48213	0.76	26.9
Bacillus_GCA_002576165.1_spacer_0	virome_phage_734	80.769	26	5	0	5	30	180926	180901	0.76	26.9
Bacillus_GCA_002576165.1_spacer_1	virome_phage_2306	100.000	16	0	0	8	23	19751	19766	0.76	26.9
Bacillus_GCA_002576165.1_spacer_2	virome_phage_850	94.737	19	1	0	12	30	20314	20332	0.25	28.5
Bacillus_GCA_002576165.1_spacer_2	virome_phage_760	86.364	22	3	0	1	22	39922	39943	0.76	26.9
Bacillus_GCA_002576165.1_spacer_2	total_phage_927	90.000	20	2	0	10	29	125126	125107	0.76	26.9
Bacillus_GCA_002576165.1_spacer_2	total_phage_370	90.000	20	2	0	11	30	22009	21990	0.76	26.9
Bacillus_GCA_002576165.1_spacer_3	virome_phage_7	78.571	28	6	0	2	29	126461	126434	0.76	26.9
Bacillus_GCA_002576165.1_spacer_3	total_phage_244	94.444	18	1	0	12	29	31443	31426	0.76	26.9
Bacillus_GCA_002576165.1_spacer_3	virome_phage_778	86.364	22	3	0	7	28	22784	22805	0.76	26.9
Bacillus_GCA_002576165.1_spacer_4	virome_phage_834	87.500	24	3	0	3	26	27338	27315	0.084	30.1
Bacillus_GCA_002576165.1_spacer_4	virome_phage_2260	90.000	20	2	0	4	23	12680	12699	0.76	26.9
Bacillus_GCA_002576165.1_spacer_4	virome_phage_1004	90.000	20	2	0	4	23	12640	12659	0.76	26.9
Bacillus_GCA_002576165.1_spacer_4	total_phage_806	83.333	24	4	0	4	27	13798	13821	0.76	26.9
Bacillus_GCA_002576165.1_spacer_4	total_phage_715	94.444	18	1	0	1	18	6435	6452	0.76	26.9
Bacillus_GCA_002576165.1_spacer_4	virome_phage_894	90.000	20	2	0	3	22	25304	25285	0.76	26.9
Bacillus_GCA_002576165.1_spacer_4	virome_phage_734	80.769	26	5	0	3	28	154712	154687	0.76	26.9
Bacillus_GCA_002576165.1_spacer_4	virome_phage_2322	80.769	26	5	0	1	26	5531	5506	0.76	26.9
Bacillus_GCA_002576165.1_spacer_5	virome_phage_2333	84.000	25	4	0	4	28	13497	13473	0.25	28.5
Bacillus_GCA_002576165.1_spacer_5	total_phage_3	90.476	21	2	0	10	30	1632	1612	0.25	28.5
Bacillus_GCA_002576165.1_spacer_5	virome_phage_2254	86.957	23	3	0	1	23	9014	9036	0.25	28.5
Bacillus_GCA_002576165.1_spacer_5	total_phage_729	76.667	30	7	0	1	30	132282	132253	0.76	26.9
Bacillus_GCA_002576165.1_spacer_5	virome_phage_739	80.769	26	5	0	2	27	50670	50695	0.76	26.9
Bacillus_GCA_002576165.1_spacer_6	total_phage_453	86.957	23	3	0	3	25	13960	13938	0.25	28.5
Bacillus_GCA_002576165.1_spacer_6	virome_phage_5	86.364	22	3	0	1	22	132391	132370	0.76	26.9
Bacillus_GCA_002576165.1_spacer_6	virome_phage_789	80.769	26	5	0	4	29	3443	3468	0.76	26.9
Bacillus_GCA_002576165.1_spacer_7	virome_phage_833	83.333	24	4	0	1	24	30227	30204	0.76	26.9
Bacillus_GCA_002576165.1_spacer_7	total_phage_927	83.333	24	4	0	6	29	122996	123019	0.76	26.9
Bacillus_GCA_002576165.1_spacer_7	total_phage_479	80.769	26	5	0	4	29	1999	2024	0.76	26.9
