Bacillus_GCF_900573445.1_spacer_0	virome_phage_37	90.476	21	2	0	8	28	10511	10491	0.25	28.5
Bacillus_GCF_900573445.1_spacer_0	virome_phage_868	94.444	18	1	0	15	32	25227	25244	0.76	26.9
Bacillus_GCF_900573445.1_spacer_0	virome_phage_840	80.769	26	5	0	7	32	27971	27946	0.76	26.9
Bacillus_GCF_900573445.1_spacer_0	virome_phage_2303	86.364	22	3	0	7	28	2924	2903	0.76	26.9
Bacillus_GCF_900573445.1_spacer_0	total_phage_106	80.769	26	5	0	1	26	7501	7476	0.76	26.9
Bacillus_GCF_900573445.1_spacer_1	total_phage_729	85.185	27	4	0	2	28	47231	47257	0.035	31.7
Bacillus_GCF_900573445.1_spacer_1	total_phage_729	94.444	18	1	0	3	20	111033	111016	0.94	26.9
Bacillus_GCF_900573445.1_spacer_1	virome_phage_2342	75.758	33	8	0	1	33	387	355	0.31	28.5
Bacillus_GCF_900573445.1_spacer_1	virome_phage_2254	81.481	27	5	0	5	31	121544	121570	0.31	28.5
Bacillus_GCF_900573445.1_spacer_1	total_phage_500	81.481	27	5	0	5	31	5285	5259	0.31	28.5
Bacillus_GCF_900573445.1_spacer_1	total_phage_232	84.000	25	4	0	9	33	1953	1977	0.31	28.5
Bacillus_GCF_900573445.1_spacer_1	virome_phage_7	94.444	18	1	0	3	20	105346	105363	0.94	26.9
Bacillus_GCF_900573445.1_spacer_1	virome_phage_189	100.000	16	0	0	1	16	8295	8280	0.94	26.9
Bacillus_GCF_900573445.1_spacer_1	virome_phage_1	86.364	22	3	0	5	26	95530	95509	0.94	26.9
Bacillus_GCF_900573445.1_spacer_1	total_phage_604	83.333	24	4	0	10	33	35504	35481	0.94	26.9
Bacillus_GCF_900573445.1_spacer_1	total_phage_525	83.333	24	4	0	10	33	24798	24775	0.94	26.9
Bacillus_GCF_900573445.1_spacer_1	total_phage_1	86.364	22	3	0	3	24	24173	24194	0.94	26.9
Bacillus_GCF_900573445.1_spacer_2	virome_phage_840	78.125	32	7	0	1	32	34662	34631	0.13	30.1
Bacillus_GCF_900573445.1_spacer_2	virome_phage_779	81.481	27	5	0	2	28	17643	17669	0.38	28.5
Bacillus_GCF_900573445.1_spacer_3	virome_phage_900	75.676	37	9	0	1	37	23136	23100	0.049	31.7
Bacillus_GCF_900573445.1_spacer_3	virome_phage_97	75.676	37	9	0	1	37	4626	4662	0.049	31.7
Bacillus_GCF_900573445.1_spacer_4	total_phage_102	82.759	29	5	0	3	31	40445	40473	0.042	31.7
Bacillus_GCF_900573445.1_spacer_4	virome_phage_840	86.957	23	3	0	12	34	18490	18468	0.38	28.5
Bacillus_GCF_900573445.1_spacer_4	total_phage_3	84.000	25	4	0	11	35	13110	13086	0.38	28.5
Bacillus_GCF_900573445.1_spacer_4	virome_phage_875	86.957	23	3	0	10	32	18687	18709	0.38	28.5
Bacillus_GCF_900573445.1_spacer_4	virome_phage_842	84.000	25	4	0	11	35	22827	22851	0.38	28.5
Bacillus_GCF_900573445.1_spacer_4	virome_phage_1	90.476	21	2	0	1	21	21012	21032	0.38	28.5
Bacillus_GCF_900573445.1_spacer_5	virome_phage_859	86.364	22	3	0	6	27	16556	16577	0.76	26.9
Bacillus_GCF_900573445.1_spacer_5	virome_phage_771	78.571	28	6	0	6	33	1597	1624	0.76	26.9
Bacillus_GCF_900573445.1_spacer_5	virome_phage_11	83.333	24	4	0	2	25	24727	24750	0.76	26.9
Bacillus_GCF_900573445.1_spacer_5	virome_phage_50	90.000	20	2	0	2	21	23616	23597	0.76	26.9
Bacillus_GCF_900573445.1_spacer_7	virome_phage_781	90.909	22	2	0	8	29	20499	20520	0.10	30.1
Bacillus_GCF_900573445.1_spacer_7	virome_phage_871	90.000	20	2	0	10	29	27200	27181	0.94	26.9
Bacillus_GCF_900573445.1_spacer_7	virome_phage_813	90.000	20	2	0	8	27	34253	34234	0.94	26.9
Bacillus_GCF_900573445.1_spacer_7	virome_phage_72	94.444	18	1	0	13	30	34246	34229	0.94	26.9
Bacillus_GCF_900573445.1_spacer_8	virome_phage_878	90.476	21	2	0	15	35	3951	3971	0.38	28.5
Bacillus_GCF_900573445.1_spacer_8	virome_phage_749	90.476	21	2	0	12	32	20983	20963	0.38	28.5
Bacillus_GCF_900573445.1_spacer_8	virome_phage_734	100.000	17	0	0	16	32	166786	166770	0.38	28.5
Bacillus_GCF_900573445.1_spacer_8	total_phage_799	100.000	17	0	0	19	35	19896	19880	0.38	28.5
Bacillus_GCF_900573445.1_spacer_9	virome_phage_51	90.476	21	2	0	13	33	2722	2742	0.38	28.5
Bacillus_GCF_900573445.1_spacer_9	total_phage_664	86.957	23	3	0	4	26	12253	12231	0.38	28.5
Bacillus_GCF_900573445.1_spacer_10	total_phage_929	82.143	28	5	0	5	32	4988	5015	0.13	30.1
Bacillus_GCF_900573445.1_spacer_11	virome_phage_56	90.476	21	2	0	13	33	40846	40866	0.50	28.5
Bacillus_GCF_900573445.1_spacer_11	virome_phage_15	86.957	23	3	0	5	27	19674	19696	0.50	28.5
Bacillus_GCF_900573445.1_spacer_11	total_phage_729	81.481	27	5	0	12	38	112087	112061	0.50	28.5
Bacillus_GCF_900573445.1_spacer_12	virome_phage_2269	84.000	25	4	0	8	32	58152	58176	0.25	28.5
Bacillus_GCF_900573445.1_spacer_12	virome_phage_741	84.000	25	4	0	8	32	20914	20890	0.25	28.5
Bacillus_GCF_900573445.1_spacer_12	virome_phage_1849	86.957	23	3	0	9	31	5015	4993	0.25	28.5
Bacillus_GCF_900573445.1_spacer_15	virome_phage_865	95.000	20	1	0	13	32	17853	17834	0.084	30.1
Bacillus_GCF_900573445.1_spacer_15	total_phage_8	86.957	23	3	0	10	32	3854	3876	0.25	28.5
Bacillus_GCF_900573445.1_spacer_15	virome_phage_868	86.364	22	3	0	11	32	8091	8070	0.76	26.9
Bacillus_GCF_900573445.1_spacer_15	virome_phage_750	86.364	22	3	0	11	32	36619	36640	0.76	26.9
Bacillus_GCF_900573445.1_spacer_15	virome_phage_71	86.364	22	3	0	10	31	8955	8934	0.76	26.9
Bacillus_GCF_900573445.1_spacer_15	virome_phage_3	100.000	16	0	0	2	17	89709	89694	0.76	26.9
Bacillus_GCF_900573445.1_spacer_15	total_phage_663	90.000	20	2	0	13	32	1697	1716	0.76	26.9
Bacillus_GCF_900573445.1_spacer_17	virome_phage_92	77.419	31	7	0	3	33	3450	3420	0.25	28.5
Bacillus_GCF_900573445.1_spacer_17	virome_phage_2294	77.419	31	7	0	3	33	22341	22371	0.25	28.5
Bacillus_GCF_900573445.1_spacer_17	total_phage_794	83.333	24	4	0	10	33	34768	34745	0.76	26.9
Bacillus_GCF_900573445.1_spacer_17	total_phage_239	90.000	20	2	0	14	33	3835	3816	0.76	26.9
Bacillus_GCF_900573445.1_spacer_18	total_phage_731	74.286	35	9	0	1	35	50489	50455	0.38	28.5
Bacillus_GCF_900573445.1_spacer_19	virome_phage_16	83.333	30	5	0	3	32	74879	74908	0.009	33.3
Bacillus_GCF_900573445.1_spacer_19	total_phage_231	85.185	27	4	0	7	33	92901	92927	0.028	31.7
Bacillus_GCF_900573445.1_spacer_19	total_phage_231	79.310	29	6	0	1	29	101336	101308	0.25	28.5
Bacillus_GCF_900573445.1_spacer_19	virome_phage_744	90.909	22	2	0	12	33	53615	53594	0.084	30.1
Bacillus_GCF_900573445.1_spacer_19	total_phage_232	78.125	32	7	0	1	32	73504	73473	0.084	30.1
Bacillus_GCF_900573445.1_spacer_19	virome_phage_925	86.957	23	3	0	4	26	15076	15098	0.25	28.5
Bacillus_GCF_900573445.1_spacer_19	virome_phage_7	84.000	25	4	0	9	33	66566	66542	0.25	28.5
Bacillus_GCF_900573445.1_spacer_19	virome_phage_66	77.419	31	7	0	2	32	34738	34708	0.25	28.5
Bacillus_GCF_900573445.1_spacer_19	virome_phage_4	81.481	27	5	0	7	33	4676	4702	0.25	28.5
Bacillus_GCF_900573445.1_spacer_19	virome_phage_902	94.444	18	1	0	4	21	8739	8756	0.76	26.9
Bacillus_GCF_900573445.1_spacer_19	virome_phage_748	94.444	18	1	0	2	19	21813	21830	0.76	26.9
Bacillus_GCF_900573445.1_spacer_19	virome_phage_747	76.667	30	7	0	4	33	280	309	0.76	26.9
Bacillus_GCF_900573445.1_spacer_19	virome_phage_740	80.769	26	5	0	2	27	98486	98461	0.76	26.9
Bacillus_GCF_900573445.1_spacer_19	virome_phage_739	80.769	26	5	0	5	30	65137	65112	0.76	26.9
Bacillus_GCF_900573445.1_spacer_19	virome_phage_3	80.769	26	5	0	5	30	140826	140851	0.76	26.9
Bacillus_GCF_900573445.1_spacer_19	virome_phage_2270	94.444	18	1	0	14	31	93816	93799	0.76	26.9
Bacillus_GCF_900573445.1_spacer_19	virome_phage_2254	86.364	22	3	0	1	22	34006	34027	0.76	26.9
Bacillus_GCF_900573445.1_spacer_19	virome_phage_2238	86.364	22	3	0	1	22	15521	15542	0.76	26.9
Bacillus_GCF_900573445.1_spacer_19	virome_phage_21	80.769	26	5	0	2	27	51839	51864	0.76	26.9
Bacillus_GCF_900573445.1_spacer_19	virome_phage_183	78.571	28	6	0	6	33	7543	7570	0.76	26.9
Bacillus_GCF_900573445.1_spacer_19	virome_phage_15	86.364	22	3	0	6	27	66294	66315	0.76	26.9
Bacillus_GCF_900573445.1_spacer_19	total_phage_636	75.000	32	8	0	2	33	9986	9955	0.76	26.9
Bacillus_GCF_900573445.1_spacer_19	total_phage_361	86.364	22	3	0	8	29	42770	42749	0.76	26.9
Bacillus_GCF_900573445.1_spacer_19	total_phage_233	78.571	28	6	0	2	29	40183	40156	0.76	26.9
Bacillus_GCF_900573445.1_spacer_20	virome_phage_743	90.476	21	2	0	11	31	15647	15627	0.25	28.5
Bacillus_GCF_900573445.1_spacer_20	virome_phage_878	90.000	20	2	0	1	20	3655	3636	0.76	26.9
Bacillus_GCF_900573445.1_spacer_20	virome_phage_875	90.000	20	2	0	6	25	29957	29976	0.76	26.9
Bacillus_GCF_900573445.1_spacer_20	virome_phage_740	94.444	18	1	0	1	18	108498	108515	0.76	26.9
Bacillus_GCF_900573445.1_spacer_20	virome_phage_739	90.000	20	2	0	1	20	74043	74024	0.76	26.9
Bacillus_GCF_900573445.1_spacer_20	virome_phage_58	76.667	30	7	0	2	31	1309	1338	0.76	26.9
Bacillus_GCF_900573445.1_spacer_20	virome_phage_5	78.571	28	6	0	3	30	106179	106206	0.76	26.9
Bacillus_GCF_900573445.1_spacer_20	total_phage_92	75.000	32	8	0	1	32	47609	47640	0.76	26.9
Bacillus_GCF_900573445.1_spacer_21	total_phage_363	88.000	25	3	0	8	32	2821	2797	0.028	31.7
Bacillus_GCF_900573445.1_spacer_21	total_phage_417	80.769	26	5	0	1	26	13496	13521	0.76	26.9
Bacillus_GCF_900573445.1_spacer_21	total_phage_106	90.000	20	2	0	6	25	1575	1594	0.76	26.9
Bacillus_GCF_900573445.1_spacer_21	total_phage_92	78.571	28	6	0	5	32	119224	119197	0.76	26.9
Bacillus_GCF_900573445.1_spacer_23	virome_phage_864	80.000	30	6	0	3	32	21056	21085	0.13	30.1
Bacillus_GCF_900573445.1_spacer_23	virome_phage_740	84.615	26	4	0	3	28	58495	58470	0.13	30.1
