Bacillus_GCA_002565225.1_spacer_0	virome_phage_949	90.000	20	2	0	8	27	16566	16585	0.76	26.9
Bacillus_GCA_002565225.1_spacer_0	total_phage_600	78.571	28	6	0	3	30	7698	7671	0.76	26.9
Bacillus_GCA_002565225.1_spacer_1	virome_phage_97	84.615	26	4	0	5	30	17412	17387	0.084	30.1
Bacillus_GCA_002565225.1_spacer_1	total_phage_362	90.909	22	2	0	9	30	35680	35701	0.084	30.1
Bacillus_GCA_002565225.1_spacer_1	virome_phage_66	94.737	19	1	0	11	29	26525	26543	0.25	28.5
Bacillus_GCA_002565225.1_spacer_1	virome_phage_33	90.476	21	2	0	2	22	8675	8655	0.25	28.5
Bacillus_GCA_002565225.1_spacer_1	virome_phage_91	100.000	16	0	0	8	23	27986	27971	0.76	26.9
Bacillus_GCA_002565225.1_spacer_1	virome_phage_900	80.769	26	5	0	5	30	10347	10372	0.76	26.9
Bacillus_GCA_002565225.1_spacer_1	virome_phage_835	78.571	28	6	0	3	30	13026	12999	0.76	26.9
Bacillus_GCA_002565225.1_spacer_1	virome_phage_745	83.333	24	4	0	2	25	24744	24767	0.76	26.9
Bacillus_GCA_002565225.1_spacer_1	virome_phage_745	78.571	28	6	0	1	28	70774	70747	0.76	26.9
Bacillus_GCA_002565225.1_spacer_1	virome_phage_734	78.571	28	6	0	2	29	147915	147942	0.76	26.9
Bacillus_GCA_002565225.1_spacer_1	virome_phage_2286	90.000	20	2	0	6	25	39781	39762	0.76	26.9
Bacillus_GCA_002565225.1_spacer_1	virome_phage_1873	94.444	18	1	0	12	29	2250	2233	0.76	26.9
Bacillus_GCA_002565225.1_spacer_1	virome_phage_127	86.364	22	3	0	9	30	24535	24514	0.76	26.9
Bacillus_GCA_002565225.1_spacer_1	total_phage_417	86.364	22	3	0	9	30	26031	26052	0.76	26.9
Bacillus_GCA_002565225.1_spacer_1	total_phage_361	80.769	26	5	0	4	29	36956	36931	0.76	26.9
Bacillus_GCA_002565225.1_spacer_1	total_phage_244	83.333	24	4	0	3	26	6487	6464	0.76	26.9
Bacillus_GCA_002565225.1_spacer_1	total_phage_11	94.444	18	1	0	11	28	15018	15035	0.76	26.9
Bacillus_GCA_002565225.1_spacer_2	virome_phage_745	90.909	22	2	0	3	24	69279	69258	0.084	30.1
Bacillus_GCA_002565225.1_spacer_2	virome_phage_739	86.957	23	3	0	8	30	91506	91484	0.25	28.5
Bacillus_GCA_002565225.1_spacer_2	virome_phage_33	80.769	26	5	0	1	26	5625	5600	0.76	26.9
Bacillus_GCA_002565225.1_spacer_2	virome_phage_2304	83.333	24	4	0	6	29	2363	2340	0.76	26.9
Bacillus_GCA_002565225.1_spacer_2	virome_phage_12	80.769	26	5	0	1	26	58147	58122	0.76	26.9
Bacillus_GCA_002565225.1_spacer_2	virome_phage_939	80.769	26	5	0	1	26	895	920	0.76	26.9
Bacillus_GCA_002565225.1_spacer_2	virome_phage_850	83.333	24	4	0	7	30	25611	25634	0.76	26.9
Bacillus_GCA_002565225.1_spacer_2	virome_phage_2281	94.444	18	1	0	8	25	31224	31241	0.76	26.9
Bacillus_GCA_002565225.1_spacer_2	virome_phage_2259	83.333	24	4	0	1	24	15665	15688	0.76	26.9
Bacillus_GCA_002565225.1_spacer_3	virome_phage_878	79.310	29	6	0	3	31	14028	14000	0.25	28.5
Bacillus_GCA_002565225.1_spacer_3	virome_phage_747	86.364	22	3	0	4	25	70415	70394	0.76	26.9
Bacillus_GCA_002565225.1_spacer_3	virome_phage_2281	80.769	26	5	0	5	30	56686	56661	0.76	26.9
Bacillus_GCA_002565225.1_spacer_3	virome_phage_18	86.364	22	3	0	4	25	39110	39089	0.76	26.9
Bacillus_GCA_002565225.1_spacer_3	total_phage_5	86.364	22	3	0	7	28	32890	32869	0.76	26.9
Bacillus_GCA_002565225.1_spacer_3	total_phage_418	78.571	28	6	0	4	31	19935	19908	0.76	26.9
Bacillus_GCA_002565225.1_spacer_3	virome_phage_882	100.000	16	0	0	11	26	7129	7144	0.76	26.9
Bacillus_GCA_002565225.1_spacer_3	virome_phage_8	90.000	20	2	0	10	29	11671	11690	0.76	26.9
Bacillus_GCA_002565225.1_spacer_3	virome_phage_739	90.000	20	2	0	3	22	98583	98602	0.76	26.9
Bacillus_GCA_002565225.1_spacer_3	virome_phage_2280	90.000	20	2	0	11	30	60152	60171	0.76	26.9
Bacillus_GCA_002565225.1_spacer_3	total_phage_663	80.769	26	5	0	2	27	14676	14701	0.76	26.9
Bacillus_GCA_002565225.1_spacer_3	total_phage_637	80.769	26	5	0	2	27	11410	11435	0.76	26.9
Bacillus_GCA_002565225.1_spacer_4	virome_phage_743	79.310	29	6	0	1	29	6976	6948	0.25	28.5
Bacillus_GCA_002565225.1_spacer_5	virome_phage_201	87.500	24	3	0	2	25	10626	10649	0.084	30.1
Bacillus_GCA_002565225.1_spacer_5	total_phage_743	87.500	24	3	0	2	25	10767	10790	0.084	30.1
Bacillus_GCA_002565225.1_spacer_5	virome_phage_5	86.957	23	3	0	4	26	124255	124277	0.25	28.5
Bacillus_GCA_002565225.1_spacer_5	virome_phage_4	94.737	19	1	0	9	27	31964	31982	0.25	28.5
Bacillus_GCA_002565225.1_spacer_5	virome_phage_2254	90.476	21	2	0	7	27	30817	30837	0.25	28.5
Bacillus_GCA_002565225.1_spacer_5	virome_phage_2238	90.476	21	2	0	7	27	12332	12352	0.25	28.5
Bacillus_GCA_002565225.1_spacer_5	virome_phage_738	94.737	19	1	0	9	27	64942	64924	0.25	28.5
Bacillus_GCA_002565225.1_spacer_5	virome_phage_734	81.481	27	5	0	1	27	146511	146485	0.25	28.5
Bacillus_GCA_002565225.1_spacer_5	virome_phage_15	76.667	30	7	0	1	30	85745	85716	0.76	26.9
Bacillus_GCA_002565225.1_spacer_6	total_phage_664	90.476	21	2	0	10	30	3678	3698	0.25	28.5
Bacillus_GCA_002565225.1_spacer_6	virome_phage_738	80.769	26	5	0	4	29	141713	141738	0.76	26.9
Bacillus_GCA_002565225.1_spacer_6	virome_phage_734	86.364	22	3	0	9	30	54024	54045	0.76	26.9
Bacillus_GCA_002565225.1_spacer_6	virome_phage_7	94.444	18	1	0	11	28	106712	106695	0.76	26.9
Bacillus_GCA_002565225.1_spacer_6	virome_phage_2254	90.000	20	2	0	7	26	43793	43774	0.76	26.9
Bacillus_GCA_002565225.1_spacer_6	virome_phage_2238	90.000	20	2	0	7	26	25307	25288	0.76	26.9
Bacillus_GCA_002565225.1_spacer_6	total_phage_500	90.000	20	2	0	7	26	82650	82669	0.76	26.9
Bacillus_GCA_002565225.1_spacer_6	total_phage_413	86.364	22	3	0	9	30	26544	26565	0.76	26.9
Bacillus_GCA_002565225.1_spacer_7	virome_phage_7	84.000	25	4	0	1	25	86021	85997	0.25	28.5
Bacillus_GCA_002565225.1_spacer_7	virome_phage_7	86.364	22	3	0	1	22	122877	122856	0.76	26.9
Bacillus_GCA_002565225.1_spacer_7	virome_phage_70	90.000	20	2	0	6	25	23615	23596	0.76	26.9
Bacillus_GCA_002565225.1_spacer_7	total_phage_692	78.571	28	6	0	1	28	21027	21000	0.76	26.9
Bacillus_GCA_002565225.1_spacer_7	total_phage_244	90.000	20	2	0	8	27	33789	33770	0.76	26.9
Bacillus_GCA_002565225.1_spacer_7	virome_phage_909	80.769	26	5	0	3	28	4473	4498	0.76	26.9
Bacillus_GCA_002565225.1_spacer_7	virome_phage_2275	78.571	28	6	0	1	28	26783	26810	0.76	26.9
Bacillus_GCA_002565225.1_spacer_7	virome_phage_15	94.444	18	1	0	4	21	40583	40600	0.76	26.9
Bacillus_GCA_002565225.1_spacer_7	total_phage_658	78.571	28	6	0	1	28	24875	24902	0.76	26.9
Bacillus_GCA_002565225.1_spacer_7	total_phage_299	90.000	20	2	0	8	27	25779	25798	0.76	26.9
Bacillus_GCA_002565225.1_spacer_8	virome_phage_2357	85.185	27	4	0	1	27	11136	11162	0.028	31.7
Bacillus_GCA_002565225.1_spacer_8	virome_phage_884	83.333	24	4	0	6	29	25790	25767	0.76	26.9
Bacillus_GCA_002565225.1_spacer_8	virome_phage_850	83.333	24	4	0	1	24	23089	23066	0.76	26.9
Bacillus_GCA_002565225.1_spacer_8	virome_phage_828	83.333	24	4	0	1	24	19183	19160	0.76	26.9
Bacillus_GCA_002565225.1_spacer_8	virome_phage_771	83.333	24	4	0	6	29	24304	24327	0.76	26.9
Bacillus_GCA_002565225.1_spacer_8	virome_phage_736	90.000	20	2	0	4	23	103879	103898	0.76	26.9
Bacillus_GCA_002565225.1_spacer_8	virome_phage_2	80.769	26	5	0	5	30	172217	172192	0.76	26.9
Bacillus_GCA_002565225.1_spacer_8	virome_phage_115	83.333	24	4	0	6	29	8008	8031	0.76	26.9
