Bacillus_GCF_002565115.1_spacer_0	virome_phage_800	90.476	21	2	0	11	31	35868	35848	0.38	28.5
Bacillus_GCF_002565115.1_spacer_0	virome_phage_2360	90.476	21	2	0	11	31	19104	19084	0.38	28.5
Bacillus_GCF_002565115.1_spacer_0	virome_phage_1082	84.000	25	4	0	6	30	8734	8710	0.38	28.5
Bacillus_GCF_002565115.1_spacer_0	total_phage_12	90.476	21	2	0	11	31	8391	8371	0.38	28.5
Bacillus_GCF_002565115.1_spacer_0	virome_phage_811	84.000	25	4	0	5	29	8999	9023	0.38	28.5
Bacillus_GCF_002565115.1_spacer_0	virome_phage_739	90.476	21	2	0	1	21	120549	120569	0.38	28.5
Bacillus_GCF_002565115.1_spacer_0	total_phage_796	90.476	21	2	0	11	31	18969	18989	0.38	28.5
Bacillus_GCF_002565115.1_spacer_1	virome_phage_2269	78.125	32	7	0	4	35	59665	59634	0.13	30.1
Bacillus_GCF_002565115.1_spacer_2	virome_phage_819	94.737	19	1	0	10	28	36346	36328	0.44	28.5
Bacillus_GCF_002565115.1_spacer_2	virome_phage_783	90.476	21	2	0	12	32	23836	23816	0.44	28.5
Bacillus_GCF_002565115.1_spacer_4	total_phage_231	84.000	25	4	0	6	30	113724	113748	0.38	28.5
Bacillus_GCF_002565115.1_spacer_6	virome_phage_1849	80.000	30	6	0	7	36	2144	2173	0.13	30.1
Bacillus_GCF_002565115.1_spacer_6	total_phage_731	90.909	22	2	0	1	22	70341	70362	0.13	30.1
Bacillus_GCF_002565115.1_spacer_6	virome_phage_834	78.125	32	7	0	5	36	25579	25548	0.13	30.1
Bacillus_GCF_002565115.1_spacer_6	total_phage_360	90.909	22	2	0	11	32	31771	31750	0.13	30.1
Bacillus_GCF_002565115.1_spacer_6	virome_phage_88	90.476	21	2	0	12	32	25179	25199	0.38	28.5
Bacillus_GCF_002565115.1_spacer_6	virome_phage_800	90.476	21	2	0	12	32	24256	24276	0.38	28.5
Bacillus_GCF_002565115.1_spacer_6	virome_phage_2360	90.476	21	2	0	12	32	7492	7512	0.38	28.5
Bacillus_GCF_002565115.1_spacer_6	virome_phage_2263	75.758	33	8	0	4	36	2494	2526	0.38	28.5
Bacillus_GCF_002565115.1_spacer_6	total_phage_611	75.758	33	8	0	4	36	2668	2700	0.38	28.5
Bacillus_GCF_002565115.1_spacer_6	virome_phage_4	79.310	29	6	0	6	34	127604	127576	0.38	28.5
Bacillus_GCF_002565115.1_spacer_6	virome_phage_1770	81.481	27	5	0	5	31	292	266	0.38	28.5
Bacillus_GCF_002565115.1_spacer_6	total_phage_92	86.957	23	3	0	14	36	80508	80486	0.38	28.5
Bacillus_GCF_002565115.1_spacer_6	total_phage_796	90.476	21	2	0	12	32	30581	30561	0.38	28.5
Bacillus_GCF_002565115.1_spacer_7	total_phage_413	86.957	23	3	0	15	37	97806	97828	0.44	28.5
Bacillus_GCF_002565115.1_spacer_8	virome_phage_8	90.476	21	2	0	8	28	71509	71489	0.38	28.5
Bacillus_GCF_002565115.1_spacer_8	virome_phage_795	84.000	25	4	0	10	34	36914	36890	0.38	28.5
Bacillus_GCF_002565115.1_spacer_8	total_phage_358	86.957	23	3	0	10	32	42307	42285	0.38	28.5
Bacillus_GCF_002565115.1_spacer_9	virome_phage_2270	83.333	30	5	0	3	32	173941	173912	0.016	33.3
Bacillus_GCF_002565115.1_spacer_9	virome_phage_743	95.455	22	1	0	12	33	78110	78131	0.016	33.3
Bacillus_GCF_002565115.1_spacer_9	virome_phage_10	82.759	29	5	0	9	37	67041	67013	0.049	31.7
Bacillus_GCF_002565115.1_spacer_9	total_phage_730	82.759	29	5	0	9	37	119687	119715	0.049	31.7
Bacillus_GCF_002565115.1_spacer_9	virome_phage_739	82.143	28	5	0	6	33	49345	49318	0.15	30.1
Bacillus_GCF_002565115.1_spacer_9	virome_phage_739	76.471	34	8	0	1	34	103174	103207	0.15	30.1
Bacillus_GCF_002565115.1_spacer_9	virome_phage_4	84.615	26	4	0	7	32	144835	144810	0.15	30.1
Bacillus_GCF_002565115.1_spacer_9	virome_phage_4	87.500	24	3	0	12	35	28241	28264	0.15	30.1
Bacillus_GCF_002565115.1_spacer_9	virome_phage_2298	78.125	32	7	0	4	35	26010	25979	0.15	30.1
Bacillus_GCF_002565115.1_spacer_9	total_phage_500	75.000	36	9	0	2	37	29660	29625	0.15	30.1
Bacillus_GCF_002565115.1_spacer_9	total_phage_500	75.758	33	8	0	1	33	67615	67647	0.44	28.5
Bacillus_GCF_002565115.1_spacer_9	total_phage_443	78.125	32	7	0	6	37	9037	9006	0.15	30.1
Bacillus_GCF_002565115.1_spacer_9	total_phage_176	90.909	22	2	0	5	26	6826	6805	0.15	30.1
Bacillus_GCF_002565115.1_spacer_9	virome_phage_2238	75.000	36	9	0	2	37	78297	78332	0.15	30.1
Bacillus_GCF_002565115.1_spacer_9	virome_phage_2238	75.758	33	8	0	1	33	40342	40310	0.44	28.5
Bacillus_GCF_002565115.1_spacer_9	virome_phage_181	84.615	26	4	0	12	37	4324	4349	0.15	30.1
Bacillus_GCF_002565115.1_spacer_9	total_phage_306	84.615	26	4	0	2	27	26830	26855	0.15	30.1
Bacillus_GCF_002565115.1_spacer_9	total_phage_18	84.615	26	4	0	12	37	4427	4452	0.15	30.1
Bacillus_GCF_002565115.1_spacer_9	virome_phage_807	75.758	33	8	0	2	34	23938	23906	0.44	28.5
Bacillus_GCF_002565115.1_spacer_9	virome_phage_795	94.737	19	1	0	15	33	17512	17494	0.44	28.5
Bacillus_GCF_002565115.1_spacer_9	virome_phage_795	84.000	25	4	0	6	30	27763	27739	0.44	28.5
Bacillus_GCF_002565115.1_spacer_9	virome_phage_2272	90.476	21	2	0	13	33	25714	25694	0.44	28.5
Bacillus_GCF_002565115.1_spacer_9	virome_phage_2254	75.758	33	8	0	1	33	58828	58796	0.44	28.5
Bacillus_GCF_002565115.1_spacer_9	virome_phage_2237	74.286	35	9	0	2	36	16035	16001	0.44	28.5
Bacillus_GCF_002565115.1_spacer_9	virome_phage_17	84.000	25	4	0	8	32	31312	31288	0.44	28.5
Bacillus_GCF_002565115.1_spacer_9	total_phage_415	100.000	17	0	0	12	28	1171	1155	0.44	28.5
Bacillus_GCF_002565115.1_spacer_9	total_phage_305	75.758	33	8	0	2	34	6614	6582	0.44	28.5
Bacillus_GCF_002565115.1_spacer_9	virome_phage_895	100.000	17	0	0	9	25	11193	11209	0.44	28.5
Bacillus_GCF_002565115.1_spacer_9	virome_phage_59	90.476	21	2	0	7	27	21522	21542	0.44	28.5
Bacillus_GCF_002565115.1_spacer_9	virome_phage_2312	79.310	29	6	0	8	36	30912	30940	0.44	28.5
Bacillus_GCF_002565115.1_spacer_9	virome_phage_2243	74.286	35	9	0	2	36	1750	1784	0.44	28.5
Bacillus_GCF_002565115.1_spacer_9	total_phage_800	100.000	17	0	0	12	28	31768	31784	0.44	28.5
Bacillus_GCF_002565115.1_spacer_9	total_phage_8	81.481	27	5	0	2	28	23427	23453	0.44	28.5
Bacillus_GCF_002565115.1_spacer_9	total_phage_644	74.286	35	9	0	2	36	1639	1673	0.44	28.5
Bacillus_GCF_002565115.1_spacer_9	total_phage_487	74.286	35	9	0	2	36	276	310	0.44	28.5
Bacillus_GCF_002565115.1_spacer_9	total_phage_368	100.000	17	0	0	12	28	40597	40613	0.44	28.5
Bacillus_GCF_002565115.1_spacer_10	virome_phage_59	87.500	24	3	0	11	34	27587	27564	0.15	30.1
Bacillus_GCF_002565115.1_spacer_10	virome_phage_79	100.000	17	0	0	3	19	27500	27516	0.44	28.5
Bacillus_GCF_002565115.1_spacer_10	virome_phage_2288	100.000	17	0	0	3	19	4801	4785	0.44	28.5
