Bacillus_GCF_002550725.1_spacer_0	virome_phage_738	85.185	27	4	0	9	35	80174	80148	0.049	31.7
Bacillus_GCF_002550725.1_spacer_0	virome_phage_878	80.000	30	6	0	6	35	3155	3184	0.15	30.1
Bacillus_GCF_002550725.1_spacer_0	virome_phage_38	82.143	28	5	0	10	37	44760	44787	0.15	30.1
Bacillus_GCF_002550725.1_spacer_0	virome_phage_828	86.957	23	3	0	5	27	26116	26138	0.44	28.5
Bacillus_GCF_002550725.1_spacer_0	virome_phage_734	84.000	25	4	0	8	32	89819	89843	0.44	28.5
Bacillus_GCF_002550725.1_spacer_1	total_phage_730	90.476	21	2	0	6	26	88596	88576	0.31	28.5
Bacillus_GCF_002550725.1_spacer_1	virome_phage_979	78.571	28	6	0	7	34	16572	16599	0.94	26.9
Bacillus_GCF_002550725.1_spacer_1	total_phage_231	86.364	22	3	0	13	34	99308	99329	0.94	26.9
Bacillus_GCF_002550725.1_spacer_1	virome_phage_191	83.333	24	4	0	2	25	4990	4967	0.94	26.9
Bacillus_GCF_002550725.1_spacer_1	total_phage_254	83.333	24	4	0	2	25	4906	4883	0.94	26.9
Bacillus_GCF_002550725.1_spacer_3	virome_phage_825	90.909	22	2	0	10	31	23351	23372	0.15	30.1
Bacillus_GCF_002550725.1_spacer_3	virome_phage_7	79.310	29	6	0	1	29	14250	14278	0.44	28.5
Bacillus_GCF_002550725.1_spacer_3	total_phage_361	79.310	29	6	0	2	30	7000	6972	0.44	28.5
Bacillus_GCF_002550725.1_spacer_4	virome_phage_898	77.419	31	7	0	1	31	12305	12335	0.38	28.5
