Bacillus_GCA_026786565.1_spacer_0	virome_phage_46	90.476	21	2	0	8	28	2417	2437	0.31	28.5
Bacillus_GCA_026786565.1_spacer_0	virome_phage_855	90.000	20	2	0	2	21	23164	23145	0.94	26.9
Bacillus_GCA_026786565.1_spacer_0	virome_phage_58	94.444	18	1	0	6	23	37626	37643	0.94	26.9
Bacillus_GCA_026786565.1_spacer_0	total_phage_692	90.000	20	2	0	2	21	11340	11359	0.94	26.9
Bacillus_GCA_026786565.1_spacer_0	total_phage_658	90.000	20	2	0	2	21	34562	34543	0.94	26.9
Bacillus_GCA_026786565.1_spacer_2	virome_phage_66	86.957	23	3	0	14	36	7511	7533	0.38	28.5
Bacillus_GCA_026786565.1_spacer_3	total_phage_731	87.500	24	3	0	5	28	139547	139570	0.13	30.1
Bacillus_GCA_026786565.1_spacer_3	virome_phage_9	86.957	23	3	0	2	24	56623	56645	0.38	28.5
Bacillus_GCA_026786565.1_spacer_3	virome_phage_736	94.737	19	1	0	1	19	99173	99155	0.38	28.5
Bacillus_GCA_026786565.1_spacer_5	virome_phage_734	86.957	23	3	0	1	23	291551	291529	0.31	28.5
Bacillus_GCA_026786565.1_spacer_5	total_phage_731	77.419	31	7	0	4	34	32597	32567	0.31	28.5
Bacillus_GCA_026786565.1_spacer_5	total_phage_731	83.333	24	4	0	9	32	77489	77512	0.94	26.9
Bacillus_GCA_026786565.1_spacer_5	virome_phage_979	81.481	27	5	0	8	34	5413	5439	0.31	28.5
Bacillus_GCA_026786565.1_spacer_5	virome_phage_864	94.737	19	1	0	9	27	6384	6402	0.31	28.5
Bacillus_GCA_026786565.1_spacer_5	virome_phage_739	77.419	31	7	0	4	34	121812	121842	0.31	28.5
Bacillus_GCA_026786565.1_spacer_5	virome_phage_997	83.333	24	4	0	1	24	4239	4216	0.94	26.9
Bacillus_GCA_026786565.1_spacer_5	virome_phage_834	80.769	26	5	0	1	26	22732	22707	0.94	26.9
Bacillus_GCA_026786565.1_spacer_5	virome_phage_807	86.364	22	3	0	6	27	19691	19670	0.94	26.9
Bacillus_GCA_026786565.1_spacer_5	virome_phage_742	90.000	20	2	0	14	33	36294	36275	0.94	26.9
Bacillus_GCA_026786565.1_spacer_5	total_phage_803	80.769	26	5	0	2	27	13925	13900	0.94	26.9
Bacillus_GCA_026786565.1_spacer_5	total_phage_783	80.769	26	5	0	2	27	13654	13629	0.94	26.9
Bacillus_GCA_026786565.1_spacer_5	total_phage_666	73.529	34	9	0	1	34	10578	10545	0.94	26.9
Bacillus_GCA_026786565.1_spacer_5	total_phage_609	75.000	32	8	0	2	33	6731	6700	0.94	26.9
Bacillus_GCA_026786565.1_spacer_5	total_phage_512	75.000	32	8	0	2	33	6734	6703	0.94	26.9
Bacillus_GCA_026786565.1_spacer_5	total_phage_305	86.364	22	3	0	6	27	2367	2346	0.94	26.9
Bacillus_GCA_026786565.1_spacer_5	virome_phage_857	83.333	24	4	0	10	33	28720	28743	0.94	26.9
Bacillus_GCA_026786565.1_spacer_5	virome_phage_856	78.571	28	6	0	5	32	27711	27738	0.94	26.9
Bacillus_GCA_026786565.1_spacer_5	virome_phage_823	86.364	22	3	0	4	25	4088	4109	0.94	26.9
Bacillus_GCA_026786565.1_spacer_5	virome_phage_759	90.000	20	2	0	8	27	39056	39075	0.94	26.9
Bacillus_GCA_026786565.1_spacer_5	virome_phage_28	86.364	22	3	0	2	23	52007	52028	0.94	26.9
Bacillus_GCA_026786565.1_spacer_5	virome_phage_2400	83.333	24	4	0	5	28	14146	14169	0.94	26.9
Bacillus_GCA_026786565.1_spacer_5	virome_phage_2298	86.364	22	3	0	5	26	850	871	0.94	26.9
Bacillus_GCA_026786565.1_spacer_5	virome_phage_1770	80.769	26	5	0	7	32	968	993	0.94	26.9
Bacillus_GCA_026786565.1_spacer_5	total_phage_782	80.769	26	5	0	4	29	15086	15111	0.94	26.9
Bacillus_GCA_026786565.1_spacer_5	total_phage_734	86.364	22	3	0	5	26	34033	34054	0.94	26.9
Bacillus_GCA_026786565.1_spacer_5	total_phage_639	73.529	34	9	0	1	34	13443	13476	0.94	26.9
Bacillus_GCA_026786565.1_spacer_5	total_phage_363	94.444	18	1	0	4	21	26194	26211	0.94	26.9
Bacillus_GCA_026786565.1_spacer_6	virome_phage_840	77.419	31	7	0	6	36	19981	19951	0.38	28.5
Bacillus_GCA_026786565.1_spacer_6	virome_phage_2330	86.957	23	3	0	11	33	23736	23714	0.38	28.5
Bacillus_GCA_026786565.1_spacer_7	total_phage_413	86.957	23	3	0	12	34	112084	112106	0.31	28.5
Bacillus_GCA_026786565.1_spacer_7	virome_phage_96	76.667	30	7	0	3	32	23985	24014	0.94	26.9
Bacillus_GCA_026786565.1_spacer_8	virome_phage_815	87.500	24	3	0	12	35	37300	37323	0.13	30.1
Bacillus_GCA_026786565.1_spacer_8	total_phage_111	87.500	24	3	0	12	35	40203	40226	0.13	30.1
Bacillus_GCA_026786565.1_spacer_8	total_phage_111	87.500	24	3	0	12	35	80445	80468	0.13	30.1
Bacillus_GCA_026786565.1_spacer_8	virome_phage_925	84.000	25	4	0	2	26	13551	13527	0.38	28.5
Bacillus_GCA_026786565.1_spacer_8	virome_phage_734	81.481	27	5	0	7	33	187426	187400	0.38	28.5
Bacillus_GCA_026786565.1_spacer_8	virome_phage_792	86.957	23	3	0	9	31	15111	15133	0.38	28.5
Bacillus_GCA_026786565.1_spacer_8	virome_phage_5	84.000	25	4	0	6	30	106123	106147	0.38	28.5
Bacillus_GCA_026786565.1_spacer_9	virome_phage_746	84.000	25	4	0	3	27	22829	22805	0.31	28.5
Bacillus_GCA_026786565.1_spacer_9	virome_phage_56	81.481	27	5	0	4	30	38991	39017	0.31	28.5
Bacillus_GCA_026786565.1_spacer_9	total_phage_616	81.481	27	5	0	1	27	1474	1500	0.31	28.5
Bacillus_GCA_026786565.1_spacer_9	virome_phage_882	83.333	24	4	0	1	24	8419	8396	0.94	26.9
Bacillus_GCA_026786565.1_spacer_9	virome_phage_835	86.364	22	3	0	9	30	16368	16347	0.94	26.9
Bacillus_GCA_026786565.1_spacer_9	virome_phage_79	76.667	30	7	0	5	34	6500	6471	0.94	26.9
Bacillus_GCA_026786565.1_spacer_9	virome_phage_742	94.444	18	1	0	14	31	88308	88325	0.94	26.9
Bacillus_GCA_026786565.1_spacer_9	virome_phage_2407	94.444	18	1	0	7	24	2757	2740	0.94	26.9
Bacillus_GCA_026786565.1_spacer_9	virome_phage_2342	83.333	24	4	0	5	28	5290	5267	0.94	26.9
Bacillus_GCA_026786565.1_spacer_9	virome_phage_189	75.000	32	8	0	1	32	12046	12077	0.94	26.9
Bacillus_GCA_026786565.1_spacer_9	virome_phage_14	86.364	22	3	0	3	24	25306	25327	0.94	26.9
Bacillus_GCA_026786565.1_spacer_9	virome_phage_1006	75.000	32	8	0	1	32	3820	3789	0.94	26.9
Bacillus_GCA_026786565.1_spacer_9	total_phage_794	78.571	28	6	0	5	32	30911	30884	0.94	26.9
Bacillus_GCA_026786565.1_spacer_9	total_phage_783	83.333	24	4	0	6	29	21552	21529	0.94	26.9
Bacillus_GCA_026786565.1_spacer_9	total_phage_731	86.364	22	3	0	6	27	127192	127213	0.94	26.9
Bacillus_GCA_026786565.1_spacer_9	total_phage_658	80.769	26	5	0	1	26	51715	51740	0.94	26.9
Bacillus_GCA_026786565.1_spacer_9	total_phage_363	80.769	26	5	0	3	28	21453	21478	0.94	26.9
Bacillus_GCA_026786565.1_spacer_9	total_phage_233	76.667	30	7	0	5	34	32731	32702	0.94	26.9
Bacillus_GCA_026786565.1_spacer_9	total_phage_232	83.333	24	4	0	10	33	31618	31641	0.94	26.9
