Bacillus_GCA_028462395.1_spacer_0	virome_phage_9	95.000	20	1	0	25	44	117201	117220	0.42	30.1
Bacillus_GCA_028462395.1_spacer_1	virome_phage_38	85.714	28	4	0	7	34	17397	17424	0.049	33.3
Bacillus_GCA_028462395.1_spacer_1	virome_phage_783	78.125	32	7	0	9	40	3638	3607	0.44	30.1
Bacillus_GCA_028462395.1_spacer_2	total_phage_12	77.143	35	8	0	14	48	21100	21134	0.15	31.7
Bacillus_GCA_028462395.1_spacer_4	total_phage_733	84.615	26	4	0	2	27	17957	17932	0.42	30.1
Bacillus_GCA_028462395.1_spacer_4	total_phage_189	84.615	26	4	0	2	27	15930	15905	0.42	30.1
Bacillus_GCA_028462395.1_spacer_4	virome_phage_891	84.615	26	4	0	2	27	7822	7847	0.42	30.1
Bacillus_GCA_028462395.1_spacer_4	virome_phage_1	87.500	24	3	0	3	26	36209	36232	0.42	30.1
Bacillus_GCA_028462395.1_spacer_5	virome_phage_894	80.000	30	6	0	4	33	9078	9049	0.44	30.1
Bacillus_GCA_028462395.1_spacer_5	virome_phage_829	90.909	22	2	0	5	26	25516	25495	0.44	30.1
Bacillus_GCA_028462395.1_spacer_6	total_phage_733	84.615	26	4	0	2	27	17957	17932	0.42	30.1
Bacillus_GCA_028462395.1_spacer_6	total_phage_189	84.615	26	4	0	2	27	15930	15905	0.42	30.1
Bacillus_GCA_028462395.1_spacer_6	virome_phage_891	84.615	26	4	0	2	27	7822	7847	0.42	30.1
Bacillus_GCA_028462395.1_spacer_6	virome_phage_1	87.500	24	3	0	3	26	36209	36232	0.42	30.1
Bacillus_GCA_028462395.1_spacer_7	virome_phage_894	80.000	30	6	0	4	33	9078	9049	0.44	30.1
Bacillus_GCA_028462395.1_spacer_7	virome_phage_829	90.909	22	2	0	5	26	25516	25495	0.44	30.1
Bacillus_GCA_028462395.1_spacer_8	total_phage_733	84.615	26	4	0	2	27	17957	17932	0.42	30.1
Bacillus_GCA_028462395.1_spacer_8	total_phage_189	84.615	26	4	0	2	27	15930	15905	0.42	30.1
Bacillus_GCA_028462395.1_spacer_8	virome_phage_891	84.615	26	4	0	2	27	7822	7847	0.42	30.1
Bacillus_GCA_028462395.1_spacer_8	virome_phage_1	87.500	24	3	0	3	26	36209	36232	0.42	30.1
Bacillus_GCA_028462395.1_spacer_9	virome_phage_829	90.909	22	2	0	5	26	25516	25495	0.46	30.1
