Bacillus_GCF_002554755.1_spacer_0	total_phage_793	87.500	24	3	0	8	31	31189	31212	0.13	30.1
Bacillus_GCF_002554755.1_spacer_0	total_phage_363	87.500	24	3	0	8	31	24748	24771	0.13	30.1
Bacillus_GCF_002554755.1_spacer_0	total_phage_362	87.500	24	3	0	8	31	34745	34768	0.13	30.1
Bacillus_GCF_002554755.1_spacer_0	virome_phage_745	86.957	23	3	0	7	29	64906	64884	0.38	28.5
Bacillus_GCF_002554755.1_spacer_0	total_phage_605	90.476	21	2	0	8	28	18515	18495	0.38	28.5
Bacillus_GCF_002554755.1_spacer_0	total_phage_526	90.476	21	2	0	8	28	8320	8300	0.38	28.5
Bacillus_GCF_002554755.1_spacer_1	virome_phage_2312	79.310	29	6	0	3	31	29336	29308	0.38	28.5
Bacillus_GCF_002554755.1_spacer_2	virome_phage_2237	86.957	23	3	0	14	36	1174	1152	0.38	28.5
Bacillus_GCF_002554755.1_spacer_2	virome_phage_746	84.000	25	4	0	8	32	61001	61025	0.38	28.5
Bacillus_GCF_002554755.1_spacer_2	virome_phage_2243	86.957	23	3	0	14	36	16611	16633	0.38	28.5
Bacillus_GCF_002554755.1_spacer_2	total_phage_644	86.957	23	3	0	14	36	16500	16522	0.38	28.5
Bacillus_GCF_002554755.1_spacer_3	virome_phage_2323	91.304	23	2	0	8	30	19529	19551	0.042	31.7
Bacillus_GCF_002554755.1_spacer_3	virome_phage_734	81.481	27	5	0	6	32	312446	312472	0.38	28.5
Bacillus_GCF_002554755.1_spacer_3	virome_phage_878	79.310	29	6	0	8	36	20650	20622	0.38	28.5
