Bacillus_GCA_002579475.1_spacer_1	virome_phage_8	77.778	36	8	0	1	36	667	632	0.014	33.3
Bacillus_GCA_002579475.1_spacer_1	virome_phage_8	85.185	27	4	0	7	33	1089	1063	0.042	31.7
Bacillus_GCA_002579475.1_spacer_1	total_phage_927	82.759	29	5	0	5	33	123195	123223	0.042	31.7
Bacillus_GCA_002579475.1_spacer_1	virome_phage_742	87.500	24	3	0	5	28	14683	14660	0.13	30.1
Bacillus_GCA_002579475.1_spacer_1	virome_phage_4	84.000	25	4	0	10	34	49332	49356	0.38	28.5
Bacillus_GCA_002579475.1_spacer_1	virome_phage_2342	84.000	25	4	0	12	36	5637	5613	0.38	28.5
Bacillus_GCA_002579475.1_spacer_2	total_phage_729	87.500	24	3	0	11	34	87829	87852	0.13	30.1
Bacillus_GCA_002579475.1_spacer_2	virome_phage_2306	77.419	31	7	0	4	34	835	865	0.38	28.5
Bacillus_GCA_002579475.1_spacer_3	virome_phage_770	81.481	27	5	0	6	32	23878	23904	0.31	28.5
Bacillus_GCA_002579475.1_spacer_3	virome_phage_10	90.476	21	2	0	4	24	104656	104636	0.31	28.5
Bacillus_GCA_002579475.1_spacer_3	total_phage_730	90.476	21	2	0	4	24	81621	81641	0.31	28.5
Bacillus_GCA_002579475.1_spacer_3	virome_phage_823	75.000	32	8	0	3	34	20356	20325	0.94	26.9
Bacillus_GCA_002579475.1_spacer_3	virome_phage_8	86.364	22	3	0	4	25	1053	1074	0.94	26.9
Bacillus_GCA_002579475.1_spacer_3	virome_phage_2286	94.444	18	1	0	14	31	41312	41329	0.94	26.9
Bacillus_GCA_002579475.1_spacer_3	virome_phage_2254	83.333	24	4	0	3	26	127378	127401	0.94	26.9
Bacillus_GCA_002579475.1_spacer_3	total_phage_655	75.000	32	8	0	2	33	9780	9749	0.94	26.9
Bacillus_GCA_002579475.1_spacer_3	total_phage_233	86.364	22	3	0	5	26	67652	67631	0.94	26.9
Bacillus_GCA_002579475.1_spacer_3	total_phage_102	80.769	26	5	0	7	32	3922	3897	0.94	26.9
Bacillus_GCA_002579475.1_spacer_5	virome_phage_764	81.481	27	5	0	9	35	3259	3233	0.44	28.5
Bacillus_GCA_002579475.1_spacer_5	total_phage_729	81.481	27	5	0	9	35	8915	8889	0.44	28.5
Bacillus_GCA_002579475.1_spacer_5	total_phage_3	100.000	17	0	0	19	35	33557	33573	0.44	28.5
Bacillus_GCA_002579475.1_spacer_5	total_phage_233	81.481	27	5	0	11	37	27215	27241	0.44	28.5
Bacillus_GCA_002579475.1_spacer_6	virome_phage_2312	86.957	23	3	0	2	24	22103	22125	0.38	28.5
