Bacillus_GCF_900094865.1_spacer_0	virome_phage_3	95.238	21	1	0	4	24	13778	13758	0.028	31.7
Bacillus_GCF_900094865.1_spacer_0	virome_phage_748	81.481	27	5	0	1	27	40505	40531	0.25	28.5
Bacillus_GCF_900094865.1_spacer_0	virome_phage_747	86.957	23	3	0	2	24	63783	63761	0.25	28.5
Bacillus_GCF_900094865.1_spacer_0	virome_phage_739	86.957	23	3	0	1	23	2107	2085	0.25	28.5
Bacillus_GCF_900094865.1_spacer_0	total_phage_729	90.476	21	2	0	3	23	140596	140616	0.25	28.5
Bacillus_GCF_900094865.1_spacer_0	virome_phage_899	83.333	24	4	0	2	25	15134	15157	0.76	26.9
Bacillus_GCF_900094865.1_spacer_0	virome_phage_71	83.333	24	4	0	2	25	27027	27050	0.76	26.9
Bacillus_GCF_900094865.1_spacer_0	total_phage_715	90.000	20	2	0	1	20	4227	4208	0.76	26.9
Bacillus_GCF_900094865.1_spacer_0	total_phage_299	94.444	18	1	0	8	25	23833	23816	0.76	26.9
Bacillus_GCF_900094865.1_spacer_1	virome_phage_771	81.481	27	5	0	4	30	43209	43235	0.25	28.5
Bacillus_GCF_900094865.1_spacer_1	virome_phage_2359	84.000	25	4	0	2	26	2260	2236	0.25	28.5
Bacillus_GCF_900094865.1_spacer_1	virome_phage_2322	80.769	26	5	0	5	30	5506	5531	0.76	26.9
Bacillus_GCF_900094865.1_spacer_1	virome_phage_10	90.000	20	2	0	4	23	98110	98091	0.76	26.9
Bacillus_GCF_900094865.1_spacer_1	total_phage_730	90.000	20	2	0	4	23	87543	87562	0.76	26.9
Bacillus_GCF_900094865.1_spacer_1	total_phage_729	90.000	20	2	0	6	25	67197	67216	0.76	26.9
Bacillus_GCF_900094865.1_spacer_2	virome_phage_69	86.957	23	3	0	1	23	38629	38607	0.25	28.5
Bacillus_GCF_900094865.1_spacer_2	virome_phage_66	81.481	27	5	0	2	28	19848	19874	0.25	28.5
Bacillus_GCF_900094865.1_spacer_2	virome_phage_742	90.000	20	2	0	4	23	67603	67622	0.76	26.9
Bacillus_GCF_900094865.1_spacer_2	total_phage_735	90.000	20	2	0	8	27	554	573	0.76	26.9
Bacillus_GCF_900094865.1_spacer_3	virome_phage_748	80.000	30	6	0	1	30	913	884	0.084	30.1
Bacillus_GCF_900094865.1_spacer_3	virome_phage_903	83.333	24	4	0	3	26	10707	10730	0.76	26.9
Bacillus_GCF_900094865.1_spacer_3	virome_phage_826	86.364	22	3	0	10	31	20116	20137	0.76	26.9
Bacillus_GCF_900094865.1_spacer_5	virome_phage_766	94.444	18	1	0	6	23	40735	40718	0.76	26.9
Bacillus_GCF_900094865.1_spacer_5	virome_phage_734	80.769	26	5	0	6	31	289835	289810	0.76	26.9
Bacillus_GCF_900094865.1_spacer_5	virome_phage_2269	94.444	18	1	0	12	29	91476	91459	0.76	26.9
Bacillus_GCF_900094865.1_spacer_5	total_phage_934	100.000	16	0	0	4	19	5747	5732	0.76	26.9
Bacillus_GCF_900094865.1_spacer_6	virome_phage_34	79.310	29	6	0	2	30	25142	25114	0.25	28.5
Bacillus_GCF_900094865.1_spacer_6	virome_phage_2254	83.333	24	4	0	8	31	88704	88681	0.76	26.9
Bacillus_GCF_900094865.1_spacer_6	virome_phage_2238	83.333	24	4	0	8	31	70222	70199	0.76	26.9
Bacillus_GCF_900094865.1_spacer_6	total_phage_500	83.333	24	4	0	8	31	37735	37758	0.76	26.9
Bacillus_GCF_900094865.1_spacer_6	total_phage_445	86.364	22	3	0	9	30	42743	42764	0.76	26.9
Bacillus_GCF_900094865.1_spacer_6	total_phage_364	90.000	20	2	0	3	22	22622	22641	0.76	26.9
Bacillus_GCF_900094865.1_spacer_7	virome_phage_828	81.481	27	5	0	3	29	32825	32799	0.25	28.5
Bacillus_GCF_900094865.1_spacer_7	virome_phage_2407	81.481	27	5	0	1	27	723	749	0.25	28.5
Bacillus_GCF_900094865.1_spacer_7	virome_phage_2310	81.481	27	5	0	3	29	11592	11618	0.25	28.5
Bacillus_GCF_900094865.1_spacer_7	virome_phage_82	80.769	26	5	0	3	28	27238	27213	0.76	26.9
Bacillus_GCF_900094865.1_spacer_7	virome_phage_734	83.333	24	4	0	4	27	173382	173359	0.76	26.9
Bacillus_GCF_900094865.1_spacer_7	virome_phage_17	78.571	28	6	0	1	28	19563	19536	0.76	26.9
Bacillus_GCF_900094865.1_spacer_7	total_phage_731	78.571	28	6	0	3	30	42298	42271	0.76	26.9
Bacillus_GCF_900094865.1_spacer_7	virome_phage_955	90.000	20	2	0	4	23	4464	4483	0.76	26.9
Bacillus_GCF_900094865.1_spacer_7	virome_phage_759	80.769	26	5	0	3	28	56889	56914	0.76	26.9
Bacillus_GCF_900094865.1_spacer_7	virome_phage_743	86.364	22	3	0	2	23	37385	37406	0.76	26.9
Bacillus_GCF_900094865.1_spacer_7	total_phage_655	86.364	22	3	0	4	25	9192	9213	0.76	26.9
Bacillus_GCF_900094865.1_spacer_8	virome_phage_764	94.444	18	1	0	2	19	25718	25701	0.76	26.9
Bacillus_GCF_900094865.1_spacer_9	virome_phage_10	86.364	22	3	0	1	22	13560	13581	0.76	26.9
Bacillus_GCF_900094865.1_spacer_9	virome_phage_735	83.333	24	4	0	7	30	68401	68378	0.76	26.9
Bacillus_GCF_900094865.1_spacer_10	virome_phage_79	91.667	24	2	0	8	31	34331	34354	0.014	33.3
Bacillus_GCF_900094865.1_spacer_10	virome_phage_127	88.000	25	3	0	9	33	13734	13710	0.042	31.7
Bacillus_GCF_900094865.1_spacer_10	virome_phage_865	91.304	23	2	0	5	27	6902	6924	0.042	31.7
Bacillus_GCF_900094865.1_spacer_10	virome_phage_834	91.304	23	2	0	5	27	11258	11280	0.042	31.7
Bacillus_GCF_900094865.1_spacer_10	virome_phage_792	87.500	24	3	0	8	31	32896	32919	0.13	30.1
Bacillus_GCF_900094865.1_spacer_10	virome_phage_3	82.143	28	5	0	3	30	58743	58770	0.13	30.1
Bacillus_GCF_900094865.1_spacer_10	total_phage_417	87.500	24	3	0	8	31	15974	15997	0.13	30.1
Bacillus_GCF_900094865.1_spacer_10	virome_phage_7	79.310	29	6	0	5	33	104197	104169	0.38	28.5
Bacillus_GCF_900094865.1_spacer_10	virome_phage_28	79.310	29	6	0	3	31	27979	27951	0.38	28.5
Bacillus_GCF_900094865.1_spacer_10	virome_phage_2407	79.310	29	6	0	3	31	16101	16073	0.38	28.5
Bacillus_GCF_900094865.1_spacer_10	total_phage_804	84.000	25	4	0	5	29	17169	17145	0.38	28.5
Bacillus_GCF_900094865.1_spacer_10	total_phage_797	86.957	23	3	0	5	27	22838	22816	0.38	28.5
Bacillus_GCF_900094865.1_spacer_10	total_phage_796	86.957	23	3	0	5	27	27164	27142	0.38	28.5
Bacillus_GCF_900094865.1_spacer_10	total_phage_794	81.481	27	5	0	3	29	997	971	0.38	28.5
Bacillus_GCF_900094865.1_spacer_10	total_phage_360	86.957	23	3	0	5	27	28761	28739	0.38	28.5
Bacillus_GCF_900094865.1_spacer_10	total_phage_242	81.481	27	5	0	3	29	15604	15578	0.38	28.5
Bacillus_GCF_900094865.1_spacer_10	total_phage_117	86.957	23	3	0	5	27	26674	26652	0.38	28.5
Bacillus_GCF_900094865.1_spacer_10	virome_phage_88	86.957	23	3	0	5	27	28596	28618	0.38	28.5
Bacillus_GCF_900094865.1_spacer_10	virome_phage_855	86.957	23	3	0	5	27	31603	31625	0.38	28.5
Bacillus_GCF_900094865.1_spacer_10	virome_phage_850	84.000	25	4	0	10	34	5534	5558	0.38	28.5
Bacillus_GCF_900094865.1_spacer_10	virome_phage_829	79.310	29	6	0	5	33	36014	36042	0.38	28.5
Bacillus_GCF_900094865.1_spacer_10	virome_phage_800	86.957	23	3	0	5	27	27673	27695	0.38	28.5
Bacillus_GCF_900094865.1_spacer_10	virome_phage_734	86.957	23	3	0	5	27	117917	117939	0.38	28.5
Bacillus_GCF_900094865.1_spacer_10	virome_phage_69	90.476	21	2	0	3	23	8268	8288	0.38	28.5
Bacillus_GCF_900094865.1_spacer_10	virome_phage_2360	86.957	23	3	0	5	27	10909	10931	0.38	28.5
Bacillus_GCF_900094865.1_spacer_10	virome_phage_119	79.310	29	6	0	5	33	17938	17966	0.38	28.5
Bacillus_GCF_900094865.1_spacer_10	total_phage_92	77.419	31	7	0	2	32	127842	127872	0.38	28.5
Bacillus_GCF_900094865.1_spacer_10	total_phage_371	86.957	23	3	0	5	27	2063	2085	0.38	28.5
Bacillus_GCF_900094865.1_spacer_10	total_phage_237	86.957	23	3	0	14	36	3997	4019	0.38	28.5
Bacillus_GCF_900094865.1_spacer_11	virome_phage_2293	94.737	19	1	0	11	29	29834	29852	0.50	28.5
Bacillus_GCF_900094865.1_spacer_11	total_phage_92	90.476	21	2	0	10	30	159598	159618	0.50	28.5
Bacillus_GCF_900094865.1_spacer_12	virome_phage_796	90.476	21	2	0	14	34	34703	34723	0.38	28.5
Bacillus_GCF_900094865.1_spacer_12	virome_phage_738	90.476	21	2	0	10	30	66442	66462	0.38	28.5
Bacillus_GCF_900094865.1_spacer_12	virome_phage_4	90.476	21	2	0	10	30	30464	30444	0.38	28.5
Bacillus_GCF_900094865.1_spacer_13	virome_phage_734	90.476	21	2	0	6	26	223696	223676	0.44	28.5
Bacillus_GCF_900094865.1_spacer_14	total_phage_604	80.000	30	6	0	9	38	27764	27735	0.17	30.1
Bacillus_GCF_900094865.1_spacer_14	total_phage_525	80.000	30	6	0	9	38	17071	17042	0.17	30.1
Bacillus_GCF_900094865.1_spacer_14	total_phage_725	79.310	29	6	0	10	38	19911	19883	0.50	28.5
Bacillus_GCF_900094865.1_spacer_14	total_phage_483	79.310	29	6	0	10	38	7486	7458	0.50	28.5
Bacillus_GCF_900094865.1_spacer_14	virome_phage_797	86.957	23	3	0	16	38	12722	12744	0.50	28.5
