Bacillus_GCF_002912045.1_spacer_0	virome_phage_811	68.000	50	16	0	11	60	22757	22806	0.76	30.1
Bacillus_GCF_002912045.1_spacer_0	virome_phage_758	75.000	36	9	0	24	59	28051	28086	0.76	30.1
Bacillus_GCF_002912045.1_spacer_0	virome_phage_59	78.125	32	7	0	13	44	24611	24642	0.76	30.1
Bacillus_GCF_002912045.1_spacer_1	virome_phage_1217	84.000	25	4	0	14	38	3867	3891	0.69	28.5
Bacillus_GCF_002912045.1_spacer_1	total_phage_413	84.000	25	4	0	16	40	5767	5791	0.69	28.5
Bacillus_GCF_002912045.1_spacer_2	virome_phage_69	90.909	22	2	0	12	33	36012	35991	0.23	30.1
Bacillus_GCF_002912045.1_spacer_2	virome_phage_974	77.419	31	7	0	2	32	1869	1839	0.69	28.5
Bacillus_GCF_002912045.1_spacer_2	virome_phage_2327	84.000	25	4	0	4	28	18964	18988	0.69	28.5
Bacillus_GCF_002912045.1_spacer_2	virome_phage_2296	79.310	29	6	0	3	31	5001	5029	0.69	28.5
Bacillus_GCF_002912045.1_spacer_2	virome_phage_2286	81.481	27	5	0	8	34	13094	13120	0.69	28.5
Bacillus_GCF_002912045.1_spacer_2	virome_phage_17	86.957	23	3	0	10	32	35365	35343	0.69	28.5
Bacillus_GCF_002912045.1_spacer_3	virome_phage_768	84.000	25	4	0	16	40	8082	8106	0.69	28.5
Bacillus_GCF_002912045.1_spacer_3	virome_phage_738	84.000	25	4	0	5	29	69927	69951	0.69	28.5
Bacillus_GCF_002912045.1_spacer_3	virome_phage_64	90.476	21	2	0	8	28	26835	26855	0.69	28.5
Bacillus_GCF_002912045.1_spacer_3	virome_phage_2306	90.476	21	2	0	8	28	16820	16840	0.69	28.5
Bacillus_GCF_002912045.1_spacer_3	virome_phage_2314	94.737	19	1	0	13	31	15383	15365	0.69	28.5
Bacillus_GCF_002912045.1_spacer_4	virome_phage_739	80.645	31	6	0	10	40	82816	82846	0.070	31.7
Bacillus_GCF_002912045.1_spacer_4	virome_phage_219	79.310	29	6	0	3	31	2402	2374	0.63	28.5
Bacillus_GCF_002912045.1_spacer_4	total_phage_809	79.310	29	6	0	3	31	3853	3825	0.63	28.5
Bacillus_GCF_002912045.1_spacer_5	virome_phage_734	76.471	34	8	0	4	37	172095	172128	0.21	30.1
Bacillus_GCF_002912045.1_spacer_5	virome_phage_3	87.500	24	3	0	12	35	135931	135908	0.21	30.1
Bacillus_GCF_002912045.1_spacer_5	total_phage_739	95.000	20	1	0	16	35	10361	10342	0.21	30.1
Bacillus_GCF_002912045.1_spacer_5	virome_phage_1	90.476	21	2	0	9	29	98393	98413	0.63	28.5
Bacillus_GCF_002912045.1_spacer_5	virome_phage_26	79.310	29	6	0	7	35	7085	7057	0.63	28.5
Bacillus_GCF_002912045.1_spacer_5	virome_phage_2342	86.957	23	3	0	7	29	2523	2501	0.63	28.5
Bacillus_GCF_002912045.1_spacer_6	virome_phage_2285	86.957	23	3	0	18	40	22303	22325	0.63	28.5
Bacillus_GCF_002912045.1_spacer_7	virome_phage_751	86.207	29	4	0	13	41	13745	13773	0.009	34.9
Bacillus_GCF_002912045.1_spacer_7	virome_phage_817	83.333	30	5	0	13	42	30120	30149	0.026	33.3
Bacillus_GCF_002912045.1_spacer_7	total_phage_729	80.645	31	6	0	6	36	125310	125340	0.077	31.7
Bacillus_GCF_002912045.1_spacer_7	virome_phage_850	90.909	22	2	0	8	29	14459	14480	0.23	30.1
Bacillus_GCF_002912045.1_spacer_7	virome_phage_83	90.909	22	2	0	18	39	20952	20973	0.23	30.1
Bacillus_GCF_002912045.1_spacer_7	total_phage_800	95.000	20	1	0	14	33	26125	26144	0.23	30.1
Bacillus_GCF_002912045.1_spacer_7	total_phage_793	82.143	28	5	0	15	42	14219	14246	0.23	30.1
Bacillus_GCF_002912045.1_spacer_7	total_phage_175	82.143	28	5	0	15	42	31140	31113	0.23	30.1
Bacillus_GCF_002912045.1_spacer_7	virome_phage_974	74.286	35	9	0	8	42	14946	14980	0.69	28.5
Bacillus_GCF_002912045.1_spacer_7	virome_phage_748	84.000	25	4	0	14	38	12885	12909	0.69	28.5
Bacillus_GCF_002912045.1_spacer_7	virome_phage_738	90.476	21	2	0	17	37	2645	2665	0.69	28.5
Bacillus_GCF_002912045.1_spacer_7	virome_phage_734	90.476	21	2	0	21	41	159281	159261	0.69	28.5
Bacillus_GCF_002912045.1_spacer_7	virome_phage_2325	84.000	25	4	0	16	40	29317	29293	0.69	28.5
Bacillus_GCF_002912045.1_spacer_7	total_phage_12	75.758	33	8	0	8	40	403	371	0.69	28.5
Bacillus_GCF_002912045.1_spacer_8	total_phage_666	85.185	27	4	0	12	38	13843	13817	0.077	31.7
Bacillus_GCF_002912045.1_spacer_8	total_phage_639	85.185	27	4	0	12	38	10178	10204	0.077	31.7
Bacillus_GCF_002912045.1_spacer_8	virome_phage_2254	76.471	34	8	0	9	42	1570	1537	0.23	30.1
Bacillus_GCF_002912045.1_spacer_8	virome_phage_2254	86.957	23	3	0	20	42	110996	111018	0.69	28.5
Bacillus_GCF_002912045.1_spacer_8	virome_phage_850	77.419	31	7	0	8	38	21891	21861	0.69	28.5
Bacillus_GCF_002912045.1_spacer_8	virome_phage_828	77.419	31	7	0	8	38	17987	17957	0.69	28.5
Bacillus_GCF_002912045.1_spacer_8	virome_phage_764	77.419	31	7	0	8	38	17485	17455	0.69	28.5
Bacillus_GCF_002912045.1_spacer_8	virome_phage_7	79.310	29	6	0	5	33	94433	94405	0.69	28.5
Bacillus_GCF_002912045.1_spacer_8	virome_phage_2298	77.419	31	7	0	8	38	18739	18709	0.69	28.5
Bacillus_GCF_002912045.1_spacer_8	virome_phage_181	90.476	21	2	0	22	42	14157	14137	0.69	28.5
Bacillus_GCF_002912045.1_spacer_8	virome_phage_10	75.758	33	8	0	6	38	58688	58656	0.69	28.5
Bacillus_GCF_002912045.1_spacer_8	total_phage_92	74.286	35	9	0	8	42	74780	74746	0.69	28.5
Bacillus_GCF_002912045.1_spacer_8	total_phage_734	79.310	29	6	0	14	42	23698	23670	0.69	28.5
Bacillus_GCF_002912045.1_spacer_8	total_phage_500	86.957	23	3	0	20	42	15436	15414	0.69	28.5
Bacillus_GCF_002912045.1_spacer_8	total_phage_18	90.476	21	2	0	22	42	14258	14238	0.69	28.5
Bacillus_GCF_002912045.1_spacer_8	virome_phage_993	90.476	21	2	0	22	42	2360	2380	0.69	28.5
Bacillus_GCF_002912045.1_spacer_8	virome_phage_743	81.481	27	5	0	10	36	39818	39844	0.69	28.5
Bacillus_GCF_002912045.1_spacer_8	virome_phage_28	86.957	23	3	0	19	41	54406	54428	0.69	28.5
Bacillus_GCF_002912045.1_spacer_8	virome_phage_2310	79.310	29	6	0	14	42	9447	9475	0.69	28.5
Bacillus_GCF_002912045.1_spacer_8	total_phage_730	75.758	33	8	0	6	38	128040	128072	0.69	28.5
Bacillus_GCF_002912045.1_spacer_11	virome_phage_2285	80.645	31	6	0	9	39	9718	9748	0.077	31.7
Bacillus_GCF_002912045.1_spacer_11	total_phage_783	80.000	30	6	0	4	33	1646	1617	0.23	30.1
Bacillus_GCF_002912045.1_spacer_11	virome_phage_932	79.310	29	6	0	11	39	18766	18794	0.69	28.5
