Bacillus_GCA_002911905.1_spacer_0	virome_phage_2327	76.471	34	8	0	4	37	17118	17151	0.15	30.1
Bacillus_GCA_002911905.1_spacer_0	virome_phage_894	94.737	19	1	0	5	23	18241	18223	0.44	28.5
Bacillus_GCA_002911905.1_spacer_0	virome_phage_798	90.476	21	2	0	3	23	2460	2480	0.44	28.5
Bacillus_GCA_002911905.1_spacer_0	virome_phage_748	77.419	31	7	0	4	34	52241	52211	0.44	28.5
Bacillus_GCA_002911905.1_spacer_0	virome_phage_745	81.481	27	5	0	6	32	13492	13466	0.44	28.5
Bacillus_GCA_002911905.1_spacer_0	virome_phage_735	90.476	21	2	0	4	24	52385	52405	0.44	28.5
Bacillus_GCA_002911905.1_spacer_0	virome_phage_2304	90.476	21	2	0	3	23	1394	1414	0.44	28.5
Bacillus_GCA_002911905.1_spacer_0	total_phage_795	90.476	21	2	0	3	23	31829	31849	0.44	28.5
Bacillus_GCA_002911905.1_spacer_0	total_phage_231	94.737	19	1	0	5	23	95958	95976	0.44	28.5
Bacillus_GCA_002911905.1_spacer_0	total_phage_113	90.476	21	2	0	3	23	37017	37037	0.44	28.5
Bacillus_GCA_002911905.1_spacer_1	virome_phage_745	82.143	28	5	0	7	34	69763	69790	0.19	30.1
Bacillus_GCA_002911905.1_spacer_1	virome_phage_2322	84.000	25	4	0	12	36	27598	27622	0.57	28.5
Bacillus_GCA_002911905.1_spacer_2	total_phage_729	90.909	22	2	0	9	30	99029	99050	0.15	30.1
Bacillus_GCA_002911905.1_spacer_2	virome_phage_7	100.000	17	0	0	19	35	75007	74991	0.44	28.5
Bacillus_GCA_002911905.1_spacer_3	virome_phage_885	78.125	32	7	0	7	38	13318	13287	0.17	30.1
Bacillus_GCA_002911905.1_spacer_3	virome_phage_15	84.615	26	4	0	11	36	79216	79191	0.17	30.1
Bacillus_GCA_002911905.1_spacer_3	virome_phage_2255	81.481	27	5	0	9	35	23705	23679	0.50	28.5
