Bacillus_GCF_002569225.1_spacer_0	virome_phage_792	91.304	23	2	0	6	28	31326	31348	0.042	31.7
Bacillus_GCF_002569225.1_spacer_0	virome_phage_9	82.143	28	5	0	1	28	102289	102262	0.13	30.1
Bacillus_GCF_002569225.1_spacer_0	virome_phage_824	90.476	21	2	0	12	32	30981	30961	0.38	28.5
Bacillus_GCF_002569225.1_spacer_0	virome_phage_38	90.476	21	2	0	7	27	38468	38448	0.38	28.5
Bacillus_GCF_002569225.1_spacer_0	virome_phage_2327	79.310	29	6	0	3	31	24436	24464	0.38	28.5
Bacillus_GCF_002569225.1_spacer_0	total_phage_925	75.758	33	8	0	1	33	3106	3074	0.38	28.5
Bacillus_GCF_002569225.1_spacer_0	total_phage_795	77.419	31	7	0	2	32	23109	23079	0.38	28.5
Bacillus_GCF_002569225.1_spacer_0	total_phage_415	84.000	25	4	0	8	32	25524	25500	0.38	28.5
Bacillus_GCF_002569225.1_spacer_1	total_phage_730	77.419	31	7	0	7	37	76137	76107	0.44	28.5
Bacillus_GCF_002569225.1_spacer_1	virome_phage_10	77.419	31	7	0	7	37	110153	110183	0.44	28.5
Bacillus_GCF_002569225.1_spacer_2	total_phage_794	86.957	23	3	0	6	28	12332	12354	0.38	28.5
Bacillus_GCF_002569225.1_spacer_3	total_phage_694	87.500	24	3	0	6	29	9426	9449	0.13	30.1
Bacillus_GCF_002569225.1_spacer_3	virome_phage_768	81.481	27	5	0	1	27	27107	27081	0.38	28.5
Bacillus_GCF_002569225.1_spacer_3	virome_phage_774	81.481	27	5	0	9	35	17620	17646	0.38	28.5
Bacillus_GCF_002569225.1_spacer_4	total_phage_927	85.185	27	4	0	9	35	259686	259660	0.042	31.7
Bacillus_GCF_002569225.1_spacer_4	virome_phage_881	79.310	29	6	0	3	31	22905	22877	0.38	28.5
Bacillus_GCF_002569225.1_spacer_5	virome_phage_979	94.737	19	1	0	4	22	8632	8614	0.38	28.5
Bacillus_GCF_002569225.1_spacer_5	virome_phage_911	75.758	33	8	0	1	33	18699	18731	0.38	28.5
Bacillus_GCF_002569225.1_spacer_5	virome_phage_127	84.000	25	4	0	8	32	20457	20481	0.38	28.5
Bacillus_GCF_002569225.1_spacer_7	virome_phage_32	84.615	26	4	0	11	36	1767	1792	0.13	30.1
Bacillus_GCF_002569225.1_spacer_7	virome_phage_748	75.758	33	8	0	1	33	6027	5995	0.38	28.5
Bacillus_GCF_002569225.1_spacer_7	virome_phage_4	75.758	33	8	0	2	34	5387	5355	0.38	28.5
Bacillus_GCF_002569225.1_spacer_7	virome_phage_104	90.476	21	2	0	3	23	3323	3303	0.38	28.5
Bacillus_GCF_002569225.1_spacer_7	virome_phage_2380	77.419	31	7	0	1	31	10620	10650	0.38	28.5
Bacillus_GCF_002569225.1_spacer_7	total_phage_371	84.000	25	4	0	1	25	3986	4010	0.38	28.5
Bacillus_GCF_002569225.1_spacer_9	virome_phage_750	90.476	21	2	0	5	25	7600	7580	0.38	28.5
Bacillus_GCF_002569225.1_spacer_9	virome_phage_742	84.000	25	4	0	10	34	21593	21569	0.38	28.5
Bacillus_GCF_002569225.1_spacer_9	total_phage_788	90.476	21	2	0	5	25	4826	4806	0.38	28.5
Bacillus_GCF_002569225.1_spacer_10	virome_phage_2298	75.758	33	8	0	1	33	8035	8067	0.38	28.5
Bacillus_GCF_002569225.1_spacer_11	virome_phage_2269	80.000	30	6	0	1	30	190400	190371	0.13	30.1
Bacillus_GCF_002569225.1_spacer_11	total_phage_636	84.615	26	4	0	8	33	30300	30325	0.13	30.1
Bacillus_GCF_002569225.1_spacer_11	virome_phage_741	81.481	27	5	0	1	27	97098	97072	0.38	28.5
Bacillus_GCF_002569225.1_spacer_11	virome_phage_54	81.481	27	5	0	4	30	5072	5046	0.38	28.5
Bacillus_GCF_002569225.1_spacer_11	virome_phage_5	86.957	23	3	0	12	34	23718	23696	0.38	28.5
Bacillus_GCF_002569225.1_spacer_11	virome_phage_2285	77.419	31	7	0	4	34	54534	54504	0.38	28.5
Bacillus_GCF_002569225.1_spacer_12	virome_phage_2306	75.758	33	8	0	2	34	13310	13342	0.38	28.5
Bacillus_GCF_002569225.1_spacer_12	virome_phage_767	77.419	31	7	0	1	31	10393	10363	0.38	28.5
Bacillus_GCF_002569225.1_spacer_12	total_phage_793	86.957	23	3	0	13	35	2279	2257	0.38	28.5
Bacillus_GCF_002569225.1_spacer_14	total_phage_787	90.476	21	2	0	4	24	9770	9750	0.38	28.5
Bacillus_GCF_002569225.1_spacer_14	total_phage_445	90.476	21	2	0	4	24	13207	13227	0.38	28.5
Bacillus_GCF_002569225.1_spacer_14	total_phage_357	90.476	21	2	0	4	24	14097	14117	0.38	28.5
