Bacillus_GCF_022458945.1_spacer_0	virome_phage_112	100.000	18	0	0	4	21	7207	7224	0.10	30.1
Bacillus_GCF_022458945.1_spacer_0	total_phage_369	79.310	29	6	0	4	32	23766	23794	0.31	28.5
Bacillus_GCF_022458945.1_spacer_0	total_phage_307	75.758	33	8	0	2	34	11110	11078	0.31	28.5
Bacillus_GCF_022458945.1_spacer_0	virome_phage_913	86.364	22	3	0	5	26	20593	20614	0.94	26.9
Bacillus_GCF_022458945.1_spacer_0	virome_phage_2322	86.364	22	3	0	13	34	29842	29863	0.94	26.9
Bacillus_GCF_022458945.1_spacer_0	virome_phage_2254	86.364	22	3	0	2	23	21918	21939	0.94	26.9
Bacillus_GCF_022458945.1_spacer_0	virome_phage_2238	86.364	22	3	0	2	23	3434	3455	0.94	26.9
Bacillus_GCF_022458945.1_spacer_0	total_phage_524	75.000	32	8	0	1	32	15081	15112	0.94	26.9
Bacillus_GCF_022458945.1_spacer_0	total_phage_446	86.364	22	3	0	5	26	704	725	0.94	26.9
Bacillus_GCF_022458945.1_spacer_0	virome_phage_739	76.667	30	7	0	2	31	100949	100920	0.94	26.9
Bacillus_GCF_022458945.1_spacer_1	virome_phage_865	74.286	35	9	0	1	35	6110	6144	0.38	28.5
Bacillus_GCF_022458945.1_spacer_1	virome_phage_7	81.481	27	5	0	9	35	89170	89196	0.38	28.5
Bacillus_GCF_022458945.1_spacer_1	total_phage_117	84.000	25	4	0	9	33	10894	10918	0.38	28.5
Bacillus_GCF_022458945.1_spacer_1	total_phage_11	84.000	25	4	0	9	33	9339	9363	0.38	28.5
Bacillus_GCF_022458945.1_spacer_1	virome_phage_776	86.957	23	3	0	1	23	21653	21631	0.38	28.5
Bacillus_GCF_022458945.1_spacer_1	virome_phage_2260	84.000	25	4	0	6	30	2396	2372	0.38	28.5
Bacillus_GCF_022458945.1_spacer_1	virome_phage_2260	86.957	23	3	0	4	26	5005	4983	0.38	28.5
Bacillus_GCF_022458945.1_spacer_2	total_phage_730	90.000	20	2	0	11	30	39203	39222	0.94	26.9
Bacillus_GCF_022458945.1_spacer_2	total_phage_246	83.333	24	4	0	7	30	8865	8842	0.94	26.9
Bacillus_GCF_022458945.1_spacer_3	virome_phage_1	90.476	21	2	0	3	23	157144	157164	0.38	28.5
Bacillus_GCF_022458945.1_spacer_4	total_phage_92	84.615	26	4	0	3	28	11030	11055	0.10	30.1
Bacillus_GCF_022458945.1_spacer_4	virome_phage_993	81.481	27	5	0	4	30	16441	16467	0.31	28.5
Bacillus_GCF_022458945.1_spacer_4	virome_phage_807	81.481	27	5	0	2	28	6129	6155	0.31	28.5
Bacillus_GCF_022458945.1_spacer_4	virome_phage_749	84.000	25	4	0	1	25	61473	61497	0.31	28.5
Bacillus_GCF_022458945.1_spacer_4	virome_phage_738	90.476	21	2	0	8	28	139740	139760	0.31	28.5
Bacillus_GCF_022458945.1_spacer_4	total_phage_729	84.000	25	4	0	2	26	30357	30381	0.31	28.5
Bacillus_GCF_022458945.1_spacer_4	total_phage_305	81.481	27	5	0	2	28	28809	28835	0.31	28.5
Bacillus_GCF_022458945.1_spacer_4	total_phage_114	81.481	27	5	0	2	28	26945	26971	0.31	28.5
Bacillus_GCF_022458945.1_spacer_4	virome_phage_844	100.000	17	0	0	10	26	12536	12520	0.31	28.5
Bacillus_GCF_022458945.1_spacer_4	virome_phage_742	77.419	31	7	0	1	31	23120	23090	0.31	28.5
Bacillus_GCF_022458945.1_spacer_4	virome_phage_181	81.481	27	5	0	4	30	147	121	0.31	28.5
Bacillus_GCF_022458945.1_spacer_4	total_phage_453	84.000	25	4	0	5	29	21315	21291	0.31	28.5
Bacillus_GCF_022458945.1_spacer_4	total_phage_18	81.481	27	5	0	4	30	151	125	0.31	28.5
Bacillus_GCF_022458945.1_spacer_4	virome_phage_745	83.333	24	4	0	4	27	9832	9855	0.94	26.9
Bacillus_GCF_022458945.1_spacer_4	virome_phage_739	76.667	30	7	0	2	31	26648	26677	0.94	26.9
Bacillus_GCF_022458945.1_spacer_4	virome_phage_734	83.333	24	4	0	2	25	73084	73107	0.94	26.9
Bacillus_GCF_022458945.1_spacer_4	virome_phage_734	83.333	24	4	0	7	30	152569	152546	0.94	26.9
Bacillus_GCF_022458945.1_spacer_4	virome_phage_2322	83.333	24	4	0	7	30	28806	28829	0.94	26.9
Bacillus_GCF_022458945.1_spacer_4	virome_phage_2292	78.571	28	6	0	2	29	3231	3258	0.94	26.9
Bacillus_GCF_022458945.1_spacer_4	virome_phage_2254	94.444	18	1	0	12	29	69787	69804	0.94	26.9
Bacillus_GCF_022458945.1_spacer_4	virome_phage_2238	94.444	18	1	0	12	29	51301	51318	0.94	26.9
Bacillus_GCF_022458945.1_spacer_4	total_phage_731	83.333	24	4	0	8	31	63483	63506	0.94	26.9
Bacillus_GCF_022458945.1_spacer_4	total_phage_231	90.000	20	2	0	7	26	5748	5767	0.94	26.9
Bacillus_GCF_022458945.1_spacer_4	virome_phage_855	86.364	22	3	0	11	32	28468	28447	0.94	26.9
Bacillus_GCF_022458945.1_spacer_4	virome_phage_47	86.364	22	3	0	3	24	34091	34070	0.94	26.9
Bacillus_GCF_022458945.1_spacer_4	virome_phage_2286	83.333	24	4	0	6	29	24584	24561	0.94	26.9
Bacillus_GCF_022458945.1_spacer_4	virome_phage_2280	90.000	20	2	0	7	26	37707	37688	0.94	26.9
Bacillus_GCF_022458945.1_spacer_4	virome_phage_14	80.769	26	5	0	1	26	35186	35161	0.94	26.9
Bacillus_GCF_022458945.1_spacer_4	virome_phage_1082	83.333	24	4	0	7	30	134	111	0.94	26.9
Bacillus_GCF_022458945.1_spacer_4	total_phage_500	94.444	18	1	0	12	29	56656	56639	0.94	26.9
Bacillus_GCF_022458945.1_spacer_4	total_phage_4	76.667	30	7	0	2	31	8132	8103	0.94	26.9
Bacillus_GCF_022458945.1_spacer_5	virome_phage_807	90.476	21	2	0	14	34	30720	30700	0.31	28.5
Bacillus_GCF_022458945.1_spacer_5	virome_phage_2424	86.957	23	3	0	1	23	9851	9829	0.31	28.5
Bacillus_GCF_022458945.1_spacer_5	virome_phage_239	86.957	23	3	0	1	23	7963	7941	0.31	28.5
Bacillus_GCF_022458945.1_spacer_5	total_phage_800	100.000	17	0	0	4	20	25220	25204	0.31	28.5
Bacillus_GCF_022458945.1_spacer_5	total_phage_415	100.000	17	0	0	4	20	6843	6859	0.31	28.5
Bacillus_GCF_022458945.1_spacer_5	total_phage_305	90.476	21	2	0	14	34	13396	13376	0.31	28.5
Bacillus_GCF_022458945.1_spacer_5	total_phage_121	90.476	21	2	0	14	34	14361	14341	0.31	28.5
Bacillus_GCF_022458945.1_spacer_5	virome_phage_748	86.364	22	3	0	12	33	6466	6445	0.94	26.9
Bacillus_GCF_022458945.1_spacer_5	virome_phage_33	83.333	24	4	0	10	33	35615	35638	0.94	26.9
Bacillus_GCF_022458945.1_spacer_5	virome_phage_1	94.444	18	1	0	3	20	146654	146637	0.94	26.9
Bacillus_GCF_022458945.1_spacer_5	total_phage_479	78.571	28	6	0	4	31	37255	37228	0.94	26.9
Bacillus_GCF_022458945.1_spacer_5	total_phage_443	75.000	32	8	0	3	34	213	182	0.94	26.9
Bacillus_GCF_022458945.1_spacer_5	total_phage_232	78.571	28	6	0	4	31	59859	59832	0.94	26.9
Bacillus_GCF_022458945.1_spacer_5	total_phage_231	83.333	24	4	0	1	24	42375	42398	0.94	26.9
Bacillus_GCF_022458945.1_spacer_5	total_phage_122	94.444	18	1	0	7	24	17840	17823	0.94	26.9
Bacillus_GCF_022458945.1_spacer_5	total_phage_114	90.000	20	2	0	15	34	11238	11219	0.94	26.9
Bacillus_GCF_022458945.1_spacer_6	virome_phage_758	75.000	36	9	0	18	53	28051	28086	0.59	30.1
Bacillus_GCF_022458945.1_spacer_7	virome_phage_1217	84.000	25	4	0	8	32	3867	3891	0.31	28.5
Bacillus_GCF_022458945.1_spacer_7	total_phage_413	84.000	25	4	0	10	34	5767	5791	0.31	28.5
Bacillus_GCF_022458945.1_spacer_7	virome_phage_865	90.000	20	2	0	3	22	30682	30663	0.94	26.9
Bacillus_GCF_022458945.1_spacer_7	virome_phage_850	86.364	22	3	0	4	25	24844	24823	0.94	26.9
Bacillus_GCF_022458945.1_spacer_7	virome_phage_743	90.000	20	2	0	5	24	301	282	0.94	26.9
Bacillus_GCF_022458945.1_spacer_7	virome_phage_4	86.364	22	3	0	1	22	88931	88910	0.94	26.9
Bacillus_GCF_022458945.1_spacer_7	total_phage_734	90.000	20	2	0	6	25	4343	4324	0.94	26.9
Bacillus_GCF_022458945.1_spacer_7	total_phage_500	100.000	16	0	0	10	25	52243	52228	0.94	26.9
Bacillus_GCF_022458945.1_spacer_7	virome_phage_738	86.364	22	3	0	1	22	8237	8258	0.94	26.9
Bacillus_GCF_022458945.1_spacer_7	virome_phage_7	90.000	20	2	0	8	27	14069	14088	0.94	26.9
Bacillus_GCF_022458945.1_spacer_7	virome_phage_2310	90.000	20	2	0	6	25	29413	29432	0.94	26.9
Bacillus_GCF_022458945.1_spacer_7	virome_phage_2254	100.000	16	0	0	10	25	74200	74215	0.94	26.9
Bacillus_GCF_022458945.1_spacer_7	virome_phage_2238	100.000	16	0	0	10	25	55714	55729	0.94	26.9
Bacillus_GCF_022458945.1_spacer_7	virome_phage_1873	86.364	22	3	0	6	27	4142	4163	0.94	26.9
Bacillus_GCF_022458945.1_spacer_7	virome_phage_1565	90.000	20	2	0	8	27	2844	2863	0.94	26.9
Bacillus_GCF_022458945.1_spacer_7	total_phage_799	90.000	20	2	0	6	25	6576	6595	0.94	26.9
Bacillus_GCF_022458945.1_spacer_8	virome_phage_768	84.000	25	4	0	10	34	8082	8106	0.31	28.5
Bacillus_GCF_022458945.1_spacer_8	virome_phage_64	90.476	21	2	0	2	22	26835	26855	0.31	28.5
Bacillus_GCF_022458945.1_spacer_8	virome_phage_2314	94.737	19	1	0	7	25	15383	15365	0.31	28.5
Bacillus_GCF_022458945.1_spacer_8	virome_phage_2306	90.476	21	2	0	2	22	16820	16840	0.31	28.5
Bacillus_GCF_022458945.1_spacer_8	virome_phage_14	78.571	28	6	0	4	31	23242	23215	0.94	26.9
Bacillus_GCF_022458945.1_spacer_8	total_phage_604	94.444	18	1	0	10	27	34392	34409	0.94	26.9
Bacillus_GCF_022458945.1_spacer_9	virome_phage_2285	86.957	23	3	0	11	33	20156	20178	0.25	28.5
Bacillus_GCF_022458945.1_spacer_9	virome_phage_806	86.364	22	3	0	7	28	25505	25484	0.76	26.9
Bacillus_GCF_022458945.1_spacer_9	virome_phage_2275	78.571	28	6	0	2	29	53623	53650	0.76	26.9
Bacillus_GCF_022458945.1_spacer_10	virome_phage_759	94.444	18	1	0	16	33	48450	48467	0.94	26.9
Bacillus_GCF_022458945.1_spacer_10	virome_phage_752	94.444	18	1	0	10	27	37777	37794	0.94	26.9
Bacillus_GCF_022458945.1_spacer_10	virome_phage_749	83.333	24	4	0	4	27	6619	6642	0.94	26.9
Bacillus_GCF_022458945.1_spacer_10	virome_phage_82	94.444	18	1	0	16	33	35679	35662	0.94	26.9
Bacillus_GCF_022458945.1_spacer_10	virome_phage_739	76.667	30	7	0	2	31	49030	49001	0.94	26.9
Bacillus_GCF_022458945.1_spacer_11	virome_phage_824	82.222	45	8	0	2	46	11823	11779	1.78e-06	47.5
Bacillus_GCF_022458945.1_spacer_11	virome_phage_824	71.111	45	13	0	2	46	11859	11815	0.10	31.7
Bacillus_GCF_022458945.1_spacer_11	virome_phage_145	76.744	43	10	0	2	44	17560	17602	0.001	38.0
Bacillus_GCF_022458945.1_spacer_11	virome_phage_145	75.000	44	11	0	1	44	19503	19546	0.004	36.5
Bacillus_GCF_022458945.1_spacer_11	virome_phage_145	77.778	36	8	0	11	46	17638	17673	0.035	33.3
Bacillus_GCF_022458945.1_spacer_11	virome_phage_145	75.000	40	10	0	1	40	18276	18315	0.035	33.3
Bacillus_GCF_022458945.1_spacer_11	virome_phage_145	79.310	29	6	0	18	46	17540	17568	0.94	28.5
Bacillus_GCF_022458945.1_spacer_11	virome_phage_2368	76.744	43	10	0	2	44	3392	3350	0.001	38.0
Bacillus_GCF_022458945.1_spacer_11	virome_phage_2368	75.000	44	11	0	1	44	1449	1406	0.004	36.5
Bacillus_GCF_022458945.1_spacer_11	virome_phage_2368	75.000	40	10	0	1	40	2676	2637	0.035	33.3
Bacillus_GCF_022458945.1_spacer_11	virome_phage_2368	77.143	35	8	0	11	45	3314	3280	0.10	31.7
Bacillus_GCF_022458945.1_spacer_11	virome_phage_2282	81.818	33	6	0	2	34	37785	37817	0.012	34.9
Bacillus_GCF_022458945.1_spacer_11	virome_phage_5	75.000	40	10	0	2	41	28427	28388	0.035	33.3
Bacillus_GCF_022458945.1_spacer_11	virome_phage_5	72.093	43	12	0	2	44	28778	28736	0.10	31.7
Bacillus_GCF_022458945.1_spacer_11	virome_phage_14	77.778	36	8	0	9	44	31478	31443	0.035	33.3
Bacillus_GCF_022458945.1_spacer_11	virome_phage_52	80.645	31	6	0	1	31	44454	44424	0.10	31.7
Bacillus_GCF_022458945.1_spacer_11	virome_phage_58	73.684	38	10	0	2	39	255	292	0.31	30.1
Bacillus_GCF_022458945.1_spacer_11	virome_phage_876	71.795	39	11	0	1	39	21059	21097	0.94	28.5
Bacillus_GCF_022458945.1_spacer_11	virome_phage_829	69.767	43	13	0	2	44	14488	14530	0.94	28.5
Bacillus_GCF_022458945.1_spacer_11	virome_phage_2342	71.795	39	11	0	1	39	19509	19547	0.94	28.5
Bacillus_GCF_022458945.1_spacer_11	virome_phage_1	77.419	31	7	0	11	41	221421	221451	0.94	28.5
Bacillus_GCF_022458945.1_spacer_11	virome_phage_2345	69.767	43	13	0	2	44	2296	2254	0.94	28.5
Bacillus_GCF_022458945.1_spacer_11	virome_phage_11	90.476	21	2	0	16	36	99963	99943	0.94	28.5
Bacillus_GCF_022458945.1_spacer_12	virome_phage_824	77.193	57	13	0	1	57	11833	11777	4.08e-07	50.7
Bacillus_GCF_022458945.1_spacer_12	virome_phage_824	74.468	47	12	0	11	57	11859	11813	0.003	38.0
Bacillus_GCF_022458945.1_spacer_12	virome_phage_145	74.576	59	15	0	1	59	19494	19552	3.67e-06	47.5
Bacillus_GCF_022458945.1_spacer_12	virome_phage_145	71.429	56	16	0	2	57	17551	17606	8.93e-04	39.6
Bacillus_GCF_022458945.1_spacer_12	virome_phage_145	70.690	58	17	0	1	58	19449	19506	8.93e-04	39.6
Bacillus_GCF_022458945.1_spacer_12	virome_phage_145	66.129	62	21	0	1	62	17478	17539	0.072	33.3
Bacillus_GCF_022458945.1_spacer_12	virome_phage_145	66.667	57	19	0	1	57	19458	19514	0.22	31.7
Bacillus_GCF_022458945.1_spacer_12	virome_phage_145	72.500	40	11	0	10	49	18276	18315	0.65	30.1
Bacillus_GCF_022458945.1_spacer_12	virome_phage_2368	75.472	53	13	0	1	53	1458	1406	3.31e-05	44.4
Bacillus_GCF_022458945.1_spacer_12	virome_phage_2368	70.690	58	17	0	1	58	1503	1446	8.93e-04	39.6
Bacillus_GCF_022458945.1_spacer_12	virome_phage_2368	74.468	47	12	0	11	57	3392	3346	0.003	38.0
Bacillus_GCF_022458945.1_spacer_12	virome_phage_2368	66.667	57	19	0	1	57	1494	1438	0.22	31.7
Bacillus_GCF_022458945.1_spacer_12	virome_phage_2368	72.500	40	11	0	10	49	2676	2637	0.65	30.1
Bacillus_GCF_022458945.1_spacer_12	virome_phage_2368	64.516	62	22	0	1	62	3474	3413	0.65	30.1
Bacillus_GCF_022458945.1_spacer_12	virome_phage_5	73.585	53	14	0	11	63	28427	28375	2.98e-04	41.2
Bacillus_GCF_022458945.1_spacer_12	virome_phage_5	76.744	43	10	0	17	59	29132	29090	0.003	38.0
Bacillus_GCF_022458945.1_spacer_12	virome_phage_5	67.925	53	17	0	1	53	28788	28736	0.22	31.7
Bacillus_GCF_022458945.1_spacer_12	virome_phage_5	64.516	62	22	0	1	62	28473	28412	0.65	30.1
Bacillus_GCF_022458945.1_spacer_12	virome_phage_14	77.500	40	9	0	18	57	31478	31439	0.008	36.5
Bacillus_GCF_022458945.1_spacer_12	virome_phage_52	67.213	61	20	0	2	62	44453	44393	0.024	34.9
Bacillus_GCF_022458945.1_spacer_12	virome_phage_52	91.304	23	2	0	8	30	44096	44074	0.22	31.7
Bacillus_GCF_022458945.1_spacer_12	virome_phage_52	73.684	38	10	0	2	39	44237	44200	0.65	30.1
Bacillus_GCF_022458945.1_spacer_12	virome_phage_52	78.125	32	7	0	9	40	44455	44424	0.65	30.1
Bacillus_GCF_022458945.1_spacer_12	virome_phage_2282	78.788	33	7	0	11	43	37785	37817	0.22	31.7
Bacillus_GCF_022458945.1_spacer_12	virome_phage_9	78.125	32	7	0	2	33	116652	116621	0.65	30.1
Bacillus_GCF_022458945.1_spacer_12	virome_phage_58	65.517	58	20	0	2	59	246	303	0.65	30.1
Bacillus_GCF_022458945.1_spacer_12	virome_phage_4	82.143	28	5	0	37	64	75639	75612	0.65	30.1
Bacillus_GCF_022458945.1_spacer_13	virome_phage_5	76.471	51	12	0	1	51	29010	28960	3.31e-05	44.4
Bacillus_GCF_022458945.1_spacer_13	virome_phage_94	69.841	63	19	0	2	64	5451	5389	2.98e-04	41.2
Bacillus_GCF_022458945.1_spacer_13	virome_phage_94	69.841	63	19	0	2	64	5460	5398	2.98e-04	41.2
Bacillus_GCF_022458945.1_spacer_13	virome_phage_94	69.841	63	19	0	2	64	5469	5407	2.98e-04	41.2
Bacillus_GCF_022458945.1_spacer_13	virome_phage_94	69.841	63	19	0	2	64	5478	5416	2.98e-04	41.2
Bacillus_GCF_022458945.1_spacer_13	virome_phage_94	68.254	63	20	0	2	64	5442	5380	0.003	38.0
Bacillus_GCF_022458945.1_spacer_13	virome_phage_94	68.333	60	19	0	5	64	5484	5425	0.008	36.5
Bacillus_GCF_022458945.1_spacer_13	virome_phage_94	66.667	63	21	0	2	64	5433	5371	0.024	34.9
Bacillus_GCF_022458945.1_spacer_13	virome_phage_94	65.079	63	22	0	2	64	5424	5362	0.22	31.7
Bacillus_GCF_022458945.1_spacer_13	virome_phage_906	69.841	63	19	0	2	64	19796	19734	2.98e-04	41.2
Bacillus_GCF_022458945.1_spacer_13	virome_phage_906	69.841	63	19	0	2	64	19805	19743	2.98e-04	41.2
Bacillus_GCF_022458945.1_spacer_13	virome_phage_906	69.841	63	19	0	2	64	21973	21911	2.98e-04	41.2
Bacillus_GCF_022458945.1_spacer_13	virome_phage_906	70.000	60	18	0	2	61	19787	19728	8.93e-04	39.6
Bacillus_GCF_022458945.1_spacer_13	virome_phage_906	70.000	60	18	0	2	61	19865	19806	8.93e-04	39.6
Bacillus_GCF_022458945.1_spacer_13	virome_phage_906	70.000	60	18	0	2	61	21964	21905	8.93e-04	39.6
Bacillus_GCF_022458945.1_spacer_13	virome_phage_906	68.254	63	20	0	2	64	19874	19812	0.003	38.0
Bacillus_GCF_022458945.1_spacer_13	virome_phage_906	67.213	61	20	0	4	64	19812	19752	0.024	34.9
Bacillus_GCF_022458945.1_spacer_13	virome_phage_906	67.213	61	20	0	4	64	21980	21920	0.024	34.9
Bacillus_GCF_022458945.1_spacer_13	virome_phage_906	66.667	60	20	0	2	61	19856	19797	0.072	33.3
Bacillus_GCF_022458945.1_spacer_13	virome_phage_906	65.574	61	21	0	4	64	21989	21929	0.22	31.7
Bacillus_GCF_022458945.1_spacer_13	virome_phage_786	74.468	47	12	0	11	57	35017	34971	0.003	38.0
Bacillus_GCF_022458945.1_spacer_13	virome_phage_786	66.667	57	19	0	2	58	35044	34988	0.22	31.7
Bacillus_GCF_022458945.1_spacer_13	virome_phage_2368	68.966	58	18	0	1	58	1503	1446	0.008	36.5
Bacillus_GCF_022458945.1_spacer_13	virome_phage_2368	66.129	62	21	0	1	62	3411	3350	0.072	33.3
Bacillus_GCF_022458945.1_spacer_13	virome_phage_2368	64.516	62	22	0	1	62	1467	1406	0.65	30.1
Bacillus_GCF_022458945.1_spacer_13	virome_phage_145	68.966	58	18	0	1	58	19449	19506	0.008	36.5
Bacillus_GCF_022458945.1_spacer_13	virome_phage_145	64.516	62	22	0	1	62	17541	17602	0.65	30.1
Bacillus_GCF_022458945.1_spacer_13	virome_phage_145	64.516	62	22	0	1	62	19485	19546	0.65	30.1
Bacillus_GCF_022458945.1_spacer_13	virome_phage_52	68.421	57	18	0	1	57	44112	44056	0.024	34.9
Bacillus_GCF_022458945.1_spacer_13	virome_phage_52	76.471	34	8	0	18	51	44455	44422	0.65	30.1
Bacillus_GCF_022458945.1_spacer_13	virome_phage_824	66.667	57	19	0	1	57	11833	11777	0.22	31.7
Bacillus_GCF_022458945.1_spacer_13	virome_phage_765	75.676	37	9	0	2	38	3625	3589	0.22	31.7
Bacillus_GCF_022458945.1_spacer_13	virome_phage_2342	73.171	41	11	0	8	48	19615	19655	0.22	31.7
Bacillus_GCF_022458945.1_spacer_13	virome_phage_2320	72.093	43	12	0	5	47	16731	16689	0.22	31.7
Bacillus_GCF_022458945.1_spacer_13	virome_phage_2411	66.667	54	18	0	10	63	6012	6065	0.65	30.1
Bacillus_GCF_022458945.1_spacer_13	virome_phage_176	66.667	54	18	0	10	63	5913	5966	0.65	30.1
Bacillus_GCF_022458945.1_spacer_14	virome_phage_824	82.222	45	8	0	1	45	11824	11780	1.78e-06	47.5
Bacillus_GCF_022458945.1_spacer_14	virome_phage_2368	87.500	32	4	0	1	32	3393	3362	4.32e-04	39.6
Bacillus_GCF_022458945.1_spacer_14	virome_phage_2368	76.316	38	9	0	2	39	2675	2638	0.035	33.3
Bacillus_GCF_022458945.1_spacer_14	virome_phage_2368	75.676	37	9	0	8	44	1442	1406	0.10	31.7
Bacillus_GCF_022458945.1_spacer_14	virome_phage_2368	75.000	36	9	0	11	46	3314	3279	0.31	30.1
Bacillus_GCF_022458945.1_spacer_14	virome_phage_145	87.500	32	4	0	1	32	17559	17590	4.32e-04	39.6
Bacillus_GCF_022458945.1_spacer_14	virome_phage_145	76.316	38	9	0	2	39	18277	18314	0.035	33.3
Bacillus_GCF_022458945.1_spacer_14	virome_phage_145	75.676	37	9	0	8	44	19510	19546	0.10	31.7
Bacillus_GCF_022458945.1_spacer_14	virome_phage_145	74.286	35	9	0	11	45	17638	17672	0.94	28.5
Bacillus_GCF_022458945.1_spacer_14	virome_phage_58	73.171	41	11	0	1	41	254	294	0.10	31.7
Bacillus_GCF_022458945.1_spacer_14	virome_phage_5	72.093	43	12	0	2	44	28778	28736	0.10	31.7
Bacillus_GCF_022458945.1_spacer_14	virome_phage_5	95.000	20	1	0	2	21	28175	28156	0.31	30.1
Bacillus_GCF_022458945.1_spacer_14	virome_phage_5	77.419	31	7	0	1	31	28428	28398	0.94	28.5
Bacillus_GCF_022458945.1_spacer_14	virome_phage_2282	78.788	33	7	0	2	34	37785	37817	0.10	31.7
Bacillus_GCF_022458945.1_spacer_14	virome_phage_2282	70.732	41	12	0	2	42	37929	37969	0.94	28.5
Bacillus_GCF_022458945.1_spacer_14	virome_phage_829	70.455	44	13	0	1	44	14487	14530	0.31	30.1
Bacillus_GCF_022458945.1_spacer_14	virome_phage_803	72.500	40	11	0	2	41	35277	35316	0.31	30.1
Bacillus_GCF_022458945.1_spacer_14	virome_phage_2345	70.455	44	13	0	1	44	2297	2254	0.31	30.1
Bacillus_GCF_022458945.1_spacer_14	virome_phage_14	75.000	36	9	0	9	44	31478	31443	0.31	30.1
Bacillus_GCF_022458945.1_spacer_14	virome_phage_780	77.419	31	7	0	13	43	34632	34602	0.94	28.5
Bacillus_GCF_022458945.1_spacer_14	virome_phage_2411	68.889	45	14	0	2	46	6022	6066	0.94	28.5
Bacillus_GCF_022458945.1_spacer_14	virome_phage_2342	86.957	23	3	0	1	23	19626	19648	0.94	28.5
Bacillus_GCF_022458945.1_spacer_14	virome_phage_176	68.889	45	14	0	2	46	5923	5967	0.94	28.5
Bacillus_GCF_022458945.1_spacer_14	virome_phage_11	90.476	21	2	0	16	36	99963	99943	0.94	28.5
Bacillus_GCF_022458945.1_spacer_14	virome_phage_1	68.889	45	14	0	2	46	219873	219917	0.94	28.5
Bacillus_GCF_022458945.1_spacer_14	virome_phage_1	77.419	31	7	0	2	32	221403	221433	0.94	28.5
Bacillus_GCF_022458945.1_spacer_15	virome_phage_824	79.592	49	10	0	1	49	11824	11776	2.73e-06	47.5
Bacillus_GCF_022458945.1_spacer_15	virome_phage_824	73.469	49	13	0	1	49	11860	11812	0.002	38.0
Bacillus_GCF_022458945.1_spacer_15	virome_phage_2368	77.551	49	11	0	1	49	3393	3345	2.45e-05	44.4
Bacillus_GCF_022458945.1_spacer_15	virome_phage_2368	80.645	31	6	0	20	50	1118	1088	0.16	31.7
Bacillus_GCF_022458945.1_spacer_15	virome_phage_2368	80.645	31	6	0	11	41	1172	1142	0.16	31.7
Bacillus_GCF_022458945.1_spacer_15	virome_phage_2368	72.093	43	12	0	8	50	1442	1400	0.16	31.7
Bacillus_GCF_022458945.1_spacer_15	virome_phage_2368	74.359	39	10	0	11	49	3314	3276	0.16	31.7
Bacillus_GCF_022458945.1_spacer_15	virome_phage_2368	68.750	48	15	0	2	49	2675	2628	0.48	30.1
Bacillus_GCF_022458945.1_spacer_15	virome_phage_145	77.551	49	11	0	1	49	17559	17607	2.45e-05	44.4
Bacillus_GCF_022458945.1_spacer_15	virome_phage_145	76.923	39	9	0	11	49	17638	17676	0.018	34.9
Bacillus_GCF_022458945.1_spacer_15	virome_phage_145	71.111	45	13	0	11	55	17524	17568	0.16	31.7
Bacillus_GCF_022458945.1_spacer_15	virome_phage_5	74.074	54	14	0	1	54	28428	28375	7.36e-05	42.8
Bacillus_GCF_022458945.1_spacer_15	virome_phage_5	83.784	37	6	0	8	44	29132	29096	2.21e-04	41.2
Bacillus_GCF_022458945.1_spacer_15	virome_phage_5	71.429	42	12	0	1	42	29001	28960	0.48	30.1
Bacillus_GCF_022458945.1_spacer_15	virome_phage_14	80.556	36	7	0	16	51	31498	31463	0.006	36.5
Bacillus_GCF_022458945.1_spacer_15	virome_phage_52	76.923	39	9	0	2	40	44093	44055	0.018	34.9
Bacillus_GCF_022458945.1_spacer_15	virome_phage_94	68.519	54	17	0	2	55	5442	5389	0.054	33.3
Bacillus_GCF_022458945.1_spacer_15	virome_phage_94	68.519	54	17	0	2	55	5451	5398	0.054	33.3
Bacillus_GCF_022458945.1_spacer_15	virome_phage_94	68.519	54	17	0	2	55	5460	5407	0.054	33.3
Bacillus_GCF_022458945.1_spacer_15	virome_phage_94	68.519	54	17	0	2	55	5469	5416	0.054	33.3
Bacillus_GCF_022458945.1_spacer_15	virome_phage_94	68.519	54	17	0	2	55	5478	5425	0.054	33.3
Bacillus_GCF_022458945.1_spacer_15	virome_phage_94	68.627	51	16	0	5	55	5484	5434	0.16	31.7
Bacillus_GCF_022458945.1_spacer_15	virome_phage_94	66.667	54	18	0	2	55	5433	5380	0.48	30.1
Bacillus_GCF_022458945.1_spacer_15	virome_phage_906	68.519	54	17	0	2	55	19787	19734	0.054	33.3
Bacillus_GCF_022458945.1_spacer_15	virome_phage_906	68.519	54	17	0	2	55	19796	19743	0.054	33.3
Bacillus_GCF_022458945.1_spacer_15	virome_phage_906	68.519	54	17	0	2	55	19805	19752	0.054	33.3
Bacillus_GCF_022458945.1_spacer_15	virome_phage_906	68.519	54	17	0	2	55	19865	19812	0.054	33.3
Bacillus_GCF_022458945.1_spacer_15	virome_phage_906	68.519	54	17	0	2	55	21964	21911	0.054	33.3
Bacillus_GCF_022458945.1_spacer_15	virome_phage_906	68.519	54	17	0	2	55	21973	21920	0.054	33.3
Bacillus_GCF_022458945.1_spacer_15	virome_phage_906	68.627	51	16	0	2	52	19778	19728	0.16	31.7
Bacillus_GCF_022458945.1_spacer_15	virome_phage_906	68.627	51	16	0	2	52	19856	19806	0.16	31.7
Bacillus_GCF_022458945.1_spacer_15	virome_phage_906	68.627	51	16	0	2	52	21955	21905	0.16	31.7
Bacillus_GCF_022458945.1_spacer_15	virome_phage_906	66.667	54	18	0	2	55	19874	19821	0.48	30.1
Bacillus_GCF_022458945.1_spacer_15	virome_phage_865	73.684	38	10	0	9	46	31037	31074	0.48	30.1
Bacillus_GCF_022458945.1_spacer_15	virome_phage_1	72.500	40	11	0	10	49	217058	217097	0.48	30.1
Bacillus_GCF_022458945.1_spacer_15	virome_phage_1	67.308	52	17	0	1	52	220700	220751	0.48	30.1
Bacillus_GCF_022458945.1_spacer_16	virome_phage_824	82.000	50	9	0	8	57	11826	11777	1.36e-07	52.3
Bacillus_GCF_022458945.1_spacer_16	virome_phage_824	72.340	47	13	0	11	57	11859	11813	0.024	34.9
Bacillus_GCF_022458945.1_spacer_16	virome_phage_145	74.138	58	15	0	2	59	19495	19552	1.10e-05	46.0
Bacillus_GCF_022458945.1_spacer_16	virome_phage_145	73.214	56	15	0	2	57	17551	17606	9.92e-05	42.8
Bacillus_GCF_022458945.1_spacer_16	virome_phage_145	71.930	57	16	0	2	58	19450	19506	2.98e-04	41.2
Bacillus_GCF_022458945.1_spacer_16	virome_phage_145	72.222	54	15	0	4	57	17622	17675	8.93e-04	39.6
Bacillus_GCF_022458945.1_spacer_16	virome_phage_145	72.093	43	12	0	20	62	17497	17539	0.22	31.7
Bacillus_GCF_022458945.1_spacer_16	virome_phage_145	80.645	31	6	0	27	57	17540	17570	0.22	31.7
Bacillus_GCF_022458945.1_spacer_16	virome_phage_145	74.359	39	10	0	11	49	18277	18315	0.22	31.7
Bacillus_GCF_022458945.1_spacer_16	virome_phage_145	66.071	56	19	0	2	57	19459	19514	0.65	30.1
Bacillus_GCF_022458945.1_spacer_16	virome_phage_145	66.071	56	19	0	2	57	20032	20087	0.65	30.1
Bacillus_GCF_022458945.1_spacer_16	virome_phage_2368	75.000	52	13	0	2	53	1457	1406	9.92e-05	42.8
Bacillus_GCF_022458945.1_spacer_16	virome_phage_2368	71.930	57	16	0	2	58	1502	1446	2.98e-04	41.2
Bacillus_GCF_022458945.1_spacer_16	virome_phage_2368	76.596	47	11	0	11	57	3392	3346	2.98e-04	41.2
Bacillus_GCF_022458945.1_spacer_16	virome_phage_2368	70.370	54	16	0	4	57	3330	3277	0.008	36.5
Bacillus_GCF_022458945.1_spacer_16	virome_phage_2368	74.359	39	10	0	11	49	2675	2637	0.22	31.7
Bacillus_GCF_022458945.1_spacer_16	virome_phage_2368	66.071	56	19	0	2	57	1493	1438	0.65	30.1
Bacillus_GCF_022458945.1_spacer_16	virome_phage_2368	64.516	62	22	0	1	62	2676	2615	0.65	30.1
Bacillus_GCF_022458945.1_spacer_16	virome_phage_94	68.750	64	20	0	1	64	5452	5389	8.93e-04	39.6
Bacillus_GCF_022458945.1_spacer_16	virome_phage_94	68.750	64	20	0	1	64	5461	5398	8.93e-04	39.6
Bacillus_GCF_022458945.1_spacer_16	virome_phage_94	68.750	64	20	0	1	64	5470	5407	8.93e-04	39.6
Bacillus_GCF_022458945.1_spacer_16	virome_phage_94	68.750	64	20	0	1	64	5479	5416	8.93e-04	39.6
Bacillus_GCF_022458945.1_spacer_16	virome_phage_94	67.188	64	21	0	1	64	5443	5380	0.008	36.5
Bacillus_GCF_022458945.1_spacer_16	virome_phage_94	65.625	64	22	0	1	64	5434	5371	0.072	33.3
Bacillus_GCF_022458945.1_spacer_16	virome_phage_94	64.062	64	23	0	1	64	5425	5362	0.65	30.1
Bacillus_GCF_022458945.1_spacer_16	virome_phage_906	68.750	64	20	0	1	64	19797	19734	8.93e-04	39.6
Bacillus_GCF_022458945.1_spacer_16	virome_phage_906	68.750	64	20	0	1	64	19806	19743	8.93e-04	39.6
Bacillus_GCF_022458945.1_spacer_16	virome_phage_906	68.750	64	20	0	1	64	21974	21911	8.93e-04	39.6
Bacillus_GCF_022458945.1_spacer_16	virome_phage_906	68.852	61	19	0	1	61	19788	19728	0.003	38.0
Bacillus_GCF_022458945.1_spacer_16	virome_phage_906	68.852	61	19	0	1	61	19866	19806	0.003	38.0
Bacillus_GCF_022458945.1_spacer_16	virome_phage_906	68.852	61	19	0	1	61	21965	21905	0.003	38.0
Bacillus_GCF_022458945.1_spacer_16	virome_phage_906	67.188	64	21	0	1	64	19875	19812	0.008	36.5
Bacillus_GCF_022458945.1_spacer_16	virome_phage_906	65.574	61	21	0	1	61	19857	19797	0.22	31.7
Bacillus_GCF_022458945.1_spacer_16	virome_phage_5	71.698	53	15	0	11	63	28427	28375	0.003	38.0
Bacillus_GCF_022458945.1_spacer_16	virome_phage_5	69.231	52	16	0	2	53	28787	28736	0.072	33.3
Bacillus_GCF_022458945.1_spacer_16	virome_phage_14	77.500	40	9	0	18	57	31478	31439	0.008	36.5
Bacillus_GCF_022458945.1_spacer_16	virome_phage_14	75.000	36	9	0	25	60	31498	31463	0.65	30.1
Bacillus_GCF_022458945.1_spacer_16	virome_phage_58	67.797	59	19	0	1	59	245	303	0.024	34.9
Bacillus_GCF_022458945.1_spacer_16	virome_phage_2282	81.818	33	6	0	11	43	37785	37817	0.024	34.9
Bacillus_GCF_022458945.1_spacer_16	virome_phage_1	69.388	49	15	0	2	50	221403	221451	0.22	31.7
Bacillus_GCF_022458945.1_spacer_16	virome_phage_1	66.071	56	19	0	2	57	220953	221008	0.65	30.1
Bacillus_GCF_022458945.1_spacer_16	virome_phage_52	73.684	38	10	0	2	39	44237	44200	0.65	30.1
Bacillus_GCF_022458945.1_spacer_16	virome_phage_52	80.000	30	6	0	11	40	44453	44424	0.65	30.1
Bacillus_GCF_022458945.1_spacer_16	virome_phage_4	82.143	28	5	0	37	64	75639	75612	0.65	30.1
Bacillus_GCF_022458945.1_spacer_16	virome_phage_2411	66.667	54	18	0	10	63	6012	6065	0.65	30.1
Bacillus_GCF_022458945.1_spacer_16	virome_phage_176	66.667	54	18	0	10	63	5913	5966	0.65	30.1
Bacillus_GCF_022458945.1_spacer_17	virome_phage_824	77.778	45	10	0	2	46	11823	11779	1.44e-04	41.2
Bacillus_GCF_022458945.1_spacer_17	virome_phage_824	68.889	45	14	0	2	46	11859	11815	0.94	28.5
Bacillus_GCF_022458945.1_spacer_17	virome_phage_5	80.000	40	8	0	2	41	28427	28388	4.32e-04	39.6
Bacillus_GCF_022458945.1_spacer_17	virome_phage_5	76.190	42	10	0	2	43	28490	28449	0.004	36.5
Bacillus_GCF_022458945.1_spacer_17	virome_phage_5	78.378	37	8	0	8	44	29132	29096	0.012	34.9
Bacillus_GCF_022458945.1_spacer_17	virome_phage_5	75.000	36	9	0	8	43	28682	28647	0.31	30.1
Bacillus_GCF_022458945.1_spacer_17	virome_phage_5	70.732	41	12	0	2	42	29000	28960	0.94	28.5
Bacillus_GCF_022458945.1_spacer_17	virome_phage_2368	83.871	31	5	0	11	41	1172	1142	0.012	34.9
Bacillus_GCF_022458945.1_spacer_17	virome_phage_2368	77.143	35	8	0	11	45	3314	3280	0.10	31.7
Bacillus_GCF_022458945.1_spacer_17	virome_phage_2368	70.455	44	13	0	1	44	1449	1406	0.31	30.1
Bacillus_GCF_022458945.1_spacer_17	virome_phage_2368	72.500	40	11	0	1	40	2676	2637	0.31	30.1
Bacillus_GCF_022458945.1_spacer_17	virome_phage_2368	79.310	29	6	0	11	39	1475	1447	0.94	28.5
Bacillus_GCF_022458945.1_spacer_17	virome_phage_2368	72.973	37	10	0	2	38	2843	2807	0.94	28.5
Bacillus_GCF_022458945.1_spacer_17	virome_phage_145	77.778	36	8	0	11	46	17638	17673	0.035	33.3
Bacillus_GCF_022458945.1_spacer_17	virome_phage_145	72.500	40	11	0	1	40	18276	18315	0.31	30.1
Bacillus_GCF_022458945.1_spacer_17	virome_phage_145	70.455	44	13	0	1	44	19503	19546	0.31	30.1
Bacillus_GCF_022458945.1_spacer_17	virome_phage_145	79.310	29	6	0	11	39	19477	19505	0.94	28.5
Bacillus_GCF_022458945.1_spacer_17	virome_phage_14	85.714	28	4	0	16	43	31498	31471	0.035	33.3
Bacillus_GCF_022458945.1_spacer_17	virome_phage_152	74.359	39	10	0	1	39	6688	6650	0.10	31.7
Bacillus_GCF_022458945.1_spacer_17	virome_phage_10	82.143	28	5	0	17	44	104382	104409	0.31	30.1
Bacillus_GCF_022458945.1_spacer_17	total_phage_730	82.143	28	5	0	17	44	81886	81859	0.31	30.1
Bacillus_GCF_022458945.1_spacer_17	virome_phage_52	71.795	39	11	0	2	40	44093	44055	0.94	28.5
Bacillus_GCF_022458945.1_spacer_17	virome_phage_35	84.000	25	4	0	8	32	2129	2105	0.94	28.5
Bacillus_GCF_022458945.1_spacer_17	virome_phage_2282	75.758	33	8	0	2	34	37785	37817	0.94	28.5
Bacillus_GCF_022458945.1_spacer_17	virome_phage_155	79.310	29	6	0	2	30	5619	5591	0.94	28.5
Bacillus_GCF_022458945.1_spacer_17	virome_phage_11	90.476	21	2	0	16	36	99963	99943	0.94	28.5
Bacillus_GCF_022458945.1_spacer_17	virome_phage_1	77.419	31	7	0	11	41	221421	221451	0.94	28.5
Bacillus_GCF_022458945.1_spacer_18	virome_phage_824	78.947	57	12	0	1	57	11833	11777	4.54e-08	53.9
Bacillus_GCF_022458945.1_spacer_18	virome_phage_824	72.340	47	13	0	11	57	11859	11813	0.024	34.9
Bacillus_GCF_022458945.1_spacer_18	virome_phage_145	74.576	59	15	0	1	59	19494	19552	3.67e-06	47.5
Bacillus_GCF_022458945.1_spacer_18	virome_phage_145	73.214	56	15	0	2	57	17551	17606	9.92e-05	42.8
Bacillus_GCF_022458945.1_spacer_18	virome_phage_145	72.414	58	16	0	1	58	19449	19506	9.92e-05	42.8
Bacillus_GCF_022458945.1_spacer_18	virome_phage_145	72.222	54	15	0	4	57	17622	17675	8.93e-04	39.6
Bacillus_GCF_022458945.1_spacer_18	virome_phage_145	66.129	62	21	0	1	62	17478	17539	0.072	33.3
Bacillus_GCF_022458945.1_spacer_18	virome_phage_145	80.645	31	6	0	27	57	17540	17570	0.22	31.7
Bacillus_GCF_022458945.1_spacer_18	virome_phage_145	74.359	39	10	0	11	49	18277	18315	0.22	31.7
Bacillus_GCF_022458945.1_spacer_18	virome_phage_145	66.667	57	19	0	1	57	19458	19514	0.22	31.7
Bacillus_GCF_022458945.1_spacer_18	virome_phage_145	66.667	57	19	0	1	57	20031	20087	0.22	31.7
Bacillus_GCF_022458945.1_spacer_18	virome_phage_2368	75.472	53	13	0	1	53	1458	1406	3.31e-05	44.4
Bacillus_GCF_022458945.1_spacer_18	virome_phage_2368	72.414	58	16	0	1	58	1503	1446	9.92e-05	42.8
Bacillus_GCF_022458945.1_spacer_18	virome_phage_2368	76.596	47	11	0	11	57	3392	3346	2.98e-04	41.2
Bacillus_GCF_022458945.1_spacer_18	virome_phage_2368	70.370	54	16	0	4	57	3330	3277	0.008	36.5
Bacillus_GCF_022458945.1_spacer_18	virome_phage_2368	66.667	57	19	0	1	57	1494	1438	0.22	31.7
Bacillus_GCF_022458945.1_spacer_18	virome_phage_2368	74.359	39	10	0	11	49	2675	2637	0.22	31.7
Bacillus_GCF_022458945.1_spacer_18	virome_phage_2368	71.429	42	12	0	1	42	2853	2812	0.65	30.1
Bacillus_GCF_022458945.1_spacer_18	virome_phage_2368	64.516	62	22	0	1	62	3474	3413	0.65	30.1
Bacillus_GCF_022458945.1_spacer_18	virome_phage_5	71.698	53	15	0	11	63	28427	28375	0.003	38.0
Bacillus_GCF_022458945.1_spacer_18	virome_phage_5	69.811	53	16	0	1	53	28788	28736	0.024	34.9
Bacillus_GCF_022458945.1_spacer_18	virome_phage_14	77.500	40	9	0	18	57	31478	31439	0.008	36.5
Bacillus_GCF_022458945.1_spacer_18	virome_phage_14	75.000	36	9	0	25	60	31498	31463	0.65	30.1
Bacillus_GCF_022458945.1_spacer_18	virome_phage_2282	81.818	33	6	0	11	43	37785	37817	0.024	34.9
Bacillus_GCF_022458945.1_spacer_18	virome_phage_58	67.241	58	19	0	2	59	246	303	0.072	33.3
Bacillus_GCF_022458945.1_spacer_18	virome_phage_1	69.388	49	15	0	2	50	221403	221451	0.22	31.7
Bacillus_GCF_022458945.1_spacer_18	virome_phage_1	66.071	56	19	0	2	57	220953	221008	0.65	30.1
Bacillus_GCF_022458945.1_spacer_18	virome_phage_52	73.684	38	10	0	2	39	44237	44200	0.65	30.1
Bacillus_GCF_022458945.1_spacer_18	virome_phage_52	80.000	30	6	0	11	40	44453	44424	0.65	30.1
Bacillus_GCF_022458945.1_spacer_18	virome_phage_4	82.143	28	5	0	37	64	75639	75612	0.65	30.1
Bacillus_GCF_022458945.1_spacer_18	virome_phage_2411	66.667	54	18	0	10	63	6012	6065	0.65	30.1
Bacillus_GCF_022458945.1_spacer_18	virome_phage_176	66.667	54	18	0	10	63	5913	5966	0.65	30.1
Bacillus_GCF_022458945.1_spacer_19	virome_phage_824	79.167	48	10	0	8	55	11826	11779	8.18e-06	46.0
Bacillus_GCF_022458945.1_spacer_19	virome_phage_824	76.316	38	9	0	2	39	11787	11750	0.054	33.3
Bacillus_GCF_022458945.1_spacer_19	virome_phage_145	75.472	53	13	0	1	53	17550	17602	2.45e-05	44.4
Bacillus_GCF_022458945.1_spacer_19	virome_phage_145	73.077	52	14	0	2	53	19495	19546	6.62e-04	39.6
Bacillus_GCF_022458945.1_spacer_19	virome_phage_145	71.154	52	15	0	4	55	17622	17673	0.006	36.5
Bacillus_GCF_022458945.1_spacer_19	virome_phage_145	76.923	39	9	0	2	40	19459	19497	0.018	34.9
Bacillus_GCF_022458945.1_spacer_19	virome_phage_145	75.000	40	10	0	10	49	18276	18315	0.054	33.3
Bacillus_GCF_022458945.1_spacer_19	virome_phage_145	68.519	54	17	0	2	55	20032	20085	0.054	33.3
Bacillus_GCF_022458945.1_spacer_19	virome_phage_145	72.500	40	11	0	2	41	17479	17518	0.48	30.1
Bacillus_GCF_022458945.1_spacer_19	virome_phage_145	66.667	54	18	0	2	55	19450	19503	0.48	30.1
Bacillus_GCF_022458945.1_spacer_19	virome_phage_2368	79.070	43	9	0	11	53	3392	3350	2.21e-04	41.2
Bacillus_GCF_022458945.1_spacer_19	virome_phage_2368	73.077	52	14	0	2	53	1457	1406	6.62e-04	39.6
Bacillus_GCF_022458945.1_spacer_19	virome_phage_2368	76.923	39	9	0	2	40	1493	1455	0.018	34.9
Bacillus_GCF_022458945.1_spacer_19	virome_phage_2368	70.588	51	15	0	4	54	3330	3280	0.018	34.9
Bacillus_GCF_022458945.1_spacer_19	virome_phage_2368	75.000	40	10	0	10	49	2676	2637	0.054	33.3
Bacillus_GCF_022458945.1_spacer_19	virome_phage_2368	66.667	54	18	0	2	55	1502	1449	0.48	30.1
Bacillus_GCF_022458945.1_spacer_19	virome_phage_2368	68.750	48	15	0	2	49	2675	2628	0.48	30.1
Bacillus_GCF_022458945.1_spacer_19	virome_phage_2368	72.500	40	11	0	2	41	3473	3434	0.48	30.1
Bacillus_GCF_022458945.1_spacer_19	virome_phage_1	70.000	50	15	0	1	50	221402	221451	0.054	33.3
Bacillus_GCF_022458945.1_spacer_19	virome_phage_1	72.500	40	11	0	11	50	219873	219912	0.48	30.1
Bacillus_GCF_022458945.1_spacer_19	virome_phage_1	78.125	32	7	0	22	53	220541	220572	0.48	30.1
Bacillus_GCF_022458945.1_spacer_19	virome_phage_803	74.359	39	10	0	2	40	35268	35306	0.16	31.7
Bacillus_GCF_022458945.1_spacer_19	virome_phage_2411	67.925	53	17	0	2	54	6013	6065	0.16	31.7
Bacillus_GCF_022458945.1_spacer_19	virome_phage_176	67.925	53	17	0	2	54	5914	5966	0.16	31.7
Bacillus_GCF_022458945.1_spacer_19	virome_phage_94	66.667	54	18	0	2	55	5442	5389	0.48	30.1
Bacillus_GCF_022458945.1_spacer_19	virome_phage_94	66.667	54	18	0	2	55	5451	5398	0.48	30.1
Bacillus_GCF_022458945.1_spacer_19	virome_phage_94	66.667	54	18	0	2	55	5460	5407	0.48	30.1
Bacillus_GCF_022458945.1_spacer_19	virome_phage_94	66.667	54	18	0	2	55	5469	5416	0.48	30.1
Bacillus_GCF_022458945.1_spacer_19	virome_phage_94	66.667	54	18	0	2	55	5478	5425	0.48	30.1
Bacillus_GCF_022458945.1_spacer_19	virome_phage_906	66.667	54	18	0	2	55	19787	19734	0.48	30.1
Bacillus_GCF_022458945.1_spacer_19	virome_phage_906	66.667	54	18	0	2	55	19796	19743	0.48	30.1
Bacillus_GCF_022458945.1_spacer_19	virome_phage_906	66.667	54	18	0	2	55	19805	19752	0.48	30.1
Bacillus_GCF_022458945.1_spacer_19	virome_phage_906	66.667	54	18	0	2	55	19865	19812	0.48	30.1
Bacillus_GCF_022458945.1_spacer_19	virome_phage_906	66.667	54	18	0	2	55	21964	21911	0.48	30.1
Bacillus_GCF_022458945.1_spacer_19	virome_phage_906	66.667	54	18	0	2	55	21973	21920	0.48	30.1
Bacillus_GCF_022458945.1_spacer_19	virome_phage_52	78.125	32	7	0	9	40	44455	44424	0.48	30.1
Bacillus_GCF_022458945.1_spacer_19	virome_phage_5	80.000	30	6	0	1	30	29121	29092	0.48	30.1
Bacillus_GCF_022458945.1_spacer_19	virome_phage_14	82.143	28	5	0	25	52	31498	31471	0.48	30.1
Bacillus_GCF_022458945.1_spacer_19	virome_phage_11	90.909	22	2	0	25	46	99963	99942	0.48	30.1
Bacillus_GCF_022458945.1_spacer_19	total_phage_232	76.471	34	8	0	9	42	23004	22971	0.48	30.1
Bacillus_GCF_022458945.1_spacer_19	total_phage_112	73.684	38	10	0	5	42	47889	47852	0.48	30.1
Bacillus_GCF_022458945.1_spacer_19	virome_phage_27	73.684	38	10	0	5	42	49479	49516	0.48	30.1
Bacillus_GCF_022458945.1_spacer_20	virome_phage_824	75.862	58	14	0	1	58	11833	11776	1.22e-06	49.1
Bacillus_GCF_022458945.1_spacer_20	virome_phage_824	74.359	39	10	0	1	39	11788	11750	0.22	31.7
Bacillus_GCF_022458945.1_spacer_20	virome_phage_824	68.750	48	15	0	11	58	11859	11812	0.65	30.1
Bacillus_GCF_022458945.1_spacer_20	virome_phage_2368	72.581	62	17	0	1	62	1458	1397	1.10e-05	46.0
Bacillus_GCF_022458945.1_spacer_20	virome_phage_2368	77.083	48	11	0	11	58	3392	3345	9.92e-05	42.8
Bacillus_GCF_022458945.1_spacer_20	virome_phage_2368	71.930	57	16	0	1	57	1494	1438	2.98e-04	41.2
Bacillus_GCF_022458945.1_spacer_20	virome_phage_2368	82.759	29	5	0	20	48	1172	1144	0.22	31.7
Bacillus_GCF_022458945.1_spacer_20	virome_phage_2368	66.667	57	19	0	1	57	1503	1447	0.22	31.7
Bacillus_GCF_022458945.1_spacer_20	virome_phage_2368	70.213	47	14	0	2	48	2675	2629	0.22	31.7
Bacillus_GCF_022458945.1_spacer_20	virome_phage_2368	74.359	39	10	0	10	48	2676	2638	0.22	31.7
Bacillus_GCF_022458945.1_spacer_20	virome_phage_2368	70.213	47	14	0	1	47	2853	2807	0.22	31.7
Bacillus_GCF_022458945.1_spacer_20	virome_phage_2368	74.359	39	10	0	20	58	3314	3276	0.22	31.7
Bacillus_GCF_022458945.1_spacer_20	virome_phage_145	73.684	57	15	0	2	58	17551	17607	3.31e-05	44.4
Bacillus_GCF_022458945.1_spacer_20	virome_phage_145	82.500	40	7	0	1	40	19494	19533	9.92e-05	42.8
Bacillus_GCF_022458945.1_spacer_20	virome_phage_145	71.930	57	16	0	1	57	19458	19514	2.98e-04	41.2
Bacillus_GCF_022458945.1_spacer_20	virome_phage_145	76.923	39	9	0	20	58	17638	17676	0.024	34.9
Bacillus_GCF_022458945.1_spacer_20	virome_phage_145	67.241	58	19	0	1	58	20031	20088	0.072	33.3
Bacillus_GCF_022458945.1_spacer_20	virome_phage_145	74.359	39	10	0	10	48	18276	18314	0.22	31.7
Bacillus_GCF_022458945.1_spacer_20	virome_phage_145	70.213	47	14	0	2	48	18277	18323	0.22	31.7
Bacillus_GCF_022458945.1_spacer_20	virome_phage_145	66.667	57	19	0	1	57	19449	19505	0.22	31.7
Bacillus_GCF_022458945.1_spacer_20	virome_phage_94	69.492	59	18	0	2	60	5451	5393	0.003	38.0
Bacillus_GCF_022458945.1_spacer_20	virome_phage_94	69.492	59	18	0	2	60	5460	5402	0.003	38.0
Bacillus_GCF_022458945.1_spacer_20	virome_phage_94	69.492	59	18	0	2	60	5469	5411	0.003	38.0
Bacillus_GCF_022458945.1_spacer_20	virome_phage_94	69.492	59	18	0	2	60	5478	5420	0.003	38.0
Bacillus_GCF_022458945.1_spacer_20	virome_phage_94	67.857	56	18	0	5	60	5484	5429	0.072	33.3
Bacillus_GCF_022458945.1_spacer_20	virome_phage_906	69.492	59	18	0	2	60	19787	19729	0.003	38.0
Bacillus_GCF_022458945.1_spacer_20	virome_phage_906	69.492	59	18	0	2	60	19796	19738	0.003	38.0
Bacillus_GCF_022458945.1_spacer_20	virome_phage_906	69.492	59	18	0	2	60	19805	19747	0.003	38.0
Bacillus_GCF_022458945.1_spacer_20	virome_phage_906	69.492	59	18	0	2	60	19865	19807	0.003	38.0
Bacillus_GCF_022458945.1_spacer_20	virome_phage_906	69.492	59	18	0	2	60	21964	21906	0.003	38.0
Bacillus_GCF_022458945.1_spacer_20	virome_phage_906	69.492	59	18	0	2	60	21973	21915	0.003	38.0
Bacillus_GCF_022458945.1_spacer_20	virome_phage_906	67.797	59	19	0	2	60	19874	19816	0.024	34.9
Bacillus_GCF_022458945.1_spacer_20	virome_phage_906	66.667	57	19	0	4	60	19812	19756	0.22	31.7
Bacillus_GCF_022458945.1_spacer_20	virome_phage_906	66.667	57	19	0	4	60	21980	21924	0.22	31.7
Bacillus_GCF_022458945.1_spacer_20	virome_phage_5	81.081	37	7	0	17	53	29132	29096	0.003	38.0
Bacillus_GCF_022458945.1_spacer_20	virome_phage_5	67.797	59	19	0	1	59	28788	28730	0.024	34.9
Bacillus_GCF_022458945.1_spacer_20	virome_phage_5	76.316	38	9	0	11	48	28427	28390	0.072	33.3
Bacillus_GCF_022458945.1_spacer_20	virome_phage_2282	71.154	52	15	0	11	62	37785	37836	0.008	36.5
Bacillus_GCF_022458945.1_spacer_20	virome_phage_14	80.556	36	7	0	25	60	31498	31463	0.008	36.5
Bacillus_GCF_022458945.1_spacer_20	virome_phage_52	66.667	60	20	0	2	61	44372	44313	0.072	33.3
Bacillus_GCF_022458945.1_spacer_20	virome_phage_52	73.171	41	11	0	8	48	44096	44056	0.22	31.7
Bacillus_GCF_022458945.1_spacer_20	virome_phage_52	78.125	32	7	0	9	40	44455	44424	0.65	30.1
Bacillus_GCF_022458945.1_spacer_20	virome_phage_2411	66.667	57	19	0	2	58	6013	6069	0.22	31.7
Bacillus_GCF_022458945.1_spacer_20	virome_phage_176	66.667	57	19	0	2	58	5914	5970	0.22	31.7
Bacillus_GCF_022458945.1_spacer_20	virome_phage_820	78.125	32	7	0	23	54	13378	13347	0.65	30.1
Bacillus_GCF_022458945.1_spacer_20	virome_phage_786	68.000	50	16	0	11	60	34669	34620	0.65	30.1
Bacillus_GCF_022458945.1_spacer_20	virome_phage_27	73.684	38	10	0	5	42	49479	49516	0.65	30.1
Bacillus_GCF_022458945.1_spacer_20	virome_phage_101	80.000	30	6	0	5	34	6224	6195	0.65	30.1
Bacillus_GCF_022458945.1_spacer_20	total_phage_112	73.684	38	10	0	5	42	47889	47852	0.65	30.1
Bacillus_GCF_022458945.1_spacer_21	virome_phage_824	75.000	44	11	0	2	45	11823	11780	0.004	36.5
Bacillus_GCF_022458945.1_spacer_21	virome_phage_5	78.947	38	8	0	2	39	28427	28390	0.004	36.5
Bacillus_GCF_022458945.1_spacer_21	virome_phage_5	78.947	38	8	0	2	39	28490	28453	0.004	36.5
Bacillus_GCF_022458945.1_spacer_21	virome_phage_5	75.676	37	9	0	8	44	29132	29096	0.10	31.7
Bacillus_GCF_022458945.1_spacer_21	virome_phage_5	75.758	33	8	0	11	43	28955	28923	0.94	28.5
Bacillus_GCF_022458945.1_spacer_21	virome_phage_2368	82.759	29	5	0	11	39	1172	1144	0.10	31.7
Bacillus_GCF_022458945.1_spacer_21	virome_phage_2368	80.000	30	6	0	11	40	1475	1446	0.31	30.1
Bacillus_GCF_022458945.1_spacer_21	virome_phage_2368	77.419	31	7	0	1	31	1449	1419	0.94	28.5
Bacillus_GCF_022458945.1_spacer_21	virome_phage_2368	81.481	27	5	0	13	39	1509	1483	0.94	28.5
Bacillus_GCF_022458945.1_spacer_21	virome_phage_2368	71.795	39	11	0	1	39	2676	2638	0.94	28.5
Bacillus_GCF_022458945.1_spacer_21	virome_phage_2368	72.973	37	10	0	2	38	2843	2807	0.94	28.5
Bacillus_GCF_022458945.1_spacer_21	virome_phage_152	74.359	39	10	0	1	39	6688	6650	0.10	31.7
Bacillus_GCF_022458945.1_spacer_21	virome_phage_152	79.310	29	6	0	2	30	6498	6470	0.94	28.5
Bacillus_GCF_022458945.1_spacer_21	virome_phage_2282	78.788	33	7	0	2	34	37785	37817	0.10	31.7
Bacillus_GCF_022458945.1_spacer_21	virome_phage_820	78.125	32	7	0	14	45	13378	13347	0.31	30.1
Bacillus_GCF_022458945.1_spacer_21	virome_phage_844	72.500	40	11	0	3	42	22406	22445	0.31	30.1
Bacillus_GCF_022458945.1_spacer_21	virome_phage_145	80.000	30	6	0	11	40	19477	19506	0.31	30.1
Bacillus_GCF_022458945.1_spacer_21	virome_phage_145	71.795	39	11	0	1	39	18276	18314	0.94	28.5
Bacillus_GCF_022458945.1_spacer_21	virome_phage_145	81.481	27	5	0	13	39	19443	19469	0.94	28.5
Bacillus_GCF_022458945.1_spacer_21	virome_phage_145	77.419	31	7	0	1	31	19503	19533	0.94	28.5
Bacillus_GCF_022458945.1_spacer_21	virome_phage_35	84.000	25	4	0	8	32	2129	2105	0.94	28.5
Bacillus_GCF_022458945.1_spacer_21	virome_phage_2345	69.767	43	13	0	2	44	2296	2254	0.94	28.5
Bacillus_GCF_022458945.1_spacer_21	virome_phage_2295	90.476	21	2	0	10	30	24124	24104	0.94	28.5
Bacillus_GCF_022458945.1_spacer_21	virome_phage_11	90.476	21	2	0	16	36	99963	99943	0.94	28.5
Bacillus_GCF_022458945.1_spacer_21	virome_phage_829	69.767	43	13	0	2	44	14488	14530	0.94	28.5
Bacillus_GCF_022458945.1_spacer_22	virome_phage_52	75.610	41	10	0	8	48	44096	44056	0.018	34.9
Bacillus_GCF_022458945.1_spacer_22	virome_phage_52	78.125	32	7	0	9	40	44455	44424	0.48	30.1
Bacillus_GCF_022458945.1_spacer_22	virome_phage_5	76.923	39	9	0	1	39	29967	29929	0.018	34.9
Bacillus_GCF_022458945.1_spacer_22	virome_phage_5	67.925	53	17	0	1	53	28788	28736	0.16	31.7
Bacillus_GCF_022458945.1_spacer_22	virome_phage_5	71.111	45	13	0	8	52	28967	28923	0.16	31.7
Bacillus_GCF_022458945.1_spacer_22	virome_phage_5	75.676	37	9	0	17	53	29132	29096	0.16	31.7
Bacillus_GCF_022458945.1_spacer_22	virome_phage_5	75.676	37	9	0	8	44	132959	132995	0.16	31.7
Bacillus_GCF_022458945.1_spacer_22	virome_phage_5	73.684	38	10	0	11	48	28427	28390	0.48	30.1
Bacillus_GCF_022458945.1_spacer_22	virome_phage_2282	81.818	33	6	0	11	43	37785	37817	0.018	34.9
Bacillus_GCF_022458945.1_spacer_22	virome_phage_1	83.871	31	5	0	11	41	221403	221433	0.018	34.9
Bacillus_GCF_022458945.1_spacer_22	virome_phage_824	68.519	54	17	0	1	54	11833	11780	0.054	33.3
Bacillus_GCF_022458945.1_spacer_22	virome_phage_2382	73.810	42	11	0	8	49	6981	6940	0.054	33.3
Bacillus_GCF_022458945.1_spacer_22	virome_phage_2382	75.000	36	9	0	20	55	6942	6907	0.48	30.1
Bacillus_GCF_022458945.1_spacer_22	virome_phage_2368	75.000	40	10	0	1	40	1458	1419	0.054	33.3
Bacillus_GCF_022458945.1_spacer_22	virome_phage_2368	75.000	40	10	0	1	40	1503	1464	0.054	33.3
Bacillus_GCF_022458945.1_spacer_22	virome_phage_2368	70.213	47	14	0	2	48	1100	1054	0.16	31.7
Bacillus_GCF_022458945.1_spacer_22	virome_phage_145	75.000	40	10	0	1	40	19449	19488	0.054	33.3
Bacillus_GCF_022458945.1_spacer_22	virome_phage_145	75.000	40	10	0	1	40	19494	19533	0.054	33.3
Bacillus_GCF_022458945.1_spacer_22	virome_phage_145	72.500	40	11	0	2	41	17551	17590	0.48	30.1
Bacillus_GCF_022458945.1_spacer_22	virome_phage_43	88.000	25	3	0	10	34	9515	9491	0.16	31.7
Bacillus_GCF_022458945.1_spacer_22	virome_phage_58	69.388	49	15	0	2	50	246	294	0.16	31.7
Bacillus_GCF_022458945.1_spacer_22	virome_phage_820	78.125	32	7	0	23	54	13378	13347	0.48	30.1
Bacillus_GCF_022458945.1_spacer_23	virome_phage_824	83.333	48	8	0	2	49	11823	11776	1.01e-07	52.3
Bacillus_GCF_022458945.1_spacer_23	virome_phage_824	75.000	48	12	0	2	49	11859	11812	6.62e-04	39.6
Bacillus_GCF_022458945.1_spacer_23	virome_phage_145	79.487	39	8	0	11	49	17638	17676	0.002	38.0
Bacillus_GCF_022458945.1_spacer_23	virome_phage_145	73.333	45	12	0	9	53	19760	19804	0.018	34.9
Bacillus_GCF_022458945.1_spacer_23	virome_phage_145	67.925	53	17	0	1	53	19503	19555	0.16	31.7
Bacillus_GCF_022458945.1_spacer_23	virome_phage_2368	72.340	47	13	0	9	55	1192	1146	0.018	34.9
Bacillus_GCF_022458945.1_spacer_23	virome_phage_2368	69.811	53	16	0	1	53	1449	1397	0.018	34.9
Bacillus_GCF_022458945.1_spacer_23	virome_phage_2368	76.923	39	9	0	11	49	3314	3276	0.018	34.9
Bacillus_GCF_022458945.1_spacer_23	virome_phage_2368	80.645	31	6	0	18	48	3412	3382	0.16	31.7
Bacillus_GCF_022458945.1_spacer_23	virome_phage_5	75.000	40	10	0	2	41	28427	28388	0.054	33.3
Bacillus_GCF_022458945.1_spacer_23	virome_phage_5	69.388	49	15	0	2	50	28490	28442	0.16	31.7
Bacillus_GCF_022458945.1_spacer_23	virome_phage_5	75.000	36	9	0	8	43	28682	28647	0.48	30.1
Bacillus_GCF_022458945.1_spacer_23	virome_phage_14	77.778	36	8	0	16	51	31498	31463	0.054	33.3
Bacillus_GCF_022458945.1_spacer_23	virome_phage_155	80.645	31	6	0	2	32	5619	5589	0.16	31.7
Bacillus_GCF_022458945.1_spacer_23	virome_phage_155	67.925	53	17	0	2	54	5700	5648	0.16	31.7
Bacillus_GCF_022458945.1_spacer_23	virome_phage_865	87.500	24	3	0	32	55	26304	26327	0.48	30.1
Bacillus_GCF_022458945.1_spacer_23	virome_phage_2342	68.000	50	16	0	1	50	19509	19558	0.48	30.1
Bacillus_GCF_022458945.1_spacer_23	virome_phage_1279	73.684	38	10	0	17	54	3524	3561	0.48	30.1
Bacillus_GCF_022458945.1_spacer_23	virome_phage_52	68.750	48	15	0	2	49	44066	44019	0.48	30.1
Bacillus_GCF_022458945.1_spacer_23	virome_phage_152	66.667	54	18	0	1	54	6688	6635	0.48	30.1
Bacillus_GCF_022458945.1_spacer_24	virome_phage_786	89.655	29	3	0	2	30	35017	34989	0.003	38.0
Bacillus_GCF_022458945.1_spacer_24	virome_phage_780	67.188	64	21	0	2	65	33864	33927	0.010	36.5
Bacillus_GCF_022458945.1_spacer_24	virome_phage_780	66.129	62	21	0	2	63	33822	33883	0.093	33.3
Bacillus_GCF_022458945.1_spacer_24	virome_phage_780	76.471	34	8	0	2	35	22703	22736	0.84	30.1
Bacillus_GCF_022458945.1_spacer_24	virome_phage_780	67.308	52	17	0	2	53	33756	33807	0.84	30.1
Bacillus_GCF_022458945.1_spacer_24	virome_phage_80	84.615	26	4	0	32	57	7216	7191	0.84	30.1
Bacillus_GCF_022458945.1_spacer_24	virome_phage_2269	87.500	24	3	0	14	37	156166	156143	0.84	30.1
Bacillus_GCF_022458945.1_spacer_24	total_phage_653	82.143	28	5	0	2	29	15665	15638	0.84	30.1
Bacillus_GCF_022458945.1_spacer_24	virome_phage_1142	80.000	30	6	0	4	33	1249	1278	0.84	30.1
Bacillus_GCF_022458945.1_spacer_24	total_phage_725	82.143	28	5	0	2	29	28052	28079	0.84	30.1
Bacillus_GCF_022458945.1_spacer_24	total_phage_604	82.143	28	5	0	2	29	35909	35936	0.84	30.1
Bacillus_GCF_022458945.1_spacer_24	total_phage_525	82.143	28	5	0	2	29	25203	25230	0.84	30.1
Bacillus_GCF_022458945.1_spacer_24	total_phage_483	82.143	28	5	0	2	29	15627	15654	0.84	30.1
Bacillus_GCF_022458945.1_spacer_25	virome_phage_94	83.333	36	6	0	2	37	5424	5389	2.02e-04	39.6
Bacillus_GCF_022458945.1_spacer_25	virome_phage_94	83.333	36	6	0	2	37	5433	5398	2.02e-04	39.6
Bacillus_GCF_022458945.1_spacer_25	virome_phage_94	83.333	36	6	0	2	37	5442	5407	2.02e-04	39.6
Bacillus_GCF_022458945.1_spacer_25	virome_phage_94	83.333	36	6	0	2	37	5451	5416	2.02e-04	39.6
Bacillus_GCF_022458945.1_spacer_25	virome_phage_94	83.333	36	6	0	2	37	5460	5425	2.02e-04	39.6
Bacillus_GCF_022458945.1_spacer_25	virome_phage_94	83.333	36	6	0	2	37	5469	5434	2.02e-04	39.6
Bacillus_GCF_022458945.1_spacer_25	virome_phage_94	83.333	36	6	0	2	37	5478	5443	2.02e-04	39.6
Bacillus_GCF_022458945.1_spacer_25	virome_phage_94	80.556	36	7	0	2	37	5415	5380	0.002	36.5
Bacillus_GCF_022458945.1_spacer_25	virome_phage_94	81.818	33	6	0	5	37	5484	5452	0.005	34.9
Bacillus_GCF_022458945.1_spacer_25	virome_phage_906	83.333	36	6	0	2	37	19769	19734	2.02e-04	39.6
Bacillus_GCF_022458945.1_spacer_25	virome_phage_906	83.333	36	6	0	2	37	19778	19743	2.02e-04	39.6
Bacillus_GCF_022458945.1_spacer_25	virome_phage_906	83.333	36	6	0	2	37	19787	19752	2.02e-04	39.6
Bacillus_GCF_022458945.1_spacer_25	virome_phage_906	83.333	36	6	0	2	37	19796	19761	2.02e-04	39.6
Bacillus_GCF_022458945.1_spacer_25	virome_phage_906	83.333	36	6	0	2	37	19805	19770	2.02e-04	39.6
Bacillus_GCF_022458945.1_spacer_25	virome_phage_906	83.333	36	6	0	2	37	19847	19812	2.02e-04	39.6
Bacillus_GCF_022458945.1_spacer_25	virome_phage_906	83.333	36	6	0	2	37	19856	19821	2.02e-04	39.6
Bacillus_GCF_022458945.1_spacer_25	virome_phage_906	83.333	36	6	0	2	37	19865	19830	2.02e-04	39.6
Bacillus_GCF_022458945.1_spacer_25	virome_phage_906	83.333	36	6	0	2	37	21946	21911	2.02e-04	39.6
Bacillus_GCF_022458945.1_spacer_25	virome_phage_906	83.333	36	6	0	2	37	21955	21920	2.02e-04	39.6
Bacillus_GCF_022458945.1_spacer_25	virome_phage_906	83.333	36	6	0	2	37	21964	21929	2.02e-04	39.6
Bacillus_GCF_022458945.1_spacer_25	virome_phage_906	83.333	36	6	0	2	37	21973	21938	2.02e-04	39.6
Bacillus_GCF_022458945.1_spacer_25	virome_phage_906	84.848	33	5	0	2	34	19760	19728	6.05e-04	38.0
Bacillus_GCF_022458945.1_spacer_25	virome_phage_906	84.848	33	5	0	2	34	19838	19806	6.05e-04	38.0
Bacillus_GCF_022458945.1_spacer_25	virome_phage_906	84.848	33	5	0	2	34	21937	21905	6.05e-04	38.0
Bacillus_GCF_022458945.1_spacer_25	virome_phage_906	80.556	36	7	0	2	37	19874	19839	0.002	36.5
Bacillus_GCF_022458945.1_spacer_25	virome_phage_906	79.412	34	7	0	4	37	19812	19779	0.016	33.3
Bacillus_GCF_022458945.1_spacer_25	virome_phage_906	79.412	34	7	0	4	37	21980	21947	0.016	33.3
Bacillus_GCF_022458945.1_spacer_25	virome_phage_906	78.788	33	7	0	2	34	19829	19797	0.049	31.7
Bacillus_GCF_022458945.1_spacer_25	virome_phage_906	76.471	34	8	0	4	37	19881	19848	0.15	30.1
Bacillus_GCF_022458945.1_spacer_25	virome_phage_906	76.471	34	8	0	4	37	21989	21956	0.15	30.1
Bacillus_GCF_022458945.1_spacer_25	virome_phage_906	75.758	33	8	0	2	34	21997	21965	0.44	28.5
Bacillus_GCF_022458945.1_spacer_25	total_phage_725	88.000	25	3	0	11	35	28052	28076	0.049	31.7
Bacillus_GCF_022458945.1_spacer_25	total_phage_604	88.000	25	3	0	11	35	35909	35933	0.049	31.7
Bacillus_GCF_022458945.1_spacer_25	total_phage_525	88.000	25	3	0	11	35	25203	25227	0.049	31.7
Bacillus_GCF_022458945.1_spacer_25	total_phage_483	88.000	25	3	0	11	35	15627	15651	0.049	31.7
Bacillus_GCF_022458945.1_spacer_25	total_phage_653	88.000	25	3	0	11	35	15665	15641	0.049	31.7
Bacillus_GCF_022458945.1_spacer_25	virome_phage_2270	90.909	22	2	0	11	32	100303	100324	0.15	30.1
Bacillus_GCF_022458945.1_spacer_25	virome_phage_2285	80.000	30	6	0	4	33	24370	24341	0.15	30.1
Bacillus_GCF_022458945.1_spacer_25	virome_phage_865	94.737	19	1	0	14	32	26313	26331	0.44	28.5
Bacillus_GCF_022458945.1_spacer_25	virome_phage_81	86.957	23	3	0	2	24	22670	22692	0.44	28.5
Bacillus_GCF_022458945.1_spacer_25	virome_phage_41	75.758	33	8	0	2	34	22394	22426	0.44	28.5
Bacillus_GCF_022458945.1_spacer_25	virome_phage_41	75.758	33	8	0	2	34	22403	22435	0.44	28.5
Bacillus_GCF_022458945.1_spacer_25	virome_phage_41	75.758	33	8	0	2	34	22412	22444	0.44	28.5
Bacillus_GCF_022458945.1_spacer_25	virome_phage_41	75.758	33	8	0	2	34	22421	22453	0.44	28.5
Bacillus_GCF_022458945.1_spacer_25	virome_phage_41	75.758	33	8	0	2	34	22430	22462	0.44	28.5
Bacillus_GCF_022458945.1_spacer_25	virome_phage_41	75.758	33	8	0	2	34	22439	22471	0.44	28.5
Bacillus_GCF_022458945.1_spacer_25	virome_phage_2424	84.000	25	4	0	8	32	4803	4827	0.44	28.5
Bacillus_GCF_022458945.1_spacer_25	virome_phage_24	72.973	37	10	0	1	37	46978	47014	0.44	28.5
Bacillus_GCF_022458945.1_spacer_25	virome_phage_239	84.000	25	4	0	8	32	2915	2939	0.44	28.5
Bacillus_GCF_022458945.1_spacer_25	virome_phage_786	79.310	29	6	0	9	37	35019	34991	0.44	28.5
Bacillus_GCF_022458945.1_spacer_25	virome_phage_5	84.000	25	4	0	1	25	29010	28986	0.44	28.5
Bacillus_GCF_022458945.1_spacer_25	virome_phage_2274	86.957	23	3	0	2	24	14758	14736	0.44	28.5
Bacillus_GCF_022458945.1_spacer_26	virome_phage_7	80.645	31	6	0	2	32	131106	131076	0.084	31.7
Bacillus_GCF_022458945.1_spacer_26	virome_phage_749	84.000	25	4	0	9	33	33176	33200	0.76	28.5
Bacillus_GCF_022458945.1_spacer_26	virome_phage_2254	81.481	27	5	0	11	37	109537	109563	0.76	28.5
Bacillus_GCF_022458945.1_spacer_26	total_phage_243	86.957	23	3	0	16	38	29762	29784	0.76	28.5
Bacillus_GCF_022458945.1_spacer_26	total_phage_232	90.476	21	2	0	23	43	6060	6080	0.76	28.5
Bacillus_GCF_022458945.1_spacer_26	virome_phage_743	84.000	25	4	0	7	31	76369	76345	0.76	28.5
Bacillus_GCF_022458945.1_spacer_26	virome_phage_734	86.957	23	3	0	9	31	103496	103474	0.76	28.5
Bacillus_GCF_022458945.1_spacer_26	total_phage_500	81.481	27	5	0	11	37	16895	16869	0.76	28.5
Bacillus_GCF_022458945.1_spacer_28	virome_phage_828	77.419	31	7	0	5	35	9679	9709	0.76	28.5
Bacillus_GCF_022458945.1_spacer_28	virome_phage_56	84.000	25	4	0	6	30	42648	42672	0.76	28.5
Bacillus_GCF_022458945.1_spacer_29	virome_phage_32	81.818	33	6	0	3	35	35749	35781	0.009	34.9
Bacillus_GCF_022458945.1_spacer_29	virome_phage_2269	82.143	28	5	0	12	39	151080	151053	0.25	30.1
Bacillus_GCF_022458945.1_spacer_29	virome_phage_738	80.000	30	6	0	13	42	139738	139767	0.25	30.1
Bacillus_GCF_022458945.1_spacer_29	virome_phage_748	75.758	33	8	0	6	38	50102	50070	0.76	28.5
Bacillus_GCF_022458945.1_spacer_29	virome_phage_7	81.481	27	5	0	3	29	27521	27495	0.76	28.5
Bacillus_GCF_022458945.1_spacer_29	total_phage_360	86.957	23	3	0	21	43	5475	5453	0.76	28.5
Bacillus_GCF_022458945.1_spacer_29	virome_phage_15	84.000	25	4	0	17	41	70044	70068	0.76	28.5
Bacillus_GCF_022458945.1_spacer_29	total_phage_413	79.310	29	6	0	12	40	19825	19853	0.76	28.5
Bacillus_GCF_022458945.1_spacer_29	total_phage_179	70.732	41	12	0	3	43	14439	14479	0.76	28.5
Bacillus_GCF_022458945.1_spacer_30	virome_phage_878	84.000	25	4	0	6	30	24255	24279	0.82	28.5
Bacillus_GCF_022458945.1_spacer_30	virome_phage_734	90.476	21	2	0	9	29	192243	192263	0.82	28.5
Bacillus_GCF_022458945.1_spacer_30	virome_phage_2624	75.758	33	8	0	5	37	6087	6119	0.82	28.5
Bacillus_GCF_022458945.1_spacer_30	total_phage_807	86.957	23	3	0	4	26	10606	10628	0.82	28.5
Bacillus_GCF_022458945.1_spacer_30	total_phage_232	84.000	25	4	0	2	26	73801	73825	0.82	28.5
Bacillus_GCF_022458945.1_spacer_30	virome_phage_272	75.758	33	8	0	5	37	5614	5582	0.82	28.5
Bacillus_GCF_022458945.1_spacer_30	virome_phage_271	75.758	33	8	0	5	37	5581	5549	0.82	28.5
Bacillus_GCF_022458945.1_spacer_30	virome_phage_2254	86.957	23	3	0	6	28	5555	5533	0.82	28.5
Bacillus_GCF_022458945.1_spacer_31	virome_phage_750	90.909	22	2	0	7	28	3317	3338	0.23	30.1
Bacillus_GCF_022458945.1_spacer_31	total_phage_788	90.476	21	2	0	15	35	3430	3410	0.69	28.5
Bacillus_GCF_022458945.1_spacer_31	total_phage_299	90.476	21	2	0	15	35	38317	38297	0.69	28.5
Bacillus_GCF_022458945.1_spacer_32	virome_phage_2270	86.957	23	3	0	11	33	127671	127649	0.69	28.5
