Bacillus_GCA_002564865.1_spacer_0	total_phage_413	86.957	23	3	0	14	36	97806	97828	0.38	28.5
Bacillus_GCA_002564865.1_spacer_1	virome_phage_8	90.476	21	2	0	7	27	71509	71489	0.38	28.5
Bacillus_GCA_002564865.1_spacer_1	virome_phage_795	84.000	25	4	0	9	33	36914	36890	0.38	28.5
Bacillus_GCA_002564865.1_spacer_1	total_phage_358	86.957	23	3	0	9	31	42307	42285	0.38	28.5
Bacillus_GCA_002564865.1_spacer_2	virome_phage_743	95.455	22	1	0	11	32	78110	78131	0.014	33.3
Bacillus_GCA_002564865.1_spacer_2	virome_phage_2270	83.333	30	5	0	2	31	173941	173912	0.014	33.3
Bacillus_GCA_002564865.1_spacer_2	total_phage_730	82.759	29	5	0	8	36	119687	119715	0.042	31.7
Bacillus_GCA_002564865.1_spacer_2	virome_phage_10	82.759	29	5	0	8	36	67041	67013	0.042	31.7
Bacillus_GCA_002564865.1_spacer_2	virome_phage_4	87.500	24	3	0	11	34	28241	28264	0.13	30.1
Bacillus_GCA_002564865.1_spacer_2	virome_phage_4	84.615	26	4	0	6	31	144835	144810	0.13	30.1
Bacillus_GCA_002564865.1_spacer_2	virome_phage_2238	75.000	36	9	0	1	36	78297	78332	0.13	30.1
Bacillus_GCA_002564865.1_spacer_2	virome_phage_181	84.615	26	4	0	11	36	4324	4349	0.13	30.1
Bacillus_GCA_002564865.1_spacer_2	total_phage_306	84.615	26	4	0	1	26	26830	26855	0.13	30.1
Bacillus_GCA_002564865.1_spacer_2	total_phage_18	84.615	26	4	0	11	36	4427	4452	0.13	30.1
Bacillus_GCA_002564865.1_spacer_2	virome_phage_739	82.143	28	5	0	5	32	49345	49318	0.13	30.1
Bacillus_GCA_002564865.1_spacer_2	virome_phage_739	79.310	29	6	0	5	33	103179	103207	0.38	28.5
Bacillus_GCA_002564865.1_spacer_2	virome_phage_2298	78.125	32	7	0	3	34	26010	25979	0.13	30.1
Bacillus_GCA_002564865.1_spacer_2	total_phage_500	75.000	36	9	0	1	36	29660	29625	0.13	30.1
Bacillus_GCA_002564865.1_spacer_2	total_phage_443	78.125	32	7	0	5	36	9037	9006	0.13	30.1
Bacillus_GCA_002564865.1_spacer_2	total_phage_176	90.909	22	2	0	4	25	6826	6805	0.13	30.1
Bacillus_GCA_002564865.1_spacer_2	virome_phage_895	100.000	17	0	0	8	24	11193	11209	0.38	28.5
Bacillus_GCA_002564865.1_spacer_2	virome_phage_59	90.476	21	2	0	6	26	21522	21542	0.38	28.5
Bacillus_GCA_002564865.1_spacer_2	virome_phage_2312	79.310	29	6	0	7	35	30912	30940	0.38	28.5
Bacillus_GCA_002564865.1_spacer_2	virome_phage_2243	74.286	35	9	0	1	35	1750	1784	0.38	28.5
Bacillus_GCA_002564865.1_spacer_2	total_phage_800	100.000	17	0	0	11	27	31768	31784	0.38	28.5
Bacillus_GCA_002564865.1_spacer_2	total_phage_8	81.481	27	5	0	1	27	23427	23453	0.38	28.5
Bacillus_GCA_002564865.1_spacer_2	total_phage_644	74.286	35	9	0	1	35	1639	1673	0.38	28.5
Bacillus_GCA_002564865.1_spacer_2	total_phage_487	74.286	35	9	0	1	35	276	310	0.38	28.5
Bacillus_GCA_002564865.1_spacer_2	total_phage_368	100.000	17	0	0	11	27	40597	40613	0.38	28.5
Bacillus_GCA_002564865.1_spacer_2	virome_phage_807	75.758	33	8	0	1	33	23938	23906	0.38	28.5
Bacillus_GCA_002564865.1_spacer_2	virome_phage_795	94.737	19	1	0	14	32	17512	17494	0.38	28.5
Bacillus_GCA_002564865.1_spacer_2	virome_phage_795	84.000	25	4	0	5	29	27763	27739	0.38	28.5
Bacillus_GCA_002564865.1_spacer_2	virome_phage_2272	90.476	21	2	0	12	32	25714	25694	0.38	28.5
Bacillus_GCA_002564865.1_spacer_2	virome_phage_2237	74.286	35	9	0	1	35	16035	16001	0.38	28.5
Bacillus_GCA_002564865.1_spacer_2	virome_phage_17	84.000	25	4	0	7	31	31312	31288	0.38	28.5
Bacillus_GCA_002564865.1_spacer_2	total_phage_415	100.000	17	0	0	11	27	1171	1155	0.38	28.5
Bacillus_GCA_002564865.1_spacer_2	total_phage_305	75.758	33	8	0	1	33	6614	6582	0.38	28.5
