Bacillus_GCF_002567945.1_spacer_0	total_phage_793	84.615	26	4	0	1	26	35439	35414	0.084	30.1
Bacillus_GCF_002567945.1_spacer_0	total_phage_362	84.615	26	4	0	1	26	38367	38342	0.084	30.1
Bacillus_GCF_002567945.1_spacer_0	total_phage_820	86.957	23	3	0	7	29	9874	9852	0.25	28.5
Bacillus_GCF_002567945.1_spacer_0	virome_phage_52	90.000	20	2	0	7	26	17704	17723	0.76	26.9
Bacillus_GCF_002567945.1_spacer_0	virome_phage_2272	90.000	20	2	0	8	27	29811	29792	0.76	26.9
Bacillus_GCF_002567945.1_spacer_0	virome_phage_1117	94.444	18	1	0	6	23	10409	10392	0.76	26.9
Bacillus_GCF_002567945.1_spacer_1	virome_phage_747	75.758	33	8	0	1	33	44409	44441	0.25	28.5
Bacillus_GCF_002567945.1_spacer_1	total_phage_176	79.310	29	6	0	1	29	2747	2775	0.25	28.5
Bacillus_GCF_002567945.1_spacer_1	virome_phage_8	84.000	25	4	0	9	33	111214	111190	0.25	28.5
Bacillus_GCF_002567945.1_spacer_1	total_phage_727	86.957	23	3	0	2	24	11018	10996	0.25	28.5
Bacillus_GCF_002567945.1_spacer_1	total_phage_518	86.957	23	3	0	2	24	23228	23206	0.25	28.5
Bacillus_GCF_002567945.1_spacer_1	virome_phage_939	94.444	18	1	0	16	33	15437	15454	0.76	26.9
Bacillus_GCF_002567945.1_spacer_1	virome_phage_764	83.333	24	4	0	9	32	36633	36656	0.76	26.9
Bacillus_GCF_002567945.1_spacer_1	virome_phage_745	78.571	28	6	0	4	31	16541	16568	0.76	26.9
Bacillus_GCF_002567945.1_spacer_1	virome_phage_738	76.667	30	7	0	1	30	121227	121256	0.76	26.9
Bacillus_GCF_002567945.1_spacer_1	virome_phage_2239	76.667	30	7	0	1	30	29063	29092	0.76	26.9
Bacillus_GCF_002567945.1_spacer_1	virome_phage_1109	83.333	24	4	0	9	32	2586	2609	0.76	26.9
Bacillus_GCF_002567945.1_spacer_1	total_phage_692	90.000	20	2	0	14	33	1408	1427	0.76	26.9
Bacillus_GCF_002567945.1_spacer_1	total_phage_600	94.444	18	1	0	12	29	126	143	0.76	26.9
Bacillus_GCF_002567945.1_spacer_1	total_phage_454	76.667	30	7	0	1	30	23089	23118	0.76	26.9
Bacillus_GCF_002567945.1_spacer_1	total_phage_3	76.667	30	7	0	1	30	18157	18186	0.76	26.9
Bacillus_GCF_002567945.1_spacer_1	total_phage_189	86.364	22	3	0	1	22	9712	9733	0.76	26.9
Bacillus_GCF_002567945.1_spacer_1	virome_phage_979	78.571	28	6	0	6	33	3753	3726	0.76	26.9
Bacillus_GCF_002567945.1_spacer_1	virome_phage_891	86.364	22	3	0	1	22	14040	14019	0.76	26.9
Bacillus_GCF_002567945.1_spacer_1	virome_phage_842	76.667	30	7	0	1	30	17780	17751	0.76	26.9
Bacillus_GCF_002567945.1_spacer_1	virome_phage_734	75.000	32	8	0	2	33	286466	286435	0.76	26.9
Bacillus_GCF_002567945.1_spacer_1	total_phage_658	90.000	20	2	0	14	33	44494	44475	0.76	26.9
Bacillus_GCF_002567945.1_spacer_1	total_phage_483	76.667	30	7	0	1	30	758	729	0.76	26.9
Bacillus_GCF_002567945.1_spacer_2	total_phage_98	84.615	26	4	0	5	30	3804	3829	0.10	30.1
Bacillus_GCF_002567945.1_spacer_2	virome_phage_795	87.500	24	3	0	2	25	1119	1096	0.10	30.1
Bacillus_GCF_002567945.1_spacer_2	total_phage_99	84.615	26	4	0	5	30	28383	28358	0.10	30.1
Bacillus_GCF_002567945.1_spacer_2	total_phage_122	84.615	26	4	0	6	31	15560	15535	0.10	30.1
Bacillus_GCF_002567945.1_spacer_2	virome_phage_759	77.419	31	7	0	4	34	39498	39528	0.31	28.5
Bacillus_GCF_002567945.1_spacer_2	virome_phage_38	86.957	23	3	0	3	25	40413	40435	0.31	28.5
Bacillus_GCF_002567945.1_spacer_2	virome_phage_32	86.957	23	3	0	10	32	1043	1065	0.31	28.5
Bacillus_GCF_002567945.1_spacer_2	virome_phage_37	80.769	26	5	0	4	29	46814	46839	0.94	26.9
Bacillus_GCF_002567945.1_spacer_2	virome_phage_2270	80.769	26	5	0	6	31	196672	196697	0.94	26.9
Bacillus_GCF_002567945.1_spacer_2	total_phage_785	78.571	28	6	0	5	32	2650	2677	0.94	26.9
Bacillus_GCF_002567945.1_spacer_2	total_phage_743	83.333	24	4	0	8	31	17276	17299	0.94	26.9
Bacillus_GCF_002567945.1_spacer_2	total_phage_307	90.000	20	2	0	10	29	25795	25814	0.94	26.9
Bacillus_GCF_002567945.1_spacer_2	total_phage_176	78.571	28	6	0	5	32	3290	3317	0.94	26.9
Bacillus_GCF_002567945.1_spacer_2	total_phage_117	86.364	22	3	0	12	33	25635	25656	0.94	26.9
Bacillus_GCF_002567945.1_spacer_2	virome_phage_745	80.769	26	5	0	2	27	74214	74189	0.94	26.9
Bacillus_GCF_002567945.1_spacer_2	total_phage_123	83.333	24	4	0	6	29	16566	16543	0.94	26.9
Bacillus_GCF_002567945.1_spacer_3	total_phage_636	82.143	28	5	0	6	33	18012	17985	0.084	30.1
Bacillus_GCF_002567945.1_spacer_3	total_phage_451	81.481	27	5	0	1	27	19228	19254	0.25	28.5
Bacillus_GCF_002567945.1_spacer_3	total_phage_446	84.000	25	4	0	6	30	703	727	0.25	28.5
Bacillus_GCF_002567945.1_spacer_3	total_phage_0	84.000	25	4	0	6	30	33760	33784	0.25	28.5
Bacillus_GCF_002567945.1_spacer_3	virome_phage_815	80.769	26	5	0	1	26	38051	38076	0.76	26.9
Bacillus_GCF_002567945.1_spacer_3	virome_phage_807	94.444	18	1	0	2	19	16285	16268	0.76	26.9
Bacillus_GCF_002567945.1_spacer_3	virome_phage_2359	83.333	24	4	0	1	24	10795	10772	0.76	26.9
Bacillus_GCF_002567945.1_spacer_3	virome_phage_2269	86.364	22	3	0	7	28	46830	46809	0.76	26.9
Bacillus_GCF_002567945.1_spacer_3	total_phage_737	94.444	18	1	0	2	19	1841	1858	0.76	26.9
Bacillus_GCF_002567945.1_spacer_3	total_phage_111	80.769	26	5	0	1	26	40954	40979	0.76	26.9
Bacillus_GCF_002567945.1_spacer_3	total_phage_111	80.769	26	5	0	1	26	81196	81221	0.76	26.9
Bacillus_GCF_002567945.1_spacer_4	total_phage_524	94.444	18	1	0	14	31	32521	32538	0.76	26.9
