Bacillus_GCF_019037255.1_spacer_0	virome_phage_744	95.000	20	1	0	16	35	6650	6631	0.13	30.1
Bacillus_GCF_019037255.1_spacer_0	total_phage_414	84.615	26	4	0	4	29	41552	41527	0.13	30.1
Bacillus_GCF_019037255.1_spacer_0	virome_phage_2314	95.000	20	1	0	16	35	6365	6384	0.13	30.1
Bacillus_GCF_019037255.1_spacer_0	virome_phage_734	86.957	23	3	0	10	32	90603	90581	0.38	28.5
Bacillus_GCF_019037255.1_spacer_0	virome_phage_734	86.957	23	3	0	2	24	91391	91413	0.38	28.5
Bacillus_GCF_019037255.1_spacer_0	virome_phage_70	81.481	27	5	0	5	31	3083	3057	0.38	28.5
Bacillus_GCF_019037255.1_spacer_0	virome_phage_2269	81.481	27	5	0	1	27	230170	230144	0.38	28.5
Bacillus_GCF_019037255.1_spacer_0	virome_phage_11	79.310	29	6	0	6	34	42425	42397	0.38	28.5
Bacillus_GCF_019037255.1_spacer_0	total_phage_363	86.957	23	3	0	13	35	1231	1209	0.38	28.5
Bacillus_GCF_019037255.1_spacer_0	total_phage_363	84.000	25	4	0	8	32	15147	15171	0.38	28.5
Bacillus_GCF_019037255.1_spacer_0	total_phage_232	94.737	19	1	0	6	24	27269	27251	0.38	28.5
Bacillus_GCF_019037255.1_spacer_0	total_phage_106	86.957	23	3	0	11	33	23730	23708	0.38	28.5
Bacillus_GCF_019037255.1_spacer_0	virome_phage_932	84.000	25	4	0	11	35	16711	16735	0.38	28.5
Bacillus_GCF_019037255.1_spacer_0	virome_phage_7	77.419	31	7	0	2	32	25831	25861	0.38	28.5
Bacillus_GCF_019037255.1_spacer_0	virome_phage_2	77.419	31	7	0	5	35	163122	163152	0.38	28.5
Bacillus_GCF_019037255.1_spacer_0	total_phage_92	90.476	21	2	0	12	32	127688	127708	0.38	28.5
Bacillus_GCF_019037255.1_spacer_1	virome_phage_1236	86.364	22	3	0	10	31	3369	3390	0.94	26.9
Bacillus_GCF_019037255.1_spacer_2	virome_phage_816	83.333	24	4	0	7	30	21861	21838	0.76	26.9
Bacillus_GCF_019037255.1_spacer_3	virome_phage_2301	83.333	24	4	0	2	25	6472	6449	0.94	26.9
Bacillus_GCF_019037255.1_spacer_4	virome_phage_776	86.364	22	3	0	9	30	38061	38082	0.94	26.9
Bacillus_GCF_019037255.1_spacer_4	virome_phage_2243	94.444	18	1	0	15	32	3624	3607	0.94	26.9
Bacillus_GCF_019037255.1_spacer_4	virome_phage_2237	94.444	18	1	0	15	32	14161	14178	0.94	26.9
Bacillus_GCF_019037255.1_spacer_4	total_phage_644	94.444	18	1	0	15	32	3513	3496	0.94	26.9
Bacillus_GCF_019037255.1_spacer_4	total_phage_487	94.444	18	1	0	15	32	2150	2133	0.94	26.9
Bacillus_GCF_019037255.1_spacer_4	total_phage_239	86.364	22	3	0	9	30	4101	4122	0.94	26.9
Bacillus_GCF_019037255.1_spacer_5	virome_phage_72	94.737	19	1	0	4	22	535	553	0.38	28.5
Bacillus_GCF_019037255.1_spacer_6	virome_phage_38	90.476	21	2	0	14	34	42928	42948	0.38	28.5
Bacillus_GCF_019037255.1_spacer_7	total_phage_800	86.957	23	3	0	5	27	12079	12101	0.38	28.5
Bacillus_GCF_019037255.1_spacer_7	total_phage_368	86.957	23	3	0	5	27	21944	21966	0.38	28.5
Bacillus_GCF_019037255.1_spacer_7	total_phage_358	94.737	19	1	0	13	31	25984	26002	0.38	28.5
Bacillus_GCF_019037255.1_spacer_7	total_phage_4	86.957	23	3	0	5	27	16786	16764	0.38	28.5
Bacillus_GCF_019037255.1_spacer_8	virome_phage_746	83.333	30	5	0	4	33	15846	15817	0.009	33.3
Bacillus_GCF_019037255.1_spacer_8	virome_phage_860	78.788	33	7	0	1	33	31382	31414	0.028	31.7
Bacillus_GCF_019037255.1_spacer_8	virome_phage_841	78.788	33	7	0	1	33	9558	9590	0.028	31.7
Bacillus_GCF_019037255.1_spacer_8	virome_phage_841	83.333	24	4	0	10	33	18135	18158	0.76	26.9
Bacillus_GCF_019037255.1_spacer_8	virome_phage_79	88.000	25	3	0	1	25	28826	28802	0.028	31.7
Bacillus_GCF_019037255.1_spacer_8	virome_phage_776	78.788	33	7	0	1	33	31077	31045	0.028	31.7
Bacillus_GCF_019037255.1_spacer_8	virome_phage_776	88.000	25	3	0	1	25	35289	35313	0.028	31.7
Bacillus_GCF_019037255.1_spacer_8	virome_phage_32	91.304	23	2	0	11	33	6092	6114	0.028	31.7
Bacillus_GCF_019037255.1_spacer_8	virome_phage_2288	88.000	25	3	0	1	25	3475	3499	0.028	31.7
Bacillus_GCF_019037255.1_spacer_8	total_phage_807	78.788	33	7	0	1	33	14518	14550	0.028	31.7
Bacillus_GCF_019037255.1_spacer_8	total_phage_783	80.645	31	6	0	3	33	21013	20983	0.028	31.7
Bacillus_GCF_019037255.1_spacer_8	virome_phage_745	80.000	30	6	0	3	32	65849	65820	0.084	30.1
Bacillus_GCF_019037255.1_spacer_8	virome_phage_2407	90.909	22	2	0	7	28	1182	1203	0.084	30.1
Bacillus_GCF_019037255.1_spacer_8	virome_phage_2254	84.615	26	4	0	3	28	13798	13823	0.084	30.1
Bacillus_GCF_019037255.1_spacer_8	virome_phage_2254	83.333	24	4	0	6	29	16910	16933	0.76	26.9
Bacillus_GCF_019037255.1_spacer_8	virome_phage_2254	80.769	26	5	0	7	32	46826	46851	0.76	26.9
Bacillus_GCF_019037255.1_spacer_8	virome_phage_2254	83.333	24	4	0	8	31	94566	94589	0.76	26.9
Bacillus_GCF_019037255.1_spacer_8	total_phage_791	84.615	26	4	0	8	33	28299	28324	0.084	30.1
Bacillus_GCF_019037255.1_spacer_8	total_phage_233	87.500	24	3	0	10	33	44280	44303	0.084	30.1
Bacillus_GCF_019037255.1_spacer_8	virome_phage_884	81.481	27	5	0	7	33	13126	13100	0.25	28.5
Bacillus_GCF_019037255.1_spacer_8	virome_phage_878	90.476	21	2	0	8	28	1460	1440	0.25	28.5
Bacillus_GCF_019037255.1_spacer_8	virome_phage_878	75.000	32	8	0	2	33	10108	10077	0.76	26.9
Bacillus_GCF_019037255.1_spacer_8	virome_phage_859	81.481	27	5	0	7	33	2327	2353	0.25	28.5
Bacillus_GCF_019037255.1_spacer_8	virome_phage_828	81.481	27	5	0	7	33	3030	3056	0.25	28.5
Bacillus_GCF_019037255.1_spacer_8	virome_phage_82	75.758	33	8	0	1	33	5322	5290	0.25	28.5
Bacillus_GCF_019037255.1_spacer_8	virome_phage_82	81.481	27	5	0	7	33	10088	10062	0.25	28.5
Bacillus_GCF_019037255.1_spacer_8	virome_phage_817	81.481	27	5	0	1	27	3107	3133	0.25	28.5
Bacillus_GCF_019037255.1_spacer_8	virome_phage_771	90.476	21	2	0	2	22	9909	9889	0.25	28.5
Bacillus_GCF_019037255.1_spacer_8	virome_phage_771	84.000	25	4	0	1	25	32213	32237	0.25	28.5
Bacillus_GCF_019037255.1_spacer_8	virome_phage_770	86.957	23	3	0	9	31	18888	18866	0.25	28.5
Bacillus_GCF_019037255.1_spacer_8	virome_phage_759	81.481	27	5	0	7	33	24899	24925	0.25	28.5
Bacillus_GCF_019037255.1_spacer_8	virome_phage_759	75.758	33	8	0	1	33	29665	29697	0.25	28.5
Bacillus_GCF_019037255.1_spacer_8	virome_phage_734	77.419	31	7	0	2	32	250170	250140	0.25	28.5
Bacillus_GCF_019037255.1_spacer_8	virome_phage_734	78.571	28	6	0	6	33	81719	81692	0.76	26.9
Bacillus_GCF_019037255.1_spacer_8	virome_phage_2303	84.000	25	4	0	9	33	22285	22309	0.25	28.5
Bacillus_GCF_019037255.1_spacer_8	virome_phage_2292	84.000	25	4	0	9	33	17070	17046	0.25	28.5
Bacillus_GCF_019037255.1_spacer_8	virome_phage_115	84.000	25	4	0	1	25	15917	15941	0.25	28.5
Bacillus_GCF_019037255.1_spacer_8	total_phage_803	84.000	25	4	0	9	33	21309	21285	0.25	28.5
Bacillus_GCF_019037255.1_spacer_8	total_phage_803	83.333	24	4	0	9	32	3240	3263	0.76	26.9
Bacillus_GCF_019037255.1_spacer_8	total_phage_358	86.957	23	3	0	9	31	43712	43690	0.25	28.5
Bacillus_GCF_019037255.1_spacer_8	total_phage_106	75.758	33	8	0	1	33	32740	32772	0.25	28.5
Bacillus_GCF_019037255.1_spacer_8	total_phage_106	94.444	18	1	0	16	33	13911	13894	0.76	26.9
Bacillus_GCF_019037255.1_spacer_8	virome_phage_83	76.667	30	7	0	1	30	29818	29847	0.76	26.9
Bacillus_GCF_019037255.1_spacer_8	virome_phage_807	83.333	24	4	0	10	33	10570	10593	0.76	26.9
Bacillus_GCF_019037255.1_spacer_8	virome_phage_8	75.000	32	8	0	2	33	70008	70039	0.76	26.9
Bacillus_GCF_019037255.1_spacer_8	virome_phage_792	83.333	24	4	0	5	28	14496	14519	0.76	26.9
Bacillus_GCF_019037255.1_spacer_8	virome_phage_764	86.364	22	3	0	4	25	46369	46348	0.76	26.9
Bacillus_GCF_019037255.1_spacer_8	virome_phage_749	75.000	32	8	0	1	32	43482	43451	0.76	26.9
Bacillus_GCF_019037255.1_spacer_8	virome_phage_738	90.000	20	2	0	7	26	109088	109107	0.76	26.9
Bacillus_GCF_019037255.1_spacer_8	virome_phage_2424	90.000	20	2	0	7	26	737	756	0.76	26.9
Bacillus_GCF_019037255.1_spacer_8	virome_phage_2329	90.000	20	2	0	6	25	20781	20762	0.76	26.9
Bacillus_GCF_019037255.1_spacer_8	virome_phage_2304	83.333	24	4	0	10	33	17140	17163	0.76	26.9
Bacillus_GCF_019037255.1_spacer_8	virome_phage_2272	83.333	24	4	0	5	28	40099	40122	0.76	26.9
Bacillus_GCF_019037255.1_spacer_8	virome_phage_2243	100.000	16	0	0	7	22	10772	10787	0.76	26.9
Bacillus_GCF_019037255.1_spacer_8	virome_phage_2239	75.000	32	8	0	2	33	26788	26819	0.76	26.9
Bacillus_GCF_019037255.1_spacer_8	virome_phage_2238	80.769	26	5	0	7	32	28340	28365	0.76	26.9
Bacillus_GCF_019037255.1_spacer_8	virome_phage_2238	83.333	24	4	0	8	31	76090	76113	0.76	26.9
Bacillus_GCF_019037255.1_spacer_8	virome_phage_2237	100.000	16	0	0	7	22	7013	6998	0.76	26.9
Bacillus_GCF_019037255.1_spacer_8	virome_phage_1006	78.571	28	6	0	6	33	15676	15703	0.76	26.9
Bacillus_GCF_019037255.1_spacer_8	virome_phage_1	80.769	26	5	0	1	26	61544	61519	0.76	26.9
Bacillus_GCF_019037255.1_spacer_8	total_phage_934	90.000	20	2	0	14	33	24105	24124	0.76	26.9
Bacillus_GCF_019037255.1_spacer_8	total_phage_927	80.769	26	5	0	8	33	118476	118501	0.76	26.9
Bacillus_GCF_019037255.1_spacer_8	total_phage_92	90.000	20	2	0	14	33	131128	131109	0.76	26.9
Bacillus_GCF_019037255.1_spacer_8	total_phage_804	90.000	20	2	0	14	33	11654	11635	0.76	26.9
Bacillus_GCF_019037255.1_spacer_8	total_phage_794	94.444	18	1	0	10	27	34207	34224	0.76	26.9
Bacillus_GCF_019037255.1_spacer_8	total_phage_733	90.000	20	2	0	6	25	1195	1214	0.76	26.9
Bacillus_GCF_019037255.1_spacer_8	total_phage_733	83.333	24	4	0	10	33	42632	42655	0.76	26.9
Bacillus_GCF_019037255.1_spacer_8	total_phage_730	86.364	22	3	0	11	32	88428	88407	0.76	26.9
Bacillus_GCF_019037255.1_spacer_8	total_phage_692	90.000	20	2	0	1	20	38768	38749	0.76	26.9
Bacillus_GCF_019037255.1_spacer_8	total_phage_666	83.333	24	4	0	7	30	6651	6674	0.76	26.9
Bacillus_GCF_019037255.1_spacer_8	total_phage_658	90.000	20	2	0	1	20	7134	7153	0.76	26.9
Bacillus_GCF_019037255.1_spacer_8	total_phage_644	100.000	16	0	0	7	22	10661	10676	0.76	26.9
Bacillus_GCF_019037255.1_spacer_8	total_phage_639	83.333	24	4	0	7	30	17370	17347	0.76	26.9
Bacillus_GCF_019037255.1_spacer_8	total_phage_638	80.769	26	5	0	6	31	13657	13682	0.76	26.9
Bacillus_GCF_019037255.1_spacer_8	total_phage_501	75.000	32	8	0	2	33	857	826	0.76	26.9
Bacillus_GCF_019037255.1_spacer_8	total_phage_500	83.333	24	4	0	8	31	31867	31844	0.76	26.9
Bacillus_GCF_019037255.1_spacer_8	total_phage_500	80.769	26	5	0	7	32	79617	79592	0.76	26.9
Bacillus_GCF_019037255.1_spacer_8	total_phage_487	100.000	16	0	0	7	22	9298	9313	0.76	26.9
Bacillus_GCF_019037255.1_spacer_8	total_phage_454	75.000	32	8	0	2	33	20814	20845	0.76	26.9
Bacillus_GCF_019037255.1_spacer_8	total_phage_249	94.444	18	1	0	7	24	14431	14448	0.76	26.9
Bacillus_GCF_019037255.1_spacer_8	total_phage_231	83.333	24	4	0	3	26	6346	6369	0.76	26.9
Bacillus_GCF_019037255.1_spacer_8	total_phage_172	90.000	20	2	0	14	33	12808	12789	0.76	26.9
Bacillus_GCF_019037255.1_spacer_9	virome_phage_885	90.476	21	2	0	13	33	4292	4312	0.38	28.5
Bacillus_GCF_019037255.1_spacer_9	total_phage_92	79.310	29	6	0	2	30	23367	23395	0.38	28.5
Bacillus_GCF_019037255.1_spacer_9	total_phage_788	90.476	21	2	0	13	33	21608	21588	0.38	28.5
Bacillus_GCF_019037255.1_spacer_9	total_phage_179	90.476	21	2	0	13	33	21142	21162	0.38	28.5
Bacillus_GCF_019037255.1_spacer_10	virome_phage_26	76.471	34	8	0	3	36	52684	52651	0.13	30.1
Bacillus_GCF_019037255.1_spacer_12	virome_phage_84	90.000	20	2	0	3	22	25684	25665	0.76	26.9
Bacillus_GCF_019037255.1_spacer_12	virome_phage_811	86.364	22	3	0	1	22	29335	29314	0.76	26.9
Bacillus_GCF_019037255.1_spacer_12	total_phage_95	90.000	20	2	0	13	32	109284	109265	0.76	26.9
Bacillus_GCF_019037255.1_spacer_12	virome_phage_791	78.571	28	6	0	6	33	41160	41187	0.76	26.9
Bacillus_GCF_019037255.1_spacer_12	virome_phage_2350	90.000	20	2	0	3	22	12233	12252	0.76	26.9
Bacillus_GCF_019037255.1_spacer_13	virome_phage_84	90.000	20	2	0	3	22	25684	25665	0.76	26.9
Bacillus_GCF_019037255.1_spacer_13	virome_phage_811	86.364	22	3	0	1	22	29335	29314	0.76	26.9
Bacillus_GCF_019037255.1_spacer_13	total_phage_95	90.000	20	2	0	13	32	109284	109265	0.76	26.9
Bacillus_GCF_019037255.1_spacer_13	virome_phage_791	78.571	28	6	0	6	33	41160	41187	0.76	26.9
Bacillus_GCF_019037255.1_spacer_13	virome_phage_2350	90.000	20	2	0	3	22	12233	12252	0.76	26.9
Bacillus_GCF_019037255.1_spacer_14	virome_phage_810	94.444	18	1	0	17	34	22994	23011	0.94	26.9
Bacillus_GCF_019037255.1_spacer_14	virome_phage_76	90.000	20	2	0	8	27	34340	34359	0.94	26.9
Bacillus_GCF_019037255.1_spacer_14	virome_phage_740	90.000	20	2	0	10	29	76215	76196	0.94	26.9
Bacillus_GCF_019037255.1_spacer_14	total_phage_927	83.333	24	4	0	7	30	269511	269488	0.94	26.9
Bacillus_GCF_019037255.1_spacer_15	virome_phage_62	79.310	29	6	0	2	30	35211	35183	0.25	28.5
Bacillus_GCF_019037255.1_spacer_15	virome_phage_2300	90.476	21	2	0	10	30	14960	14940	0.25	28.5
Bacillus_GCF_019037255.1_spacer_15	virome_phage_2270	90.476	21	2	0	8	28	86711	86731	0.25	28.5
Bacillus_GCF_019037255.1_spacer_15	virome_phage_903	90.000	20	2	0	12	31	3581	3562	0.76	26.9
Bacillus_GCF_019037255.1_spacer_15	virome_phage_903	86.364	22	3	0	12	33	21024	21045	0.76	26.9
Bacillus_GCF_019037255.1_spacer_15	virome_phage_39	80.769	26	5	0	8	33	4878	4853	0.76	26.9
Bacillus_GCF_019037255.1_spacer_15	virome_phage_3	94.444	18	1	0	4	21	106401	106384	0.76	26.9
Bacillus_GCF_019037255.1_spacer_15	virome_phage_1	90.000	20	2	0	9	28	173755	173736	0.76	26.9
Bacillus_GCF_019037255.1_spacer_15	total_phage_731	83.333	24	4	0	1	24	105371	105348	0.76	26.9
Bacillus_GCF_019037255.1_spacer_15	virome_phage_28	83.333	24	4	0	8	31	31079	31102	0.76	26.9
Bacillus_GCF_019037255.1_spacer_15	total_phage_804	94.444	18	1	0	12	29	18906	18923	0.76	26.9
Bacillus_GCF_019037255.1_spacer_15	total_phage_791	76.667	30	7	0	3	32	41231	41260	0.76	26.9
Bacillus_GCF_019037255.1_spacer_15	total_phage_247	90.000	20	2	0	2	21	3718	3737	0.76	26.9
Bacillus_GCF_019037255.1_spacer_15	total_phage_175	80.769	26	5	0	3	28	26754	26779	0.76	26.9
Bacillus_GCF_019037255.1_spacer_16	virome_phage_825	86.364	22	3	0	13	34	2959	2980	0.94	26.9
Bacillus_GCF_019037255.1_spacer_16	virome_phage_734	94.444	18	1	0	2	19	164291	164308	0.94	26.9
Bacillus_GCF_019037255.1_spacer_16	total_phage_729	90.000	20	2	0	9	28	166765	166784	0.94	26.9
Bacillus_GCF_019037255.1_spacer_16	total_phage_803	78.571	28	6	0	3	30	559	532	0.94	26.9
Bacillus_GCF_019037255.1_spacer_17	virome_phage_2296	90.476	21	2	0	6	26	8027	8047	0.38	28.5
Bacillus_GCF_019037255.1_spacer_17	virome_phage_2278	94.737	19	1	0	6	24	10001	10019	0.38	28.5
Bacillus_GCF_019037255.1_spacer_18	virome_phage_2288	94.737	19	1	0	6	24	21740	21722	0.25	28.5
Bacillus_GCF_019037255.1_spacer_18	virome_phage_79	94.737	19	1	0	6	24	10437	10455	0.25	28.5
Bacillus_GCF_019037255.1_spacer_18	virome_phage_17	94.737	19	1	0	5	23	83909	83927	0.25	28.5
Bacillus_GCF_019037255.1_spacer_18	total_phage_451	86.957	23	3	0	1	23	13030	13052	0.25	28.5
Bacillus_GCF_019037255.1_spacer_18	virome_phage_750	83.333	24	4	0	3	26	13312	13289	0.76	26.9
Bacillus_GCF_019037255.1_spacer_18	virome_phage_7	80.769	26	5	0	6	31	115701	115676	0.76	26.9
Bacillus_GCF_019037255.1_spacer_18	total_phage_795	90.000	20	2	0	4	23	34927	34908	0.76	26.9
Bacillus_GCF_019037255.1_spacer_18	total_phage_232	86.364	22	3	0	8	29	12954	12933	0.76	26.9
Bacillus_GCF_019037255.1_spacer_18	virome_phage_34	86.364	22	3	0	6	27	17613	17634	0.76	26.9
Bacillus_GCF_019037255.1_spacer_18	virome_phage_2303	94.444	18	1	0	4	21	25990	26007	0.76	26.9
Bacillus_GCF_019037255.1_spacer_18	total_phage_242	83.333	24	4	0	5	28	6011	6034	0.76	26.9
Bacillus_GCF_019037255.1_spacer_18	total_phage_1	83.333	24	4	0	5	28	42116	42139	0.76	26.9
Bacillus_GCF_019037255.1_spacer_19	virome_phage_2278	90.476	21	2	0	5	25	32908	32928	0.31	28.5
Bacillus_GCF_019037255.1_spacer_19	total_phage_731	78.571	28	6	0	4	31	83699	83726	0.94	26.9
Bacillus_GCF_019037255.1_spacer_20	virome_phage_69	86.364	22	3	0	2	23	33878	33899	0.94	26.9
Bacillus_GCF_019037255.1_spacer_21	virome_phage_739	77.419	31	7	0	1	31	101132	101162	0.31	28.5
Bacillus_GCF_019037255.1_spacer_21	total_phage_604	86.957	23	3	0	8	30	4411	4433	0.31	28.5
Bacillus_GCF_019037255.1_spacer_21	total_phage_479	94.737	19	1	0	5	23	9800	9818	0.31	28.5
Bacillus_GCF_019037255.1_spacer_21	total_phage_232	75.758	33	8	0	2	34	62838	62870	0.31	28.5
Bacillus_GCF_019037255.1_spacer_21	virome_phage_771	75.758	33	8	0	2	34	21943	21911	0.31	28.5
Bacillus_GCF_019037255.1_spacer_21	virome_phage_115	75.758	33	8	0	2	34	5647	5615	0.31	28.5
Bacillus_GCF_019037255.1_spacer_21	total_phage_304	84.000	25	4	0	2	26	9612	9588	0.31	28.5
Bacillus_GCF_019037255.1_spacer_21	virome_phage_792	78.571	28	6	0	7	34	27686	27713	0.94	26.9
Bacillus_GCF_019037255.1_spacer_21	virome_phage_14	80.769	26	5	0	2	27	85364	85389	0.94	26.9
Bacillus_GCF_019037255.1_spacer_21	virome_phage_898	76.667	30	7	0	2	31	6930	6901	0.94	26.9
Bacillus_GCF_019037255.1_spacer_21	virome_phage_33	86.364	22	3	0	13	34	1080	1059	0.94	26.9
Bacillus_GCF_019037255.1_spacer_21	total_phage_653	80.769	26	5	0	9	34	3558	3533	0.94	26.9
Bacillus_GCF_019037255.1_spacer_22	virome_phage_837	88.462	26	3	0	1	26	5088	5063	0.012	33.3
Bacillus_GCF_019037255.1_spacer_22	total_phage_105	91.667	24	2	0	5	28	22071	22048	0.012	33.3
Bacillus_GCF_019037255.1_spacer_22	virome_phage_765	82.143	28	5	0	1	28	41657	41684	0.10	30.1
Bacillus_GCF_019037255.1_spacer_22	virome_phage_3	90.476	21	2	0	1	21	78272	78292	0.31	28.5
Bacillus_GCF_019037255.1_spacer_22	virome_phage_792	94.444	18	1	0	3	20	14912	14895	0.94	26.9
Bacillus_GCF_019037255.1_spacer_22	virome_phage_787	83.333	24	4	0	4	27	9307	9330	0.94	26.9
Bacillus_GCF_019037255.1_spacer_22	virome_phage_769	90.000	20	2	0	12	31	21767	21786	0.94	26.9
Bacillus_GCF_019037255.1_spacer_22	virome_phage_48	80.769	26	5	0	9	34	31529	31554	0.94	26.9
Bacillus_GCF_019037255.1_spacer_22	virome_phage_47	86.364	22	3	0	7	28	4237	4258	0.94	26.9
Bacillus_GCF_019037255.1_spacer_22	virome_phage_2407	83.333	24	4	0	5	28	3496	3473	0.94	26.9
Bacillus_GCF_019037255.1_spacer_22	virome_phage_2290	90.000	20	2	0	12	31	27976	27995	0.94	26.9
Bacillus_GCF_019037255.1_spacer_22	virome_phage_2274	83.333	24	4	0	1	24	4583	4560	0.94	26.9
Bacillus_GCF_019037255.1_spacer_22	virome_phage_2269	94.444	18	1	0	10	27	235070	235087	0.94	26.9
Bacillus_GCF_019037255.1_spacer_22	virome_phage_123	80.769	26	5	0	1	26	6923	6898	0.94	26.9
Bacillus_GCF_019037255.1_spacer_22	total_phage_112	80.769	26	5	0	1	26	55847	55822	0.94	26.9
Bacillus_GCF_019037255.1_spacer_23	virome_phage_201	85.714	28	4	0	7	34	6224	6197	0.016	33.3
Bacillus_GCF_019037255.1_spacer_23	total_phage_743	85.714	28	4	0	7	34	6365	6338	0.016	33.3
Bacillus_GCF_019037255.1_spacer_23	virome_phage_860	81.481	27	5	0	11	37	14043	14017	0.44	28.5
Bacillus_GCF_019037255.1_spacer_23	virome_phage_773	86.957	23	3	0	15	37	29875	29897	0.44	28.5
Bacillus_GCF_019037255.1_spacer_23	total_phage_524	86.957	23	3	0	6	28	43378	43356	0.44	28.5
Bacillus_GCF_019037255.1_spacer_26	virome_phage_118	86.957	23	3	0	6	28	1199	1177	0.25	28.5
Bacillus_GCF_019037255.1_spacer_26	virome_phage_2235	83.333	24	4	0	2	25	7354	7377	0.76	26.9
Bacillus_GCF_019037255.1_spacer_27	total_phage_799	78.571	28	6	0	4	31	32271	32298	0.76	26.9
Bacillus_GCF_019037255.1_spacer_28	virome_phage_2285	91.304	23	2	0	6	28	37851	37829	0.042	31.7
Bacillus_GCF_019037255.1_spacer_28	virome_phage_11	86.957	23	3	0	6	28	44033	44055	0.38	28.5
Bacillus_GCF_019037255.1_spacer_29	virome_phage_109	86.957	23	3	0	6	28	23150	23172	0.38	28.5
Bacillus_GCF_019037255.1_spacer_29	total_phage_664	79.310	29	6	0	5	33	21729	21757	0.38	28.5
Bacillus_GCF_019037255.1_spacer_29	virome_phage_753	84.000	25	4	0	6	30	51788	51764	0.38	28.5
Bacillus_GCF_019037255.1_spacer_29	total_phage_231	77.419	31	7	0	3	33	6779	6749	0.38	28.5
Bacillus_GCF_019037255.1_spacer_30	virome_phage_2275	94.444	18	1	0	3	20	14678	14661	0.94	26.9
Bacillus_GCF_019037255.1_spacer_30	virome_phage_762	78.571	28	6	0	7	34	25102	25129	0.94	26.9
Bacillus_GCF_019037255.1_spacer_30	virome_phage_43	83.333	24	4	0	4	27	26263	26286	0.94	26.9
Bacillus_GCF_019037255.1_spacer_30	total_phage_927	90.000	20	2	0	8	27	81797	81816	0.94	26.9
Bacillus_GCF_019037255.1_spacer_30	total_phage_9	83.333	24	4	0	1	24	7579	7602	0.94	26.9
Bacillus_GCF_019037255.1_spacer_31	virome_phage_743	90.909	22	2	0	2	23	40620	40641	0.13	30.1
Bacillus_GCF_019037255.1_spacer_31	total_phage_106	95.000	20	1	0	16	35	3102	3121	0.13	30.1
Bacillus_GCF_019037255.1_spacer_31	total_phage_743	81.481	27	5	0	4	30	1244	1218	0.38	28.5
Bacillus_GCF_019037255.1_spacer_31	total_phage_479	86.957	23	3	0	13	35	702	680	0.38	28.5
Bacillus_GCF_019037255.1_spacer_32	virome_phage_2305	82.143	28	5	0	2	29	4415	4388	0.084	30.1
Bacillus_GCF_019037255.1_spacer_32	total_phage_362	87.500	24	3	0	6	29	36996	36973	0.084	30.1
Bacillus_GCF_019037255.1_spacer_32	virome_phage_963	86.957	23	3	0	2	24	8864	8886	0.25	28.5
Bacillus_GCF_019037255.1_spacer_32	virome_phage_2400	86.957	23	3	0	2	24	9466	9444	0.25	28.5
Bacillus_GCF_019037255.1_spacer_32	virome_phage_8	100.000	16	0	0	1	16	48777	48792	0.76	26.9
Bacillus_GCF_019037255.1_spacer_32	virome_phage_748	94.444	18	1	0	3	20	69123	69140	0.76	26.9
Bacillus_GCF_019037255.1_spacer_32	total_phage_112	80.769	26	5	0	8	33	17454	17479	0.76	26.9
Bacillus_GCF_019037255.1_spacer_32	virome_phage_747	80.769	26	5	0	1	26	12625	12600	0.76	26.9
Bacillus_GCF_019037255.1_spacer_32	virome_phage_7	80.769	26	5	0	6	31	72290	72265	0.76	26.9
Bacillus_GCF_019037255.1_spacer_34	virome_phage_748	81.481	27	5	0	9	35	22948	22974	0.38	28.5
Bacillus_GCF_019037255.1_spacer_35	total_phage_451	84.000	25	4	0	9	33	3370	3394	0.25	28.5
Bacillus_GCF_019037255.1_spacer_35	virome_phage_803	83.333	24	4	0	5	28	31156	31179	0.76	26.9
Bacillus_GCF_019037255.1_spacer_35	virome_phage_124	80.769	26	5	0	5	30	21776	21801	0.76	26.9
Bacillus_GCF_019037255.1_spacer_35	virome_phage_1	78.571	28	6	0	2	29	208585	208612	0.76	26.9
Bacillus_GCF_019037255.1_spacer_35	total_phage_368	80.769	26	5	0	4	29	26406	26431	0.76	26.9
Bacillus_GCF_019037255.1_spacer_35	total_phage_303	80.769	26	5	0	5	30	31114	31139	0.76	26.9
Bacillus_GCF_019037255.1_spacer_35	total_phage_111	80.769	26	5	0	4	29	2864	2889	0.76	26.9
Bacillus_GCF_019037255.1_spacer_35	total_phage_232	86.364	22	3	0	10	31	50175	50154	0.76	26.9
Bacillus_GCF_019037255.1_spacer_36	virome_phage_9	90.476	21	2	0	12	32	69174	69154	0.38	28.5
Bacillus_GCF_019037255.1_spacer_36	virome_phage_2300	94.737	19	1	0	7	25	9547	9565	0.38	28.5
Bacillus_GCF_019037255.1_spacer_37	virome_phage_864	78.125	32	7	0	1	32	9226	9257	0.10	30.1
Bacillus_GCF_019037255.1_spacer_37	total_phage_729	90.909	22	2	0	5	26	73594	73615	0.10	30.1
Bacillus_GCF_019037255.1_spacer_37	total_phage_729	81.481	27	5	0	4	30	125571	125545	0.31	28.5
Bacillus_GCF_019037255.1_spacer_37	virome_phage_743	90.476	21	2	0	1	21	1835	1815	0.31	28.5
Bacillus_GCF_019037255.1_spacer_37	virome_phage_2357	81.481	27	5	0	6	32	8034	8008	0.31	28.5
Bacillus_GCF_019037255.1_spacer_37	virome_phage_2298	86.957	23	3	0	10	32	44333	44311	0.31	28.5
Bacillus_GCF_019037255.1_spacer_37	total_phage_92	100.000	17	0	0	16	32	104538	104522	0.31	28.5
Bacillus_GCF_019037255.1_spacer_37	total_phage_92	100.000	16	0	0	11	26	104054	104039	0.94	26.9
Bacillus_GCF_019037255.1_spacer_37	total_phage_92	83.333	24	4	0	11	34	68635	68658	0.94	26.9
Bacillus_GCF_019037255.1_spacer_37	total_phage_786	100.000	17	0	0	12	28	19929	19913	0.31	28.5
Bacillus_GCF_019037255.1_spacer_37	total_phage_731	90.476	21	2	0	7	27	67780	67760	0.31	28.5
Bacillus_GCF_019037255.1_spacer_37	total_phage_232	84.000	25	4	0	8	32	41680	41656	0.31	28.5
Bacillus_GCF_019037255.1_spacer_37	virome_phage_82	75.758	33	8	0	2	34	20659	20691	0.31	28.5
Bacillus_GCF_019037255.1_spacer_37	virome_phage_807	86.957	23	3	0	10	32	11312	11334	0.31	28.5
Bacillus_GCF_019037255.1_spacer_37	total_phage_114	86.957	23	3	0	10	32	31982	32004	0.31	28.5
Bacillus_GCF_019037255.1_spacer_37	virome_phage_751	86.364	22	3	0	3	24	18185	18164	0.94	26.9
Bacillus_GCF_019037255.1_spacer_37	virome_phage_738	94.444	18	1	0	8	25	119243	119226	0.94	26.9
Bacillus_GCF_019037255.1_spacer_37	virome_phage_66	86.364	22	3	0	11	32	24063	24042	0.94	26.9
Bacillus_GCF_019037255.1_spacer_37	virome_phage_5	83.333	24	4	0	2	25	98946	98923	0.94	26.9
Bacillus_GCF_019037255.1_spacer_37	virome_phage_2308	86.364	22	3	0	7	28	30398	30377	0.94	26.9
Bacillus_GCF_019037255.1_spacer_37	virome_phage_2281	80.769	26	5	0	1	26	29865	29840	0.94	26.9
Bacillus_GCF_019037255.1_spacer_37	virome_phage_2275	80.769	26	5	0	7	32	66327	66302	0.94	26.9
Bacillus_GCF_019037255.1_spacer_37	total_phage_9	90.000	20	2	0	13	32	24571	24552	0.94	26.9
Bacillus_GCF_019037255.1_spacer_37	total_phage_9	80.769	26	5	0	6	31	26407	26432	0.94	26.9
Bacillus_GCF_019037255.1_spacer_37	total_phage_735	83.333	24	4	0	9	32	20383	20360	0.94	26.9
Bacillus_GCF_019037255.1_spacer_37	total_phage_294	90.000	20	2	0	13	32	38350	38331	0.94	26.9
Bacillus_GCF_019037255.1_spacer_37	total_phage_231	94.444	18	1	0	10	27	73370	73353	0.94	26.9
Bacillus_GCF_019037255.1_spacer_37	total_phage_231	83.333	24	4	0	11	34	47782	47805	0.94	26.9
Bacillus_GCF_019037255.1_spacer_37	virome_phage_827	80.769	26	5	0	1	26	2991	3016	0.94	26.9
Bacillus_GCF_019037255.1_spacer_37	virome_phage_792	80.769	26	5	0	6	31	37172	37197	0.94	26.9
Bacillus_GCF_019037255.1_spacer_37	virome_phage_785	78.571	28	6	0	6	33	22822	22849	0.94	26.9
Bacillus_GCF_019037255.1_spacer_37	virome_phage_739	76.667	30	7	0	5	34	121617	121646	0.94	26.9
Bacillus_GCF_019037255.1_spacer_37	virome_phage_734	86.364	22	3	0	13	34	58079	58100	0.94	26.9
Bacillus_GCF_019037255.1_spacer_37	virome_phage_4	94.444	18	1	0	8	25	122999	123016	0.94	26.9
Bacillus_GCF_019037255.1_spacer_37	virome_phage_17	78.571	28	6	0	1	28	76626	76653	0.94	26.9
Bacillus_GCF_019037255.1_spacer_37	total_phage_297	83.333	24	4	0	3	26	23311	23334	0.94	26.9
Bacillus_GCF_019037255.1_spacer_37	total_phage_187	86.364	22	3	0	7	28	8881	8902	0.94	26.9
Bacillus_GCF_019037255.1_spacer_37	total_phage_1	86.364	22	3	0	6	27	40405	40426	0.94	26.9
Bacillus_GCF_019037255.1_spacer_38	virome_phage_841	94.737	19	1	0	7	25	17010	16992	0.25	28.5
Bacillus_GCF_019037255.1_spacer_38	virome_phage_902	100.000	16	0	0	1	16	8413	8428	0.76	26.9
Bacillus_GCF_019037255.1_spacer_38	virome_phage_2325	90.000	20	2	0	4	23	6156	6137	0.76	26.9
Bacillus_GCF_019037255.1_spacer_38	total_phage_92	94.444	18	1	0	12	29	122634	122617	0.76	26.9
Bacillus_GCF_019037255.1_spacer_39	virome_phage_5	95.455	22	1	0	4	25	15454	15475	0.009	33.3
Bacillus_GCF_019037255.1_spacer_39	total_phage_366	91.304	23	2	0	10	32	2430	2452	0.028	31.7
Bacillus_GCF_019037255.1_spacer_39	virome_phage_79	84.000	25	4	0	1	25	29272	29248	0.25	28.5
Bacillus_GCF_019037255.1_spacer_39	virome_phage_32	86.957	23	3	0	3	25	34326	34304	0.25	28.5
Bacillus_GCF_019037255.1_spacer_39	virome_phage_2288	84.000	25	4	0	1	25	3029	3053	0.25	28.5
Bacillus_GCF_019037255.1_spacer_39	virome_phage_2280	79.310	29	6	0	4	32	53801	53829	0.25	28.5
Bacillus_GCF_019037255.1_spacer_39	virome_phage_17	90.476	21	2	0	6	26	80869	80889	0.25	28.5
Bacillus_GCF_019037255.1_spacer_39	total_phage_98	94.737	19	1	0	3	21	14230	14248	0.25	28.5
Bacillus_GCF_019037255.1_spacer_39	total_phage_929	90.476	21	2	0	7	27	6551	6571	0.25	28.5
Bacillus_GCF_019037255.1_spacer_39	total_phage_437	84.000	25	4	0	3	27	1087	1111	0.25	28.5
Bacillus_GCF_019037255.1_spacer_39	virome_phage_759	80.769	26	5	0	2	27	1742	1767	0.76	26.9
Bacillus_GCF_019037255.1_spacer_39	virome_phage_738	76.667	30	7	0	3	32	41975	42004	0.76	26.9
Bacillus_GCF_019037255.1_spacer_39	virome_phage_7	75.000	32	8	0	1	32	74767	74736	0.76	26.9
Bacillus_GCF_019037255.1_spacer_39	virome_phage_4	90.000	20	2	0	10	29	143517	143536	0.76	26.9
Bacillus_GCF_019037255.1_spacer_39	virome_phage_28	86.364	22	3	0	6	27	11940	11961	0.76	26.9
Bacillus_GCF_019037255.1_spacer_39	virome_phage_2424	80.769	26	5	0	5	30	4331	4306	0.76	26.9
Bacillus_GCF_019037255.1_spacer_39	virome_phage_2304	90.000	20	2	0	6	25	1213	1232	0.76	26.9
Bacillus_GCF_019037255.1_spacer_39	virome_phage_1	78.571	28	6	0	2	29	14413	14440	0.76	26.9
Bacillus_GCF_019037255.1_spacer_39	virome_phage_1	90.000	20	2	0	2	21	100621	100640	0.76	26.9
Bacillus_GCF_019037255.1_spacer_39	total_phage_730	86.364	22	3	0	2	23	102720	102741	0.76	26.9
Bacillus_GCF_019037255.1_spacer_39	total_phage_711	86.364	22	3	0	4	25	1678	1699	0.76	26.9
Bacillus_GCF_019037255.1_spacer_39	total_phage_650	86.364	22	3	0	4	25	1701	1722	0.76	26.9
Bacillus_GCF_019037255.1_spacer_39	total_phage_488	86.364	22	3	0	4	25	3209	3230	0.76	26.9
Bacillus_GCF_019037255.1_spacer_39	total_phage_462	86.364	22	3	0	4	25	1770	1791	0.76	26.9
Bacillus_GCF_019037255.1_spacer_39	total_phage_244	83.333	24	4	0	9	32	13217	13240	0.76	26.9
Bacillus_GCF_019037255.1_spacer_39	total_phage_188	86.364	22	3	0	4	25	16779	16800	0.76	26.9
