Bacillus_GCA_002582085.1_spacer_0	virome_phage_5	86.486	37	5	0	4	40	29853	29889	3.09e-05	44.4
Bacillus_GCA_002582085.1_spacer_0	virome_phage_5	75.000	48	12	0	2	49	29869	29916	8.35e-04	39.6
Bacillus_GCA_002582085.1_spacer_0	virome_phage_5	73.333	45	12	0	16	60	28425	28469	0.023	34.9
Bacillus_GCA_002582085.1_spacer_0	virome_phage_5	67.925	53	17	0	8	60	29866	29918	0.20	31.7
Bacillus_GCA_002582085.1_spacer_0	virome_phage_5	64.516	62	22	0	1	62	28104	28165	0.61	30.1
Bacillus_GCA_002582085.1_spacer_0	virome_phage_5	69.565	46	14	0	17	62	29893	29938	0.61	30.1
Bacillus_GCA_002582085.1_spacer_0	virome_phage_803	74.545	55	14	0	2	56	35329	35275	3.09e-05	44.4
Bacillus_GCA_002582085.1_spacer_0	virome_phage_803	73.333	45	12	0	16	60	35333	35289	0.023	34.9
Bacillus_GCA_002582085.1_spacer_0	virome_phage_824	85.714	35	5	0	5	39	11720	11754	2.78e-04	41.2
Bacillus_GCA_002582085.1_spacer_0	total_phage_361	70.492	61	18	0	2	62	34251	34191	2.78e-04	41.2
Bacillus_GCA_002582085.1_spacer_0	total_phage_361	71.429	56	16	0	5	60	34266	34211	8.35e-04	39.6
Bacillus_GCA_002582085.1_spacer_0	total_phage_361	71.739	46	13	0	2	47	34233	34188	0.068	33.3
Bacillus_GCA_002582085.1_spacer_0	virome_phage_780	75.000	48	12	0	7	54	21427	21380	8.35e-04	39.6
Bacillus_GCA_002582085.1_spacer_0	virome_phage_58	71.429	56	16	0	2	57	280	225	8.35e-04	39.6
Bacillus_GCA_002582085.1_spacer_0	virome_phage_58	82.143	28	5	0	8	35	4187	4160	0.61	30.1
Bacillus_GCA_002582085.1_spacer_0	virome_phage_2402	81.081	37	7	0	26	62	6173	6209	0.003	38.0
Bacillus_GCA_002582085.1_spacer_0	virome_phage_2402	68.421	57	18	0	5	61	6587	6643	0.023	34.9
Bacillus_GCA_002582085.1_spacer_0	virome_phage_2402	70.833	48	14	0	1	48	5179	5226	0.068	33.3
Bacillus_GCA_002582085.1_spacer_0	virome_phage_2402	84.615	26	4	0	35	60	5177	5202	0.61	30.1
Bacillus_GCA_002582085.1_spacer_0	virome_phage_2402	69.565	46	14	0	1	46	5980	6025	0.61	30.1
Bacillus_GCA_002582085.1_spacer_0	virome_phage_2368	70.909	55	16	0	8	62	1153	1207	0.003	38.0
Bacillus_GCA_002582085.1_spacer_0	virome_phage_2368	73.913	46	12	0	4	49	1167	1212	0.008	36.5
Bacillus_GCA_002582085.1_spacer_0	virome_phage_2368	72.340	47	13	0	8	54	1402	1448	0.023	34.9
Bacillus_GCA_002582085.1_spacer_0	virome_phage_2368	69.091	55	17	0	8	62	1612	1666	0.023	34.9
Bacillus_GCA_002582085.1_spacer_0	virome_phage_2368	86.207	29	4	0	17	45	3427	3455	0.023	34.9
Bacillus_GCA_002582085.1_spacer_0	virome_phage_2368	72.500	40	11	0	17	56	3364	3403	0.61	30.1
Bacillus_GCA_002582085.1_spacer_0	virome_phage_1	70.175	57	17	0	1	57	221696	221640	0.003	38.0
Bacillus_GCA_002582085.1_spacer_0	virome_phage_1	69.091	55	17	0	8	62	221026	220972	0.023	34.9
Bacillus_GCA_002582085.1_spacer_0	virome_phage_1	71.429	49	14	0	8	56	221449	221401	0.023	34.9
Bacillus_GCA_002582085.1_spacer_0	virome_phage_1	76.316	38	9	0	17	54	219712	219675	0.068	33.3
Bacillus_GCA_002582085.1_spacer_0	virome_phage_1	71.111	45	13	0	5	49	221461	221417	0.20	31.7
Bacillus_GCA_002582085.1_spacer_0	virome_phage_1	84.615	26	4	0	10	35	152538	152563	0.61	30.1
Bacillus_GCA_002582085.1_spacer_0	virome_phage_145	73.913	46	12	0	4	49	19785	19740	0.008	36.5
Bacillus_GCA_002582085.1_spacer_0	virome_phage_145	86.207	29	4	0	17	45	17525	17497	0.023	34.9
Bacillus_GCA_002582085.1_spacer_0	virome_phage_145	69.091	55	17	0	8	62	19340	19286	0.023	34.9
Bacillus_GCA_002582085.1_spacer_0	virome_phage_145	72.340	47	13	0	8	54	19550	19504	0.023	34.9
Bacillus_GCA_002582085.1_spacer_0	virome_phage_145	71.429	49	14	0	14	62	19793	19745	0.023	34.9
Bacillus_GCA_002582085.1_spacer_0	virome_phage_2342	71.429	49	14	0	2	50	21761	21713	0.023	34.9
Bacillus_GCA_002582085.1_spacer_0	virome_phage_2342	78.125	32	7	0	31	62	19650	19619	0.61	30.1
Bacillus_GCA_002582085.1_spacer_0	virome_phage_2389	70.000	50	15	0	8	57	7542	7591	0.068	33.3
Bacillus_GCA_002582085.1_spacer_0	virome_phage_2389	66.071	56	19	0	5	60	6750	6805	0.61	30.1
Bacillus_GCA_002582085.1_spacer_0	virome_phage_152	72.727	44	12	0	17	60	7952	7995	0.068	33.3
Bacillus_GCA_002582085.1_spacer_0	virome_phage_152	85.185	27	4	0	34	60	7942	7968	0.20	31.7
Bacillus_GCA_002582085.1_spacer_0	virome_phage_2382	67.273	55	18	0	8	62	6851	6905	0.20	31.7
Bacillus_GCA_002582085.1_spacer_0	virome_phage_2382	72.093	43	12	0	14	56	7001	7043	0.20	31.7
Bacillus_GCA_002582085.1_spacer_0	virome_phage_2382	91.304	23	2	0	35	57	7994	8016	0.20	31.7
Bacillus_GCA_002582085.1_spacer_0	virome_phage_2382	82.143	28	5	0	35	62	7736	7763	0.61	30.1
Bacillus_GCA_002582085.1_spacer_0	virome_phage_155	67.925	53	17	0	5	57	5543	5595	0.20	31.7
Bacillus_GCA_002582085.1_spacer_0	virome_phage_155	77.143	35	8	0	26	60	6464	6498	0.20	31.7
Bacillus_GCA_002582085.1_spacer_0	virome_phage_155	72.500	40	11	0	17	56	6194	6233	0.61	30.1
Bacillus_GCA_002582085.1_spacer_0	virome_phage_153	67.925	53	17	0	5	57	5442	5494	0.20	31.7
Bacillus_GCA_002582085.1_spacer_0	virome_phage_153	69.388	49	15	0	8	56	6084	6132	0.20	31.7
Bacillus_GCA_002582085.1_spacer_0	virome_phage_939	77.143	35	8	0	19	53	17397	17363	0.20	31.7
Bacillus_GCA_002582085.1_spacer_0	virome_phage_876	67.925	53	17	0	2	54	21112	21060	0.20	31.7
Bacillus_GCA_002582085.1_spacer_0	virome_phage_55	84.615	26	4	0	36	61	12490	12515	0.61	30.1
Bacillus_GCA_002582085.1_spacer_0	virome_phage_52	82.143	28	5	0	1	28	44193	44220	0.61	30.1
Bacillus_GCA_002582085.1_spacer_0	virome_phage_2345	68.000	50	16	0	5	54	2337	2386	0.61	30.1
Bacillus_GCA_002582085.1_spacer_0	virome_phage_22	78.125	32	7	0	3	34	40981	41012	0.61	30.1
Bacillus_GCA_002582085.1_spacer_0	virome_phage_829	68.000	50	16	0	5	54	14447	14398	0.61	30.1
Bacillus_GCA_002582085.1_spacer_0	virome_phage_2282	71.429	42	12	0	8	49	37912	37871	0.61	30.1
Bacillus_GCA_002582085.1_spacer_0	total_phage_927	84.615	26	4	0	26	51	166265	166240	0.61	30.1
Bacillus_GCA_002582085.1_spacer_1	virome_phage_803	77.273	44	10	0	1	44	35330	35287	3.74e-04	39.6
Bacillus_GCA_002582085.1_spacer_1	virome_phage_803	80.645	31	6	0	8	38	35305	35275	0.091	31.7
Bacillus_GCA_002582085.1_spacer_1	virome_phage_803	90.476	21	2	0	16	36	35333	35313	0.82	28.5
Bacillus_GCA_002582085.1_spacer_1	virome_phage_5	75.610	41	10	0	1	41	29850	29890	0.010	34.9
Bacillus_GCA_002582085.1_spacer_1	virome_phage_5	91.304	23	2	0	17	39	29893	29915	0.091	31.7
Bacillus_GCA_002582085.1_spacer_1	virome_phage_5	79.310	29	6	0	8	36	29335	29363	0.82	28.5
Bacillus_GCA_002582085.1_spacer_1	virome_phage_5	79.310	29	6	0	14	42	29845	29873	0.82	28.5
Bacillus_GCA_002582085.1_spacer_1	virome_phage_780	77.778	36	8	0	1	36	21415	21380	0.030	33.3
Bacillus_GCA_002582085.1_spacer_1	virome_phage_780	77.419	31	7	0	14	44	22224	22194	0.82	28.5
Bacillus_GCA_002582085.1_spacer_1	virome_phage_58	72.727	44	12	0	1	44	281	238	0.030	33.3
Bacillus_GCA_002582085.1_spacer_1	total_phage_361	72.727	44	12	0	1	44	34252	34209	0.030	33.3
Bacillus_GCA_002582085.1_spacer_1	virome_phage_2389	79.412	34	7	0	5	38	6705	6738	0.030	33.3
Bacillus_GCA_002582085.1_spacer_1	virome_phage_2389	76.471	34	8	0	6	39	7558	7591	0.27	30.1
Bacillus_GCA_002582085.1_spacer_1	virome_phage_155	81.250	32	6	0	8	39	6464	6495	0.030	33.3
Bacillus_GCA_002582085.1_spacer_1	virome_phage_155	80.645	31	6	0	6	36	5544	5574	0.091	31.7
Bacillus_GCA_002582085.1_spacer_1	virome_phage_155	80.645	31	6	0	8	38	5672	5702	0.091	31.7
Bacillus_GCA_002582085.1_spacer_1	virome_phage_2402	75.676	37	9	0	8	44	6191	6227	0.091	31.7
Bacillus_GCA_002582085.1_spacer_1	virome_phage_2382	80.645	31	6	0	8	38	7013	7043	0.091	31.7
Bacillus_GCA_002582085.1_spacer_1	virome_phage_2382	78.125	32	7	0	8	39	7985	8016	0.27	30.1
Bacillus_GCA_002582085.1_spacer_1	virome_phage_2342	75.000	36	9	0	1	36	21762	21727	0.27	30.1
Bacillus_GCA_002582085.1_spacer_1	virome_phage_145	74.286	35	9	0	2	36	20075	20041	0.82	28.5
Bacillus_GCA_002582085.1_spacer_1	total_phage_927	94.737	19	1	0	23	41	64204	64186	0.82	28.5
Bacillus_GCA_002582085.1_spacer_1	total_phage_927	84.000	25	4	0	17	41	110763	110739	0.82	28.5
Bacillus_GCA_002582085.1_spacer_1	virome_phage_61	70.732	41	12	0	4	44	24460	24500	0.82	28.5
Bacillus_GCA_002582085.1_spacer_1	virome_phage_153	72.973	37	10	0	8	44	6363	6399	0.82	28.5
Bacillus_GCA_002582085.1_spacer_1	virome_phage_152	79.310	29	6	0	8	36	6659	6687	0.82	28.5
Bacillus_GCA_002582085.1_spacer_1	virome_phage_152	79.310	29	6	0	8	36	7166	7194	0.82	28.5
Bacillus_GCA_002582085.1_spacer_2	virome_phage_803	100.000	17	0	0	8	24	35305	35289	0.25	28.5
Bacillus_GCA_002582085.1_spacer_2	virome_phage_1	84.000	25	4	0	1	25	218093	218069	0.25	28.5
Bacillus_GCA_002582085.1_spacer_2	virome_phage_19	94.737	19	1	0	1	19	57216	57234	0.25	28.5
Bacillus_GCA_002582085.1_spacer_2	virome_phage_772	100.000	16	0	0	3	18	33669	33654	0.76	26.9
Bacillus_GCA_002582085.1_spacer_2	virome_phage_145	83.333	24	4	0	1	24	20076	20053	0.76	26.9
Bacillus_GCA_002582085.1_spacer_4	virome_phage_803	94.737	19	1	0	8	26	35305	35287	0.25	28.5
Bacillus_GCA_002582085.1_spacer_4	virome_phage_803	94.737	19	1	0	1	19	35330	35312	0.25	28.5
Bacillus_GCA_002582085.1_spacer_4	virome_phage_58	94.444	18	1	0	1	18	281	264	0.76	26.9
Bacillus_GCA_002582085.1_spacer_4	virome_phage_145	83.333	24	4	0	1	24	19788	19765	0.76	26.9
Bacillus_GCA_002582085.1_spacer_4	virome_phage_5	83.333	24	4	0	1	24	29850	29873	0.76	26.9
Bacillus_GCA_002582085.1_spacer_4	virome_phage_2368	83.333	24	4	0	1	24	1164	1187	0.76	26.9
Bacillus_GCA_002582085.1_spacer_4	virome_phage_19	94.444	18	1	0	2	19	57217	57234	0.76	26.9
Bacillus_GCA_002582085.1_spacer_5	virome_phage_803	79.070	43	9	0	2	44	35329	35287	1.25e-04	41.2
Bacillus_GCA_002582085.1_spacer_5	virome_phage_803	80.645	31	6	0	8	38	35305	35275	0.091	31.7
Bacillus_GCA_002582085.1_spacer_5	virome_phage_803	95.238	21	1	0	16	36	35333	35313	0.091	31.7
Bacillus_GCA_002582085.1_spacer_5	virome_phage_2389	82.353	34	6	0	5	38	6705	6738	0.003	36.5
Bacillus_GCA_002582085.1_spacer_5	virome_phage_2389	77.419	31	7	0	14	44	6696	6726	0.82	28.5
Bacillus_GCA_002582085.1_spacer_5	virome_phage_2389	86.957	23	3	0	14	36	6741	6763	0.82	28.5
Bacillus_GCA_002582085.1_spacer_5	virome_phage_5	81.818	33	6	0	8	40	29857	29889	0.010	34.9
Bacillus_GCA_002582085.1_spacer_5	virome_phage_5	84.615	26	4	0	17	42	29893	29918	0.27	30.1
Bacillus_GCA_002582085.1_spacer_5	virome_phage_5	84.615	26	4	0	2	27	29896	29921	0.27	30.1
Bacillus_GCA_002582085.1_spacer_5	virome_phage_153	81.250	32	6	0	8	39	5463	5494	0.030	33.3
Bacillus_GCA_002582085.1_spacer_5	virome_phage_153	84.615	26	4	0	17	42	5454	5479	0.27	30.1
Bacillus_GCA_002582085.1_spacer_5	virome_phage_153	72.973	37	10	0	8	44	6363	6399	0.82	28.5
Bacillus_GCA_002582085.1_spacer_5	virome_phage_829	82.759	29	5	0	8	36	14426	14398	0.091	31.7
Bacillus_GCA_002582085.1_spacer_5	virome_phage_2402	75.676	37	9	0	2	38	5180	5216	0.091	31.7
Bacillus_GCA_002582085.1_spacer_5	virome_phage_2402	74.359	39	10	0	6	44	6189	6227	0.091	31.7
Bacillus_GCA_002582085.1_spacer_5	virome_phage_2402	75.758	33	8	0	6	38	5706	5738	0.82	28.5
Bacillus_GCA_002582085.1_spacer_5	virome_phage_2345	82.759	29	5	0	8	36	2358	2386	0.091	31.7
Bacillus_GCA_002582085.1_spacer_5	virome_phage_155	77.143	35	8	0	8	42	6464	6498	0.091	31.7
Bacillus_GCA_002582085.1_spacer_5	virome_phage_155	72.973	37	10	0	8	44	5546	5582	0.82	28.5
Bacillus_GCA_002582085.1_spacer_5	virome_phage_155	72.973	37	10	0	8	44	6473	6509	0.82	28.5
Bacillus_GCA_002582085.1_spacer_5	virome_phage_58	84.615	26	4	0	17	42	283	258	0.27	30.1
Bacillus_GCA_002582085.1_spacer_5	virome_phage_62	75.000	36	9	0	1	36	13443	13478	0.27	30.1
Bacillus_GCA_002582085.1_spacer_5	virome_phage_2382	76.471	34	8	0	6	39	7983	8016	0.27	30.1
Bacillus_GCA_002582085.1_spacer_5	virome_phage_2382	77.419	31	7	0	8	38	7013	7043	0.82	28.5
Bacillus_GCA_002582085.1_spacer_5	virome_phage_876	72.973	37	10	0	8	44	20804	20768	0.82	28.5
Bacillus_GCA_002582085.1_spacer_5	virome_phage_31	72.973	37	10	0	4	40	2743	2707	0.82	28.5
Bacillus_GCA_002582085.1_spacer_5	virome_phage_145	74.286	35	9	0	8	42	19550	19516	0.82	28.5
Bacillus_GCA_002582085.1_spacer_5	virome_phage_145	72.973	37	10	0	6	42	19783	19747	0.82	28.5
Bacillus_GCA_002582085.1_spacer_5	virome_phage_55	84.000	25	4	0	18	42	12490	12514	0.82	28.5
Bacillus_GCA_002582085.1_spacer_5	virome_phage_2368	75.758	33	8	0	8	40	1153	1185	0.82	28.5
Bacillus_GCA_002582085.1_spacer_5	virome_phage_2368	72.973	37	10	0	6	42	1169	1205	0.82	28.5
Bacillus_GCA_002582085.1_spacer_5	virome_phage_2368	74.286	35	9	0	8	42	1402	1436	0.82	28.5
Bacillus_GCA_002582085.1_spacer_6	virome_phage_2368	82.927	41	7	0	4	44	1167	1207	1.39e-05	44.4
Bacillus_GCA_002582085.1_spacer_6	virome_phage_2368	80.645	31	6	0	14	44	1408	1438	0.091	31.7
Bacillus_GCA_002582085.1_spacer_6	virome_phage_2368	78.788	33	7	0	12	44	1634	1666	0.091	31.7
Bacillus_GCA_002582085.1_spacer_6	virome_phage_2368	77.419	31	7	0	14	44	1159	1189	0.82	28.5
Bacillus_GCA_002582085.1_spacer_6	virome_phage_145	82.927	41	7	0	4	44	19785	19745	1.39e-05	44.4
Bacillus_GCA_002582085.1_spacer_6	virome_phage_145	78.788	33	7	0	12	44	19318	19286	0.091	31.7
Bacillus_GCA_002582085.1_spacer_6	virome_phage_145	80.645	31	6	0	14	44	19544	19514	0.091	31.7
Bacillus_GCA_002582085.1_spacer_6	virome_phage_145	75.676	37	9	0	8	44	19799	19763	0.091	31.7
Bacillus_GCA_002582085.1_spacer_6	virome_phage_2342	79.070	43	9	0	2	44	19661	19619	1.25e-04	41.2
Bacillus_GCA_002582085.1_spacer_6	virome_phage_2342	78.049	41	9	0	2	42	21761	21721	0.001	38.0
Bacillus_GCA_002582085.1_spacer_6	virome_phage_2342	77.143	35	8	0	2	36	19643	19609	0.091	31.7
Bacillus_GCA_002582085.1_spacer_6	total_phage_361	80.488	41	8	0	2	42	34251	34211	1.25e-04	41.2
Bacillus_GCA_002582085.1_spacer_6	total_phage_361	76.744	43	10	0	2	44	34233	34191	0.001	38.0
Bacillus_GCA_002582085.1_spacer_6	virome_phage_2402	77.273	44	10	0	1	44	5179	5222	3.74e-04	39.6
Bacillus_GCA_002582085.1_spacer_6	virome_phage_2402	76.190	42	10	0	1	42	6184	6225	0.003	36.5
Bacillus_GCA_002582085.1_spacer_6	virome_phage_2402	76.316	38	9	0	5	42	5165	5202	0.030	33.3
Bacillus_GCA_002582085.1_spacer_6	virome_phage_2402	73.684	38	10	0	7	44	5689	5726	0.27	30.1
Bacillus_GCA_002582085.1_spacer_6	virome_phage_2402	78.125	32	7	0	5	36	5705	5736	0.27	30.1
Bacillus_GCA_002582085.1_spacer_6	virome_phage_5	76.744	43	10	0	2	44	29896	29938	0.001	38.0
Bacillus_GCA_002582085.1_spacer_6	virome_phage_5	77.778	36	8	0	7	42	29883	29918	0.030	33.3
Bacillus_GCA_002582085.1_spacer_6	virome_phage_5	73.171	41	11	0	4	44	27885	27925	0.091	31.7
Bacillus_GCA_002582085.1_spacer_6	virome_phage_803	75.610	41	10	0	2	42	35329	35289	0.010	34.9
Bacillus_GCA_002582085.1_spacer_6	virome_phage_2382	75.000	40	10	0	5	44	7109	7148	0.030	33.3
Bacillus_GCA_002582085.1_spacer_6	virome_phage_2382	95.000	20	1	0	8	27	7745	7764	0.27	30.1
Bacillus_GCA_002582085.1_spacer_6	virome_phage_2382	79.310	29	6	0	8	36	6887	6915	0.82	28.5
Bacillus_GCA_002582085.1_spacer_6	virome_phage_2382	90.476	21	2	0	1	21	7996	8016	0.82	28.5
Bacillus_GCA_002582085.1_spacer_6	virome_phage_155	81.250	32	6	0	8	39	6266	6297	0.030	33.3
Bacillus_GCA_002582085.1_spacer_6	virome_phage_155	71.795	39	11	0	1	39	5557	5595	0.82	28.5
Bacillus_GCA_002582085.1_spacer_6	virome_phage_155	77.419	31	7	0	14	44	5660	5690	0.82	28.5
Bacillus_GCA_002582085.1_spacer_6	virome_phage_2389	75.676	37	9	0	8	44	7515	7551	0.091	31.7
Bacillus_GCA_002582085.1_spacer_6	virome_phage_2389	77.419	31	7	0	8	38	6735	6765	0.82	28.5
Bacillus_GCA_002582085.1_spacer_6	virome_phage_153	80.645	31	6	0	8	38	5796	5826	0.091	31.7
Bacillus_GCA_002582085.1_spacer_6	virome_phage_153	78.125	32	7	0	8	39	6165	6196	0.27	30.1
Bacillus_GCA_002582085.1_spacer_6	virome_phage_153	71.795	39	11	0	1	39	5456	5494	0.82	28.5
Bacillus_GCA_002582085.1_spacer_6	virome_phage_124	78.788	33	7	0	4	36	3638	3670	0.091	31.7
Bacillus_GCA_002582085.1_spacer_6	total_phage_303	78.788	33	7	0	4	36	13415	13447	0.091	31.7
Bacillus_GCA_002582085.1_spacer_6	total_phage_118	78.788	33	7	0	4	36	13267	13299	0.091	31.7
Bacillus_GCA_002582085.1_spacer_6	virome_phage_55	84.615	26	4	0	18	43	12490	12515	0.27	30.1
Bacillus_GCA_002582085.1_spacer_6	virome_phage_55	84.000	25	4	0	1	25	12491	12515	0.82	28.5
Bacillus_GCA_002582085.1_spacer_6	virome_phage_2282	78.125	32	7	0	8	39	37885	37854	0.27	30.1
Bacillus_GCA_002582085.1_spacer_6	virome_phage_824	75.758	33	8	0	8	40	11831	11863	0.82	28.5
Bacillus_GCA_002582085.1_spacer_6	virome_phage_62	79.310	29	6	0	9	37	13451	13479	0.82	28.5
Bacillus_GCA_002582085.1_spacer_6	virome_phage_152	81.481	27	5	0	1	27	7945	7971	0.82	28.5
Bacillus_GCA_002582085.1_spacer_6	virome_phage_780	77.419	31	7	0	8	38	21408	21378	0.82	28.5
Bacillus_GCA_002582085.1_spacer_6	total_phage_927	90.476	21	2	0	19	39	41695	41675	0.82	28.5
Bacillus_GCA_002582085.1_spacer_7	virome_phage_803	100.000	17	0	0	2	18	35329	35313	0.25	28.5
Bacillus_GCA_002582085.1_spacer_7	virome_phage_58	86.957	23	3	0	2	24	280	258	0.25	28.5
Bacillus_GCA_002582085.1_spacer_7	virome_phage_5	86.957	23	3	0	2	24	29896	29918	0.25	28.5
Bacillus_GCA_002582085.1_spacer_7	virome_phage_55	83.333	24	4	0	1	24	12491	12514	0.76	26.9
Bacillus_GCA_002582085.1_spacer_7	virome_phage_2389	90.000	20	2	0	1	20	6719	6738	0.76	26.9
Bacillus_GCA_002582085.1_spacer_7	virome_phage_153	83.333	24	4	0	1	24	5456	5479	0.76	26.9
Bacillus_GCA_002582085.1_spacer_8	virome_phage_803	100.000	17	0	0	8	24	35305	35289	0.25	28.5
Bacillus_GCA_002582085.1_spacer_8	virome_phage_145	86.957	23	3	0	4	26	19785	19763	0.25	28.5
Bacillus_GCA_002582085.1_spacer_8	virome_phage_145	83.333	24	4	0	1	24	20076	20053	0.76	26.9
Bacillus_GCA_002582085.1_spacer_8	total_phage_361	84.000	25	4	0	2	26	34251	34227	0.25	28.5
Bacillus_GCA_002582085.1_spacer_8	virome_phage_2368	86.957	23	3	0	4	26	1167	1189	0.25	28.5
Bacillus_GCA_002582085.1_spacer_8	virome_phage_78	83.333	24	4	0	2	25	16365	16342	0.76	26.9
Bacillus_GCA_002582085.1_spacer_8	virome_phage_758	86.364	22	3	0	4	25	38958	38937	0.76	26.9
Bacillus_GCA_002582085.1_spacer_8	virome_phage_5	83.333	24	4	0	3	26	28214	28237	0.76	26.9
Bacillus_GCA_002582085.1_spacer_8	virome_phage_2402	83.333	24	4	0	1	24	5179	5202	0.76	26.9
Bacillus_GCA_002582085.1_spacer_8	virome_phage_155	86.364	22	3	0	5	26	5669	5690	0.76	26.9
Bacillus_GCA_002582085.1_spacer_9	virome_phage_5	86.957	23	3	0	2	24	29896	29918	0.25	28.5
Bacillus_GCA_002582085.1_spacer_9	total_phage_927	83.333	24	4	0	3	26	167735	167712	0.76	26.9
Bacillus_GCA_002582085.1_spacer_9	virome_phage_55	83.333	24	4	0	2	25	12492	12515	0.76	26.9
Bacillus_GCA_002582085.1_spacer_10	virome_phage_803	87.500	40	5	0	1	40	35330	35291	5.14e-07	49.1
Bacillus_GCA_002582085.1_spacer_10	virome_phage_803	100.000	21	0	0	8	28	35305	35285	0.010	34.9
Bacillus_GCA_002582085.1_spacer_10	virome_phage_803	95.455	22	1	0	16	37	35333	35312	0.030	33.3
Bacillus_GCA_002582085.1_spacer_10	virome_phage_5	81.818	44	8	0	1	44	29850	29893	4.62e-06	46.0
Bacillus_GCA_002582085.1_spacer_10	virome_phage_5	80.645	31	6	0	14	44	29845	29875	0.091	31.7
Bacillus_GCA_002582085.1_spacer_10	virome_phage_5	80.000	30	6	0	8	37	29335	29364	0.27	30.1
Bacillus_GCA_002582085.1_spacer_10	virome_phage_5	71.795	39	11	0	1	39	29868	29906	0.82	28.5
Bacillus_GCA_002582085.1_spacer_10	virome_phage_2342	81.579	38	7	0	1	38	21762	21725	3.74e-04	39.6
Bacillus_GCA_002582085.1_spacer_10	virome_phage_2342	76.316	38	9	0	1	38	21744	21707	0.030	33.3
Bacillus_GCA_002582085.1_spacer_10	virome_phage_824	81.081	37	7	0	8	44	11705	11741	0.001	38.0
Bacillus_GCA_002582085.1_spacer_10	virome_phage_824	77.143	35	8	0	5	39	11720	11754	0.091	31.7
Bacillus_GCA_002582085.1_spacer_10	virome_phage_58	80.556	36	7	0	1	36	281	246	0.003	36.5
Bacillus_GCA_002582085.1_spacer_10	virome_phage_58	75.000	36	9	0	4	39	260	225	0.27	30.1
Bacillus_GCA_002582085.1_spacer_10	virome_phage_58	95.000	20	1	0	17	36	283	264	0.27	30.1
Bacillus_GCA_002582085.1_spacer_10	virome_phage_2389	83.871	31	5	0	6	36	6706	6736	0.010	34.9
Bacillus_GCA_002582085.1_spacer_10	virome_phage_2389	73.684	38	10	0	2	39	7554	7591	0.27	30.1
Bacillus_GCA_002582085.1_spacer_10	virome_phage_2389	84.000	25	4	0	14	38	6741	6765	0.82	28.5
Bacillus_GCA_002582085.1_spacer_10	virome_phage_2368	79.412	34	7	0	8	41	1153	1186	0.030	33.3
Bacillus_GCA_002582085.1_spacer_10	virome_phage_2368	78.125	32	7	0	8	39	3409	3440	0.27	30.1
Bacillus_GCA_002582085.1_spacer_10	virome_phage_2368	77.419	31	7	0	8	38	2815	2845	0.82	28.5
Bacillus_GCA_002582085.1_spacer_10	virome_phage_876	74.359	39	10	0	1	39	21203	21165	0.091	31.7
Bacillus_GCA_002582085.1_spacer_10	virome_phage_876	77.143	35	8	0	4	38	21218	21184	0.091	31.7
Bacillus_GCA_002582085.1_spacer_10	total_phage_361	74.359	39	10	0	1	39	34252	34214	0.091	31.7
Bacillus_GCA_002582085.1_spacer_10	virome_phage_2282	78.125	32	7	0	8	39	37885	37854	0.27	30.1
Bacillus_GCA_002582085.1_spacer_10	virome_phage_145	82.143	28	5	0	14	41	19793	19766	0.27	30.1
Bacillus_GCA_002582085.1_spacer_10	virome_phage_936	78.125	32	7	0	8	39	17768	17799	0.27	30.1
Bacillus_GCA_002582085.1_spacer_10	virome_phage_155	78.125	32	7	0	8	39	6464	6495	0.27	30.1
Bacillus_GCA_002582085.1_spacer_10	virome_phage_155	84.000	25	4	0	14	38	5660	5684	0.82	28.5
Bacillus_GCA_002582085.1_spacer_10	virome_phage_155	72.973	37	10	0	8	44	6266	6302	0.82	28.5
Bacillus_GCA_002582085.1_spacer_10	virome_phage_153	80.000	30	6	0	8	37	6381	6410	0.27	30.1
Bacillus_GCA_002582085.1_spacer_10	virome_phage_120	78.125	32	7	0	8	39	1106	1137	0.27	30.1
Bacillus_GCA_002582085.1_spacer_10	virome_phage_780	77.419	31	7	0	8	38	21408	21378	0.82	28.5
Bacillus_GCA_002582085.1_spacer_10	virome_phage_772	86.957	23	3	0	14	36	33676	33654	0.82	28.5
Bacillus_GCA_002582085.1_spacer_10	virome_phage_2305	77.419	31	7	0	9	39	1774	1744	0.82	28.5
Bacillus_GCA_002582085.1_spacer_10	virome_phage_2402	74.286	35	9	0	2	36	5180	5214	0.82	28.5
Bacillus_GCA_002582085.1_spacer_10	virome_phage_152	74.286	35	9	0	4	38	6466	6500	0.82	28.5
