Bacillus_GCA_017814305.1_spacer_0	virome_phage_742	80.000	30	6	0	13	42	81460	81489	0.34	30.1
Bacillus_GCA_017814305.1_spacer_1	virome_phage_824	75.000	36	9	0	17	52	7030	6995	0.42	30.1
Bacillus_GCA_017814305.1_spacer_1	virome_phage_742	84.615	26	4	0	24	49	20977	20952	0.42	30.1
Bacillus_GCA_017814305.1_spacer_1	total_phage_738	95.000	20	1	0	23	42	6943	6924	0.42	30.1
Bacillus_GCA_017814305.1_spacer_1	total_phage_730	90.909	22	2	0	28	49	51922	51943	0.42	30.1
Bacillus_GCA_017814305.1_spacer_2	virome_phage_19	83.333	30	5	0	18	47	49835	49806	0.044	33.3
Bacillus_GCA_017814305.1_spacer_2	total_phage_176	70.833	48	14	0	4	51	9792	9745	0.044	33.3
Bacillus_GCA_017814305.1_spacer_2	virome_phage_901	80.645	31	6	0	21	51	9676	9646	0.13	31.7
Bacillus_GCA_017814305.1_spacer_2	virome_phage_824	71.111	45	13	0	5	49	14590	14546	0.13	31.7
Bacillus_GCA_017814305.1_spacer_2	total_phage_3	87.500	24	3	0	14	37	36275	36298	0.40	30.1
Bacillus_GCA_017814305.1_spacer_2	total_phage_240	84.615	26	4	0	22	47	4361	4386	0.40	30.1
Bacillus_GCA_017814305.1_spacer_2	virome_phage_778	72.500	40	11	0	11	50	44982	44943	0.40	30.1
Bacillus_GCA_017814305.1_spacer_2	virome_phage_2323	87.500	24	3	0	19	42	20195	20172	0.40	30.1
Bacillus_GCA_017814305.1_spacer_2	virome_phage_2238	75.000	36	9	0	16	51	645	610	0.40	30.1
Bacillus_GCA_017814305.1_spacer_2	total_phage_734	72.500	40	11	0	11	50	8028	7989	0.40	30.1
Bacillus_GCA_017814305.1_spacer_2	total_phage_306	76.471	34	8	0	16	49	5686	5653	0.40	30.1
Bacillus_GCA_017814305.1_spacer_2	total_phage_298	84.615	26	4	0	22	47	23322	23297	0.40	30.1
