Bacillus_GCF_026787605.1_spacer_0	virome_phage_46	90.476	21	2	0	7	27	2417	2437	0.25	28.5
Bacillus_GCF_026787605.1_spacer_0	virome_phage_58	94.444	18	1	0	5	22	37626	37643	0.76	26.9
Bacillus_GCF_026787605.1_spacer_0	total_phage_692	90.000	20	2	0	1	20	11340	11359	0.76	26.9
Bacillus_GCF_026787605.1_spacer_0	virome_phage_855	90.000	20	2	0	1	20	23164	23145	0.76	26.9
Bacillus_GCF_026787605.1_spacer_0	total_phage_658	90.000	20	2	0	1	20	34562	34543	0.76	26.9
Bacillus_GCF_026787605.1_spacer_1	virome_phage_2268	80.769	26	5	0	4	29	2555	2530	0.76	26.9
Bacillus_GCF_026787605.1_spacer_1	total_phage_179	86.364	22	3	0	2	23	22232	22211	0.76	26.9
Bacillus_GCF_026787605.1_spacer_1	virome_phage_2398	86.364	22	3	0	1	22	8914	8935	0.76	26.9
Bacillus_GCF_026787605.1_spacer_1	total_phage_788	86.364	22	3	0	2	23	20518	20539	0.76	26.9
Bacillus_GCF_026787605.1_spacer_2	virome_phage_48	77.143	35	8	0	1	35	3219	3253	0.042	31.7
Bacillus_GCF_026787605.1_spacer_2	virome_phage_802	84.615	26	4	0	1	26	35603	35628	0.13	30.1
Bacillus_GCF_026787605.1_spacer_3	virome_phage_856	84.000	25	4	0	1	25	7847	7871	0.38	28.5
Bacillus_GCF_026787605.1_spacer_3	virome_phage_2319	86.957	23	3	0	3	25	33420	33442	0.38	28.5
Bacillus_GCF_026787605.1_spacer_4	virome_phage_1082	84.000	25	4	0	10	34	1038	1014	0.38	28.5
