Bacillus_GCA_019915265.1_spacer_1	virome_phage_79	84.000	25	4	0	9	33	35781	35757	0.38	28.5
Bacillus_GCA_019915265.1_spacer_1	virome_phage_2322	86.957	23	3	0	3	25	8563	8541	0.38	28.5
Bacillus_GCA_019915265.1_spacer_1	virome_phage_743	86.957	23	3	0	2	24	86652	86674	0.38	28.5
Bacillus_GCA_019915265.1_spacer_1	virome_phage_66	77.419	31	7	0	2	32	37204	37234	0.38	28.5
Bacillus_GCA_019915265.1_spacer_2	total_phage_927	84.000	25	4	0	10	34	153886	153862	0.38	28.5
Bacillus_GCA_019915265.1_spacer_3	virome_phage_778	77.419	31	7	0	1	31	10826	10796	0.31	28.5
Bacillus_GCA_019915265.1_spacer_3	total_phage_112	86.364	22	3	0	11	32	52206	52185	0.94	26.9
Bacillus_GCA_019915265.1_spacer_3	virome_phage_741	83.333	24	4	0	2	25	66425	66448	0.94	26.9
Bacillus_GCA_019915265.1_spacer_3	virome_phage_27	86.364	22	3	0	11	32	45162	45183	0.94	26.9
Bacillus_GCA_019915265.1_spacer_4	virome_phage_911	82.759	29	5	0	3	31	14214	14186	0.042	31.7
Bacillus_GCA_019915265.1_spacer_7	virome_phage_867	82.143	28	5	0	6	33	4156	4183	0.10	30.1
Bacillus_GCA_019915265.1_spacer_7	virome_phage_884	90.476	21	2	0	14	34	16881	16901	0.31	28.5
Bacillus_GCA_019915265.1_spacer_7	virome_phage_28	80.769	26	5	0	6	31	53231	53256	0.94	26.9
Bacillus_GCA_019915265.1_spacer_8	virome_phage_35	80.645	31	6	0	1	31	42792	42822	0.028	31.7
Bacillus_GCA_019915265.1_spacer_8	virome_phage_52	90.909	22	2	0	8	29	14545	14524	0.084	30.1
Bacillus_GCA_019915265.1_spacer_8	virome_phage_761	79.310	29	6	0	3	31	4596	4624	0.25	28.5
Bacillus_GCA_019915265.1_spacer_8	total_phage_926	90.476	21	2	0	12	32	34296	34316	0.25	28.5
Bacillus_GCA_019915265.1_spacer_8	virome_phage_814	78.571	28	6	0	2	29	16871	16898	0.76	26.9
Bacillus_GCA_019915265.1_spacer_8	virome_phage_37	80.769	26	5	0	8	33	25208	25183	0.76	26.9
Bacillus_GCA_019915265.1_spacer_9	virome_phage_864	81.481	27	5	0	1	27	3108	3134	0.31	28.5
Bacillus_GCA_019915265.1_spacer_9	virome_phage_868	90.000	20	2	0	2	21	16136	16155	0.94	26.9
Bacillus_GCA_019915265.1_spacer_9	total_phage_231	94.444	18	1	0	5	22	59287	59270	0.94	26.9
Bacillus_GCA_019915265.1_spacer_10	virome_phage_847	87.500	24	3	0	4	27	14685	14708	0.10	30.1
Bacillus_GCA_019915265.1_spacer_10	virome_phage_87	84.000	25	4	0	4	28	447	423	0.31	28.5
Bacillus_GCA_019915265.1_spacer_10	total_phage_293	100.000	17	0	0	6	22	21673	21657	0.31	28.5
Bacillus_GCA_019915265.1_spacer_10	virome_phage_2350	83.333	24	4	0	3	26	13471	13494	0.94	26.9
Bacillus_GCA_019915265.1_spacer_10	virome_phage_120	100.000	16	0	0	6	21	5633	5648	0.94	26.9
Bacillus_GCA_019915265.1_spacer_10	total_phage_798	94.444	18	1	0	14	31	12775	12792	0.94	26.9
Bacillus_GCA_019915265.1_spacer_11	virome_phage_823	94.444	18	1	0	1	18	35003	34986	0.94	26.9
Bacillus_GCA_019915265.1_spacer_12	virome_phage_2305	79.310	29	6	0	3	31	26144	26172	0.25	28.5
Bacillus_GCA_019915265.1_spacer_14	total_phage_786	75.758	33	8	0	1	33	9667	9635	0.38	28.5
Bacillus_GCA_019915265.1_spacer_14	virome_phage_21	86.957	23	3	0	11	33	56299	56321	0.38	28.5
Bacillus_GCA_019915265.1_spacer_14	total_phage_453	94.737	19	1	0	2	20	5910	5928	0.38	28.5
Bacillus_GCA_019915265.1_spacer_15	virome_phage_808	81.481	27	5	0	8	34	16054	16080	0.31	28.5
Bacillus_GCA_019915265.1_spacer_15	virome_phage_219	81.481	27	5	0	7	33	11568	11594	0.31	28.5
Bacillus_GCA_019915265.1_spacer_15	virome_phage_820	86.364	22	3	0	12	33	6759	6780	0.94	26.9
Bacillus_GCA_019915265.1_spacer_15	virome_phage_820	76.667	30	7	0	5	34	7567	7538	0.94	26.9
Bacillus_GCA_019915265.1_spacer_15	virome_phage_814	75.000	32	8	0	3	34	12054	12085	0.94	26.9
Bacillus_GCA_019915265.1_spacer_15	virome_phage_806	80.769	26	5	0	1	26	8432	8457	0.94	26.9
Bacillus_GCA_019915265.1_spacer_15	virome_phage_747	90.000	20	2	0	12	31	19941	19922	0.94	26.9
Bacillus_GCA_019915265.1_spacer_15	virome_phage_740	86.364	22	3	0	6	27	15157	15178	0.94	26.9
Bacillus_GCA_019915265.1_spacer_15	virome_phage_21	86.364	22	3	0	6	27	21169	21148	0.94	26.9
Bacillus_GCA_019915265.1_spacer_15	virome_phage_18	90.000	20	2	0	12	31	63576	63557	0.94	26.9
Bacillus_GCA_019915265.1_spacer_16	virome_phage_52	90.476	21	2	0	16	36	20410	20390	0.38	28.5
Bacillus_GCA_019915265.1_spacer_17	virome_phage_776	90.000	20	2	0	1	20	5975	5956	0.76	26.9
Bacillus_GCA_019915265.1_spacer_17	virome_phage_38	90.000	20	2	0	13	32	11723	11742	0.76	26.9
Bacillus_GCA_019915265.1_spacer_17	total_phage_524	78.571	28	6	0	4	31	10766	10793	0.76	26.9
Bacillus_GCA_019915265.1_spacer_18	virome_phage_861	82.143	28	5	0	7	34	26832	26805	0.13	30.1
Bacillus_GCA_019915265.1_spacer_19	virome_phage_769	88.462	26	3	0	2	27	18390	18415	0.014	33.3
Bacillus_GCA_019915265.1_spacer_19	virome_phage_2290	84.615	26	4	0	2	27	24707	24732	0.13	30.1
Bacillus_GCA_019915265.1_spacer_20	virome_phage_2255	100.000	16	0	0	16	31	4759	4774	0.94	26.9
Bacillus_GCA_019915265.1_spacer_20	total_phage_927	83.333	24	4	0	3	26	137478	137501	0.94	26.9
Bacillus_GCA_019915265.1_spacer_21	virome_phage_2357	84.615	26	4	0	3	28	12246	12271	0.10	30.1
Bacillus_GCA_019915265.1_spacer_21	total_phage_414	83.333	24	4	0	4	27	28977	28954	0.94	26.9
Bacillus_GCA_019915265.1_spacer_21	virome_phage_802	94.444	18	1	0	13	30	10599	10616	0.94	26.9
Bacillus_GCA_019915265.1_spacer_21	virome_phage_2389	94.444	18	1	0	13	30	13084	13101	0.94	26.9
Bacillus_GCA_019915265.1_spacer_21	total_phage_926	100.000	16	0	0	17	32	80145	80160	0.94	26.9
Bacillus_GCA_019915265.1_spacer_21	total_phage_497	90.000	20	2	0	7	26	16855	16874	0.94	26.9
Bacillus_GCA_019915265.1_spacer_21	total_phage_478	90.000	20	2	0	7	26	12180	12199	0.94	26.9
Bacillus_GCA_019915265.1_spacer_21	total_phage_363	78.571	28	6	0	6	33	9190	9217	0.94	26.9
Bacillus_GCA_019915265.1_spacer_21	total_phage_304	80.769	26	5	0	3	28	11773	11798	0.94	26.9
Bacillus_GCA_019915265.1_spacer_22	virome_phage_864	86.364	22	3	0	9	30	30902	30923	0.94	26.9
Bacillus_GCA_019915265.1_spacer_22	virome_phage_2270	86.364	22	3	0	3	24	155546	155567	0.94	26.9
Bacillus_GCA_019915265.1_spacer_22	virome_phage_56	78.571	28	6	0	6	33	1605	1578	0.94	26.9
Bacillus_GCA_019915265.1_spacer_23	total_phage_926	81.481	27	5	0	4	30	56943	56969	0.31	28.5
Bacillus_GCA_019915265.1_spacer_23	virome_phage_38	83.333	24	4	0	11	34	44428	44451	0.94	26.9
Bacillus_GCA_019915265.1_spacer_24	virome_phage_8	84.615	26	4	0	3	28	49854	49879	0.15	30.1
Bacillus_GCA_019915265.1_spacer_24	virome_phage_8	74.286	35	9	0	1	35	81773	81739	0.44	28.5
Bacillus_GCA_019915265.1_spacer_24	virome_phage_7	95.000	20	1	0	9	28	127483	127464	0.15	30.1
Bacillus_GCA_019915265.1_spacer_24	virome_phage_21	79.310	29	6	0	1	29	53455	53483	0.44	28.5
Bacillus_GCA_019915265.1_spacer_24	virome_phage_1155	81.481	27	5	0	6	32	4220	4246	0.44	28.5
Bacillus_GCA_019915265.1_spacer_24	virome_phage_740	79.310	29	6	0	1	29	96870	96842	0.44	28.5
Bacillus_GCA_019915265.1_spacer_25	total_phage_806	84.000	25	4	0	11	35	24007	24031	0.38	28.5
Bacillus_GCA_019915265.1_spacer_25	total_phage_730	84.000	25	4	0	9	33	128168	128192	0.38	28.5
Bacillus_GCA_019915265.1_spacer_25	virome_phage_10	84.000	25	4	0	9	33	58560	58536	0.38	28.5
Bacillus_GCA_019915265.1_spacer_26	virome_phage_764	92.308	26	2	0	3	28	22786	22761	0.002	36.5
Bacillus_GCA_019915265.1_spacer_26	virome_phage_834	88.889	27	3	0	9	35	26439	26413	0.005	34.9
Bacillus_GCA_019915265.1_spacer_26	virome_phage_734	88.462	26	3	0	2	27	150586	150611	0.014	33.3
Bacillus_GCA_019915265.1_spacer_26	virome_phage_734	81.481	27	5	0	8	34	150877	150851	0.38	28.5
Bacillus_GCA_019915265.1_spacer_26	virome_phage_759	79.412	34	7	0	1	34	54976	54943	0.014	33.3
Bacillus_GCA_019915265.1_spacer_26	virome_phage_4	88.462	26	3	0	3	28	70865	70840	0.014	33.3
Bacillus_GCA_019915265.1_spacer_26	virome_phage_2522	85.185	27	4	0	2	28	4183	4209	0.042	31.7
Bacillus_GCA_019915265.1_spacer_26	virome_phage_1004	85.185	27	4	0	2	28	4184	4210	0.042	31.7
Bacillus_GCA_019915265.1_spacer_26	total_phage_794	91.304	23	2	0	13	35	36434	36456	0.042	31.7
Bacillus_GCA_019915265.1_spacer_26	virome_phage_82	76.471	34	8	0	1	34	29151	29184	0.13	30.1
Bacillus_GCA_019915265.1_spacer_26	virome_phage_738	90.909	22	2	0	3	24	26229	26250	0.13	30.1
Bacillus_GCA_019915265.1_spacer_26	total_phage_787	84.615	26	4	0	9	34	20235	20260	0.13	30.1
Bacillus_GCA_019915265.1_spacer_26	total_phage_666	84.615	26	4	0	9	34	13694	13719	0.13	30.1
Bacillus_GCA_019915265.1_spacer_26	total_phage_500	87.500	24	3	0	5	28	57736	57759	0.13	30.1
Bacillus_GCA_019915265.1_spacer_26	virome_phage_840	84.615	26	4	0	10	35	25901	25876	0.13	30.1
Bacillus_GCA_019915265.1_spacer_26	virome_phage_795	87.500	24	3	0	5	28	33059	33036	0.13	30.1
Bacillus_GCA_019915265.1_spacer_26	virome_phage_792	95.000	20	1	0	14	33	19099	19080	0.13	30.1
Bacillus_GCA_019915265.1_spacer_26	virome_phage_66	84.615	26	4	0	3	28	22941	22916	0.13	30.1
Bacillus_GCA_019915265.1_spacer_26	virome_phage_66	75.758	33	8	0	1	33	14889	14857	0.38	28.5
Bacillus_GCA_019915265.1_spacer_26	virome_phage_2254	87.500	24	3	0	5	28	68707	68684	0.13	30.1
Bacillus_GCA_019915265.1_spacer_26	virome_phage_2238	87.500	24	3	0	5	28	50221	50198	0.13	30.1
Bacillus_GCA_019915265.1_spacer_26	total_phage_9	95.000	20	1	0	14	33	11740	11721	0.13	30.1
Bacillus_GCA_019915265.1_spacer_26	total_phage_639	84.615	26	4	0	9	34	10327	10302	0.13	30.1
Bacillus_GCA_019915265.1_spacer_26	total_phage_518	84.615	26	4	0	3	28	1647	1622	0.13	30.1
Bacillus_GCA_019915265.1_spacer_26	total_phage_451	90.909	22	2	0	12	33	3505	3484	0.13	30.1
Bacillus_GCA_019915265.1_spacer_26	virome_phage_908	84.000	25	4	0	4	28	12559	12583	0.38	28.5
Bacillus_GCA_019915265.1_spacer_26	virome_phage_844	86.957	23	3	0	6	28	25585	25607	0.38	28.5
Bacillus_GCA_019915265.1_spacer_26	virome_phage_839	90.476	21	2	0	5	25	28396	28416	0.38	28.5
Bacillus_GCA_019915265.1_spacer_26	virome_phage_59	86.957	23	3	0	9	31	15571	15593	0.38	28.5
Bacillus_GCA_019915265.1_spacer_26	virome_phage_2368	90.476	21	2	0	2	22	16438	16458	0.38	28.5
Bacillus_GCA_019915265.1_spacer_26	virome_phage_142	77.419	31	7	0	3	33	8341	8371	0.38	28.5
Bacillus_GCA_019915265.1_spacer_26	total_phage_609	84.000	25	4	0	10	34	6085	6109	0.38	28.5
Bacillus_GCA_019915265.1_spacer_26	total_phage_512	84.000	25	4	0	10	34	6088	6112	0.38	28.5
Bacillus_GCA_019915265.1_spacer_26	total_phage_471	84.000	25	4	0	10	34	6060	6084	0.38	28.5
Bacillus_GCA_019915265.1_spacer_26	total_phage_417	84.000	25	4	0	3	27	18718	18742	0.38	28.5
Bacillus_GCA_019915265.1_spacer_26	total_phage_102	79.310	29	6	0	5	33	13577	13605	0.38	28.5
Bacillus_GCA_019915265.1_spacer_26	total_phage_102	86.957	23	3	0	3	25	34896	34918	0.38	28.5
Bacillus_GCA_019915265.1_spacer_26	virome_phage_857	77.419	31	7	0	3	33	23540	23510	0.38	28.5
Bacillus_GCA_019915265.1_spacer_26	virome_phage_817	81.481	27	5	0	1	27	26555	26529	0.38	28.5
Bacillus_GCA_019915265.1_spacer_26	virome_phage_7	75.758	33	8	0	2	34	63286	63254	0.38	28.5
Bacillus_GCA_019915265.1_spacer_26	virome_phage_7	86.957	23	3	0	5	27	98326	98304	0.38	28.5
Bacillus_GCA_019915265.1_spacer_26	virome_phage_62	79.310	29	6	0	3	31	39259	39231	0.38	28.5
Bacillus_GCA_019915265.1_spacer_26	virome_phage_39	84.000	25	4	0	4	28	14835	14811	0.38	28.5
Bacillus_GCA_019915265.1_spacer_26	virome_phage_33	81.481	27	5	0	7	33	19321	19295	0.38	28.5
Bacillus_GCA_019915265.1_spacer_26	virome_phage_28	79.310	29	6	0	3	31	32689	32661	0.38	28.5
Bacillus_GCA_019915265.1_spacer_26	total_phage_735	75.758	33	8	0	3	35	4607	4575	0.38	28.5
Bacillus_GCA_019915265.1_spacer_26	total_phage_361	75.758	33	8	0	1	33	18598	18566	0.38	28.5
Bacillus_GCA_019915265.1_spacer_26	total_phage_244	94.737	19	1	0	16	34	18107	18089	0.38	28.5
Bacillus_GCA_019915265.1_spacer_26	total_phage_244	84.000	25	4	0	8	32	26025	26001	0.38	28.5
Bacillus_GCA_019915265.1_spacer_26	total_phage_232	84.000	25	4	0	1	25	65607	65583	0.38	28.5
Bacillus_GCA_019915265.1_spacer_27	virome_phage_865	81.481	27	5	0	4	30	4689	4715	0.38	28.5
Bacillus_GCA_019915265.1_spacer_27	total_phage_524	81.481	27	5	0	6	32	10102	10076	0.38	28.5
Bacillus_GCA_019915265.1_spacer_28	total_phage_731	81.481	27	5	0	3	29	95805	95779	0.25	28.5
Bacillus_GCA_019915265.1_spacer_28	virome_phage_843	83.333	24	4	0	9	32	8566	8589	0.76	26.9
Bacillus_GCA_019915265.1_spacer_28	virome_phage_142	86.364	22	3	0	8	29	7930	7909	0.76	26.9
Bacillus_GCA_019915265.1_spacer_29	virome_phage_840	80.769	26	5	0	1	26	3037	3012	0.94	26.9
Bacillus_GCA_019915265.1_spacer_29	virome_phage_825	80.769	26	5	0	1	26	26732	26707	0.94	26.9
Bacillus_GCA_019915265.1_spacer_29	virome_phage_736	83.333	24	4	0	3	26	152678	152701	0.94	26.9
Bacillus_GCA_019915265.1_spacer_29	virome_phage_33	86.364	22	3	0	5	26	40325	40346	0.94	26.9
Bacillus_GCA_019915265.1_spacer_29	virome_phage_2305	90.000	20	2	0	1	20	27401	27420	0.94	26.9
Bacillus_GCA_019915265.1_spacer_29	total_phage_413	90.000	20	2	0	11	30	54806	54787	0.94	26.9
Bacillus_GCA_019915265.1_spacer_30	virome_phage_109	86.364	22	3	0	11	32	4111	4132	0.94	26.9
Bacillus_GCA_019915265.1_spacer_30	virome_phage_786	90.000	20	2	0	12	31	26609	26590	0.94	26.9
Bacillus_GCA_019915265.1_spacer_30	total_phage_730	83.333	24	4	0	11	34	104416	104393	0.94	26.9
Bacillus_GCA_019915265.1_spacer_30	total_phage_252	78.571	28	6	0	7	34	8696	8669	0.94	26.9
Bacillus_GCA_019915265.1_spacer_32	virome_phage_868	80.769	26	5	0	3	28	29455	29430	0.94	26.9
Bacillus_GCA_019915265.1_spacer_32	virome_phage_17	83.333	24	4	0	3	26	39714	39691	0.94	26.9
Bacillus_GCA_019915265.1_spacer_32	virome_phage_875	83.333	24	4	0	7	30	17828	17851	0.94	26.9
Bacillus_GCA_019915265.1_spacer_32	total_phage_638	86.364	22	3	0	9	30	5012	5033	0.94	26.9
Bacillus_GCA_019915265.1_spacer_33	virome_phage_997	100.000	16	0	0	7	22	1095	1080	0.94	26.9
Bacillus_GCA_019915265.1_spacer_33	virome_phage_891	90.000	20	2	0	8	27	6328	6309	0.94	26.9
Bacillus_GCA_019915265.1_spacer_33	total_phage_798	86.364	22	3	0	9	30	21584	21563	0.94	26.9
Bacillus_GCA_019915265.1_spacer_33	total_phage_733	90.000	20	2	0	8	27	19451	19470	0.94	26.9
Bacillus_GCA_019915265.1_spacer_33	total_phage_189	90.000	20	2	0	8	27	17424	17443	0.94	26.9
Bacillus_GCA_019915265.1_spacer_34	virome_phage_116	90.909	22	2	0	14	35	15346	15325	0.13	30.1
Bacillus_GCA_019915265.1_spacer_34	virome_phage_823	81.481	27	5	0	2	28	35761	35787	0.38	28.5
Bacillus_GCA_019915265.1_spacer_35	virome_phage_776	87.500	24	3	0	7	30	44061	44038	0.084	30.1
Bacillus_GCA_019915265.1_spacer_35	total_phage_102	82.143	28	5	0	6	33	20233	20206	0.084	30.1
Bacillus_GCA_019915265.1_spacer_35	virome_phage_10	90.000	20	2	0	2	21	97830	97849	0.76	26.9
Bacillus_GCA_019915265.1_spacer_35	virome_phage_807	94.444	18	1	0	14	31	21051	21034	0.76	26.9
Bacillus_GCA_019915265.1_spacer_35	total_phage_730	90.000	20	2	0	2	21	87823	87804	0.76	26.9
Bacillus_GCA_019915265.1_spacer_35	total_phage_305	94.444	18	1	0	14	31	3727	3710	0.76	26.9
Bacillus_GCA_019915265.1_spacer_35	total_phage_244	78.571	28	6	0	6	33	9855	9828	0.76	26.9
Bacillus_GCA_019915265.1_spacer_36	virome_phage_875	77.419	31	7	0	2	32	26098	26068	0.38	28.5
Bacillus_GCA_019915265.1_spacer_37	virome_phage_745	86.957	23	3	0	6	28	43376	43398	0.38	28.5
Bacillus_GCA_019915265.1_spacer_37	virome_phage_69	86.957	23	3	0	13	35	9291	9313	0.38	28.5
Bacillus_GCA_019915265.1_spacer_37	total_phage_414	90.476	21	2	0	8	28	50364	50344	0.38	28.5
Bacillus_GCA_019915265.1_spacer_38	total_phage_451	95.455	22	1	0	8	29	11986	12007	0.009	33.3
Bacillus_GCA_019915265.1_spacer_38	total_phage_248	82.143	28	5	0	2	29	4675	4648	0.084	30.1
Bacillus_GCA_019915265.1_spacer_38	virome_phage_764	84.000	25	4	0	3	27	33782	33806	0.25	28.5
Bacillus_GCA_019915265.1_spacer_38	virome_phage_764	100.000	16	0	0	15	30	1634	1649	0.76	26.9
Bacillus_GCA_019915265.1_spacer_38	virome_phage_764	78.571	28	6	0	2	29	47560	47533	0.76	26.9
Bacillus_GCA_019915265.1_spacer_38	virome_phage_743	84.000	25	4	0	5	29	66230	66254	0.25	28.5
Bacillus_GCA_019915265.1_spacer_38	virome_phage_734	90.476	21	2	0	5	25	127750	127770	0.25	28.5
Bacillus_GCA_019915265.1_spacer_38	virome_phage_2353	77.419	31	7	0	1	31	21684	21714	0.25	28.5
Bacillus_GCA_019915265.1_spacer_38	virome_phage_884	86.957	23	3	0	10	32	23078	23056	0.25	28.5
Bacillus_GCA_019915265.1_spacer_38	virome_phage_10	79.310	29	6	0	4	32	58003	57975	0.25	28.5
Bacillus_GCA_019915265.1_spacer_38	virome_phage_10	90.000	20	2	0	10	29	101827	101846	0.76	26.9
Bacillus_GCA_019915265.1_spacer_38	virome_phage_69	83.333	24	4	0	9	32	7223	7246	0.76	26.9
Bacillus_GCA_019915265.1_spacer_38	virome_phage_27	86.364	22	3	0	1	22	54310	54331	0.76	26.9
Bacillus_GCA_019915265.1_spacer_38	virome_phage_2275	90.000	20	2	0	11	30	9871	9890	0.76	26.9
Bacillus_GCA_019915265.1_spacer_38	virome_phage_151	90.000	20	2	0	14	33	4688	4707	0.76	26.9
Bacillus_GCA_019915265.1_spacer_38	total_phage_798	80.769	26	5	0	2	27	15965	15990	0.76	26.9
Bacillus_GCA_019915265.1_spacer_38	total_phage_734	78.571	28	6	0	3	30	35120	35147	0.76	26.9
Bacillus_GCA_019915265.1_spacer_38	total_phage_306	83.333	24	4	0	9	32	85	108	0.76	26.9
Bacillus_GCA_019915265.1_spacer_38	total_phage_172	86.364	22	3	0	6	27	12375	12396	0.76	26.9
Bacillus_GCA_019915265.1_spacer_38	virome_phage_860	100.000	16	0	0	16	31	31	16	0.76	26.9
Bacillus_GCA_019915265.1_spacer_38	virome_phage_776	90.000	20	2	0	14	33	17987	17968	0.76	26.9
Bacillus_GCA_019915265.1_spacer_38	virome_phage_745	78.571	28	6	0	5	32	10614	10587	0.76	26.9
Bacillus_GCA_019915265.1_spacer_38	virome_phage_738	90.000	20	2	0	10	29	117710	117691	0.76	26.9
Bacillus_GCA_019915265.1_spacer_38	virome_phage_2272	86.364	22	3	0	7	28	18869	18848	0.76	26.9
Bacillus_GCA_019915265.1_spacer_38	total_phage_934	76.667	30	7	0	2	31	2344	2315	0.76	26.9
Bacillus_GCA_019915265.1_spacer_38	total_phage_725	94.444	18	1	0	10	27	12509	12492	0.76	26.9
Bacillus_GCA_019915265.1_spacer_38	total_phage_294	83.333	24	4	0	5	28	38351	38328	0.76	26.9
Bacillus_GCA_019915265.1_spacer_38	total_phage_121	78.571	28	6	0	2	29	20848	20821	0.76	26.9
Bacillus_GCA_019915265.1_spacer_38	total_phage_112	86.364	22	3	0	1	22	43058	43037	0.76	26.9
Bacillus_GCA_019915265.1_spacer_38	total_phage_11	78.571	28	6	0	2	29	18057	18030	0.76	26.9
Bacillus_GCA_019915265.1_spacer_39	virome_phage_37	76.471	34	8	0	1	34	43423	43390	0.10	30.1
Bacillus_GCA_019915265.1_spacer_39	virome_phage_949	81.481	27	5	0	5	31	340	314	0.31	28.5
Bacillus_GCA_019915265.1_spacer_39	virome_phage_748	94.737	19	1	0	15	33	6123	6105	0.31	28.5
Bacillus_GCA_019915265.1_spacer_39	virome_phage_748	94.444	18	1	0	16	33	52709	52692	0.94	26.9
Bacillus_GCA_019915265.1_spacer_39	virome_phage_734	94.737	19	1	0	14	32	216211	216193	0.31	28.5
Bacillus_GCA_019915265.1_spacer_39	virome_phage_810	80.769	26	5	0	5	30	21542	21567	0.94	26.9
Bacillus_GCA_019915265.1_spacer_39	virome_phage_767	86.364	22	3	0	13	34	3468	3489	0.94	26.9
Bacillus_GCA_019915265.1_spacer_39	total_phage_743	90.000	20	2	0	15	34	1676	1695	0.94	26.9
Bacillus_GCA_019915265.1_spacer_39	total_phage_368	78.571	28	6	0	7	34	3090	3117	0.94	26.9
Bacillus_GCA_019915265.1_spacer_39	virome_phage_742	90.000	20	2	0	15	34	60637	60618	0.94	26.9
Bacillus_GCA_019915265.1_spacer_39	virome_phage_2380	90.000	20	2	0	14	33	10550	10531	0.94	26.9
Bacillus_GCA_019915265.1_spacer_39	total_phage_488	90.000	20	2	0	15	34	6960	6941	0.94	26.9
Bacillus_GCA_019915265.1_spacer_39	total_phage_462	90.000	20	2	0	15	34	5521	5502	0.94	26.9
Bacillus_GCA_019915265.1_spacer_40	virome_phage_742	82.143	28	5	0	3	30	60212	60185	0.10	30.1
Bacillus_GCA_019915265.1_spacer_40	virome_phage_997	86.364	22	3	0	6	27	13185	13164	0.94	26.9
Bacillus_GCA_019915265.1_spacer_40	virome_phage_780	83.333	24	4	0	3	26	27588	27611	0.94	26.9
Bacillus_GCA_019915265.1_spacer_40	virome_phage_745	80.769	26	5	0	6	31	6714	6689	0.94	26.9
Bacillus_GCA_019915265.1_spacer_40	virome_phage_177	78.571	28	6	0	3	30	14917	14944	0.94	26.9
Bacillus_GCA_019915265.1_spacer_40	total_phage_927	80.769	26	5	0	6	31	64954	64929	0.94	26.9
Bacillus_GCA_019915265.1_spacer_40	total_phage_729	80.769	26	5	0	5	30	57958	57933	0.94	26.9
Bacillus_GCA_019915265.1_spacer_42	total_phage_113	86.364	22	3	0	10	31	3431	3452	0.76	26.9
Bacillus_GCA_019915265.1_spacer_43	virome_phage_2269	95.000	20	1	0	9	28	312551	312570	0.10	30.1
Bacillus_GCA_019915265.1_spacer_43	virome_phage_2269	100.000	16	0	0	15	30	125032	125047	0.94	26.9
Bacillus_GCA_019915265.1_spacer_43	total_phage_413	81.481	27	5	0	4	30	136305	136331	0.31	28.5
Bacillus_GCA_019915265.1_spacer_43	virome_phage_15	81.481	27	5	0	5	31	26263	26237	0.31	28.5
Bacillus_GCA_019915265.1_spacer_43	virome_phage_22	94.444	18	1	0	1	18	44115	44132	0.94	26.9
Bacillus_GCA_019915265.1_spacer_43	virome_phage_16	94.444	18	1	0	17	34	28591	28608	0.94	26.9
Bacillus_GCA_019915265.1_spacer_43	total_phage_729	100.000	16	0	0	12	27	82849	82864	0.94	26.9
Bacillus_GCA_019915265.1_spacer_43	virome_phage_25	83.333	24	4	0	8	31	54062	54039	0.94	26.9
Bacillus_GCA_019915265.1_spacer_43	virome_phage_2280	76.667	30	7	0	5	34	49554	49525	0.94	26.9
Bacillus_GCA_019915265.1_spacer_43	virome_phage_142	86.364	22	3	0	3	24	11102	11081	0.94	26.9
Bacillus_GCA_019915265.1_spacer_43	total_phage_934	80.769	26	5	0	5	30	1396	1371	0.94	26.9
Bacillus_GCA_019915265.1_spacer_43	total_phage_807	94.444	18	1	0	6	23	3675	3658	0.94	26.9
Bacillus_GCA_019915265.1_spacer_44	virome_phage_852	100.000	17	0	0	13	29	5625	5609	0.31	28.5
Bacillus_GCA_019915265.1_spacer_44	virome_phage_3	86.364	22	3	0	1	22	62348	62369	0.94	26.9
Bacillus_GCA_019915265.1_spacer_44	virome_phage_780	80.769	26	5	0	9	34	19125	19100	0.94	26.9
Bacillus_GCA_019915265.1_spacer_44	virome_phage_37	83.333	24	4	0	5	28	47958	47935	0.94	26.9
Bacillus_GCA_019915265.1_spacer_44	virome_phage_2294	75.000	32	8	0	3	34	24307	24276	0.94	26.9
Bacillus_GCA_019915265.1_spacer_45	virome_phage_2300	82.143	28	5	0	1	28	8257	8230	0.13	30.1
Bacillus_GCA_019915265.1_spacer_45	virome_phage_33	77.419	31	7	0	3	33	3745	3715	0.38	28.5
Bacillus_GCA_019915265.1_spacer_46	virome_phage_746	81.481	27	5	0	8	34	20699	20673	0.38	28.5
Bacillus_GCA_019915265.1_spacer_46	total_phage_737	94.737	19	1	0	1	19	12527	12509	0.38	28.5
Bacillus_GCA_019915265.1_spacer_47	total_phage_638	80.645	31	6	0	1	31	22007	22037	0.028	31.7
Bacillus_GCA_019915265.1_spacer_47	virome_phage_822	90.909	22	2	0	7	28	27627	27648	0.084	30.1
Bacillus_GCA_019915265.1_spacer_47	virome_phage_2320	90.909	22	2	0	7	28	27594	27615	0.084	30.1
Bacillus_GCA_019915265.1_spacer_47	virome_phage_979	75.758	33	8	0	1	33	5022	4990	0.25	28.5
Bacillus_GCA_019915265.1_spacer_47	virome_phage_813	86.957	23	3	0	11	33	13174	13152	0.25	28.5
Bacillus_GCA_019915265.1_spacer_47	virome_phage_79	81.481	27	5	0	7	33	25627	25653	0.25	28.5
Bacillus_GCA_019915265.1_spacer_47	virome_phage_764	77.419	31	7	0	2	32	39894	39924	0.25	28.5
Bacillus_GCA_019915265.1_spacer_47	virome_phage_2288	81.481	27	5	0	7	33	6674	6648	0.25	28.5
Bacillus_GCA_019915265.1_spacer_47	virome_phage_10	75.758	33	8	0	1	33	102387	102355	0.25	28.5
Bacillus_GCA_019915265.1_spacer_47	total_phage_358	86.957	23	3	0	2	24	17430	17452	0.25	28.5
Bacillus_GCA_019915265.1_spacer_47	total_phage_247	90.476	21	2	0	13	33	22061	22041	0.25	28.5
Bacillus_GCA_019915265.1_spacer_47	virome_phage_785	78.571	28	6	0	4	31	29605	29632	0.76	26.9
Bacillus_GCA_019915265.1_spacer_47	virome_phage_750	80.769	26	5	0	5	30	56069	56094	0.76	26.9
Bacillus_GCA_019915265.1_spacer_47	virome_phage_747	80.769	26	5	0	3	28	24387	24362	0.76	26.9
Bacillus_GCA_019915265.1_spacer_47	virome_phage_739	75.000	32	8	0	1	32	20894	20925	0.76	26.9
Bacillus_GCA_019915265.1_spacer_47	virome_phage_32	83.333	24	4	0	1	24	37265	37288	0.76	26.9
Bacillus_GCA_019915265.1_spacer_47	virome_phage_2274	86.364	22	3	0	7	28	9639	9618	0.76	26.9
Bacillus_GCA_019915265.1_spacer_47	virome_phage_2269	76.667	30	7	0	2	31	69730	69759	0.76	26.9
Bacillus_GCA_019915265.1_spacer_47	total_phage_800	75.000	32	8	0	1	32	25901	25932	0.76	26.9
Bacillus_GCA_019915265.1_spacer_47	total_phage_727	76.667	30	7	0	4	33	17005	16976	0.76	26.9
Bacillus_GCA_019915265.1_spacer_47	total_phage_518	76.667	30	7	0	4	33	29215	29186	0.76	26.9
Bacillus_GCA_019915265.1_spacer_48	virome_phage_835	87.500	24	3	0	4	27	9830	9807	0.084	30.1
Bacillus_GCA_019915265.1_spacer_48	total_phage_443	87.500	24	3	0	8	31	3193	3170	0.084	30.1
Bacillus_GCA_019915265.1_spacer_48	virome_phage_4	76.667	30	7	0	1	30	48990	48961	0.76	26.9
Bacillus_GCA_019915265.1_spacer_48	virome_phage_2254	94.444	18	1	0	9	26	87732	87715	0.76	26.9
Bacillus_GCA_019915265.1_spacer_48	virome_phage_2238	94.444	18	1	0	9	26	69248	69231	0.76	26.9
Bacillus_GCA_019915265.1_spacer_48	total_phage_370	76.667	30	7	0	4	33	16599	16570	0.76	26.9
Bacillus_GCA_019915265.1_spacer_48	virome_phage_839	86.364	22	3	0	4	25	10457	10478	0.76	26.9
Bacillus_GCA_019915265.1_spacer_48	virome_phage_820	100.000	16	0	0	7	22	8870	8885	0.76	26.9
Bacillus_GCA_019915265.1_spacer_48	virome_phage_748	90.000	20	2	0	14	33	32041	32060	0.76	26.9
Bacillus_GCA_019915265.1_spacer_48	virome_phage_745	78.571	28	6	0	1	28	64946	64973	0.76	26.9
Bacillus_GCA_019915265.1_spacer_48	virome_phage_738	76.667	30	7	0	1	30	47587	47616	0.76	26.9
Bacillus_GCA_019915265.1_spacer_48	total_phage_783	76.667	30	7	0	1	30	33180	33209	0.76	26.9
Bacillus_GCA_019915265.1_spacer_48	total_phage_500	94.444	18	1	0	9	26	38709	38726	0.76	26.9
Bacillus_GCA_019915265.1_spacer_50	virome_phage_939	88.462	26	3	0	9	34	12696	12721	0.014	33.3
Bacillus_GCA_019915265.1_spacer_50	virome_phage_2914	90.909	22	2	0	1	22	1827	1806	0.13	30.1
Bacillus_GCA_019915265.1_spacer_50	virome_phage_2272	100.000	18	0	0	2	19	54340	54323	0.13	30.1
Bacillus_GCA_019915265.1_spacer_50	virome_phage_742	84.000	25	4	0	8	32	77964	77940	0.38	28.5
Bacillus_GCA_019915265.1_spacer_50	virome_phage_280	79.310	29	6	0	7	35	10609	10637	0.38	28.5
Bacillus_GCA_019915265.1_spacer_50	virome_phage_2496	79.310	29	6	0	7	35	10721	10749	0.38	28.5
Bacillus_GCA_019915265.1_spacer_50	total_phage_664	84.000	25	4	0	2	26	19720	19696	0.38	28.5
Bacillus_GCA_019915265.1_spacer_51	virome_phage_792	75.758	33	8	0	2	34	8943	8911	0.38	28.5
Bacillus_GCA_019915265.1_spacer_52	virome_phage_7	88.462	26	3	0	8	33	108540	108515	0.012	33.3
Bacillus_GCA_019915265.1_spacer_52	virome_phage_7	82.143	28	5	0	1	28	73478	73451	0.10	30.1
Bacillus_GCA_019915265.1_spacer_52	total_phage_231	87.500	24	3	0	10	33	46442	46419	0.10	30.1
Bacillus_GCA_019915265.1_spacer_52	total_phage_231	83.333	24	4	0	10	33	9010	8987	0.94	26.9
Bacillus_GCA_019915265.1_spacer_52	virome_phage_914	90.476	21	2	0	13	33	6344	6324	0.31	28.5
Bacillus_GCA_019915265.1_spacer_52	virome_phage_2272	84.000	25	4	0	7	31	22939	22915	0.31	28.5
Bacillus_GCA_019915265.1_spacer_52	total_phage_361	77.419	31	7	0	3	33	35649	35619	0.31	28.5
Bacillus_GCA_019915265.1_spacer_52	virome_phage_2280	90.476	21	2	0	5	25	34968	34988	0.31	28.5
Bacillus_GCA_019915265.1_spacer_52	total_phage_791	77.419	31	7	0	3	33	4039	4069	0.31	28.5
Bacillus_GCA_019915265.1_spacer_52	virome_phage_2254	100.000	16	0	0	11	26	38799	38784	0.94	26.9
Bacillus_GCA_019915265.1_spacer_52	virome_phage_2238	100.000	16	0	0	11	26	20313	20298	0.94	26.9
Bacillus_GCA_019915265.1_spacer_52	virome_phage_15	86.364	22	3	0	10	31	79923	79902	0.94	26.9
Bacillus_GCA_019915265.1_spacer_52	virome_phage_1117	78.571	28	6	0	2	29	41	14	0.94	26.9
Bacillus_GCA_019915265.1_spacer_52	virome_phage_1117	78.571	28	6	0	2	29	12288	12261	0.94	26.9
Bacillus_GCA_019915265.1_spacer_52	total_phage_92	90.000	20	2	0	13	32	7888	7869	0.94	26.9
Bacillus_GCA_019915265.1_spacer_52	total_phage_443	90.000	20	2	0	5	24	9271	9252	0.94	26.9
Bacillus_GCA_019915265.1_spacer_52	total_phage_417	94.444	18	1	0	11	28	13161	13144	0.94	26.9
Bacillus_GCA_019915265.1_spacer_52	total_phage_360	83.333	24	4	0	3	26	33799	33776	0.94	26.9
Bacillus_GCA_019915265.1_spacer_52	total_phage_307	86.364	22	3	0	7	28	10094	10073	0.94	26.9
Bacillus_GCA_019915265.1_spacer_52	total_phage_232	94.444	18	1	0	8	25	40994	40977	0.94	26.9
Bacillus_GCA_019915265.1_spacer_52	virome_phage_817	86.364	22	3	0	8	29	28220	28241	0.94	26.9
Bacillus_GCA_019915265.1_spacer_52	virome_phage_280	86.364	22	3	0	12	33	1255	1276	0.94	26.9
Bacillus_GCA_019915265.1_spacer_52	virome_phage_2407	86.364	22	3	0	9	30	6775	6796	0.94	26.9
Bacillus_GCA_019915265.1_spacer_52	virome_phage_2292	86.364	22	3	0	6	27	33692	33713	0.94	26.9
Bacillus_GCA_019915265.1_spacer_52	virome_phage_2263	86.364	22	3	0	12	33	1149	1170	0.94	26.9
Bacillus_GCA_019915265.1_spacer_52	total_phage_738	83.333	24	4	0	3	26	3957	3980	0.94	26.9
Bacillus_GCA_019915265.1_spacer_52	total_phage_729	90.000	20	2	0	13	32	147932	147951	0.94	26.9
Bacillus_GCA_019915265.1_spacer_52	total_phage_611	86.364	22	3	0	12	33	1323	1344	0.94	26.9
Bacillus_GCA_019915265.1_spacer_52	total_phage_524	90.000	20	2	0	5	24	3427	3446	0.94	26.9
Bacillus_GCA_019915265.1_spacer_52	total_phage_479	80.769	26	5	0	7	32	13652	13677	0.94	26.9
Bacillus_GCA_019915265.1_spacer_52	total_phage_114	100.000	16	0	0	11	26	38372	38387	0.94	26.9
Bacillus_GCA_019915265.1_spacer_52	total_phage_114	90.000	20	2	0	14	33	38495	38514	0.94	26.9
Bacillus_GCA_019915265.1_spacer_53	virome_phage_69	82.143	28	5	0	5	32	34314	34341	0.10	30.1
Bacillus_GCA_019915265.1_spacer_53	virome_phage_789	80.769	26	5	0	6	31	11662	11637	0.94	26.9
Bacillus_GCA_019915265.1_spacer_53	total_phage_733	94.444	18	1	0	15	32	34352	34335	0.94	26.9
Bacillus_GCA_019915265.1_spacer_53	total_phage_242	94.444	18	1	0	15	32	840	823	0.94	26.9
Bacillus_GCA_019915265.1_spacer_55	virome_phage_856	88.000	25	3	0	8	32	9305	9329	0.035	31.7
Bacillus_GCA_019915265.1_spacer_55	virome_phage_839	86.957	23	3	0	3	25	709	687	0.31	28.5
Bacillus_GCA_019915265.1_spacer_55	virome_phage_884	90.000	20	2	0	3	22	13425	13406	0.94	26.9
Bacillus_GCA_019915265.1_spacer_55	virome_phage_867	75.000	32	8	0	3	34	24187	24218	0.94	26.9
Bacillus_GCA_019915265.1_spacer_55	virome_phage_843	80.769	26	5	0	1	26	511	536	0.94	26.9
Bacillus_GCA_019915265.1_spacer_55	virome_phage_824	86.364	22	3	0	8	29	21736	21715	0.94	26.9
Bacillus_GCA_019915265.1_spacer_55	virome_phage_82	90.000	20	2	0	3	22	10387	10368	0.94	26.9
Bacillus_GCA_019915265.1_spacer_55	virome_phage_759	90.000	20	2	0	3	22	24600	24619	0.94	26.9
Bacillus_GCA_019915265.1_spacer_55	virome_phage_736	86.364	22	3	0	9	30	173431	173452	0.94	26.9
Bacillus_GCA_019915265.1_spacer_55	virome_phage_735	86.364	22	3	0	4	25	125879	125900	0.94	26.9
Bacillus_GCA_019915265.1_spacer_55	virome_phage_4	75.000	32	8	0	2	33	68215	68246	0.94	26.9
Bacillus_GCA_019915265.1_spacer_55	virome_phage_2322	94.444	18	1	0	3	20	23093	23076	0.94	26.9
Bacillus_GCA_019915265.1_spacer_55	virome_phage_1217	80.769	26	5	0	1	26	8296	8271	0.94	26.9
Bacillus_GCA_019915265.1_spacer_55	total_phage_925	90.000	20	2	0	6	25	25214	25195	0.94	26.9
Bacillus_GCA_019915265.1_spacer_55	total_phage_1	83.333	24	4	0	8	31	12282	12259	0.94	26.9
Bacillus_GCA_019915265.1_spacer_56	virome_phage_770	84.000	25	4	0	10	34	26975	26951	0.38	28.5
Bacillus_GCA_019915265.1_spacer_57	virome_phage_7	88.000	25	3	0	5	29	68622	68598	0.035	31.7
Bacillus_GCA_019915265.1_spacer_57	virome_phage_7	81.481	27	5	0	7	33	117634	117660	0.31	28.5
Bacillus_GCA_019915265.1_spacer_57	virome_phage_7	75.000	32	8	0	3	34	6734	6765	0.94	26.9
Bacillus_GCA_019915265.1_spacer_57	virome_phage_2314	85.185	27	4	0	7	33	18705	18731	0.035	31.7
Bacillus_GCA_019915265.1_spacer_57	total_phage_362	91.304	23	2	0	12	34	14048	14070	0.035	31.7
Bacillus_GCA_019915265.1_spacer_57	virome_phage_817	84.615	26	4	0	9	34	8283	8258	0.10	30.1
Bacillus_GCA_019915265.1_spacer_57	virome_phage_280	82.143	28	5	0	5	32	10518	10491	0.10	30.1
Bacillus_GCA_019915265.1_spacer_57	virome_phage_2496	82.143	28	5	0	5	32	10630	10603	0.10	30.1
Bacillus_GCA_019915265.1_spacer_57	virome_phage_2263	82.143	28	5	0	5	32	10412	10385	0.10	30.1
Bacillus_GCA_019915265.1_spacer_57	total_phage_244	86.957	23	3	0	12	34	9326	9304	0.31	28.5
Bacillus_GCA_019915265.1_spacer_57	total_phage_102	86.957	23	3	0	12	34	19704	19682	0.31	28.5
Bacillus_GCA_019915265.1_spacer_57	virome_phage_908	83.333	24	4	0	5	28	8705	8682	0.94	26.9
Bacillus_GCA_019915265.1_spacer_57	virome_phage_815	83.333	24	4	0	9	32	34171	34194	0.94	26.9
Bacillus_GCA_019915265.1_spacer_57	virome_phage_8	94.444	18	1	0	8	25	378	361	0.94	26.9
Bacillus_GCA_019915265.1_spacer_57	virome_phage_750	86.364	22	3	0	3	24	32990	33011	0.94	26.9
Bacillus_GCA_019915265.1_spacer_57	virome_phage_745	83.333	24	4	0	1	24	3695	3672	0.94	26.9
Bacillus_GCA_019915265.1_spacer_57	virome_phage_735	86.364	22	3	0	3	24	127108	127087	0.94	26.9
Bacillus_GCA_019915265.1_spacer_57	virome_phage_734	86.364	22	3	0	12	33	117683	117662	0.94	26.9
Bacillus_GCA_019915265.1_spacer_57	virome_phage_734	90.000	20	2	0	5	24	271183	271164	0.94	26.9
Bacillus_GCA_019915265.1_spacer_57	virome_phage_734	90.000	20	2	0	5	24	327020	327001	0.94	26.9
Bacillus_GCA_019915265.1_spacer_57	virome_phage_15	78.571	28	6	0	7	34	15960	15933	0.94	26.9
Bacillus_GCA_019915265.1_spacer_57	total_phage_789	83.333	24	4	0	11	34	1021	1044	0.94	26.9
Bacillus_GCA_019915265.1_spacer_57	total_phage_739	94.444	18	1	0	5	22	11105	11088	0.94	26.9
Bacillus_GCA_019915265.1_spacer_57	total_phage_733	86.364	22	3	0	8	29	15694	15715	0.94	26.9
Bacillus_GCA_019915265.1_spacer_57	total_phage_730	86.364	22	3	0	10	31	109368	109389	0.94	26.9
Bacillus_GCA_019915265.1_spacer_57	total_phage_729	76.667	30	7	0	5	34	118469	118440	0.94	26.9
Bacillus_GCA_019915265.1_spacer_57	total_phage_729	86.364	22	3	0	10	31	155170	155149	0.94	26.9
Bacillus_GCA_019915265.1_spacer_57	total_phage_416	76.667	30	7	0	5	34	38682	38653	0.94	26.9
Bacillus_GCA_019915265.1_spacer_57	total_phage_415	86.364	22	3	0	4	25	26720	26699	0.94	26.9
Bacillus_GCA_019915265.1_spacer_57	total_phage_4	94.444	18	1	0	5	22	5253	5236	0.94	26.9
Bacillus_GCA_019915265.1_spacer_57	total_phage_4	86.364	22	3	0	4	25	22432	22411	0.94	26.9
Bacillus_GCA_019915265.1_spacer_57	total_phage_368	86.364	22	3	0	4	25	16307	16328	0.94	26.9
Bacillus_GCA_019915265.1_spacer_57	total_phage_121	94.444	18	1	0	7	24	17711	17728	0.94	26.9
Bacillus_GCA_019915265.1_spacer_57	total_phage_111	83.333	24	4	0	9	32	37074	37097	0.94	26.9
Bacillus_GCA_019915265.1_spacer_57	total_phage_111	83.333	24	4	0	9	32	77316	77339	0.94	26.9
Bacillus_GCA_019915265.1_spacer_58	virome_phage_2275	85.185	27	4	0	7	33	66567	66541	0.042	31.7
Bacillus_GCA_019915265.1_spacer_58	virome_phage_1849	100.000	18	0	0	2	19	5530	5547	0.13	30.1
Bacillus_GCA_019915265.1_spacer_58	virome_phage_776	81.481	27	5	0	9	35	22802	22828	0.38	28.5
Bacillus_GCA_019915265.1_spacer_58	virome_phage_5	94.737	19	1	0	2	20	99524	99542	0.38	28.5
Bacillus_GCA_019915265.1_spacer_58	virome_phage_2496	90.476	21	2	0	1	21	11121	11141	0.38	28.5
Bacillus_GCA_019915265.1_spacer_58	virome_phage_2254	86.957	23	3	0	2	24	59136	59114	0.38	28.5
Bacillus_GCA_019915265.1_spacer_58	virome_phage_2238	86.957	23	3	0	2	24	40650	40628	0.38	28.5
Bacillus_GCA_019915265.1_spacer_58	total_phage_658	84.000	25	4	0	9	33	51980	51956	0.38	28.5
Bacillus_GCA_019915265.1_spacer_58	total_phage_500	86.957	23	3	0	2	24	67307	67329	0.38	28.5
Bacillus_GCA_019915265.1_spacer_58	total_phage_232	86.957	23	3	0	3	25	57074	57052	0.38	28.5
Bacillus_GCA_019915265.1_spacer_59	virome_phage_2359	94.444	18	1	0	15	32	6416	6433	0.94	26.9
Bacillus_GCA_019915265.1_spacer_59	total_phage_793	80.769	26	5	0	6	31	5760	5735	0.94	26.9
Bacillus_GCA_019915265.1_spacer_60	virome_phage_183	95.000	20	1	0	13	32	6173	6154	0.10	30.1
Bacillus_GCA_019915265.1_spacer_60	virome_phage_18	84.615	26	4	0	9	34	15563	15538	0.10	30.1
Bacillus_GCA_019915265.1_spacer_60	total_phage_231	90.909	22	2	0	8	29	51361	51340	0.10	30.1
Bacillus_GCA_019915265.1_spacer_60	virome_phage_859	86.957	23	3	0	12	34	12553	12575	0.31	28.5
Bacillus_GCA_019915265.1_spacer_60	virome_phage_8	81.481	27	5	0	6	32	113119	113145	0.31	28.5
Bacillus_GCA_019915265.1_spacer_60	virome_phage_8	78.571	28	6	0	6	33	54502	54475	0.94	26.9
Bacillus_GCA_019915265.1_spacer_60	virome_phage_79	94.737	19	1	0	11	29	32450	32432	0.31	28.5
Bacillus_GCA_019915265.1_spacer_60	virome_phage_747	84.000	25	4	0	9	33	46799	46775	0.31	28.5
Bacillus_GCA_019915265.1_spacer_60	virome_phage_33	81.481	27	5	0	6	32	50215	50189	0.31	28.5
Bacillus_GCA_019915265.1_spacer_60	total_phage_785	86.957	23	3	0	7	29	10806	10784	0.31	28.5
Bacillus_GCA_019915265.1_spacer_60	total_phage_413	94.737	19	1	0	14	32	1553	1535	0.31	28.5
Bacillus_GCA_019915265.1_spacer_60	total_phage_308	86.957	23	3	0	7	29	14548	14526	0.31	28.5
Bacillus_GCA_019915265.1_spacer_60	total_phage_233	86.957	23	3	0	7	29	54753	54731	0.31	28.5
Bacillus_GCA_019915265.1_spacer_60	virome_phage_9	80.769	26	5	0	7	32	63737	63712	0.94	26.9
Bacillus_GCA_019915265.1_spacer_60	virome_phage_785	100.000	16	0	0	11	26	19561	19546	0.94	26.9
Bacillus_GCA_019915265.1_spacer_60	virome_phage_776	80.769	26	5	0	7	32	27546	27521	0.94	26.9
Bacillus_GCA_019915265.1_spacer_60	virome_phage_771	78.571	28	6	0	7	34	36743	36770	0.94	26.9
Bacillus_GCA_019915265.1_spacer_60	virome_phage_750	80.769	26	5	0	7	32	58769	58744	0.94	26.9
Bacillus_GCA_019915265.1_spacer_60	virome_phage_742	83.333	24	4	0	8	31	91926	91949	0.94	26.9
Bacillus_GCA_019915265.1_spacer_60	virome_phage_738	83.333	24	4	0	7	30	88753	88730	0.94	26.9
Bacillus_GCA_019915265.1_spacer_60	virome_phage_738	86.364	22	3	0	7	28	91368	91347	0.94	26.9
Bacillus_GCA_019915265.1_spacer_60	virome_phage_738	86.364	22	3	0	10	31	94651	94630	0.94	26.9
Bacillus_GCA_019915265.1_spacer_60	virome_phage_4	86.364	22	3	0	7	28	2602	2623	0.94	26.9
Bacillus_GCA_019915265.1_spacer_60	virome_phage_4	83.333	24	4	0	7	30	6516	6539	0.94	26.9
Bacillus_GCA_019915265.1_spacer_60	virome_phage_2335	100.000	16	0	0	11	26	11839	11824	0.94	26.9
Bacillus_GCA_019915265.1_spacer_60	virome_phage_2275	80.769	26	5	0	8	33	11312	11287	0.94	26.9
Bacillus_GCA_019915265.1_spacer_60	virome_phage_2239	80.769	26	5	0	7	32	26771	26796	0.94	26.9
Bacillus_GCA_019915265.1_spacer_60	virome_phage_189	90.000	20	2	0	12	31	8706	8725	0.94	26.9
Bacillus_GCA_019915265.1_spacer_60	virome_phage_115	78.571	28	6	0	7	34	20447	20474	0.94	26.9
Bacillus_GCA_019915265.1_spacer_60	total_phage_934	86.364	22	3	0	10	31	33458	33479	0.94	26.9
Bacillus_GCA_019915265.1_spacer_60	total_phage_791	76.667	30	7	0	1	30	20562	20533	0.94	26.9
Bacillus_GCA_019915265.1_spacer_60	total_phage_731	76.667	30	7	0	1	30	113554	113525	0.94	26.9
Bacillus_GCA_019915265.1_spacer_60	total_phage_636	86.364	22	3	0	7	28	20131	20152	0.94	26.9
Bacillus_GCA_019915265.1_spacer_60	total_phage_501	80.769	26	5	0	7	32	874	849	0.94	26.9
Bacillus_GCA_019915265.1_spacer_60	total_phage_454	80.769	26	5	0	7	32	20797	20822	0.94	26.9
Bacillus_GCA_019915265.1_spacer_60	total_phage_361	76.667	30	7	0	1	30	21596	21625	0.94	26.9
Bacillus_GCA_019915265.1_spacer_61	virome_phage_772	100.000	16	0	0	5	20	45360	45375	0.94	26.9
Bacillus_GCA_019915265.1_spacer_61	virome_phage_23	76.667	30	7	0	4	33	7427	7456	0.94	26.9
Bacillus_GCA_019915265.1_spacer_61	total_phage_927	90.000	20	2	0	12	31	157678	157659	0.94	26.9
Bacillus_GCA_019915265.1_spacer_61	total_phage_638	83.333	24	4	0	1	24	1762	1785	0.94	26.9
Bacillus_GCA_019915265.1_spacer_62	virome_phage_844	86.957	23	3	0	11	33	12643	12665	0.38	28.5
Bacillus_GCA_019915265.1_spacer_62	virome_phage_2254	81.481	27	5	0	9	35	4705	4731	0.38	28.5
Bacillus_GCA_019915265.1_spacer_62	virome_phage_1109	81.481	27	5	0	3	29	286	312	0.38	28.5
Bacillus_GCA_019915265.1_spacer_64	virome_phage_843	78.125	32	7	0	2	33	13798	13829	0.10	30.1
Bacillus_GCA_019915265.1_spacer_64	virome_phage_7	84.615	26	4	0	1	26	5227	5252	0.10	30.1
Bacillus_GCA_019915265.1_spacer_64	virome_phage_2296	84.000	25	4	0	5	29	19353	19329	0.31	28.5
Bacillus_GCA_019915265.1_spacer_64	total_phage_692	94.737	19	1	0	15	33	1113	1095	0.31	28.5
Bacillus_GCA_019915265.1_spacer_64	total_phage_658	94.737	19	1	0	15	33	44789	44807	0.31	28.5
Bacillus_GCA_019915265.1_spacer_64	virome_phage_949	100.000	16	0	0	5	20	2977	2962	0.94	26.9
Bacillus_GCA_019915265.1_spacer_64	virome_phage_890	90.000	20	2	0	15	34	21241	21222	0.94	26.9
Bacillus_GCA_019915265.1_spacer_64	virome_phage_749	78.571	28	6	0	2	29	6659	6686	0.94	26.9
Bacillus_GCA_019915265.1_spacer_64	virome_phage_742	78.571	28	6	0	7	34	42411	42438	0.94	26.9
Bacillus_GCA_019915265.1_spacer_64	virome_phage_734	83.333	24	4	0	8	31	163682	163659	0.94	26.9
Bacillus_GCA_019915265.1_spacer_64	virome_phage_734	76.667	30	7	0	2	31	284884	284855	0.94	26.9
Bacillus_GCA_019915265.1_spacer_64	virome_phage_69	76.667	30	7	0	2	31	32379	32408	0.94	26.9
Bacillus_GCA_019915265.1_spacer_64	virome_phage_65	90.000	20	2	0	15	34	19221	19240	0.94	26.9
Bacillus_GCA_019915265.1_spacer_64	virome_phage_2407	80.769	26	5	0	3	28	13712	13737	0.94	26.9
Bacillus_GCA_019915265.1_spacer_64	virome_phage_2388	100.000	16	0	0	5	20	2850	2835	0.94	26.9
Bacillus_GCA_019915265.1_spacer_64	virome_phage_2286	78.571	28	6	0	3	30	18986	18959	0.94	26.9
Bacillus_GCA_019915265.1_spacer_64	virome_phage_2272	75.000	32	8	0	3	34	76262	76293	0.94	26.9
Bacillus_GCA_019915265.1_spacer_64	virome_phage_189	78.571	28	6	0	7	34	7893	7866	0.94	26.9
Bacillus_GCA_019915265.1_spacer_64	virome_phage_14	76.667	30	7	0	4	33	55104	55133	0.94	26.9
Bacillus_GCA_019915265.1_spacer_64	total_phage_92	78.571	28	6	0	4	31	40742	40769	0.94	26.9
Bacillus_GCA_019915265.1_spacer_64	total_phage_92	80.769	26	5	0	7	32	84552	84527	0.94	26.9
Bacillus_GCA_019915265.1_spacer_64	total_phage_783	78.571	28	6	0	6	33	33080	33107	0.94	26.9
Bacillus_GCA_019915265.1_spacer_64	total_phage_653	78.571	28	6	0	2	29	36329	36356	0.94	26.9
Bacillus_GCA_019915265.1_spacer_64	total_phage_604	78.571	28	6	0	2	29	14270	14243	0.94	26.9
Bacillus_GCA_019915265.1_spacer_64	total_phage_525	78.571	28	6	0	2	29	3577	3550	0.94	26.9
Bacillus_GCA_019915265.1_spacer_64	total_phage_232	86.364	22	3	0	13	34	27827	27848	0.94	26.9
Bacillus_GCA_019915265.1_spacer_66	virome_phage_2322	82.143	28	5	0	9	36	25911	25938	0.13	30.1
Bacillus_GCA_019915265.1_spacer_67	virome_phage_739	95.000	20	1	0	15	34	123012	122993	0.10	30.1
Bacillus_GCA_019915265.1_spacer_67	virome_phage_850	82.143	28	5	0	6	33	2589	2616	0.10	30.1
Bacillus_GCA_019915265.1_spacer_67	total_phage_246	82.143	28	5	0	6	33	21581	21608	0.10	30.1
Bacillus_GCA_019915265.1_spacer_67	total_phage_793	100.000	17	0	0	14	30	37523	37507	0.31	28.5
Bacillus_GCA_019915265.1_spacer_67	virome_phage_36	81.481	27	5	0	1	27	43720	43746	0.31	28.5
Bacillus_GCA_019915265.1_spacer_67	total_phage_735	81.481	27	5	0	3	29	12542	12568	0.31	28.5
Bacillus_GCA_019915265.1_spacer_67	total_phage_175	100.000	17	0	0	14	30	7654	7670	0.31	28.5
Bacillus_GCA_019915265.1_spacer_67	virome_phage_855	86.364	22	3	0	13	34	22099	22078	0.94	26.9
Bacillus_GCA_019915265.1_spacer_67	virome_phage_738	90.000	20	2	0	14	33	1690	1671	0.94	26.9
Bacillus_GCA_019915265.1_spacer_67	virome_phage_2359	86.364	22	3	0	1	22	16098	16077	0.94	26.9
Bacillus_GCA_019915265.1_spacer_67	virome_phage_2288	86.364	22	3	0	8	29	46747	46726	0.94	26.9
Bacillus_GCA_019915265.1_spacer_67	total_phage_413	80.769	26	5	0	3	28	103438	103413	0.94	26.9
Bacillus_GCA_019915265.1_spacer_67	total_phage_117	73.529	34	9	0	1	34	14616	14583	0.94	26.9
Bacillus_GCA_019915265.1_spacer_67	virome_phage_835	80.769	26	5	0	7	32	528	553	0.94	26.9
Bacillus_GCA_019915265.1_spacer_67	virome_phage_734	76.667	30	7	0	1	30	139545	139574	0.94	26.9
Bacillus_GCA_019915265.1_spacer_67	virome_phage_7	83.333	24	4	0	3	26	70443	70466	0.94	26.9
Bacillus_GCA_019915265.1_spacer_67	virome_phage_62	78.571	28	6	0	7	34	24922	24949	0.94	26.9
Bacillus_GCA_019915265.1_spacer_67	virome_phage_4	90.000	20	2	0	14	33	96889	96908	0.94	26.9
Bacillus_GCA_019915265.1_spacer_67	total_phage_299	83.333	24	4	0	1	24	4783	4806	0.94	26.9
Bacillus_GCA_019915265.1_spacer_67	total_phage_294	90.000	20	2	0	4	23	25387	25406	0.94	26.9
Bacillus_GCA_019915265.1_spacer_68	virome_phage_7	79.310	29	6	0	1	29	88700	88728	0.38	28.5
Bacillus_GCA_019915265.1_spacer_68	virome_phage_2322	81.481	27	5	0	1	27	34168	34142	0.38	28.5
Bacillus_GCA_019915265.1_spacer_68	virome_phage_2280	79.310	29	6	0	3	31	1669	1641	0.38	28.5
Bacillus_GCA_019915265.1_spacer_69	total_phage_500	88.000	25	3	0	1	25	30509	30485	0.035	31.7
Bacillus_GCA_019915265.1_spacer_69	virome_phage_2254	88.000	25	3	0	1	25	95924	95948	0.035	31.7
Bacillus_GCA_019915265.1_spacer_69	virome_phage_2238	88.000	25	3	0	1	25	77448	77472	0.035	31.7
Bacillus_GCA_019915265.1_spacer_69	virome_phage_884	87.500	24	3	0	11	34	14339	14316	0.10	30.1
Bacillus_GCA_019915265.1_spacer_69	total_phage_413	84.000	25	4	0	1	25	30618	30594	0.31	28.5
Bacillus_GCA_019915265.1_spacer_69	total_phage_0	94.737	19	1	0	7	25	27744	27726	0.31	28.5
Bacillus_GCA_019915265.1_spacer_69	virome_phage_749	84.000	25	4	0	3	27	48057	48081	0.31	28.5
Bacillus_GCA_019915265.1_spacer_69	virome_phage_8	75.000	32	8	0	3	34	89657	89626	0.94	26.9
Bacillus_GCA_019915265.1_spacer_69	virome_phage_744	83.333	24	4	0	11	34	69199	69176	0.94	26.9
Bacillus_GCA_019915265.1_spacer_69	virome_phage_851	86.364	22	3	0	6	27	16598	16619	0.94	26.9
Bacillus_GCA_019915265.1_spacer_69	virome_phage_734	86.364	22	3	0	5	26	339717	339738	0.94	26.9
Bacillus_GCA_019915265.1_spacer_69	virome_phage_2342	83.333	24	4	0	3	26	9729	9752	0.94	26.9
Bacillus_GCA_019915265.1_spacer_71	virome_phage_9	86.364	22	3	0	6	27	94574	94595	0.94	26.9
Bacillus_GCA_019915265.1_spacer_71	virome_phage_811	80.769	26	5	0	6	31	9198	9223	0.94	26.9
Bacillus_GCA_019915265.1_spacer_71	virome_phage_52	90.000	20	2	0	6	25	19637	19618	0.94	26.9
Bacillus_GCA_019915265.1_spacer_71	virome_phage_26	86.364	22	3	0	4	25	59427	59406	0.94	26.9
Bacillus_GCA_019915265.1_spacer_72	virome_phage_69	83.333	24	4	0	2	25	21181	21204	0.94	26.9
Bacillus_GCA_019915265.1_spacer_72	total_phage_786	76.667	30	7	0	2	31	25758	25787	0.94	26.9
Bacillus_GCA_019915265.1_spacer_72	virome_phage_844	76.667	30	7	0	5	34	34233	34204	0.94	26.9
Bacillus_GCA_019915265.1_spacer_72	virome_phage_789	90.000	20	2	0	10	29	6752	6733	0.94	26.9
Bacillus_GCA_019915265.1_spacer_75	virome_phage_11	81.481	27	5	0	3	29	103380	103406	0.31	28.5
Bacillus_GCA_019915265.1_spacer_75	virome_phage_11	78.571	28	6	0	5	32	103411	103384	0.94	26.9
Bacillus_GCA_019915265.1_spacer_75	virome_phage_820	90.000	20	2	0	14	33	15462	15443	0.94	26.9
Bacillus_GCA_019915265.1_spacer_76	total_phage_524	84.615	26	4	0	11	36	146	171	0.13	30.1
Bacillus_GCA_019915265.1_spacer_76	virome_phage_123	86.957	23	3	0	12	34	10073	10095	0.38	28.5
Bacillus_GCA_019915265.1_spacer_77	virome_phage_749	90.909	22	2	0	4	25	40883	40904	0.10	30.1
Bacillus_GCA_019915265.1_spacer_77	total_phage_92	87.500	24	3	0	10	33	51947	51924	0.10	30.1
Bacillus_GCA_019915265.1_spacer_77	total_phage_294	79.310	29	6	0	5	33	47291	47319	0.31	28.5
Bacillus_GCA_019915265.1_spacer_77	virome_phage_2465	84.000	25	4	0	6	30	5297	5273	0.31	28.5
Bacillus_GCA_019915265.1_spacer_77	virome_phage_734	86.364	22	3	0	10	31	55529	55550	0.94	26.9
Bacillus_GCA_019915265.1_spacer_77	total_phage_927	86.364	22	3	0	13	34	187902	187923	0.94	26.9
Bacillus_GCA_019915265.1_spacer_77	total_phage_500	94.444	18	1	0	11	28	55606	55623	0.94	26.9
Bacillus_GCA_019915265.1_spacer_77	total_phage_413	100.000	16	0	0	10	25	105029	105044	0.94	26.9
Bacillus_GCA_019915265.1_spacer_77	total_phage_361	80.769	26	5	0	5	30	39177	39202	0.94	26.9
Bacillus_GCA_019915265.1_spacer_77	virome_phage_828	86.364	22	3	0	10	31	9808	9787	0.94	26.9
Bacillus_GCA_019915265.1_spacer_77	virome_phage_828	90.000	20	2	0	13	32	14525	14506	0.94	26.9
Bacillus_GCA_019915265.1_spacer_77	virome_phage_2342	78.571	28	6	0	5	32	28098	28071	0.94	26.9
Bacillus_GCA_019915265.1_spacer_77	virome_phage_2254	94.444	18	1	0	11	28	70837	70820	0.94	26.9
Bacillus_GCA_019915265.1_spacer_77	virome_phage_2238	94.444	18	1	0	11	28	52351	52334	0.94	26.9
Bacillus_GCA_019915265.1_spacer_77	total_phage_791	80.769	26	5	0	5	30	414	389	0.94	26.9
Bacillus_GCA_019915265.1_spacer_79	virome_phage_734	85.714	28	4	0	2	29	313359	313386	0.012	33.3
Bacillus_GCA_019915265.1_spacer_79	virome_phage_734	86.364	22	3	0	13	34	274764	274743	0.94	26.9
Bacillus_GCA_019915265.1_spacer_79	total_phage_92	85.185	27	4	0	1	27	131946	131920	0.035	31.7
Bacillus_GCA_019915265.1_spacer_79	virome_phage_840	81.481	27	5	0	2	28	13547	13521	0.31	28.5
Bacillus_GCA_019915265.1_spacer_79	total_phage_658	75.758	33	8	0	2	34	35409	35377	0.31	28.5
Bacillus_GCA_019915265.1_spacer_79	total_phage_231	81.481	27	5	0	1	27	110525	110499	0.31	28.5
Bacillus_GCA_019915265.1_spacer_79	total_phage_231	77.419	31	7	0	1	31	9255	9285	0.31	28.5
Bacillus_GCA_019915265.1_spacer_79	total_phage_692	75.758	33	8	0	2	34	10493	10525	0.31	28.5
Bacillus_GCA_019915265.1_spacer_79	virome_phage_878	83.333	24	4	0	11	34	25922	25899	0.94	26.9
Bacillus_GCA_019915265.1_spacer_79	virome_phage_1	76.667	30	7	0	2	31	158790	158761	0.94	26.9
Bacillus_GCA_019915265.1_spacer_79	total_phage_605	94.444	18	1	0	3	20	33655	33638	0.94	26.9
Bacillus_GCA_019915265.1_spacer_79	total_phage_526	94.444	18	1	0	3	20	23460	23443	0.94	26.9
Bacillus_GCA_019915265.1_spacer_79	total_phage_500	90.000	20	2	0	2	21	65554	65535	0.94	26.9
Bacillus_GCA_019915265.1_spacer_79	virome_phage_911	86.364	22	3	0	11	32	21933	21954	0.94	26.9
Bacillus_GCA_019915265.1_spacer_79	virome_phage_885	80.769	26	5	0	9	34	22055	22080	0.94	26.9
Bacillus_GCA_019915265.1_spacer_79	virome_phage_2914	83.333	24	4	0	10	33	2663	2686	0.94	26.9
Bacillus_GCA_019915265.1_spacer_79	virome_phage_2254	90.000	20	2	0	2	21	60889	60908	0.94	26.9
Bacillus_GCA_019915265.1_spacer_79	virome_phage_2238	90.000	20	2	0	2	21	42403	42422	0.94	26.9
Bacillus_GCA_019915265.1_spacer_79	virome_phage_10	75.000	32	8	0	2	33	69700	69731	0.94	26.9
Bacillus_GCA_019915265.1_spacer_79	total_phage_445	80.769	26	5	0	9	34	37664	37689	0.94	26.9
Bacillus_GCA_019915265.1_spacer_81	total_phage_734	77.419	31	7	0	3	33	24279	24309	0.25	28.5
Bacillus_GCA_019915265.1_spacer_81	virome_phage_2398	83.333	24	4	0	6	29	16046	16069	0.76	26.9
Bacillus_GCA_019915265.1_spacer_82	total_phage_299	82.143	28	5	0	2	29	37356	37329	0.13	30.1
Bacillus_GCA_019915265.1_spacer_82	total_phage_785	84.000	25	4	0	2	26	6997	6973	0.38	28.5
Bacillus_GCA_019915265.1_spacer_83	virome_phage_849	90.476	21	2	0	13	33	29930	29910	0.31	28.5
Bacillus_GCA_019915265.1_spacer_83	virome_phage_789	100.000	17	0	0	12	28	15507	15491	0.31	28.5
Bacillus_GCA_019915265.1_spacer_83	virome_phage_2274	90.476	21	2	0	13	33	15465	15445	0.31	28.5
Bacillus_GCA_019915265.1_spacer_83	virome_phage_2913	86.364	22	3	0	12	33	18504	18483	0.94	26.9
Bacillus_GCA_019915265.1_spacer_83	total_phage_927	94.444	18	1	0	15	32	98832	98849	0.94	26.9
Bacillus_GCA_019915265.1_spacer_83	total_phage_179	78.571	28	6	0	5	32	28019	28046	0.94	26.9
Bacillus_GCA_019915265.1_spacer_84	total_phage_413	78.788	33	7	0	2	34	90987	91019	0.035	31.7
Bacillus_GCA_019915265.1_spacer_84	total_phage_783	82.143	28	5	0	4	31	30156	30183	0.10	30.1
Bacillus_GCA_019915265.1_spacer_84	virome_phage_861	77.419	31	7	0	1	31	7076	7046	0.31	28.5
Bacillus_GCA_019915265.1_spacer_84	virome_phage_834	77.419	31	7	0	3	33	14559	14529	0.31	28.5
Bacillus_GCA_019915265.1_spacer_84	virome_phage_7	75.758	33	8	0	1	33	51139	51107	0.31	28.5
Bacillus_GCA_019915265.1_spacer_84	virome_phage_7	94.737	19	1	0	13	31	22679	22697	0.31	28.5
Bacillus_GCA_019915265.1_spacer_84	virome_phage_7	90.000	20	2	0	3	22	92592	92611	0.94	26.9
Bacillus_GCA_019915265.1_spacer_84	virome_phage_59	81.481	27	5	0	7	33	37015	36989	0.31	28.5
Bacillus_GCA_019915265.1_spacer_84	total_phage_99	86.957	23	3	0	12	34	11342	11320	0.31	28.5
Bacillus_GCA_019915265.1_spacer_84	total_phage_930	86.957	23	3	0	12	34	8660	8638	0.31	28.5
Bacillus_GCA_019915265.1_spacer_84	total_phage_727	86.957	23	3	0	3	25	33694	33672	0.31	28.5
Bacillus_GCA_019915265.1_spacer_84	total_phage_518	86.957	23	3	0	3	25	45904	45882	0.31	28.5
Bacillus_GCA_019915265.1_spacer_84	virome_phage_16	86.957	23	3	0	2	24	45913	45935	0.31	28.5
Bacillus_GCA_019915265.1_spacer_84	total_phage_98	86.957	23	3	0	12	34	23378	23400	0.31	28.5
Bacillus_GCA_019915265.1_spacer_84	total_phage_782	86.957	23	3	0	12	34	21069	21091	0.31	28.5
Bacillus_GCA_019915265.1_spacer_84	virome_phage_925	83.333	24	4	0	7	30	2439	2416	0.94	26.9
Bacillus_GCA_019915265.1_spacer_84	virome_phage_911	94.444	18	1	0	7	24	18477	18460	0.94	26.9
Bacillus_GCA_019915265.1_spacer_84	virome_phage_749	76.667	30	7	0	1	30	21323	21294	0.94	26.9
Bacillus_GCA_019915265.1_spacer_84	virome_phage_739	75.000	32	8	0	3	34	55556	55525	0.94	26.9
Bacillus_GCA_019915265.1_spacer_84	virome_phage_4	83.333	24	4	0	7	30	89628	89605	0.94	26.9
Bacillus_GCA_019915265.1_spacer_84	virome_phage_183	86.364	22	3	0	9	30	5316	5295	0.94	26.9
Bacillus_GCA_019915265.1_spacer_84	virome_phage_1155	94.444	18	1	0	3	20	6299	6282	0.94	26.9
Bacillus_GCA_019915265.1_spacer_84	virome_phage_1033	86.364	22	3	0	9	30	5165	5144	0.94	26.9
Bacillus_GCA_019915265.1_spacer_84	total_phage_9	76.667	30	7	0	4	33	2098	2069	0.94	26.9
Bacillus_GCA_019915265.1_spacer_84	total_phage_415	94.444	18	1	0	7	24	22454	22437	0.94	26.9
Bacillus_GCA_019915265.1_spacer_84	virome_phage_955	90.000	20	2	0	9	28	6441	6460	0.94	26.9
Bacillus_GCA_019915265.1_spacer_84	virome_phage_914	94.444	18	1	0	6	23	4941	4958	0.94	26.9
Bacillus_GCA_019915265.1_spacer_84	virome_phage_908	100.000	16	0	0	11	26	1263	1278	0.94	26.9
Bacillus_GCA_019915265.1_spacer_84	virome_phage_743	83.333	24	4	0	8	31	75985	76008	0.94	26.9
Bacillus_GCA_019915265.1_spacer_84	virome_phage_2407	90.000	20	2	0	14	33	818	837	0.94	26.9
Bacillus_GCA_019915265.1_spacer_84	total_phage_803	78.571	28	6	0	3	30	359	386	0.94	26.9
Bacillus_GCA_019915265.1_spacer_84	total_phage_304	80.769	26	5	0	6	31	9438	9463	0.94	26.9
Bacillus_GCA_019915265.1_spacer_85	virome_phage_847	75.000	32	8	0	2	33	1875	1906	0.94	26.9
Bacillus_GCA_019915265.1_spacer_85	virome_phage_63	90.000	20	2	0	15	34	9156	9137	0.94	26.9
Bacillus_GCA_019915265.1_spacer_85	virome_phage_22	90.000	20	2	0	15	34	44516	44535	0.94	26.9
Bacillus_GCA_019915265.1_spacer_86	virome_phage_318	82.759	29	5	0	5	33	6808	6836	0.042	31.7
Bacillus_GCA_019915265.1_spacer_86	virome_phage_2407	82.759	29	5	0	5	33	14329	14357	0.042	31.7
Bacillus_GCA_019915265.1_spacer_86	total_phage_501	81.481	27	5	0	9	35	18697	18671	0.38	28.5
Bacillus_GCA_019915265.1_spacer_86	total_phage_307	81.481	27	5	0	1	27	16587	16561	0.38	28.5
Bacillus_GCA_019915265.1_spacer_86	total_phage_112	77.419	31	7	0	1	31	6213	6183	0.38	28.5
Bacillus_GCA_019915265.1_spacer_86	virome_phage_27	77.419	31	7	0	1	31	32109	32139	0.38	28.5
Bacillus_GCA_019915265.1_spacer_86	virome_phage_2239	81.481	27	5	0	9	35	8948	8974	0.38	28.5
Bacillus_GCA_019915265.1_spacer_87	total_phage_172	80.000	30	6	0	7	36	19802	19773	0.13	30.1
Bacillus_GCA_019915265.1_spacer_87	virome_phage_69	90.476	21	2	0	5	25	36293	36273	0.38	28.5
Bacillus_GCA_019915265.1_spacer_87	total_phage_501	84.000	25	4	0	8	32	12450	12426	0.38	28.5
Bacillus_GCA_019915265.1_spacer_87	virome_phage_2239	84.000	25	4	0	8	32	15195	15219	0.38	28.5
Bacillus_GCA_019915265.1_spacer_87	total_phage_454	84.000	25	4	0	8	32	9221	9245	0.38	28.5
Bacillus_GCA_019915265.1_spacer_88	virome_phage_752	84.000	25	4	0	4	28	63912	63936	0.31	28.5
Bacillus_GCA_019915265.1_spacer_88	virome_phage_17	84.000	25	4	0	5	29	50705	50729	0.31	28.5
Bacillus_GCA_019915265.1_spacer_88	virome_phage_736	78.571	28	6	0	3	30	80223	80250	0.94	26.9
Bacillus_GCA_019915265.1_spacer_89	virome_phage_743	88.000	25	3	0	5	29	5290	5266	0.042	31.7
Bacillus_GCA_019915265.1_spacer_89	total_phage_730	90.909	22	2	0	1	22	51190	51169	0.13	30.1
Bacillus_GCA_019915265.1_spacer_89	virome_phage_7	81.481	27	5	0	3	29	79656	79630	0.38	28.5
Bacillus_GCA_019915265.1_spacer_89	total_phage_231	86.957	23	3	0	12	34	81206	81184	0.38	28.5
Bacillus_GCA_019915265.1_spacer_89	virome_phage_748	84.000	25	4	0	10	34	72441	72465	0.38	28.5
Bacillus_GCA_019915265.1_spacer_89	total_phage_729	81.481	27	5	0	9	35	121871	121897	0.38	28.5
Bacillus_GCA_019915265.1_spacer_90	virome_phage_960	100.000	18	0	0	6	23	3609	3592	0.10	30.1
Bacillus_GCA_019915265.1_spacer_90	virome_phage_303	100.000	18	0	0	6	23	3508	3491	0.10	30.1
Bacillus_GCA_019915265.1_spacer_90	virome_phage_2401	94.444	18	1	0	6	23	3475	3458	0.94	26.9
Bacillus_GCA_019915265.1_spacer_91	virome_phage_852	100.000	17	0	0	13	29	5609	5625	0.38	28.5
Bacillus_GCA_019915265.1_spacer_91	virome_phage_2424	81.481	27	5	0	5	31	2080	2106	0.38	28.5
Bacillus_GCA_019915265.1_spacer_91	virome_phage_239	81.481	27	5	0	5	31	192	218	0.38	28.5
Bacillus_GCA_019915265.1_spacer_91	virome_phage_825	94.737	19	1	0	1	19	730	712	0.38	28.5
Bacillus_GCA_019915265.1_spacer_92	total_phage_178	80.000	30	6	0	1	30	30695	30724	0.084	30.1
Bacillus_GCA_019915265.1_spacer_92	virome_phage_735	79.310	29	6	0	3	31	104856	104884	0.25	28.5
Bacillus_GCA_019915265.1_spacer_92	virome_phage_767	90.000	20	2	0	9	28	42208	42227	0.76	26.9
Bacillus_GCA_019915265.1_spacer_92	total_phage_639	83.333	24	4	0	5	28	10626	10649	0.76	26.9
Bacillus_GCA_019915265.1_spacer_92	total_phage_666	83.333	24	4	0	5	28	13395	13372	0.76	26.9
Bacillus_GCA_019915265.1_spacer_93	virome_phage_2319	86.957	23	3	0	5	27	34556	34578	0.38	28.5
Bacillus_GCA_019915265.1_spacer_94	total_phage_358	84.000	25	4	0	3	27	24415	24439	0.38	28.5
Bacillus_GCA_019915265.1_spacer_94	virome_phage_848	86.957	23	3	0	1	23	28679	28657	0.38	28.5
Bacillus_GCA_019915265.1_spacer_95	virome_phage_2333	84.615	26	4	0	4	29	11613	11588	0.13	30.1
Bacillus_GCA_019915265.1_spacer_96	virome_phage_7	78.571	28	6	0	5	32	95844	95871	0.76	26.9
Bacillus_GCA_019915265.1_spacer_97	virome_phage_9	75.758	33	8	0	1	33	40403	40371	0.38	28.5
Bacillus_GCA_019915265.1_spacer_97	virome_phage_2291	90.476	21	2	0	8	28	9046	9066	0.38	28.5
Bacillus_GCA_019915265.1_spacer_100	virome_phage_734	82.759	29	5	0	1	29	60180	60208	0.042	31.7
Bacillus_GCA_019915265.1_spacer_100	total_phage_446	77.143	35	8	0	1	35	21173	21207	0.042	31.7
Bacillus_GCA_019915265.1_spacer_100	virome_phage_979	84.000	25	4	0	11	35	17031	17007	0.38	28.5
Bacillus_GCA_019915265.1_spacer_100	virome_phage_795	81.481	27	5	0	7	33	39147	39121	0.38	28.5
Bacillus_GCA_019915265.1_spacer_100	total_phage_415	84.000	25	4	0	11	35	42801	42777	0.38	28.5
Bacillus_GCA_019915265.1_spacer_100	total_phage_413	77.419	31	7	0	5	35	61754	61724	0.38	28.5
Bacillus_GCA_019915265.1_spacer_100	virome_phage_835	86.957	23	3	0	13	35	35335	35357	0.38	28.5
Bacillus_GCA_019915265.1_spacer_101	virome_phage_1	90.909	22	2	0	8	29	206207	206228	0.13	30.1
Bacillus_GCA_019915265.1_spacer_101	virome_phage_855	90.476	21	2	0	15	35	20059	20039	0.38	28.5
Bacillus_GCA_019915265.1_spacer_102	total_phage_233	81.818	33	6	0	1	33	76672	76704	0.004	34.9
Bacillus_GCA_019915265.1_spacer_102	virome_phage_750	91.304	23	2	0	10	32	69162	69140	0.035	31.7
Bacillus_GCA_019915265.1_spacer_102	virome_phage_734	80.645	31	6	0	3	33	36780	36750	0.035	31.7
Bacillus_GCA_019915265.1_spacer_102	virome_phage_734	84.000	25	4	0	10	34	203537	203561	0.31	28.5
Bacillus_GCA_019915265.1_spacer_102	virome_phage_734	73.529	34	9	0	1	34	97939	97972	0.94	26.9
Bacillus_GCA_019915265.1_spacer_102	virome_phage_2303	78.788	33	7	0	1	33	5258	5290	0.035	31.7
Bacillus_GCA_019915265.1_spacer_102	total_phage_437	91.304	23	2	0	5	27	35951	35973	0.035	31.7
Bacillus_GCA_019915265.1_spacer_102	total_phage_294	78.788	33	7	0	1	33	52487	52519	0.035	31.7
Bacillus_GCA_019915265.1_spacer_102	virome_phage_795	84.615	26	4	0	3	28	37821	37796	0.10	30.1
Bacillus_GCA_019915265.1_spacer_102	virome_phage_738	82.143	28	5	0	3	30	35256	35283	0.10	30.1
Bacillus_GCA_019915265.1_spacer_102	virome_phage_738	87.500	24	3	0	11	34	105540	105517	0.10	30.1
Bacillus_GCA_019915265.1_spacer_102	virome_phage_878	79.310	29	6	0	4	32	5066	5094	0.31	28.5
Bacillus_GCA_019915265.1_spacer_102	virome_phage_25	84.000	25	4	0	9	33	35286	35310	0.31	28.5
Bacillus_GCA_019915265.1_spacer_102	virome_phage_2288	75.758	33	8	0	1	33	34372	34340	0.31	28.5
Bacillus_GCA_019915265.1_spacer_102	virome_phage_2269	77.419	31	7	0	1	31	235197	235227	0.31	28.5
Bacillus_GCA_019915265.1_spacer_102	virome_phage_189	79.310	29	6	0	2	30	9493	9465	0.31	28.5
Bacillus_GCA_019915265.1_spacer_102	total_phage_362	75.758	33	8	0	1	33	47316	47348	0.31	28.5
Bacillus_GCA_019915265.1_spacer_102	virome_phage_913	100.000	16	0	0	19	34	21694	21709	0.94	26.9
Bacillus_GCA_019915265.1_spacer_102	virome_phage_884	100.000	16	0	0	19	34	13513	13528	0.94	26.9
Bacillus_GCA_019915265.1_spacer_102	virome_phage_825	80.769	26	5	0	8	33	25618	25593	0.94	26.9
Bacillus_GCA_019915265.1_spacer_102	virome_phage_776	100.000	16	0	0	15	30	14482	14467	0.94	26.9
Bacillus_GCA_019915265.1_spacer_102	virome_phage_745	80.769	26	5	0	3	28	43077	43102	0.94	26.9
Bacillus_GCA_019915265.1_spacer_102	virome_phage_736	94.444	18	1	0	6	23	125765	125748	0.94	26.9
Bacillus_GCA_019915265.1_spacer_102	virome_phage_69	76.667	30	7	0	2	31	33076	33047	0.94	26.9
Bacillus_GCA_019915265.1_spacer_102	virome_phage_43	83.333	24	4	0	8	31	13765	13742	0.94	26.9
Bacillus_GCA_019915265.1_spacer_102	virome_phage_2357	83.333	24	4	0	8	31	8720	8697	0.94	26.9
Bacillus_GCA_019915265.1_spacer_102	total_phage_92	75.000	32	8	0	3	34	140439	140408	0.94	26.9
Bacillus_GCA_019915265.1_spacer_102	total_phage_692	80.769	26	5	0	9	34	1409	1384	0.94	26.9
Bacillus_GCA_019915265.1_spacer_102	total_phage_664	83.333	24	4	0	5	28	6419	6396	0.94	26.9
Bacillus_GCA_019915265.1_spacer_102	total_phage_658	80.769	26	5	0	9	34	44493	44518	0.94	26.9
Bacillus_GCA_019915265.1_spacer_102	total_phage_416	76.667	30	7	0	2	31	30035	30064	0.94	26.9
Bacillus_GCA_019915265.1_spacer_102	total_phage_293	75.000	32	8	0	1	32	26978	27009	0.94	26.9
Bacillus_GCA_019915265.1_spacer_102	total_phage_232	90.000	20	2	0	10	29	55257	55238	0.94	26.9
Bacillus_GCA_019915265.1_spacer_103	virome_phage_9	100.000	17	0	0	17	33	107245	107229	0.31	28.5
Bacillus_GCA_019915265.1_spacer_103	virome_phage_825	94.737	19	1	0	11	29	5912	5894	0.31	28.5
Bacillus_GCA_019915265.1_spacer_103	total_phage_730	77.419	31	7	0	3	33	92284	92254	0.31	28.5
Bacillus_GCA_019915265.1_spacer_103	virome_phage_10	77.419	31	7	0	3	33	94424	94454	0.31	28.5
Bacillus_GCA_019915265.1_spacer_103	virome_phage_92	90.000	20	2	0	9	28	1713	1694	0.94	26.9
Bacillus_GCA_019915265.1_spacer_103	virome_phage_2411	86.364	22	3	0	4	25	15019	14998	0.94	26.9
Bacillus_GCA_019915265.1_spacer_103	virome_phage_176	86.364	22	3	0	4	25	14920	14899	0.94	26.9
Bacillus_GCA_019915265.1_spacer_103	virome_phage_856	80.769	26	5	0	2	27	25193	25218	0.94	26.9
Bacillus_GCA_019915265.1_spacer_103	virome_phage_761	78.571	28	6	0	6	33	38634	38661	0.94	26.9
Bacillus_GCA_019915265.1_spacer_103	virome_phage_734	78.571	28	6	0	6	33	277042	277069	0.94	26.9
Bacillus_GCA_019915265.1_spacer_103	virome_phage_2294	90.000	20	2	0	9	28	24078	24097	0.94	26.9
Bacillus_GCA_019915265.1_spacer_103	total_phage_413	78.571	28	6	0	1	28	125314	125341	0.94	26.9
Bacillus_GCA_019915265.1_spacer_103	total_phage_231	86.364	22	3	0	1	22	102793	102814	0.94	26.9
Bacillus_GCA_019915265.1_spacer_104	virome_phage_750	74.286	35	9	0	1	35	23840	23874	0.38	28.5
Bacillus_GCA_019915265.1_spacer_105	virome_phage_746	81.481	27	5	0	6	32	45988	46014	0.25	28.5
Bacillus_GCA_019915265.1_spacer_105	total_phage_694	100.000	16	0	0	14	29	7044	7029	0.76	26.9
Bacillus_GCA_019915265.1_spacer_106	total_phage_232	78.788	33	7	0	6	38	33097	33129	0.056	31.7
Bacillus_GCA_019915265.1_spacer_106	virome_phage_145	78.788	33	7	0	6	38	18400	18368	0.056	31.7
Bacillus_GCA_019915265.1_spacer_106	virome_phage_7	80.000	30	6	0	5	34	124848	124877	0.17	30.1
Bacillus_GCA_019915265.1_spacer_106	total_phage_445	75.000	36	9	0	1	36	6659	6694	0.17	30.1
Bacillus_GCA_019915265.1_spacer_106	total_phage_445	90.476	21	2	0	13	33	40409	40389	0.50	28.5
Bacillus_GCA_019915265.1_spacer_106	virome_phage_2304	81.481	27	5	0	12	38	19067	19093	0.50	28.5
Bacillus_GCA_019915265.1_spacer_106	total_phage_658	90.476	21	2	0	18	38	68	88	0.50	28.5
Bacillus_GCA_019915265.1_spacer_106	virome_phage_8	77.419	31	7	0	7	37	99022	98992	0.50	28.5
Bacillus_GCA_019915265.1_spacer_106	virome_phage_742	81.481	27	5	0	3	29	60393	60367	0.50	28.5
Bacillus_GCA_019915265.1_spacer_106	virome_phage_742	81.481	27	5	0	1	27	84564	84538	0.50	28.5
Bacillus_GCA_019915265.1_spacer_106	total_phage_692	90.476	21	2	0	18	38	45834	45814	0.50	28.5
Bacillus_GCA_019915265.1_spacer_106	total_phage_446	81.481	27	5	0	12	38	19718	19692	0.50	28.5
Bacillus_GCA_019915265.1_spacer_107	virome_phage_2278	86.957	23	3	0	8	30	43546	43524	0.38	28.5
Bacillus_GCA_019915265.1_spacer_107	total_phage_806	79.310	29	6	0	7	35	13937	13909	0.38	28.5
Bacillus_GCA_019915265.1_spacer_109	virome_phage_2237	82.143	28	5	0	1	28	3604	3577	0.13	30.1
Bacillus_GCA_019915265.1_spacer_109	virome_phage_2243	82.143	28	5	0	1	28	14181	14208	0.13	30.1
Bacillus_GCA_019915265.1_spacer_109	total_phage_644	82.143	28	5	0	1	28	14070	14097	0.13	30.1
Bacillus_GCA_019915265.1_spacer_109	virome_phage_2303	84.000	25	4	0	5	29	5788	5764	0.38	28.5
Bacillus_GCA_019915265.1_spacer_109	virome_phage_835	94.737	19	1	0	9	27	6206	6224	0.38	28.5
Bacillus_GCA_019915265.1_spacer_112	virome_phage_837	94.737	19	1	0	11	29	5683	5701	0.38	28.5
Bacillus_GCA_019915265.1_spacer_112	virome_phage_738	86.957	23	3	0	5	27	6070	6092	0.38	28.5
Bacillus_GCA_019915265.1_spacer_112	virome_phage_123	94.737	19	1	0	11	29	7518	7536	0.38	28.5
Bacillus_GCA_019915265.1_spacer_112	virome_phage_4	86.957	23	3	0	5	27	91098	91076	0.38	28.5
Bacillus_GCA_019915265.1_spacer_113	virome_phage_1	82.143	28	5	0	2	29	107588	107561	0.13	30.1
Bacillus_GCA_019915265.1_spacer_113	virome_phage_2	90.476	21	2	0	6	26	140477	140457	0.38	28.5
Bacillus_GCA_019915265.1_spacer_113	virome_phage_841	81.481	27	5	0	2	28	14152	14178	0.38	28.5
Bacillus_GCA_019915265.1_spacer_113	total_phage_927	79.310	29	6	0	8	36	101897	101925	0.38	28.5
Bacillus_GCA_019915265.1_spacer_114	virome_phage_4	82.143	28	5	0	1	28	41890	41917	0.13	30.1
Bacillus_GCA_019915265.1_spacer_114	total_phage_806	79.310	29	6	0	1	29	9850	9822	0.38	28.5
Bacillus_GCA_019915265.1_spacer_115	total_phage_98	88.000	25	3	0	9	33	1546	1522	0.042	31.7
Bacillus_GCA_019915265.1_spacer_115	virome_phage_750	80.000	30	6	0	5	34	59773	59744	0.13	30.1
Bacillus_GCA_019915265.1_spacer_115	total_phage_299	80.000	30	6	0	5	34	32003	31974	0.13	30.1
Bacillus_GCA_019915265.1_spacer_115	virome_phage_2403	86.957	23	3	0	1	23	14274	14296	0.38	28.5
Bacillus_GCA_019915265.1_spacer_115	virome_phage_164	86.957	23	3	0	1	23	14401	14423	0.38	28.5
Bacillus_GCA_019915265.1_spacer_115	virome_phage_160	86.957	23	3	0	1	23	14222	14244	0.38	28.5
Bacillus_GCA_019915265.1_spacer_115	virome_phage_14	77.419	31	7	0	6	36	1359	1389	0.38	28.5
Bacillus_GCA_019915265.1_spacer_115	virome_phage_1032	86.957	23	3	0	1	23	522	500	0.38	28.5
Bacillus_GCA_019915265.1_spacer_118	virome_phage_2345	87.500	24	3	0	1	24	11210	11233	0.13	30.1
Bacillus_GCA_019915265.1_spacer_118	virome_phage_876	87.500	24	3	0	1	24	12534	12511	0.13	30.1
Bacillus_GCA_019915265.1_spacer_118	total_phage_176	86.957	23	3	0	9	31	444	466	0.38	28.5
Bacillus_GCA_019915265.1_spacer_118	virome_phage_2319	90.476	21	2	0	1	21	19532	19512	0.38	28.5
Bacillus_GCA_019915265.1_spacer_119	virome_phage_23	81.481	27	5	0	4	30	27282	27256	0.38	28.5
Bacillus_GCA_019915265.1_spacer_119	virome_phage_33	90.476	21	2	0	1	21	13922	13942	0.38	28.5
Bacillus_GCA_019915265.1_spacer_121	virome_phage_740	79.310	29	6	0	1	29	90210	90182	0.38	28.5
Bacillus_GCA_019915265.1_spacer_121	virome_phage_21	79.310	29	6	0	1	29	60123	60151	0.38	28.5
Bacillus_GCA_019915265.1_spacer_122	virome_phage_787	77.419	31	7	0	1	31	2735	2765	0.38	28.5
Bacillus_GCA_019915265.1_spacer_123	virome_phage_5	90.476	21	2	0	4	24	89301	89321	0.31	28.5
Bacillus_GCA_019915265.1_spacer_123	virome_phage_735	94.444	18	1	0	12	29	10282	10265	0.94	26.9
Bacillus_GCA_019915265.1_spacer_123	virome_phage_2325	94.444	18	1	0	15	32	18594	18577	0.94	26.9
Bacillus_GCA_019915265.1_spacer_123	virome_phage_746	75.000	32	8	0	1	32	41344	41375	0.94	26.9
Bacillus_GCA_019915265.1_spacer_123	total_phage_232	86.364	22	3	0	9	30	66332	66353	0.94	26.9
Bacillus_GCA_019915265.1_spacer_124	virome_phage_913	85.714	28	4	0	1	28	1217	1190	0.012	33.3
Bacillus_GCA_019915265.1_spacer_124	virome_phage_866	91.667	24	2	0	8	31	20087	20110	0.012	33.3
Bacillus_GCA_019915265.1_spacer_124	virome_phage_785	81.250	32	6	0	3	34	14712	14743	0.012	33.3
Bacillus_GCA_019915265.1_spacer_124	virome_phage_785	82.143	28	5	0	7	34	13603	13630	0.10	30.1
Bacillus_GCA_019915265.1_spacer_124	virome_phage_785	84.000	25	4	0	1	25	5055	5079	0.31	28.5
Bacillus_GCA_019915265.1_spacer_124	virome_phage_785	75.000	32	8	0	3	34	42	73	0.94	26.9
Bacillus_GCA_019915265.1_spacer_124	virome_phage_785	80.769	26	5	0	9	34	14876	14851	0.94	26.9
Bacillus_GCA_019915265.1_spacer_124	virome_phage_734	85.714	28	4	0	7	34	26821	26848	0.012	33.3
Bacillus_GCA_019915265.1_spacer_124	virome_phage_734	91.667	24	2	0	1	24	28608	28585	0.012	33.3
Bacillus_GCA_019915265.1_spacer_124	virome_phage_734	84.615	26	4	0	9	34	26830	26855	0.10	30.1
Bacillus_GCA_019915265.1_spacer_124	virome_phage_734	80.000	30	6	0	4	33	157944	157915	0.10	30.1
Bacillus_GCA_019915265.1_spacer_124	virome_phage_734	86.957	23	3	0	1	23	66653	66631	0.31	28.5
Bacillus_GCA_019915265.1_spacer_124	virome_phage_734	84.000	25	4	0	2	26	168303	168327	0.31	28.5
Bacillus_GCA_019915265.1_spacer_124	virome_phage_734	90.000	20	2	0	1	20	9834	9815	0.94	26.9
Bacillus_GCA_019915265.1_spacer_124	virome_phage_734	86.364	22	3	0	12	33	121512	121533	0.94	26.9
Bacillus_GCA_019915265.1_spacer_124	virome_phage_734	86.364	22	3	0	9	30	151637	151616	0.94	26.9
Bacillus_GCA_019915265.1_spacer_124	virome_phage_734	83.333	24	4	0	1	24	299317	299294	0.94	26.9
Bacillus_GCA_019915265.1_spacer_124	total_phage_358	83.333	30	5	0	3	32	34313	34342	0.012	33.3
Bacillus_GCA_019915265.1_spacer_124	total_phage_358	83.333	24	4	0	8	31	27659	27636	0.94	26.9
Bacillus_GCA_019915265.1_spacer_124	total_phage_233	81.250	32	6	0	1	32	37729	37760	0.012	33.3
Bacillus_GCA_019915265.1_spacer_124	virome_phage_908	85.185	27	4	0	1	27	20867	20841	0.035	31.7
Bacillus_GCA_019915265.1_spacer_124	virome_phage_908	83.333	24	4	0	9	32	21982	21959	0.94	26.9
Bacillus_GCA_019915265.1_spacer_124	virome_phage_841	85.185	27	4	0	7	33	23800	23826	0.035	31.7
Bacillus_GCA_019915265.1_spacer_124	virome_phage_2522	88.000	25	3	0	1	25	525	501	0.035	31.7
Bacillus_GCA_019915265.1_spacer_124	virome_phage_2329	78.788	33	7	0	1	33	28653	28621	0.035	31.7
Bacillus_GCA_019915265.1_spacer_124	virome_phage_2305	95.238	21	1	0	4	24	19037	19017	0.035	31.7
Bacillus_GCA_019915265.1_spacer_124	virome_phage_2305	81.481	27	5	0	1	27	16451	16425	0.31	28.5
Bacillus_GCA_019915265.1_spacer_124	virome_phage_2298	78.788	33	7	0	2	34	15267	15235	0.035	31.7
Bacillus_GCA_019915265.1_spacer_124	virome_phage_2298	78.125	32	7	0	1	32	15268	15299	0.10	30.1
Bacillus_GCA_019915265.1_spacer_124	virome_phage_2298	80.000	30	6	0	3	32	16397	16426	0.10	30.1
Bacillus_GCA_019915265.1_spacer_124	virome_phage_2298	77.419	31	7	0	1	31	1545	1575	0.31	28.5
Bacillus_GCA_019915265.1_spacer_124	virome_phage_2298	84.000	25	4	0	1	25	5945	5969	0.31	28.5
Bacillus_GCA_019915265.1_spacer_124	virome_phage_2298	75.758	33	8	0	2	34	15290	15322	0.31	28.5
Bacillus_GCA_019915265.1_spacer_124	virome_phage_2298	80.769	26	5	0	9	34	16561	16536	0.94	26.9
Bacillus_GCA_019915265.1_spacer_124	virome_phage_1849	80.645	31	6	0	4	34	715	745	0.035	31.7
Bacillus_GCA_019915265.1_spacer_124	total_phage_806	80.645	31	6	0	2	32	24516	24546	0.035	31.7
Bacillus_GCA_019915265.1_spacer_124	total_phage_803	85.185	27	4	0	8	34	14023	14049	0.035	31.7
Bacillus_GCA_019915265.1_spacer_124	total_phage_803	82.143	28	5	0	5	32	22072	22099	0.10	30.1
Bacillus_GCA_019915265.1_spacer_124	total_phage_787	78.788	33	7	0	1	33	23312	23280	0.035	31.7
Bacillus_GCA_019915265.1_spacer_124	total_phage_370	88.000	25	3	0	1	25	26583	26559	0.035	31.7
Bacillus_GCA_019915265.1_spacer_124	total_phage_364	80.645	31	6	0	2	32	27846	27816	0.035	31.7
Bacillus_GCA_019915265.1_spacer_124	total_phage_364	94.737	19	1	0	5	23	773	755	0.31	28.5
Bacillus_GCA_019915265.1_spacer_124	virome_phage_974	78.125	32	7	0	2	33	15318	15349	0.10	30.1
Bacillus_GCA_019915265.1_spacer_124	virome_phage_974	80.769	26	5	0	7	32	15730	15755	0.94	26.9
Bacillus_GCA_019915265.1_spacer_124	virome_phage_865	78.125	32	7	0	2	33	20075	20044	0.10	30.1
Bacillus_GCA_019915265.1_spacer_124	virome_phage_865	76.667	30	7	0	4	33	733	762	0.94	26.9
Bacillus_GCA_019915265.1_spacer_124	virome_phage_865	80.769	26	5	0	2	27	21071	21046	0.94	26.9
Bacillus_GCA_019915265.1_spacer_124	virome_phage_865	90.000	20	2	0	6	25	29663	29644	0.94	26.9
Bacillus_GCA_019915265.1_spacer_124	virome_phage_864	90.909	22	2	0	13	34	779	758	0.10	30.1
Bacillus_GCA_019915265.1_spacer_124	virome_phage_864	84.000	25	4	0	8	32	16079	16103	0.31	28.5
Bacillus_GCA_019915265.1_spacer_124	virome_phage_864	100.000	16	0	0	10	25	15739	15754	0.94	26.9
Bacillus_GCA_019915265.1_spacer_124	virome_phage_864	80.769	26	5	0	8	33	28615	28590	0.94	26.9
Bacillus_GCA_019915265.1_spacer_124	virome_phage_835	80.000	30	6	0	4	33	20	49	0.10	30.1
Bacillus_GCA_019915265.1_spacer_124	virome_phage_835	95.000	20	1	0	1	20	12279	12298	0.10	30.1
Bacillus_GCA_019915265.1_spacer_124	virome_phage_835	80.000	30	6	0	4	33	35524	35553	0.10	30.1
Bacillus_GCA_019915265.1_spacer_124	virome_phage_817	95.000	20	1	0	6	25	19996	20015	0.10	30.1
Bacillus_GCA_019915265.1_spacer_124	virome_phage_817	86.957	23	3	0	10	32	5168	5190	0.31	28.5
Bacillus_GCA_019915265.1_spacer_124	virome_phage_817	86.364	22	3	0	10	31	2850	2829	0.94	26.9
Bacillus_GCA_019915265.1_spacer_124	virome_phage_8	80.000	30	6	0	1	30	22341	22312	0.10	30.1
Bacillus_GCA_019915265.1_spacer_124	virome_phage_8	77.419	31	7	0	3	33	58283	58253	0.31	28.5
Bacillus_GCA_019915265.1_spacer_124	virome_phage_8	90.000	20	2	0	1	20	121223	121204	0.94	26.9
Bacillus_GCA_019915265.1_spacer_124	virome_phage_783	90.909	22	2	0	4	25	27920	27941	0.10	30.1
Bacillus_GCA_019915265.1_spacer_124	virome_phage_783	86.957	23	3	0	11	33	18454	18476	0.31	28.5
Bacillus_GCA_019915265.1_spacer_124	virome_phage_751	87.500	24	3	0	3	26	12380	12357	0.10	30.1
Bacillus_GCA_019915265.1_spacer_124	virome_phage_748	80.000	30	6	0	3	32	28167	28138	0.10	30.1
Bacillus_GCA_019915265.1_spacer_124	virome_phage_748	81.481	27	5	0	2	28	4948	4922	0.31	28.5
Bacillus_GCA_019915265.1_spacer_124	virome_phage_748	86.957	23	3	0	5	27	5727	5749	0.31	28.5
Bacillus_GCA_019915265.1_spacer_124	virome_phage_748	75.000	32	8	0	1	32	31504	31473	0.94	26.9
Bacillus_GCA_019915265.1_spacer_124	virome_phage_748	78.571	28	6	0	3	30	51189	51216	0.94	26.9
Bacillus_GCA_019915265.1_spacer_124	virome_phage_748	83.333	24	4	0	9	32	51779	51802	0.94	26.9
Bacillus_GCA_019915265.1_spacer_124	virome_phage_742	82.143	28	5	0	1	28	31809	31782	0.10	30.1
Bacillus_GCA_019915265.1_spacer_124	virome_phage_742	81.481	27	5	0	6	32	33494	33468	0.31	28.5
Bacillus_GCA_019915265.1_spacer_124	virome_phage_742	80.769	26	5	0	1	26	36093	36118	0.94	26.9
Bacillus_GCA_019915265.1_spacer_124	virome_phage_742	94.444	18	1	0	12	29	63356	63373	0.94	26.9
Bacillus_GCA_019915265.1_spacer_124	virome_phage_742	76.667	30	7	0	1	30	91776	91805	0.94	26.9
Bacillus_GCA_019915265.1_spacer_124	virome_phage_738	78.125	32	7	0	2	33	104268	104299	0.10	30.1
Bacillus_GCA_019915265.1_spacer_124	virome_phage_738	78.125	32	7	0	1	32	107657	107688	0.10	30.1
Bacillus_GCA_019915265.1_spacer_124	virome_phage_738	79.310	29	6	0	6	34	18347	18319	0.31	28.5
Bacillus_GCA_019915265.1_spacer_124	virome_phage_738	80.769	26	5	0	7	32	102626	102651	0.94	26.9
Bacillus_GCA_019915265.1_spacer_124	virome_phage_2322	78.125	32	7	0	3	34	23053	23084	0.10	30.1
Bacillus_GCA_019915265.1_spacer_124	virome_phage_2322	86.957	23	3	0	10	32	8162	8184	0.31	28.5
Bacillus_GCA_019915265.1_spacer_124	virome_phage_2322	94.444	18	1	0	13	30	1972	1989	0.94	26.9
Bacillus_GCA_019915265.1_spacer_124	virome_phage_2254	82.143	28	5	0	3	30	39854	39881	0.10	30.1
Bacillus_GCA_019915265.1_spacer_124	virome_phage_2254	77.419	31	7	0	2	32	4504	4534	0.31	28.5
Bacillus_GCA_019915265.1_spacer_124	virome_phage_2254	86.364	22	3	0	5	26	51813	51834	0.94	26.9
Bacillus_GCA_019915265.1_spacer_124	virome_phage_2238	82.143	28	5	0	3	30	21368	21395	0.10	30.1
Bacillus_GCA_019915265.1_spacer_124	virome_phage_2238	86.364	22	3	0	5	26	33327	33348	0.94	26.9
Bacillus_GCA_019915265.1_spacer_124	total_phage_92	80.000	30	6	0	3	32	9741	9770	0.10	30.1
Bacillus_GCA_019915265.1_spacer_124	total_phage_92	81.481	27	5	0	1	27	19218	19192	0.31	28.5
Bacillus_GCA_019915265.1_spacer_124	total_phage_92	90.476	21	2	0	13	33	23541	23561	0.31	28.5
Bacillus_GCA_019915265.1_spacer_124	total_phage_92	86.957	23	3	0	3	25	95088	95110	0.31	28.5
Bacillus_GCA_019915265.1_spacer_124	total_phage_92	75.000	32	8	0	1	32	100983	100952	0.94	26.9
Bacillus_GCA_019915265.1_spacer_124	total_phage_92	80.769	26	5	0	1	26	132541	132516	0.94	26.9
Bacillus_GCA_019915265.1_spacer_124	total_phage_807	87.500	24	3	0	4	27	737	714	0.10	30.1
Bacillus_GCA_019915265.1_spacer_124	total_phage_807	86.364	22	3	0	7	28	8611	8590	0.94	26.9
Bacillus_GCA_019915265.1_spacer_124	total_phage_413	95.000	20	1	0	5	24	128134	128115	0.10	30.1
Bacillus_GCA_019915265.1_spacer_124	total_phage_366	84.615	26	4	0	5	30	21788	21813	0.10	30.1
Bacillus_GCA_019915265.1_spacer_124	total_phage_363	80.000	30	6	0	5	34	9939	9968	0.10	30.1
Bacillus_GCA_019915265.1_spacer_124	total_phage_363	94.444	18	1	0	13	30	19999	19982	0.94	26.9
Bacillus_GCA_019915265.1_spacer_124	total_phage_294	90.909	22	2	0	11	32	25288	25309	0.10	30.1
Bacillus_GCA_019915265.1_spacer_124	total_phage_294	86.364	22	3	0	1	22	23529	23550	0.94	26.9
Bacillus_GCA_019915265.1_spacer_124	total_phage_232	87.500	24	3	0	8	31	77934	77957	0.10	30.1
Bacillus_GCA_019915265.1_spacer_124	total_phage_232	80.769	26	5	0	1	26	17319	17294	0.94	26.9
Bacillus_GCA_019915265.1_spacer_124	total_phage_232	76.667	30	7	0	1	30	49991	50020	0.94	26.9
Bacillus_GCA_019915265.1_spacer_124	total_phage_232	80.769	26	5	0	1	26	75597	75572	0.94	26.9
Bacillus_GCA_019915265.1_spacer_124	total_phage_231	82.143	28	5	0	2	29	95499	95472	0.10	30.1
Bacillus_GCA_019915265.1_spacer_124	total_phage_231	79.310	29	6	0	1	29	62162	62190	0.31	28.5
Bacillus_GCA_019915265.1_spacer_124	total_phage_231	79.310	29	6	0	2	30	97286	97258	0.31	28.5
Bacillus_GCA_019915265.1_spacer_124	total_phage_231	86.364	22	3	0	2	23	48368	48389	0.94	26.9
Bacillus_GCA_019915265.1_spacer_124	total_phage_231	80.769	26	5	0	3	28	76600	76575	0.94	26.9
Bacillus_GCA_019915265.1_spacer_124	total_phage_231	86.364	22	3	0	5	26	99145	99166	0.94	26.9
Bacillus_GCA_019915265.1_spacer_124	total_phage_231	80.769	26	5	0	6	31	124915	124940	0.94	26.9
Bacillus_GCA_019915265.1_spacer_124	virome_phage_91	75.758	33	8	0	2	34	23947	23915	0.31	28.5
Bacillus_GCA_019915265.1_spacer_124	virome_phage_878	84.000	25	4	0	1	25	22467	22443	0.31	28.5
Bacillus_GCA_019915265.1_spacer_124	virome_phage_878	90.000	20	2	0	2	21	12690	12709	0.94	26.9
Bacillus_GCA_019915265.1_spacer_124	virome_phage_878	83.333	24	4	0	3	26	20879	20856	0.94	26.9
Bacillus_GCA_019915265.1_spacer_124	virome_phage_875	90.476	21	2	0	1	21	30308	30288	0.31	28.5
Bacillus_GCA_019915265.1_spacer_124	virome_phage_839	77.419	31	7	0	2	32	28147	28117	0.31	28.5
Bacillus_GCA_019915265.1_spacer_124	virome_phage_839	83.333	24	4	0	4	27	25305	25282	0.94	26.9
Bacillus_GCA_019915265.1_spacer_124	virome_phage_826	94.737	19	1	0	7	25	19459	19441	0.31	28.5
Bacillus_GCA_019915265.1_spacer_124	virome_phage_771	90.476	21	2	0	11	31	13449	13429	0.31	28.5
Bacillus_GCA_019915265.1_spacer_124	virome_phage_771	73.529	34	9	0	1	34	7948	7915	0.94	26.9
Bacillus_GCA_019915265.1_spacer_124	virome_phage_759	84.000	25	4	0	1	25	4871	4847	0.31	28.5
Bacillus_GCA_019915265.1_spacer_124	virome_phage_750	75.758	33	8	0	1	33	13389	13421	0.31	28.5
Bacillus_GCA_019915265.1_spacer_124	virome_phage_747	84.000	25	4	0	8	32	17732	17708	0.31	28.5
Bacillus_GCA_019915265.1_spacer_124	virome_phage_746	79.310	29	6	0	2	30	68500	68528	0.31	28.5
Bacillus_GCA_019915265.1_spacer_124	virome_phage_746	78.571	28	6	0	7	34	70812	70839	0.94	26.9
Bacillus_GCA_019915265.1_spacer_124	virome_phage_739	90.476	21	2	0	5	25	116019	116039	0.31	28.5
Bacillus_GCA_019915265.1_spacer_124	virome_phage_739	90.000	20	2	0	7	26	118853	118834	0.94	26.9
Bacillus_GCA_019915265.1_spacer_124	virome_phage_7	84.000	25	4	0	7	31	24984	25008	0.31	28.5
Bacillus_GCA_019915265.1_spacer_124	virome_phage_7	77.419	31	7	0	2	32	105000	105030	0.31	28.5
Bacillus_GCA_019915265.1_spacer_124	virome_phage_7	80.769	26	5	0	8	33	29170	29145	0.94	26.9
Bacillus_GCA_019915265.1_spacer_124	virome_phage_7	83.333	24	4	0	4	27	94210	94233	0.94	26.9
Bacillus_GCA_019915265.1_spacer_124	virome_phage_7	73.529	34	9	0	1	34	96785	96818	0.94	26.9
Bacillus_GCA_019915265.1_spacer_124	virome_phage_7	80.769	26	5	0	1	26	111379	111404	0.94	26.9
Bacillus_GCA_019915265.1_spacer_124	virome_phage_69	79.310	29	6	0	4	32	743	715	0.31	28.5
Bacillus_GCA_019915265.1_spacer_124	virome_phage_69	78.571	28	6	0	1	28	4954	4981	0.94	26.9
Bacillus_GCA_019915265.1_spacer_124	virome_phage_69	90.000	20	2	0	1	20	7224	7205	0.94	26.9
Bacillus_GCA_019915265.1_spacer_124	virome_phage_69	86.364	22	3	0	11	32	38513	38534	0.94	26.9
Bacillus_GCA_019915265.1_spacer_124	virome_phage_62	86.957	23	3	0	4	26	26357	26379	0.31	28.5
Bacillus_GCA_019915265.1_spacer_124	virome_phage_62	77.419	31	7	0	2	32	34690	34660	0.31	28.5
Bacillus_GCA_019915265.1_spacer_124	virome_phage_62	94.444	18	1	0	8	25	33613	33630	0.94	26.9
Bacillus_GCA_019915265.1_spacer_124	virome_phage_54	81.481	27	5	0	1	27	25017	25043	0.31	28.5
Bacillus_GCA_019915265.1_spacer_124	virome_phage_33	90.476	21	2	0	3	23	43307	43287	0.31	28.5
Bacillus_GCA_019915265.1_spacer_124	virome_phage_33	73.529	34	9	0	1	34	6119	6086	0.94	26.9
Bacillus_GCA_019915265.1_spacer_124	virome_phage_33	73.529	34	9	0	1	34	31721	31754	0.94	26.9
Bacillus_GCA_019915265.1_spacer_124	virome_phage_2335	77.419	31	7	0	2	32	5641	5671	0.31	28.5
Bacillus_GCA_019915265.1_spacer_124	virome_phage_2335	86.364	22	3	0	4	25	5685	5706	0.94	26.9
Bacillus_GCA_019915265.1_spacer_124	virome_phage_191	75.758	33	8	0	1	33	6230	6198	0.31	28.5
Bacillus_GCA_019915265.1_spacer_124	virome_phage_142	77.419	31	7	0	1	31	5394	5364	0.31	28.5
Bacillus_GCA_019915265.1_spacer_124	virome_phage_1006	75.758	33	8	0	1	33	9599	9631	0.31	28.5
Bacillus_GCA_019915265.1_spacer_124	virome_phage_10	90.476	21	2	0	10	30	84391	84371	0.31	28.5
Bacillus_GCA_019915265.1_spacer_124	virome_phage_10	83.333	24	4	0	4	27	35537	35560	0.94	26.9
Bacillus_GCA_019915265.1_spacer_124	virome_phage_10	78.571	28	6	0	5	32	70367	70340	0.94	26.9
Bacillus_GCA_019915265.1_spacer_124	virome_phage_10	80.769	26	5	0	2	27	115033	115008	0.94	26.9
Bacillus_GCA_019915265.1_spacer_124	total_phage_98	86.957	23	3	0	12	34	32927	32905	0.31	28.5
Bacillus_GCA_019915265.1_spacer_124	total_phage_935	94.737	19	1	0	5	23	16212	16230	0.31	28.5
Bacillus_GCA_019915265.1_spacer_124	total_phage_794	84.000	25	4	0	8	32	31431	31455	0.31	28.5
Bacillus_GCA_019915265.1_spacer_124	total_phage_783	81.481	27	5	0	8	34	13752	13778	0.31	28.5
Bacillus_GCA_019915265.1_spacer_124	total_phage_783	78.571	28	6	0	5	32	21811	21838	0.94	26.9
Bacillus_GCA_019915265.1_spacer_124	total_phage_737	79.310	29	6	0	4	32	1366	1394	0.31	28.5
Bacillus_GCA_019915265.1_spacer_124	total_phage_735	77.419	31	7	0	2	32	12768	12798	0.31	28.5
Bacillus_GCA_019915265.1_spacer_124	total_phage_735	83.333	24	4	0	11	34	12519	12496	0.94	26.9
Bacillus_GCA_019915265.1_spacer_124	total_phage_735	78.571	28	6	0	7	34	12731	12758	0.94	26.9
Bacillus_GCA_019915265.1_spacer_124	total_phage_735	75.000	32	8	0	3	34	41710	41741	0.94	26.9
Bacillus_GCA_019915265.1_spacer_124	total_phage_734	77.419	31	7	0	2	32	29009	29039	0.31	28.5
Bacillus_GCA_019915265.1_spacer_124	total_phage_734	77.419	31	7	0	1	31	34963	34993	0.31	28.5
Bacillus_GCA_019915265.1_spacer_124	total_phage_734	84.000	25	4	0	1	25	40620	40644	0.31	28.5
Bacillus_GCA_019915265.1_spacer_124	total_phage_731	86.957	23	3	0	4	26	55079	55057	0.31	28.5
Bacillus_GCA_019915265.1_spacer_124	total_phage_731	76.667	30	7	0	2	31	53079	53050	0.94	26.9
Bacillus_GCA_019915265.1_spacer_124	total_phage_730	90.476	21	2	0	10	30	102209	102229	0.31	28.5
Bacillus_GCA_019915265.1_spacer_124	total_phage_730	83.333	24	4	0	2	25	41946	41923	0.94	26.9
Bacillus_GCA_019915265.1_spacer_124	total_phage_730	78.571	28	6	0	5	32	116361	116388	0.94	26.9
Bacillus_GCA_019915265.1_spacer_124	total_phage_437	79.310	29	6	0	4	32	7245	7217	0.31	28.5
Bacillus_GCA_019915265.1_spacer_124	total_phage_437	90.000	20	2	0	8	27	16170	16189	0.94	26.9
Bacillus_GCA_019915265.1_spacer_124	total_phage_360	75.758	33	8	0	2	34	4953	4921	0.31	28.5
Bacillus_GCA_019915265.1_spacer_124	total_phage_360	80.769	26	5	0	1	26	1694	1669	0.94	26.9
Bacillus_GCA_019915265.1_spacer_124	total_phage_357	75.758	33	8	0	1	33	526	558	0.31	28.5
Bacillus_GCA_019915265.1_spacer_124	total_phage_254	75.758	33	8	0	1	33	6146	6114	0.31	28.5
Bacillus_GCA_019915265.1_spacer_124	total_phage_179	79.310	29	6	0	4	32	9500	9472	0.31	28.5
Bacillus_GCA_019915265.1_spacer_124	total_phage_106	75.758	33	8	0	2	34	36191	36223	0.31	28.5
Bacillus_GCA_019915265.1_spacer_124	virome_phage_925	75.000	32	8	0	1	32	2141	2172	0.94	26.9
Bacillus_GCA_019915265.1_spacer_124	virome_phage_925	75.000	32	8	0	2	33	8600	8631	0.94	26.9
Bacillus_GCA_019915265.1_spacer_124	virome_phage_903	75.000	32	8	0	1	32	21913	21882	0.94	26.9
Bacillus_GCA_019915265.1_spacer_124	virome_phage_890	83.333	24	4	0	9	32	4668	4645	0.94	26.9
Bacillus_GCA_019915265.1_spacer_124	virome_phage_890	94.444	18	1	0	12	29	20680	20663	0.94	26.9
Bacillus_GCA_019915265.1_spacer_124	virome_phage_884	75.000	32	8	0	1	32	18985	18954	0.94	26.9
Bacillus_GCA_019915265.1_spacer_124	virome_phage_882	83.333	24	4	0	1	24	27456	27433	0.94	26.9
Bacillus_GCA_019915265.1_spacer_124	virome_phage_858	76.667	30	7	0	5	34	31756	31785	0.94	26.9
Bacillus_GCA_019915265.1_spacer_124	virome_phage_856	83.333	24	4	0	1	24	15298	15321	0.94	26.9
Bacillus_GCA_019915265.1_spacer_124	virome_phage_840	90.000	20	2	0	11	30	28709	28690	0.94	26.9
Bacillus_GCA_019915265.1_spacer_124	virome_phage_828	83.333	24	4	0	3	26	32	55	0.94	26.9
Bacillus_GCA_019915265.1_spacer_124	virome_phage_824	90.000	20	2	0	8	27	17469	17450	0.94	26.9
Bacillus_GCA_019915265.1_spacer_124	virome_phage_792	83.333	24	4	0	2	25	35293	35270	0.94	26.9
Bacillus_GCA_019915265.1_spacer_124	virome_phage_767	86.364	22	3	0	4	25	22798	22777	0.94	26.9
Bacillus_GCA_019915265.1_spacer_124	virome_phage_749	83.333	24	4	0	1	24	46512	46489	0.94	26.9
Bacillus_GCA_019915265.1_spacer_124	virome_phage_745	94.444	18	1	0	5	22	20860	20877	0.94	26.9
Bacillus_GCA_019915265.1_spacer_124	virome_phage_745	94.444	18	1	0	1	18	42732	42715	0.94	26.9
Bacillus_GCA_019915265.1_spacer_124	virome_phage_745	78.571	28	6	0	4	31	48052	48079	0.94	26.9
Bacillus_GCA_019915265.1_spacer_124	virome_phage_66	100.000	16	0	0	5	20	728	713	0.94	26.9
Bacillus_GCA_019915265.1_spacer_124	virome_phage_66	75.000	32	8	0	1	32	23195	23226	0.94	26.9
Bacillus_GCA_019915265.1_spacer_124	virome_phage_66	86.364	22	3	0	11	32	39160	39139	0.94	26.9
Bacillus_GCA_019915265.1_spacer_124	virome_phage_65	94.444	18	1	0	12	29	19782	19799	0.94	26.9
Bacillus_GCA_019915265.1_spacer_124	virome_phage_65	83.333	24	4	0	9	32	35794	35817	0.94	26.9
Bacillus_GCA_019915265.1_spacer_124	virome_phage_4	76.667	30	7	0	1	30	135057	135028	0.94	26.9
Bacillus_GCA_019915265.1_spacer_124	virome_phage_318	75.000	32	8	0	3	34	1103	1072	0.94	26.9
Bacillus_GCA_019915265.1_spacer_124	virome_phage_318	100.000	16	0	0	12	27	4964	4949	0.94	26.9
Bacillus_GCA_019915265.1_spacer_124	virome_phage_280	75.000	32	8	0	1	32	2078	2109	0.94	26.9
Bacillus_GCA_019915265.1_spacer_124	virome_phage_27	75.000	32	8	0	2	33	44037	44006	0.94	26.9
Bacillus_GCA_019915265.1_spacer_124	virome_phage_2407	75.000	32	8	0	3	34	8627	8596	0.94	26.9
Bacillus_GCA_019915265.1_spacer_124	virome_phage_2407	100.000	16	0	0	12	27	12488	12473	0.94	26.9
Bacillus_GCA_019915265.1_spacer_124	virome_phage_2366	83.333	24	4	0	1	24	20224	20247	0.94	26.9
Bacillus_GCA_019915265.1_spacer_124	virome_phage_2314	80.769	26	5	0	2	27	11250	11275	0.94	26.9
Bacillus_GCA_019915265.1_spacer_124	virome_phage_2297	80.769	26	5	0	1	26	21596	21571	0.94	26.9
Bacillus_GCA_019915265.1_spacer_124	virome_phage_2297	76.667	30	7	0	5	34	27511	27482	0.94	26.9
Bacillus_GCA_019915265.1_spacer_124	virome_phage_2292	76.667	30	7	0	5	34	38215	38244	0.94	26.9
Bacillus_GCA_019915265.1_spacer_124	virome_phage_2292	83.333	24	4	0	6	29	41729	41752	0.94	26.9
Bacillus_GCA_019915265.1_spacer_124	virome_phage_2272	86.364	22	3	0	10	31	66087	66066	0.94	26.9
Bacillus_GCA_019915265.1_spacer_124	virome_phage_2259	83.333	24	4	0	2	25	7017	6994	0.94	26.9
Bacillus_GCA_019915265.1_spacer_124	virome_phage_2243	94.444	18	1	0	7	24	75	58	0.94	26.9
Bacillus_GCA_019915265.1_spacer_124	virome_phage_2243	83.333	24	4	0	2	25	10754	10777	0.94	26.9
Bacillus_GCA_019915265.1_spacer_124	virome_phage_2237	83.333	24	4	0	2	25	7031	7008	0.94	26.9
Bacillus_GCA_019915265.1_spacer_124	virome_phage_2237	94.444	18	1	0	7	24	17710	17727	0.94	26.9
Bacillus_GCA_019915265.1_spacer_124	virome_phage_172	75.000	32	8	0	1	32	3037	3006	0.94	26.9
Bacillus_GCA_019915265.1_spacer_124	virome_phage_172	83.333	24	4	0	1	24	11687	11664	0.94	26.9
Bacillus_GCA_019915265.1_spacer_124	virome_phage_1	90.000	20	2	0	8	27	18732	18751	0.94	26.9
Bacillus_GCA_019915265.1_spacer_124	virome_phage_1	73.529	34	9	0	1	34	150533	150566	0.94	26.9
Bacillus_GCA_019915265.1_spacer_124	total_phage_929	80.769	26	5	0	2	27	1516	1491	0.94	26.9
Bacillus_GCA_019915265.1_spacer_124	total_phage_791	90.000	20	2	0	1	20	30046	30065	0.94	26.9
Bacillus_GCA_019915265.1_spacer_124	total_phage_788	83.333	24	4	0	9	32	1191	1214	0.94	26.9
Bacillus_GCA_019915265.1_spacer_124	total_phage_785	83.333	24	4	0	2	25	6499	6522	0.94	26.9
Bacillus_GCA_019915265.1_spacer_124	total_phage_729	83.333	24	4	0	1	24	104565	104588	0.94	26.9
Bacillus_GCA_019915265.1_spacer_124	total_phage_729	83.333	24	4	0	1	24	108777	108754	0.94	26.9
Bacillus_GCA_019915265.1_spacer_124	total_phage_664	94.444	18	1	0	3	20	4404	4387	0.94	26.9
Bacillus_GCA_019915265.1_spacer_124	total_phage_644	83.333	24	4	0	2	25	10643	10666	0.94	26.9
Bacillus_GCA_019915265.1_spacer_124	total_phage_524	80.769	26	5	0	3	28	26164	26139	0.94	26.9
Bacillus_GCA_019915265.1_spacer_124	total_phage_500	86.364	22	3	0	5	26	74630	74609	0.94	26.9
Bacillus_GCA_019915265.1_spacer_124	total_phage_487	83.333	24	4	0	2	25	9280	9303	0.94	26.9
Bacillus_GCA_019915265.1_spacer_124	total_phage_479	78.571	28	6	0	5	32	3128	3155	0.94	26.9
Bacillus_GCA_019915265.1_spacer_124	total_phage_449	83.333	24	4	0	2	25	6422	6445	0.94	26.9
Bacillus_GCA_019915265.1_spacer_124	total_phage_445	83.333	24	4	0	2	25	23185	23162	0.94	26.9
Bacillus_GCA_019915265.1_spacer_124	total_phage_443	83.333	24	4	0	2	25	5077	5100	0.94	26.9
Bacillus_GCA_019915265.1_spacer_124	total_phage_443	83.333	24	4	0	2	25	8441	8418	0.94	26.9
Bacillus_GCA_019915265.1_spacer_124	total_phage_368	83.333	24	4	0	7	30	39009	38986	0.94	26.9
Bacillus_GCA_019915265.1_spacer_124	total_phage_361	83.333	24	4	0	5	28	40991	40968	0.94	26.9
Bacillus_GCA_019915265.1_spacer_124	total_phage_299	76.667	30	7	0	3	32	29105	29076	0.94	26.9
Bacillus_GCA_019915265.1_spacer_124	total_phage_296	94.444	18	1	0	1	18	2112	2095	0.94	26.9
Bacillus_GCA_019915265.1_spacer_124	total_phage_247	80.769	26	5	0	9	34	17217	17242	0.94	26.9
Bacillus_GCA_019915265.1_spacer_124	total_phage_247	80.769	26	5	0	9	34	17391	17366	0.94	26.9
Bacillus_GCA_019915265.1_spacer_124	total_phage_247	90.000	20	2	0	15	34	18532	18513	0.94	26.9
Bacillus_GCA_019915265.1_spacer_124	total_phage_244	94.444	18	1	0	2	19	11771	11754	0.94	26.9
Bacillus_GCA_019915265.1_spacer_124	total_phage_188	78.571	28	6	0	5	32	37947	37920	0.94	26.9
Bacillus_GCA_019915265.1_spacer_124	total_phage_187	75.000	32	8	0	1	32	4844	4875	0.94	26.9
Bacillus_GCA_019915265.1_spacer_124	total_phage_172	86.364	22	3	0	11	32	34634	34613	0.94	26.9
Bacillus_GCA_019915265.1_spacer_124	total_phage_112	75.000	32	8	0	2	33	53331	53362	0.94	26.9
Bacillus_GCA_019915265.1_spacer_124	total_phage_11	94.444	18	1	0	2	19	288	271	0.94	26.9
Bacillus_GCA_019915265.1_spacer_124	total_phage_102	75.000	32	8	0	2	33	22468	22437	0.94	26.9
Bacillus_GCA_019915265.1_spacer_125	virome_phage_748	95.000	20	1	0	18	37	39129	39148	0.15	30.1
Bacillus_GCA_019915265.1_spacer_125	virome_phage_62	81.481	27	5	0	11	37	40835	40861	0.44	28.5
Bacillus_GCA_019915265.1_spacer_125	total_phage_443	84.000	25	4	0	13	37	11999	12023	0.44	28.5
Bacillus_GCA_019915265.1_spacer_125	virome_phage_770	90.476	21	2	0	1	21	22480	22460	0.44	28.5
Bacillus_GCA_019915265.1_spacer_126	virome_phage_832	84.000	25	4	0	3	27	14837	14861	0.38	28.5
Bacillus_GCA_019915265.1_spacer_126	virome_phage_770	86.957	23	3	0	2	24	47940	47918	0.38	28.5
Bacillus_GCA_019915265.1_spacer_127	virome_phage_272	84.615	26	4	0	1	26	5762	5737	0.13	30.1
Bacillus_GCA_019915265.1_spacer_127	virome_phage_796	81.481	27	5	0	6	32	8788	8814	0.38	28.5
Bacillus_GCA_019915265.1_spacer_128	virome_phage_2255	79.310	29	6	0	7	35	29830	29858	0.38	28.5
Bacillus_GCA_019915265.1_spacer_129	virome_phage_908	87.097	31	4	0	5	35	2458	2428	6.91e-04	38.0
Bacillus_GCA_019915265.1_spacer_129	virome_phage_851	74.286	35	9	0	3	37	17410	17376	0.50	28.5
Bacillus_GCA_019915265.1_spacer_129	virome_phage_32	84.000	25	4	0	1	25	45181	45157	0.50	28.5
Bacillus_GCA_019915265.1_spacer_129	virome_phage_2254	94.737	19	1	0	9	27	66881	66863	0.50	28.5
Bacillus_GCA_019915265.1_spacer_129	virome_phage_2238	94.737	19	1	0	9	27	48395	48377	0.50	28.5
Bacillus_GCA_019915265.1_spacer_129	total_phage_735	81.481	27	5	0	10	36	20639	20613	0.50	28.5
Bacillus_GCA_019915265.1_spacer_129	virome_phage_839	81.481	27	5	0	10	36	20590	20616	0.50	28.5
Bacillus_GCA_019915265.1_spacer_129	virome_phage_8	94.737	19	1	0	10	28	4581	4599	0.50	28.5
Bacillus_GCA_019915265.1_spacer_129	virome_phage_2310	100.000	17	0	0	12	28	29630	29646	0.50	28.5
Bacillus_GCA_019915265.1_spacer_129	total_phage_733	81.481	27	5	0	10	36	41327	41353	0.50	28.5
Bacillus_GCA_019915265.1_spacer_129	total_phage_500	94.737	19	1	0	9	27	59562	59580	0.50	28.5
Bacillus_GCA_019915265.1_spacer_130	virome_phage_12	90.909	22	2	0	9	30	73003	72982	0.10	30.1
Bacillus_GCA_019915265.1_spacer_130	total_phage_233	90.000	20	2	0	9	28	61426	61407	0.94	26.9
Bacillus_GCA_019915265.1_spacer_130	virome_phage_786	90.000	20	2	0	7	26	44058	44077	0.94	26.9
Bacillus_GCA_019915265.1_spacer_130	virome_phage_768	86.364	22	3	0	12	33	36827	36848	0.94	26.9
Bacillus_GCA_019915265.1_spacer_130	virome_phage_3	86.364	22	3	0	13	34	15003	15024	0.94	26.9
Bacillus_GCA_019915265.1_spacer_131	virome_phage_2303	90.476	21	2	0	6	26	39	19	0.44	28.5
Bacillus_GCA_019915265.1_spacer_131	total_phage_358	84.000	25	4	0	5	29	3771	3795	0.44	28.5
Bacillus_GCA_019915265.1_spacer_132	virome_phage_764	80.645	31	6	0	6	36	22667	22697	0.042	31.7
Bacillus_GCA_019915265.1_spacer_132	virome_phage_858	82.143	28	5	0	5	32	20767	20794	0.13	30.1
Bacillus_GCA_019915265.1_spacer_132	virome_phage_2297	82.143	28	5	0	5	32	38500	38473	0.13	30.1
Bacillus_GCA_019915265.1_spacer_132	total_phage_788	80.000	30	6	0	7	36	32923	32894	0.13	30.1
Bacillus_GCA_019915265.1_spacer_132	total_phage_247	87.500	24	3	0	12	35	21045	21022	0.13	30.1
Bacillus_GCA_019915265.1_spacer_132	total_phage_231	87.500	24	3	0	12	35	21279	21256	0.13	30.1
Bacillus_GCA_019915265.1_spacer_132	virome_phage_875	84.000	25	4	0	11	35	30247	30223	0.38	28.5
Bacillus_GCA_019915265.1_spacer_132	virome_phage_865	77.419	31	7	0	5	35	20063	20033	0.38	28.5
Bacillus_GCA_019915265.1_spacer_132	virome_phage_840	84.000	25	4	0	1	25	28211	28187	0.38	28.5
Bacillus_GCA_019915265.1_spacer_132	virome_phage_834	86.957	23	3	0	5	27	33798	33820	0.38	28.5
Bacillus_GCA_019915265.1_spacer_132	virome_phage_83	77.419	31	7	0	4	34	18	48	0.38	28.5
Bacillus_GCA_019915265.1_spacer_132	virome_phage_778	79.310	29	6	0	8	36	35802	35830	0.38	28.5
Bacillus_GCA_019915265.1_spacer_132	virome_phage_778	90.476	21	2	0	1	21	44286	44306	0.38	28.5
Bacillus_GCA_019915265.1_spacer_132	virome_phage_734	90.476	21	2	0	15	35	282518	282498	0.38	28.5
Bacillus_GCA_019915265.1_spacer_132	total_phage_925	77.419	31	7	0	4	34	23320	23290	0.38	28.5
Bacillus_GCA_019915265.1_spacer_132	total_phage_655	100.000	17	0	0	13	29	3104	3088	0.38	28.5
Bacillus_GCA_019915265.1_spacer_132	total_phage_414	100.000	17	0	0	9	25	17094	17078	0.38	28.5
Bacillus_GCA_019915265.1_spacer_133	virome_phage_2342	84.615	26	4	0	9	34	14575	14550	0.19	30.1
Bacillus_GCA_019915265.1_spacer_133	total_phage_446	78.125	32	7	0	7	38	28027	28058	0.19	30.1
Bacillus_GCA_019915265.1_spacer_133	virome_phage_779	77.419	31	7	0	5	35	34623	34593	0.57	28.5
Bacillus_GCA_019915265.1_spacer_133	total_phage_797	84.000	25	4	0	8	32	9763	9739	0.57	28.5
Bacillus_GCA_019915265.1_spacer_133	total_phage_727	86.957	23	3	0	10	32	31342	31320	0.57	28.5
Bacillus_GCA_019915265.1_spacer_133	total_phage_518	86.957	23	3	0	10	32	43552	43530	0.57	28.5
Bacillus_GCA_019915265.1_spacer_133	total_phage_479	90.476	21	2	0	17	37	33084	33064	0.57	28.5
Bacillus_GCA_019915265.1_spacer_133	virome_phage_2300	84.000	25	4	0	15	39	37285	37309	0.57	28.5
Bacillus_GCA_019915265.1_spacer_133	total_phage_242	79.310	29	6	0	11	39	38432	38460	0.57	28.5
Bacillus_GCA_019915265.1_spacer_136	total_phage_437	84.000	25	4	0	2	26	25948	25972	0.38	28.5
Bacillus_GCA_019915265.1_spacer_136	virome_phage_744	75.758	33	8	0	1	33	79041	79009	0.38	28.5
Bacillus_GCA_019915265.1_spacer_137	virome_phage_62	84.000	25	4	0	10	34	25210	25186	0.38	28.5
Bacillus_GCA_019915265.1_spacer_137	virome_phage_2285	75.758	33	8	0	4	36	44508	44476	0.38	28.5
Bacillus_GCA_019915265.1_spacer_138	virome_phage_912	86.957	23	3	0	1	23	956	934	0.31	28.5
Bacillus_GCA_019915265.1_spacer_138	virome_phage_2304	86.957	23	3	0	1	23	19551	19529	0.31	28.5
Bacillus_GCA_019915265.1_spacer_138	virome_phage_25	80.769	26	5	0	5	30	7042	7017	0.94	26.9
Bacillus_GCA_019915265.1_spacer_138	virome_phage_8	76.667	30	7	0	1	30	33236	33265	0.94	26.9
Bacillus_GCA_019915265.1_spacer_138	total_phage_232	80.769	26	5	0	2	27	9004	9029	0.94	26.9
Bacillus_GCA_019915265.1_spacer_139	virome_phage_782	86.957	23	3	0	12	34	39012	39034	0.38	28.5
Bacillus_GCA_019915265.1_spacer_139	virome_phage_2328	75.758	33	8	0	2	34	28911	28879	0.38	28.5
Bacillus_GCA_019915265.1_spacer_140	virome_phage_1	84.000	25	4	0	4	28	184671	184647	0.38	28.5
Bacillus_GCA_019915265.1_spacer_141	virome_phage_817	84.615	26	4	0	2	27	37600	37625	0.15	30.1
Bacillus_GCA_019915265.1_spacer_141	total_phage_371	87.500	24	3	0	2	25	16937	16960	0.15	30.1
Bacillus_GCA_019915265.1_spacer_141	total_phage_112	84.615	26	4	0	11	36	35629	35654	0.15	30.1
Bacillus_GCA_019915265.1_spacer_141	virome_phage_748	76.471	34	8	0	1	34	3356	3323	0.15	30.1
Bacillus_GCA_019915265.1_spacer_141	total_phage_245	86.957	23	3	0	3	25	20279	20301	0.44	28.5
Bacillus_GCA_019915265.1_spacer_141	virome_phage_752	90.476	21	2	0	14	34	50078	50058	0.44	28.5
Bacillus_GCA_019915265.1_spacer_141	total_phage_797	86.957	23	3	0	3	25	8789	8767	0.44	28.5
Bacillus_GCA_019915265.1_spacer_141	total_phage_360	86.957	23	3	0	3	25	14229	14207	0.44	28.5
Bacillus_GCA_019915265.1_spacer_142	virome_phage_881	84.615	26	4	0	8	33	19193	19218	0.13	30.1
Bacillus_GCA_019915265.1_spacer_142	virome_phage_997	86.957	23	3	0	14	36	7043	7065	0.38	28.5
