Bacillus_GCF_002557225.1_spacer_0	virome_phage_798	85.714	28	4	0	2	29	3971	3998	0.026	33.3
Bacillus_GCF_002557225.1_spacer_0	total_phage_113	85.714	28	4	0	2	29	38528	38555	0.026	33.3
Bacillus_GCF_002557225.1_spacer_0	total_phage_795	95.238	21	1	0	2	22	33326	33346	0.077	31.7
Bacillus_GCF_002557225.1_spacer_0	total_phage_179	87.500	24	3	0	7	30	9683	9706	0.23	30.1
Bacillus_GCF_002557225.1_spacer_0	total_phage_445	82.143	28	5	0	15	42	38485	38458	0.23	30.1
Bacillus_GCF_002557225.1_spacer_0	total_phage_358	87.500	24	3	0	7	30	34134	34111	0.23	30.1
Bacillus_GCF_002557225.1_spacer_0	virome_phage_742	86.957	23	3	0	20	42	15706	15728	0.69	28.5
Bacillus_GCF_002557225.1_spacer_0	virome_phage_4	86.957	23	3	0	14	36	47251	47273	0.69	28.5
Bacillus_GCF_002557225.1_spacer_0	virome_phage_776	75.758	33	8	0	3	35	17939	17907	0.69	28.5
Bacillus_GCF_002557225.1_spacer_0	total_phage_735	84.000	25	4	0	7	31	14866	14842	0.69	28.5
Bacillus_GCF_002557225.1_spacer_0	total_phage_231	84.000	25	4	0	11	35	66690	66666	0.69	28.5
Bacillus_GCF_002557225.1_spacer_0	total_phage_231	86.957	23	3	0	15	37	106318	106296	0.69	28.5
Bacillus_GCF_002557225.1_spacer_1	virome_phage_898	78.125	32	7	0	5	36	12335	12304	0.23	30.1
Bacillus_GCF_002557225.1_spacer_1	virome_phage_738	84.000	25	4	0	15	39	72455	72479	0.69	28.5
Bacillus_GCF_002557225.1_spacer_1	total_phage_730	84.000	25	4	0	15	39	42685	42709	0.69	28.5
Bacillus_GCF_002557225.1_spacer_2	virome_phage_825	90.909	22	2	0	7	28	23372	23351	0.27	30.1
Bacillus_GCF_002557225.1_spacer_2	virome_phage_7	79.310	29	6	0	9	37	14278	14250	0.82	28.5
Bacillus_GCF_002557225.1_spacer_2	total_phage_361	79.310	29	6	0	8	36	6972	7000	0.82	28.5
Bacillus_GCF_002557225.1_spacer_4	virome_phage_8	72.973	37	10	0	1	37	2568	2604	0.63	28.5
Bacillus_GCF_002557225.1_spacer_4	virome_phage_7	86.957	23	3	0	16	38	118562	118540	0.63	28.5
Bacillus_GCF_002557225.1_spacer_4	total_phage_730	90.476	21	2	0	9	29	88576	88596	0.63	28.5
Bacillus_GCF_002557225.1_spacer_5	virome_phage_67	90.909	22	2	0	16	37	23598	23577	0.23	30.1
Bacillus_GCF_002557225.1_spacer_5	virome_phage_2380	82.143	28	5	0	7	34	13420	13447	0.23	30.1
Bacillus_GCF_002557225.1_spacer_5	total_phage_793	80.000	30	6	0	7	36	19513	19484	0.23	30.1
Bacillus_GCF_002557225.1_spacer_5	virome_phage_77	81.481	27	5	0	11	37	34945	34971	0.69	28.5
Bacillus_GCF_002557225.1_spacer_5	virome_phage_2324	86.957	23	3	0	10	32	10931	10909	0.69	28.5
Bacillus_GCF_002557225.1_spacer_5	virome_phage_151	86.957	23	3	0	13	35	18879	18901	0.69	28.5
Bacillus_GCF_002557225.1_spacer_5	virome_phage_1033	86.957	23	3	0	20	42	1246	1224	0.69	28.5
