Bacillus_GCF_002570585.1_spacer_1	virome_phage_804	84.000	25	4	0	2	26	36266	36290	0.57	28.5
Bacillus_GCF_002570585.1_spacer_2	virome_phage_738	78.125	32	7	0	4	35	78965	78996	0.19	30.1
Bacillus_GCF_002570585.1_spacer_2	virome_phage_4	78.125	32	7	0	4	35	19266	19235	0.19	30.1
Bacillus_GCF_002570585.1_spacer_2	virome_phage_2304	81.481	27	5	0	3	29	10109	10135	0.57	28.5
Bacillus_GCF_002570585.1_spacer_3	virome_phage_742	81.250	32	6	0	3	34	31536	31567	0.019	33.3
Bacillus_GCF_002570585.1_spacer_3	virome_phage_955	84.615	26	4	0	2	27	2376	2401	0.17	30.1
Bacillus_GCF_002570585.1_spacer_3	virome_phage_949	84.615	26	4	0	2	27	2779	2804	0.17	30.1
Bacillus_GCF_002570585.1_spacer_3	virome_phage_868	87.500	24	3	0	9	32	7640	7663	0.17	30.1
Bacillus_GCF_002570585.1_spacer_3	virome_phage_2398	84.615	26	4	0	2	27	2325	2350	0.17	30.1
Bacillus_GCF_002570585.1_spacer_3	virome_phage_2269	87.500	24	3	0	3	26	199075	199098	0.17	30.1
Bacillus_GCF_002570585.1_spacer_3	virome_phage_154	84.615	26	4	0	2	27	2561	2586	0.17	30.1
Bacillus_GCF_002570585.1_spacer_3	virome_phage_151	84.615	26	4	0	2	27	3258	3283	0.17	30.1
Bacillus_GCF_002570585.1_spacer_3	virome_phage_116	78.125	32	7	0	4	35	8568	8599	0.17	30.1
Bacillus_GCF_002570585.1_spacer_3	total_phage_929	78.125	32	7	0	3	34	6974	7005	0.17	30.1
Bacillus_GCF_002570585.1_spacer_3	virome_phage_841	87.500	24	3	0	4	27	7711	7688	0.17	30.1
Bacillus_GCF_002570585.1_spacer_3	virome_phage_778	78.125	32	7	0	4	35	44965	44934	0.17	30.1
Bacillus_GCF_002570585.1_spacer_3	total_phage_793	82.143	28	5	0	6	33	32517	32490	0.17	30.1
Bacillus_GCF_002570585.1_spacer_3	total_phage_299	80.000	30	6	0	8	37	4347	4318	0.17	30.1
Bacillus_GCF_002570585.1_spacer_3	total_phage_233	84.615	26	4	0	4	29	61019	60994	0.17	30.1
Bacillus_GCF_002570585.1_spacer_3	virome_phage_997	86.957	23	3	0	10	32	4251	4273	0.50	28.5
Bacillus_GCF_002570585.1_spacer_3	virome_phage_861	81.481	27	5	0	8	34	3206	3232	0.50	28.5
Bacillus_GCF_002570585.1_spacer_3	virome_phage_800	90.476	21	2	0	7	27	36080	36100	0.50	28.5
Bacillus_GCF_002570585.1_spacer_3	virome_phage_2360	90.476	21	2	0	7	27	19316	19336	0.50	28.5
Bacillus_GCF_002570585.1_spacer_3	virome_phage_2327	86.957	23	3	0	9	31	23324	23346	0.50	28.5
Bacillus_GCF_002570585.1_spacer_3	virome_phage_2292	74.286	35	9	0	1	35	23878	23912	0.50	28.5
Bacillus_GCF_002570585.1_spacer_3	virome_phage_1813	81.481	27	5	0	7	33	1546	1572	0.50	28.5
Bacillus_GCF_002570585.1_spacer_3	total_phage_727	94.737	19	1	0	7	25	29389	29407	0.50	28.5
Bacillus_GCF_002570585.1_spacer_3	total_phage_518	94.737	19	1	0	7	25	41599	41617	0.50	28.5
Bacillus_GCF_002570585.1_spacer_3	virome_phage_855	81.481	27	5	0	2	28	29366	29340	0.50	28.5
Bacillus_GCF_002570585.1_spacer_3	virome_phage_817	74.286	35	9	0	2	36	28949	28915	0.50	28.5
Bacillus_GCF_002570585.1_spacer_3	virome_phage_751	94.737	19	1	0	12	30	44975	44957	0.50	28.5
Bacillus_GCF_002570585.1_spacer_3	virome_phage_748	84.000	25	4	0	4	28	35294	35270	0.50	28.5
Bacillus_GCF_002570585.1_spacer_3	virome_phage_748	86.957	23	3	0	12	34	51212	51190	0.50	28.5
Bacillus_GCF_002570585.1_spacer_3	virome_phage_7	84.000	25	4	0	9	33	126374	126350	0.50	28.5
Bacillus_GCF_002570585.1_spacer_3	virome_phage_2286	79.310	29	6	0	9	37	27110	27082	0.50	28.5
Bacillus_GCF_002570585.1_spacer_3	virome_phage_1	90.476	21	2	0	13	33	116299	116279	0.50	28.5
Bacillus_GCF_002570585.1_spacer_3	total_phage_796	90.476	21	2	0	7	27	18757	18737	0.50	28.5
Bacillus_GCF_002570585.1_spacer_4	virome_phage_806	78.125	32	7	0	5	36	24867	24836	0.19	30.1
Bacillus_GCF_002570585.1_spacer_4	virome_phage_811	81.481	27	5	0	12	38	34623	34649	0.57	28.5
Bacillus_GCF_002570585.1_spacer_4	virome_phage_787	84.000	25	4	0	12	36	25219	25195	0.57	28.5
Bacillus_GCF_002570585.1_spacer_4	virome_phage_741	86.957	23	3	0	4	26	32343	32365	0.57	28.5
Bacillus_GCF_002570585.1_spacer_4	total_phage_297	79.310	29	6	0	5	33	1006	978	0.57	28.5
Bacillus_GCF_002570585.1_spacer_5	virome_phage_14	82.143	28	5	0	5	32	19505	19478	0.17	30.1
Bacillus_GCF_002570585.1_spacer_5	virome_phage_14	77.419	31	7	0	7	37	14946	14976	0.50	28.5
Bacillus_GCF_002570585.1_spacer_5	virome_phage_736	81.481	27	5	0	8	34	136003	136029	0.50	28.5
Bacillus_GCF_002570585.1_spacer_5	virome_phage_5	94.737	19	1	0	18	36	107060	107078	0.50	28.5
Bacillus_GCF_002570585.1_spacer_5	virome_phage_2308	90.476	21	2	0	10	30	38275	38255	0.50	28.5
Bacillus_GCF_002570585.1_spacer_5	virome_phage_116	84.000	25	4	0	4	28	6006	5982	0.50	28.5
Bacillus_GCF_002570585.1_spacer_5	total_phage_738	79.310	29	6	0	3	31	23818	23790	0.50	28.5
Bacillus_GCF_002570585.1_spacer_5	total_phage_653	75.758	33	8	0	1	33	34447	34479	0.50	28.5
Bacillus_GCF_002570585.1_spacer_5	total_phage_105	86.957	23	3	0	10	32	25301	25279	0.50	28.5
Bacillus_GCF_002570585.1_spacer_6	total_phage_664	88.889	27	3	0	6	32	21875	21849	0.005	34.9
Bacillus_GCF_002570585.1_spacer_6	virome_phage_2324	84.000	25	4	0	4	28	28956	28932	0.44	28.5
Bacillus_GCF_002570585.1_spacer_7	virome_phage_5	83.333	30	5	0	6	35	118785	118814	0.016	33.3
Bacillus_GCF_002570585.1_spacer_8	virome_phage_2263	82.143	28	5	0	1	28	7282	7255	0.15	30.1
Bacillus_GCF_002570585.1_spacer_8	total_phage_611	82.143	28	5	0	1	28	7538	7511	0.15	30.1
Bacillus_GCF_002570585.1_spacer_8	virome_phage_8	75.758	33	8	0	1	33	56841	56809	0.44	28.5
Bacillus_GCF_002570585.1_spacer_9	virome_phage_739	80.645	31	6	0	1	31	10399	10429	0.049	31.7
Bacillus_GCF_002570585.1_spacer_9	virome_phage_58	82.143	28	5	0	6	33	34780	34807	0.15	30.1
Bacillus_GCF_002570585.1_spacer_9	virome_phage_778	77.419	31	7	0	3	33	40372	40342	0.44	28.5
Bacillus_GCF_002570585.1_spacer_11	virome_phage_1006	75.758	33	8	0	1	33	14776	14808	0.44	28.5
