Bacillus_GCA_004563755.2_spacer_1	virome_phage_191	90.000	20	2	0	15	34	10979	10998	0.94	26.9
Bacillus_GCA_004563755.2_spacer_1	virome_phage_1004	94.444	18	1	0	15	32	10918	10935	0.94	26.9
Bacillus_GCA_004563755.2_spacer_1	total_phage_254	90.000	20	2	0	15	34	10895	10914	0.94	26.9
Bacillus_GCA_004563755.2_spacer_1	virome_phage_782	83.333	24	4	0	2	25	13460	13437	0.94	26.9
Bacillus_GCA_004563755.2_spacer_2	virome_phage_894	94.444	18	1	0	11	28	9461	9444	0.76	26.9
Bacillus_GCA_004563755.2_spacer_2	virome_phage_2254	90.000	20	2	0	14	33	6901	6882	0.76	26.9
Bacillus_GCA_004563755.2_spacer_2	virome_phage_2238	78.571	28	6	0	1	28	63863	63836	0.76	26.9
Bacillus_GCA_004563755.2_spacer_2	virome_phage_779	100.000	16	0	0	13	28	5013	5028	0.76	26.9
Bacillus_GCA_004563755.2_spacer_2	virome_phage_734	80.769	26	5	0	1	26	101627	101652	0.76	26.9
Bacillus_GCA_004563755.2_spacer_2	virome_phage_5	86.364	22	3	0	2	23	39347	39368	0.76	26.9
Bacillus_GCA_004563755.2_spacer_2	virome_phage_39	86.364	22	3	0	11	32	42183	42204	0.76	26.9
Bacillus_GCA_004563755.2_spacer_2	total_phage_934	86.364	22	3	0	10	31	31221	31242	0.76	26.9
Bacillus_GCA_004563755.2_spacer_2	total_phage_500	78.571	28	6	0	1	28	44094	44121	0.76	26.9
Bacillus_GCA_004563755.2_spacer_3	virome_phage_8	84.615	26	4	0	7	32	118399	118374	0.13	30.1
Bacillus_GCA_004563755.2_spacer_3	virome_phage_47	87.500	24	3	0	9	32	22140	22163	0.13	30.1
Bacillus_GCA_004563755.2_spacer_3	virome_phage_47	75.758	33	8	0	1	33	30260	30292	0.38	28.5
Bacillus_GCA_004563755.2_spacer_3	virome_phage_2269	81.481	27	5	0	6	32	31108	31134	0.38	28.5
Bacillus_GCA_004563755.2_spacer_3	total_phage_104	79.310	29	6	0	3	31	651	679	0.38	28.5
Bacillus_GCA_004563755.2_spacer_4	virome_phage_742	87.500	24	3	0	10	33	11416	11393	0.084	30.1
Bacillus_GCA_004563755.2_spacer_4	virome_phage_837	94.737	19	1	0	4	22	24484	24466	0.25	28.5
Bacillus_GCA_004563755.2_spacer_4	virome_phage_123	94.737	19	1	0	4	22	25453	25435	0.25	28.5
Bacillus_GCA_004563755.2_spacer_4	total_phage_935	84.000	25	4	0	6	30	5172	5148	0.25	28.5
Bacillus_GCA_004563755.2_spacer_4	total_phage_363	81.481	27	5	0	1	27	22827	22853	0.25	28.5
Bacillus_GCA_004563755.2_spacer_4	virome_phage_878	90.000	20	2	0	14	33	11422	11403	0.76	26.9
Bacillus_GCA_004563755.2_spacer_4	virome_phage_736	76.667	30	7	0	3	32	124069	124040	0.76	26.9
Bacillus_GCA_004563755.2_spacer_6	virome_phage_828	95.455	22	1	0	9	30	16038	16059	0.012	33.3
Bacillus_GCA_004563755.2_spacer_6	total_phage_738	81.250	32	6	0	3	34	2141	2172	0.012	33.3
Bacillus_GCA_004563755.2_spacer_6	virome_phage_14	84.615	26	4	0	1	26	43847	43872	0.10	30.1
Bacillus_GCA_004563755.2_spacer_6	virome_phage_91	90.476	21	2	0	2	22	21595	21575	0.31	28.5
Bacillus_GCA_004563755.2_spacer_6	virome_phage_787	84.000	25	4	0	4	28	8852	8828	0.31	28.5
Bacillus_GCA_004563755.2_spacer_6	virome_phage_10	81.481	27	5	0	3	29	7000	7026	0.31	28.5
Bacillus_GCA_004563755.2_spacer_6	virome_phage_10	94.444	18	1	0	11	28	42092	42109	0.94	26.9
Bacillus_GCA_004563755.2_spacer_6	virome_phage_792	83.333	24	4	0	3	26	7757	7734	0.94	26.9
Bacillus_GCA_004563755.2_spacer_6	virome_phage_745	83.333	24	4	0	4	27	34780	34757	0.94	26.9
Bacillus_GCA_004563755.2_spacer_6	virome_phage_738	78.571	28	6	0	5	32	64880	64853	0.94	26.9
Bacillus_GCA_004563755.2_spacer_6	virome_phage_69	75.000	32	8	0	1	32	3920	3889	0.94	26.9
Bacillus_GCA_004563755.2_spacer_6	virome_phage_2288	80.769	26	5	0	1	26	19605	19580	0.94	26.9
Bacillus_GCA_004563755.2_spacer_6	virome_phage_189	86.364	22	3	0	1	22	1386	1365	0.94	26.9
Bacillus_GCA_004563755.2_spacer_6	virome_phage_17	94.444	18	1	0	17	34	24651	24634	0.94	26.9
Bacillus_GCA_004563755.2_spacer_6	total_phage_92	86.364	22	3	0	7	28	99998	99977	0.94	26.9
Bacillus_GCA_004563755.2_spacer_6	total_phage_92	86.364	22	3	0	11	32	53210	53231	0.94	26.9
Bacillus_GCA_004563755.2_spacer_6	total_phage_730	80.769	26	5	0	3	28	32170	32145	0.94	26.9
Bacillus_GCA_004563755.2_spacer_6	total_phage_730	94.444	18	1	0	11	28	144636	144619	0.94	26.9
Bacillus_GCA_004563755.2_spacer_6	total_phage_451	83.333	24	4	0	9	32	24778	24755	0.94	26.9
Bacillus_GCA_004563755.2_spacer_6	total_phage_446	80.769	26	5	0	1	26	4806	4781	0.94	26.9
Bacillus_GCA_004563755.2_spacer_6	total_phage_294	90.000	20	2	0	7	26	43727	43708	0.94	26.9
Bacillus_GCA_004563755.2_spacer_6	virome_phage_4	75.000	32	8	0	1	32	93627	93658	0.94	26.9
Bacillus_GCA_004563755.2_spacer_6	total_phage_729	80.769	26	5	0	9	34	56515	56540	0.94	26.9
Bacillus_GCA_004563755.2_spacer_6	total_phage_231	80.769	26	5	0	2	27	134119	134144	0.94	26.9
Bacillus_GCA_004563755.2_spacer_7	virome_phage_891	95.000	20	1	0	9	28	9937	9918	0.10	30.1
Bacillus_GCA_004563755.2_spacer_7	total_phage_733	95.000	20	1	0	9	28	15842	15861	0.10	30.1
Bacillus_GCA_004563755.2_spacer_7	total_phage_189	95.000	20	1	0	9	28	13815	13834	0.10	30.1
Bacillus_GCA_004563755.2_spacer_7	virome_phage_746	80.769	26	5	0	7	32	63851	63876	0.94	26.9
Bacillus_GCA_004563755.2_spacer_7	virome_phage_740	94.444	18	1	0	8	25	93754	93771	0.94	26.9
Bacillus_GCA_004563755.2_spacer_7	virome_phage_12	78.571	28	6	0	5	32	42202	42229	0.94	26.9
Bacillus_GCA_004563755.2_spacer_7	virome_phage_1	78.571	28	6	0	7	34	55200	55173	0.94	26.9
Bacillus_GCA_004563755.2_spacer_8	virome_phage_807	82.143	28	5	0	3	30	1100	1127	0.13	30.1
Bacillus_GCA_004563755.2_spacer_8	total_phage_737	82.143	28	5	0	4	31	20554	20527	0.13	30.1
Bacillus_GCA_004563755.2_spacer_8	total_phage_305	82.143	28	5	0	3	30	23780	23807	0.13	30.1
Bacillus_GCA_004563755.2_spacer_8	virome_phage_27	100.000	17	0	0	5	21	46063	46047	0.38	28.5
Bacillus_GCA_004563755.2_spacer_8	total_phage_114	79.310	29	6	0	3	31	21622	21650	0.38	28.5
Bacillus_GCA_004563755.2_spacer_8	total_phage_112	100.000	17	0	0	5	21	51305	51321	0.38	28.5
Bacillus_GCA_004563755.2_spacer_9	virome_phage_2319	90.476	21	2	0	11	31	4301	4321	0.31	28.5
Bacillus_GCA_004563755.2_spacer_9	virome_phage_925	86.364	22	3	0	11	32	2419	2440	0.94	26.9
Bacillus_GCA_004563755.2_spacer_9	virome_phage_817	86.364	22	3	0	11	32	17920	17941	0.94	26.9
Bacillus_GCA_004563755.2_spacer_9	virome_phage_2298	90.000	20	2	0	12	31	35386	35405	0.94	26.9
Bacillus_GCA_004563755.2_spacer_9	total_phage_735	80.769	26	5	0	2	27	29364	29389	0.94	26.9
Bacillus_GCA_004563755.2_spacer_9	total_phage_734	90.000	20	2	0	12	31	24268	24287	0.94	26.9
Bacillus_GCA_004563755.2_spacer_9	total_phage_666	83.333	24	4	0	8	31	17891	17914	0.94	26.9
Bacillus_GCA_004563755.2_spacer_9	total_phage_5	86.364	22	3	0	12	33	3365	3386	0.94	26.9
Bacillus_GCA_004563755.2_spacer_9	total_phage_416	78.571	28	6	0	6	33	29939	29966	0.94	26.9
Bacillus_GCA_004563755.2_spacer_9	virome_phage_751	83.333	24	4	0	10	33	45207	45184	0.94	26.9
Bacillus_GCA_004563755.2_spacer_9	virome_phage_746	78.571	28	6	0	3	30	48342	48315	0.94	26.9
Bacillus_GCA_004563755.2_spacer_9	virome_phage_52	83.333	24	4	0	2	25	23055	23032	0.94	26.9
Bacillus_GCA_004563755.2_spacer_9	virome_phage_3	90.000	20	2	0	11	30	93972	93953	0.94	26.9
Bacillus_GCA_004563755.2_spacer_9	virome_phage_2303	90.000	20	2	0	6	25	40950	40931	0.94	26.9
Bacillus_GCA_004563755.2_spacer_9	virome_phage_2275	90.000	20	2	0	3	22	42005	41986	0.94	26.9
Bacillus_GCA_004563755.2_spacer_9	total_phage_737	78.571	28	6	0	6	33	11726	11699	0.94	26.9
Bacillus_GCA_004563755.2_spacer_9	total_phage_639	83.333	24	4	0	8	31	6130	6107	0.94	26.9
Bacillus_GCA_004563755.2_spacer_10	virome_phage_1	82.759	29	5	0	2	30	178194	178166	0.028	31.7
Bacillus_GCA_004563755.2_spacer_10	total_phage_293	90.909	22	2	0	11	32	23442	23463	0.084	30.1
Bacillus_GCA_004563755.2_spacer_10	total_phage_249	90.909	22	2	0	11	32	17571	17592	0.084	30.1
Bacillus_GCA_004563755.2_spacer_10	total_phage_231	80.000	30	6	0	2	31	89698	89727	0.084	30.1
Bacillus_GCA_004563755.2_spacer_10	total_phage_231	80.769	26	5	0	7	32	87570	87545	0.76	26.9
Bacillus_GCA_004563755.2_spacer_10	virome_phage_913	77.419	31	7	0	2	32	15143	15113	0.25	28.5
Bacillus_GCA_004563755.2_spacer_10	total_phage_926	86.957	23	3	0	10	32	18982	18960	0.25	28.5
Bacillus_GCA_004563755.2_spacer_10	total_phage_188	84.000	25	4	0	1	25	24712	24688	0.25	28.5
Bacillus_GCA_004563755.2_spacer_10	virome_phage_891	86.364	22	3	0	1	22	17069	17048	0.76	26.9
Bacillus_GCA_004563755.2_spacer_10	virome_phage_88	86.364	22	3	0	11	32	33197	33176	0.76	26.9
Bacillus_GCA_004563755.2_spacer_10	virome_phage_826	83.333	24	4	0	1	24	9121	9098	0.76	26.9
Bacillus_GCA_004563755.2_spacer_10	virome_phage_800	86.364	22	3	0	11	32	32274	32253	0.76	26.9
Bacillus_GCA_004563755.2_spacer_10	virome_phage_744	83.333	24	4	0	8	31	71925	71948	0.76	26.9
Bacillus_GCA_004563755.2_spacer_10	virome_phage_743	80.769	26	5	0	5	30	26581	26606	0.76	26.9
Bacillus_GCA_004563755.2_spacer_10	virome_phage_736	83.333	24	4	0	2	25	33127	33150	0.76	26.9
Bacillus_GCA_004563755.2_spacer_10	virome_phage_734	90.000	20	2	0	7	26	265761	265742	0.76	26.9
Bacillus_GCA_004563755.2_spacer_10	virome_phage_2522	80.769	26	5	0	4	29	5777	5802	0.76	26.9
Bacillus_GCA_004563755.2_spacer_10	virome_phage_2360	86.364	22	3	0	11	32	15510	15489	0.76	26.9
Bacillus_GCA_004563755.2_spacer_10	virome_phage_2343	94.444	18	1	0	7	24	27419	27402	0.76	26.9
Bacillus_GCA_004563755.2_spacer_10	virome_phage_16	83.333	24	4	0	2	25	3748	3771	0.76	26.9
Bacillus_GCA_004563755.2_spacer_10	virome_phage_15	90.000	20	2	0	10	29	44917	44936	0.76	26.9
Bacillus_GCA_004563755.2_spacer_10	virome_phage_1004	80.769	26	5	0	4	29	5778	5803	0.76	26.9
Bacillus_GCA_004563755.2_spacer_10	total_phage_796	86.364	22	3	0	11	32	22563	22584	0.76	26.9
Bacillus_GCA_004563755.2_spacer_10	total_phage_737	86.364	22	3	0	11	32	21539	21518	0.76	26.9
Bacillus_GCA_004563755.2_spacer_10	total_phage_733	86.364	22	3	0	1	22	8710	8731	0.76	26.9
Bacillus_GCA_004563755.2_spacer_10	total_phage_360	78.571	28	6	0	2	29	3514	3487	0.76	26.9
Bacillus_GCA_004563755.2_spacer_10	total_phage_306	86.364	22	3	0	11	32	26772	26793	0.76	26.9
Bacillus_GCA_004563755.2_spacer_10	total_phage_248	86.364	22	3	0	11	32	7884	7905	0.76	26.9
Bacillus_GCA_004563755.2_spacer_10	total_phage_189	86.364	22	3	0	1	22	6683	6704	0.76	26.9
Bacillus_GCA_004563755.2_spacer_10	total_phage_106	86.364	22	3	0	11	32	7328	7349	0.76	26.9
Bacillus_GCA_004563755.2_spacer_10	total_phage_102	80.769	26	5	0	4	29	6131	6156	0.76	26.9
Bacillus_GCA_004563755.2_spacer_11	virome_phage_902	81.481	27	5	0	3	29	5576	5550	0.38	28.5
Bacillus_GCA_004563755.2_spacer_12	virome_phage_1	82.759	29	5	0	6	34	49408	49380	0.042	31.7
Bacillus_GCA_004563755.2_spacer_12	virome_phage_82	80.000	30	6	0	5	34	29879	29908	0.13	30.1
Bacillus_GCA_004563755.2_spacer_12	virome_phage_809	84.000	25	4	0	10	34	24660	24684	0.38	28.5
Bacillus_GCA_004563755.2_spacer_12	total_phage_413	77.419	31	7	0	3	33	12292	12322	0.38	28.5
Bacillus_GCA_004563755.2_spacer_13	total_phage_711	78.788	33	7	0	2	34	1599	1567	0.035	31.7
Bacillus_GCA_004563755.2_spacer_13	total_phage_650	78.788	33	7	0	2	34	1622	1590	0.035	31.7
Bacillus_GCA_004563755.2_spacer_13	total_phage_488	78.788	33	7	0	2	34	3130	3098	0.035	31.7
Bacillus_GCA_004563755.2_spacer_13	total_phage_462	78.788	33	7	0	2	34	1691	1659	0.035	31.7
Bacillus_GCA_004563755.2_spacer_13	virome_phage_4	90.476	21	2	0	14	34	135515	135495	0.31	28.5
Bacillus_GCA_004563755.2_spacer_13	total_phage_453	77.419	31	7	0	3	33	23155	23125	0.31	28.5
Bacillus_GCA_004563755.2_spacer_13	total_phage_415	86.957	23	3	0	12	34	39123	39101	0.31	28.5
Bacillus_GCA_004563755.2_spacer_13	total_phage_237	90.476	21	2	0	12	32	4119	4099	0.31	28.5
Bacillus_GCA_004563755.2_spacer_13	virome_phage_914	100.000	16	0	0	10	25	9896	9881	0.94	26.9
Bacillus_GCA_004563755.2_spacer_13	virome_phage_890	83.333	24	4	0	10	33	11285	11262	0.94	26.9
Bacillus_GCA_004563755.2_spacer_13	virome_phage_2359	75.000	32	8	0	1	32	7160	7129	0.94	26.9
Bacillus_GCA_004563755.2_spacer_13	virome_phage_2310	90.000	20	2	0	15	34	1353	1334	0.94	26.9
Bacillus_GCA_004563755.2_spacer_13	virome_phage_14	83.333	24	4	0	1	24	55687	55664	0.94	26.9
Bacillus_GCA_004563755.2_spacer_13	total_phage_414	90.000	20	2	0	15	34	24160	24141	0.94	26.9
Bacillus_GCA_004563755.2_spacer_13	total_phage_112	100.000	16	0	0	19	34	25150	25135	0.94	26.9
Bacillus_GCA_004563755.2_spacer_13	total_phage_102	80.769	26	5	0	4	29	12480	12455	0.94	26.9
Bacillus_GCA_004563755.2_spacer_13	virome_phage_778	94.444	18	1	0	14	31	16958	16975	0.94	26.9
Bacillus_GCA_004563755.2_spacer_13	virome_phage_751	90.000	20	2	0	8	27	18155	18174	0.94	26.9
Bacillus_GCA_004563755.2_spacer_13	virome_phage_65	83.333	24	4	0	10	33	29177	29200	0.94	26.9
Bacillus_GCA_004563755.2_spacer_13	virome_phage_15	90.000	20	2	0	12	31	25874	25893	0.94	26.9
Bacillus_GCA_004563755.2_spacer_13	total_phage_734	80.769	26	5	0	3	28	29541	29566	0.94	26.9
Bacillus_GCA_004563755.2_spacer_13	total_phage_653	76.667	30	7	0	2	31	1652	1681	0.94	26.9
Bacillus_GCA_004563755.2_spacer_14	virome_phage_28	88.000	25	3	0	9	33	49285	49261	0.035	31.7
Bacillus_GCA_004563755.2_spacer_14	virome_phage_2322	90.909	22	2	0	1	22	1095	1074	0.10	30.1
Bacillus_GCA_004563755.2_spacer_14	virome_phage_10	82.143	28	5	0	5	32	21563	21590	0.10	30.1
Bacillus_GCA_004563755.2_spacer_14	total_phage_730	82.143	28	5	0	5	32	17300	17273	0.10	30.1
Bacillus_GCA_004563755.2_spacer_14	virome_phage_837	86.957	23	3	0	8	30	19827	19805	0.31	28.5
Bacillus_GCA_004563755.2_spacer_14	virome_phage_2319	86.957	23	3	0	8	30	17036	17014	0.31	28.5
Bacillus_GCA_004563755.2_spacer_14	virome_phage_123	86.957	23	3	0	8	30	20796	20774	0.31	28.5
Bacillus_GCA_004563755.2_spacer_14	total_phage_92	77.419	31	7	0	2	32	62423	62393	0.31	28.5
Bacillus_GCA_004563755.2_spacer_14	virome_phage_912	80.769	26	5	0	8	33	16063	16038	0.94	26.9
Bacillus_GCA_004563755.2_spacer_14	virome_phage_79	78.571	28	6	0	5	32	25796	25769	0.94	26.9
Bacillus_GCA_004563755.2_spacer_14	virome_phage_745	90.000	20	2	0	15	34	71941	71960	0.94	26.9
Bacillus_GCA_004563755.2_spacer_14	virome_phage_735	86.364	22	3	0	6	27	28279	28258	0.94	26.9
Bacillus_GCA_004563755.2_spacer_14	virome_phage_2398	90.000	20	2	0	2	21	12232	12213	0.94	26.9
Bacillus_GCA_004563755.2_spacer_14	virome_phage_2304	80.769	26	5	0	8	33	35212	35187	0.94	26.9
Bacillus_GCA_004563755.2_spacer_14	virome_phage_201	83.333	24	4	0	1	24	3693	3716	0.94	26.9
Bacillus_GCA_004563755.2_spacer_14	total_phage_743	83.333	24	4	0	1	24	3834	3857	0.94	26.9
Bacillus_GCA_004563755.2_spacer_16	virome_phage_9	78.571	28	6	0	5	32	20227	20254	0.94	26.9
Bacillus_GCA_004563755.2_spacer_16	virome_phage_746	94.444	18	1	0	16	33	58445	58462	0.94	26.9
Bacillus_GCA_004563755.2_spacer_17	virome_phage_2255	73.529	34	9	0	1	34	45978	45945	0.94	26.9
Bacillus_GCA_004563755.2_spacer_17	virome_phage_893	86.364	22	3	0	12	33	10768	10789	0.94	26.9
Bacillus_GCA_004563755.2_spacer_17	virome_phage_2288	78.571	28	6	0	2	29	10488	10515	0.94	26.9
