Bacillus_GCF_002570225.1_spacer_0	virome_phage_749	81.250	32	6	0	1	32	48597	48628	0.009	33.3
Bacillus_GCF_002570225.1_spacer_0	virome_phage_749	100.000	16	0	0	6	21	53111	53096	0.76	26.9
Bacillus_GCF_002570225.1_spacer_0	virome_phage_734	87.500	24	3	0	2	25	124939	124916	0.084	30.1
Bacillus_GCF_002570225.1_spacer_0	virome_phage_743	77.419	31	7	0	2	32	7242	7212	0.25	28.5
Bacillus_GCF_002570225.1_spacer_0	virome_phage_743	94.737	19	1	0	12	30	37588	37606	0.25	28.5
Bacillus_GCF_002570225.1_spacer_0	virome_phage_4	79.310	29	6	0	4	32	40053	40025	0.25	28.5
Bacillus_GCF_002570225.1_spacer_0	virome_phage_4	78.571	28	6	0	1	28	81727	81700	0.76	26.9
Bacillus_GCF_002570225.1_spacer_0	virome_phage_10	77.419	31	7	0	3	33	34944	34914	0.25	28.5
Bacillus_GCF_002570225.1_spacer_0	virome_phage_10	83.333	24	4	0	1	24	54669	54646	0.76	26.9
Bacillus_GCF_002570225.1_spacer_0	virome_phage_10	90.000	20	2	0	3	22	64172	64153	0.76	26.9
Bacillus_GCF_002570225.1_spacer_0	total_phage_605	79.310	29	6	0	2	30	2651	2623	0.25	28.5
Bacillus_GCF_002570225.1_spacer_0	total_phage_244	77.419	31	7	0	3	33	20560	20530	0.25	28.5
Bacillus_GCF_002570225.1_spacer_0	total_phage_244	94.444	18	1	0	7	24	30276	30293	0.76	26.9
Bacillus_GCF_002570225.1_spacer_0	total_phage_106	79.310	29	6	0	3	31	8828	8856	0.25	28.5
Bacillus_GCF_002570225.1_spacer_0	virome_phage_789	100.000	16	0	0	5	20	28942	28927	0.76	26.9
Bacillus_GCF_002570225.1_spacer_0	virome_phage_747	83.333	24	4	0	1	24	5574	5551	0.76	26.9
Bacillus_GCF_002570225.1_spacer_0	virome_phage_735	94.444	18	1	0	7	24	99632	99615	0.76	26.9
Bacillus_GCF_002570225.1_spacer_0	virome_phage_66	94.444	18	1	0	1	18	21370	21353	0.76	26.9
Bacillus_GCF_002570225.1_spacer_0	virome_phage_2254	83.333	24	4	0	10	33	43585	43562	0.76	26.9
Bacillus_GCF_002570225.1_spacer_0	virome_phage_2238	83.333	24	4	0	10	33	25099	25076	0.76	26.9
Bacillus_GCF_002570225.1_spacer_0	virome_phage_1117	90.000	20	2	0	2	21	4557	4538	0.76	26.9
Bacillus_GCF_002570225.1_spacer_0	total_phage_804	86.364	22	3	0	3	24	17909	17888	0.76	26.9
Bacillus_GCF_002570225.1_spacer_0	total_phage_479	86.364	22	3	0	3	24	1697	1676	0.76	26.9
Bacillus_GCF_002570225.1_spacer_0	total_phage_479	94.444	18	1	0	4	21	41290	41307	0.76	26.9
Bacillus_GCF_002570225.1_spacer_0	virome_phage_884	76.667	30	7	0	1	30	7407	7436	0.76	26.9
Bacillus_GCF_002570225.1_spacer_0	virome_phage_752	80.769	26	5	0	4	29	35772	35797	0.76	26.9
Bacillus_GCF_002570225.1_spacer_0	virome_phage_744	75.000	32	8	0	1	32	23887	23918	0.76	26.9
Bacillus_GCF_002570225.1_spacer_0	virome_phage_738	78.571	28	6	0	1	28	15442	15469	0.76	26.9
Bacillus_GCF_002570225.1_spacer_0	virome_phage_17	75.000	32	8	0	2	33	67834	67865	0.76	26.9
Bacillus_GCF_002570225.1_spacer_0	virome_phage_14	90.000	20	2	0	5	24	18424	18443	0.76	26.9
Bacillus_GCF_002570225.1_spacer_0	total_phage_730	83.333	24	4	0	1	24	132059	132082	0.76	26.9
Bacillus_GCF_002570225.1_spacer_0	total_phage_500	83.333	24	4	0	10	33	82858	82881	0.76	26.9
Bacillus_GCF_002570225.1_spacer_0	total_phage_233	78.571	28	6	0	6	33	40173	40200	0.76	26.9
Bacillus_GCF_002570225.1_spacer_0	total_phage_172	75.000	32	8	0	2	33	26215	26246	0.76	26.9
Bacillus_GCF_002570225.1_spacer_1	virome_phage_752	88.000	25	3	0	1	25	16627	16603	0.035	31.7
Bacillus_GCF_002570225.1_spacer_1	virome_phage_4	81.481	27	5	0	6	32	135480	135506	0.31	28.5
Bacillus_GCF_002570225.1_spacer_1	virome_phage_2254	94.737	19	1	0	3	21	58038	58020	0.31	28.5
Bacillus_GCF_002570225.1_spacer_1	virome_phage_2254	84.000	25	4	0	1	25	94053	94077	0.31	28.5
Bacillus_GCF_002570225.1_spacer_1	virome_phage_2254	80.769	26	5	0	1	26	26085	26060	0.94	26.9
Bacillus_GCF_002570225.1_spacer_1	virome_phage_2238	94.737	19	1	0	3	21	39552	39534	0.31	28.5
Bacillus_GCF_002570225.1_spacer_1	virome_phage_2238	84.000	25	4	0	1	25	75577	75601	0.31	28.5
Bacillus_GCF_002570225.1_spacer_1	virome_phage_2238	80.769	26	5	0	1	26	7600	7575	0.94	26.9
Bacillus_GCF_002570225.1_spacer_1	virome_phage_116	90.476	21	2	0	1	21	17778	17758	0.31	28.5
Bacillus_GCF_002570225.1_spacer_1	total_phage_500	84.000	25	4	0	1	25	32380	32356	0.31	28.5
Bacillus_GCF_002570225.1_spacer_1	total_phage_500	94.737	19	1	0	3	21	68405	68423	0.31	28.5
Bacillus_GCF_002570225.1_spacer_1	virome_phage_834	86.364	22	3	0	10	31	26370	26349	0.94	26.9
Bacillus_GCF_002570225.1_spacer_1	virome_phage_826	86.364	22	3	0	11	32	13673	13694	0.94	26.9
Bacillus_GCF_002570225.1_spacer_1	virome_phage_792	86.364	22	3	0	3	24	17799	17778	0.94	26.9
Bacillus_GCF_002570225.1_spacer_1	virome_phage_779	86.364	22	3	0	6	27	35400	35379	0.94	26.9
Bacillus_GCF_002570225.1_spacer_1	virome_phage_62	75.000	32	8	0	1	32	33646	33615	0.94	26.9
Bacillus_GCF_002570225.1_spacer_1	virome_phage_2329	76.667	30	7	0	1	30	26677	26706	0.94	26.9
Bacillus_GCF_002570225.1_spacer_1	virome_phage_2322	100.000	16	0	0	11	26	15444	15459	0.94	26.9
Bacillus_GCF_002570225.1_spacer_1	virome_phage_2259	80.769	26	5	0	3	28	3359	3384	0.94	26.9
Bacillus_GCF_002570225.1_spacer_1	virome_phage_1	86.364	22	3	0	10	31	204858	204879	0.94	26.9
Bacillus_GCF_002570225.1_spacer_1	total_phage_98	83.333	24	4	0	1	24	32872	32849	0.94	26.9
Bacillus_GCF_002570225.1_spacer_1	total_phage_92	86.364	22	3	0	10	31	43452	43473	0.94	26.9
Bacillus_GCF_002570225.1_spacer_1	total_phage_806	86.364	22	3	0	3	24	15041	15062	0.94	26.9
Bacillus_GCF_002570225.1_spacer_1	total_phage_730	75.000	32	8	0	1	32	57242	57273	0.94	26.9
Bacillus_GCF_002570225.1_spacer_1	total_phage_729	76.667	30	7	0	1	30	6098	6069	0.94	26.9
Bacillus_GCF_002570225.1_spacer_1	total_phage_446	78.571	28	6	0	5	32	17008	17035	0.94	26.9
Bacillus_GCF_002570225.1_spacer_1	total_phage_306	86.364	22	3	0	3	24	28117	28138	0.94	26.9
Bacillus_GCF_002570225.1_spacer_1	total_phage_231	86.364	22	3	0	10	31	25486	25507	0.94	26.9
Bacillus_GCF_002570225.1_spacer_2	virome_phage_752	78.125	32	7	0	3	34	22180	22149	0.10	30.1
Bacillus_GCF_002570225.1_spacer_2	total_phage_111	84.000	25	4	0	1	25	4723	4699	0.31	28.5
Bacillus_GCF_002570225.1_spacer_2	virome_phage_751	77.419	31	7	0	1	31	11198	11228	0.31	28.5
Bacillus_GCF_002570225.1_spacer_2	virome_phage_28	90.476	21	2	0	13	33	15744	15764	0.31	28.5
Bacillus_GCF_002570225.1_spacer_2	total_phage_92	75.758	33	8	0	1	33	113301	113333	0.31	28.5
Bacillus_GCF_002570225.1_spacer_2	total_phage_731	84.000	25	4	0	9	33	64753	64777	0.31	28.5
Bacillus_GCF_002570225.1_spacer_2	total_phage_636	79.310	29	6	0	3	31	19276	19304	0.31	28.5
Bacillus_GCF_002570225.1_spacer_2	total_phage_370	77.419	31	7	0	2	32	26569	26599	0.31	28.5
Bacillus_GCF_002570225.1_spacer_2	virome_phage_925	80.769	26	5	0	8	33	16866	16841	0.94	26.9
Bacillus_GCF_002570225.1_spacer_2	virome_phage_841	90.000	20	2	0	14	33	32609	32590	0.94	26.9
Bacillus_GCF_002570225.1_spacer_2	virome_phage_82	90.000	20	2	0	14	33	36424	36405	0.94	26.9
Bacillus_GCF_002570225.1_spacer_2	virome_phage_8	73.529	34	9	0	1	34	113680	113647	0.94	26.9
Bacillus_GCF_002570225.1_spacer_2	virome_phage_745	90.000	20	2	0	9	28	29800	29781	0.94	26.9
Bacillus_GCF_002570225.1_spacer_2	virome_phage_2368	80.769	26	5	0	7	32	3888	3863	0.94	26.9
Bacillus_GCF_002570225.1_spacer_2	virome_phage_2280	78.571	28	6	0	2	29	12546	12519	0.94	26.9
Bacillus_GCF_002570225.1_spacer_2	total_phage_737	80.769	26	5	0	8	33	921	896	0.94	26.9
Bacillus_GCF_002570225.1_spacer_2	total_phage_727	90.000	20	2	0	2	21	33594	33575	0.94	26.9
Bacillus_GCF_002570225.1_spacer_2	total_phage_518	90.000	20	2	0	2	21	45804	45785	0.94	26.9
Bacillus_GCF_002570225.1_spacer_2	virome_phage_9	90.000	20	2	0	1	20	4413	4432	0.94	26.9
Bacillus_GCF_002570225.1_spacer_2	virome_phage_778	80.769	26	5	0	8	33	42867	42892	0.94	26.9
Bacillus_GCF_002570225.1_spacer_2	virome_phage_759	90.000	20	2	0	14	33	47705	47724	0.94	26.9
Bacillus_GCF_002570225.1_spacer_2	virome_phage_738	86.364	22	3	0	10	31	92572	92593	0.94	26.9
Bacillus_GCF_002570225.1_spacer_2	virome_phage_4	80.769	26	5	0	8	33	2127	2152	0.94	26.9
Bacillus_GCF_002570225.1_spacer_2	virome_phage_2359	83.333	24	4	0	10	33	18987	19010	0.94	26.9
Bacillus_GCF_002570225.1_spacer_2	virome_phage_145	80.769	26	5	0	7	32	17064	17089	0.94	26.9
Bacillus_GCF_002570225.1_spacer_2	total_phage_745	80.769	26	5	0	9	34	5849	5874	0.94	26.9
Bacillus_GCF_002570225.1_spacer_2	total_phage_655	94.444	18	1	0	14	31	6757	6774	0.94	26.9
Bacillus_GCF_002570225.1_spacer_2	total_phage_296	80.769	26	5	0	9	34	7808	7833	0.94	26.9
Bacillus_GCF_002570225.1_spacer_2	total_phage_245	78.571	28	6	0	7	34	7456	7483	0.94	26.9
Bacillus_GCF_002570225.1_spacer_3	virome_phage_739	80.000	30	6	0	1	30	82845	82816	0.13	30.1
Bacillus_GCF_002570225.1_spacer_4	virome_phage_2254	100.000	16	0	0	10	25	74215	74200	0.94	26.9
Bacillus_GCF_002570225.1_spacer_4	virome_phage_2238	100.000	16	0	0	10	25	55729	55714	0.94	26.9
Bacillus_GCF_002570225.1_spacer_4	virome_phage_1217	86.364	22	3	0	3	24	3891	3870	0.94	26.9
Bacillus_GCF_002570225.1_spacer_4	total_phage_500	100.000	16	0	0	10	25	52228	52243	0.94	26.9
Bacillus_GCF_002570225.1_spacer_5	virome_phage_773	90.476	21	2	0	11	31	32323	32303	0.31	28.5
Bacillus_GCF_002570225.1_spacer_5	virome_phage_781	73.529	34	9	0	1	34	21175	21142	0.94	26.9
Bacillus_GCF_002570225.1_spacer_5	virome_phage_120	90.000	20	2	0	11	30	13434	13415	0.94	26.9
