Bacillus_GCA_013364055.1_spacer_0	virome_phage_42	84.000	25	4	0	2	26	9520	9544	0.25	28.5
Bacillus_GCA_013364055.1_spacer_0	total_phage_783	76.667	30	7	0	1	30	6732	6761	0.76	26.9
Bacillus_GCA_013364055.1_spacer_1	virome_phage_2402	69.492	59	18	0	8	66	5394	5336	0.003	38.0
Bacillus_GCA_013364055.1_spacer_1	virome_phage_2333	88.000	25	3	0	1	25	10211	10235	0.24	31.7
Bacillus_GCA_013364055.1_spacer_1	virome_phage_2282	72.093	43	12	0	7	49	37955	37997	0.24	31.7
Bacillus_GCA_013364055.1_spacer_1	virome_phage_2424	66.667	57	19	0	4	60	10038	9982	0.24	31.7
Bacillus_GCA_013364055.1_spacer_1	virome_phage_239	66.667	57	19	0	4	60	8150	8094	0.24	31.7
Bacillus_GCA_013364055.1_spacer_1	total_phage_737	80.000	30	6	0	11	40	34610	34639	0.71	30.1
Bacillus_GCA_013364055.1_spacer_1	total_phage_12	80.000	30	6	0	11	40	17867	17896	0.71	30.1
Bacillus_GCA_013364055.1_spacer_1	virome_phage_807	80.000	30	6	0	11	40	26393	26364	0.71	30.1
Bacillus_GCA_013364055.1_spacer_1	virome_phage_152	65.000	60	21	0	4	63	6772	6713	0.71	30.1
Bacillus_GCA_013364055.1_spacer_1	total_phage_305	80.000	30	6	0	11	40	9069	9040	0.71	30.1
Bacillus_GCA_013364055.1_spacer_1	total_phage_249	80.000	30	6	0	11	40	3673	3644	0.71	30.1
Bacillus_GCA_013364055.1_spacer_2	virome_phage_824	71.429	42	12	0	4	45	11836	11795	0.36	30.1
Bacillus_GCA_013364055.1_spacer_2	virome_phage_52	78.125	32	7	0	8	39	44156	44125	0.36	30.1
Bacillus_GCA_013364055.1_spacer_2	virome_phage_52	71.429	42	12	0	7	48	44274	44233	0.36	30.1
Bacillus_GCA_013364055.1_spacer_2	virome_phage_2282	71.429	42	12	0	7	48	37955	37996	0.36	30.1
Bacillus_GCA_013364055.1_spacer_3	virome_phage_2314	77.143	35	8	0	4	38	34478	34444	0.070	31.7
Bacillus_GCA_013364055.1_spacer_3	virome_phage_857	84.000	25	4	0	14	38	29486	29510	0.63	28.5
Bacillus_GCA_013364055.1_spacer_3	virome_phage_809	84.000	25	4	0	13	37	25998	26022	0.63	28.5
Bacillus_GCA_013364055.1_spacer_3	virome_phage_806	79.310	29	6	0	6	34	7728	7756	0.63	28.5
Bacillus_GCA_013364055.1_spacer_3	virome_phage_155	77.419	31	7	0	6	36	5586	5556	0.63	28.5
Bacillus_GCA_013364055.1_spacer_4	virome_phage_824	83.333	24	4	0	8	31	11697	11674	0.76	26.9
Bacillus_GCA_013364055.1_spacer_4	virome_phage_824	83.333	24	4	0	4	27	11800	11777	0.76	26.9
Bacillus_GCA_013364055.1_spacer_4	virome_phage_824	83.333	24	4	0	4	27	11836	11813	0.76	26.9
Bacillus_GCA_013364055.1_spacer_4	virome_phage_52	83.333	24	4	0	8	31	44156	44133	0.76	26.9
Bacillus_GCA_013364055.1_spacer_5	virome_phage_2411	74.359	39	10	0	7	45	6030	6068	0.12	31.7
Bacillus_GCA_013364055.1_spacer_5	virome_phage_2282	77.143	35	8	0	5	39	37962	37996	0.12	31.7
Bacillus_GCA_013364055.1_spacer_5	virome_phage_176	74.359	39	10	0	7	45	5931	5969	0.12	31.7
