Bacillus_GCA_900117315.1_spacer_0	virome_phage_787	84.000	25	4	0	1	25	18336	18360	0.25	28.5
Bacillus_GCA_900117315.1_spacer_0	virome_phage_858	94.444	18	1	0	6	23	3180	3197	0.76	26.9
Bacillus_GCA_900117315.1_spacer_0	virome_phage_734	86.364	22	3	0	3	24	40404	40425	0.76	26.9
Bacillus_GCA_900117315.1_spacer_0	virome_phage_734	83.333	24	4	0	5	28	137048	137071	0.76	26.9
Bacillus_GCA_900117315.1_spacer_0	virome_phage_70	83.333	24	4	0	1	24	17856	17879	0.76	26.9
Bacillus_GCA_900117315.1_spacer_0	virome_phage_2297	94.444	18	1	0	6	23	9836	9819	0.76	26.9
Bacillus_GCA_900117315.1_spacer_0	total_phage_231	86.364	22	3	0	1	22	15691	15712	0.76	26.9
Bacillus_GCA_900117315.1_spacer_1	total_phage_296	90.909	22	2	0	9	30	5619	5640	0.084	30.1
Bacillus_GCA_900117315.1_spacer_1	virome_phage_5	86.957	23	3	0	7	29	134790	134768	0.25	28.5
Bacillus_GCA_900117315.1_spacer_1	virome_phage_860	78.571	28	6	0	3	30	6951	6924	0.76	26.9
Bacillus_GCA_900117315.1_spacer_1	virome_phage_827	90.000	20	2	0	9	28	21506	21487	0.76	26.9
Bacillus_GCA_900117315.1_spacer_1	virome_phage_16	86.364	22	3	0	4	25	43677	43656	0.76	26.9
Bacillus_GCA_900117315.1_spacer_1	total_phage_449	86.364	22	3	0	9	30	14249	14228	0.76	26.9
Bacillus_GCA_900117315.1_spacer_1	virome_phage_752	80.769	26	5	0	5	30	26667	26692	0.76	26.9
Bacillus_GCA_900117315.1_spacer_1	total_phage_99	76.667	30	7	0	1	30	6578	6607	0.76	26.9
Bacillus_GCA_900117315.1_spacer_1	total_phage_92	80.769	26	5	0	3	28	71908	71933	0.76	26.9
Bacillus_GCA_900117315.1_spacer_1	total_phage_745	86.364	22	3	0	9	30	3660	3681	0.76	26.9
Bacillus_GCA_900117315.1_spacer_1	total_phage_729	83.333	24	4	0	5	28	155899	155922	0.76	26.9
Bacillus_GCA_900117315.1_spacer_1	total_phage_233	86.364	22	3	0	9	30	5841	5862	0.76	26.9
Bacillus_GCA_900117315.1_spacer_1	total_phage_231	80.769	26	5	0	5	30	94301	94326	0.76	26.9
Bacillus_GCA_900117315.1_spacer_2	virome_phage_765	90.476	21	2	0	10	30	20263	20283	0.25	28.5
Bacillus_GCA_900117315.1_spacer_2	virome_phage_46	90.000	20	2	0	11	30	41835	41816	0.76	26.9
Bacillus_GCA_900117315.1_spacer_2	virome_phage_755	78.571	28	6	0	1	28	56100	56127	0.76	26.9
Bacillus_GCA_900117315.1_spacer_2	virome_phage_63	90.000	20	2	0	6	25	38672	38691	0.76	26.9
Bacillus_GCA_900117315.1_spacer_3	virome_phage_822	90.000	20	2	0	2	21	27702	27683	0.76	26.9
Bacillus_GCA_900117315.1_spacer_3	virome_phage_788	94.444	18	1	0	5	22	25843	25826	0.76	26.9
Bacillus_GCA_900117315.1_spacer_3	virome_phage_2320	90.000	20	2	0	2	21	27669	27650	0.76	26.9
Bacillus_GCA_900117315.1_spacer_4	virome_phage_875	94.737	19	1	0	1	19	23525	23507	0.25	28.5
Bacillus_GCA_900117315.1_spacer_4	virome_phage_2465	90.476	21	2	0	9	29	2857	2837	0.25	28.5
Bacillus_GCA_900117315.1_spacer_4	virome_phage_1675	90.476	21	2	0	9	29	5588	5568	0.25	28.5
Bacillus_GCA_900117315.1_spacer_4	virome_phage_1117	86.957	23	3	0	4	26	9864	9842	0.25	28.5
Bacillus_GCA_900117315.1_spacer_4	virome_phage_9	80.769	26	5	0	5	30	89441	89416	0.76	26.9
Bacillus_GCA_900117315.1_spacer_4	virome_phage_895	86.364	22	3	0	2	23	18911	18890	0.76	26.9
Bacillus_GCA_900117315.1_spacer_4	virome_phage_2368	76.667	30	7	0	1	30	1306	1277	0.76	26.9
Bacillus_GCA_900117315.1_spacer_4	virome_phage_2269	100.000	16	0	0	4	19	76703	76688	0.76	26.9
Bacillus_GCA_900117315.1_spacer_4	virome_phage_145	76.667	30	7	0	1	30	19646	19675	0.76	26.9
Bacillus_GCA_900117315.1_spacer_4	virome_phage_1131	86.364	22	3	0	4	25	8115	8094	0.76	26.9
Bacillus_GCA_900117315.1_spacer_4	virome_phage_10	86.364	22	3	0	3	24	21660	21681	0.76	26.9
Bacillus_GCA_900117315.1_spacer_4	total_phage_786	83.333	24	4	0	7	30	959	982	0.76	26.9
Bacillus_GCA_900117315.1_spacer_4	total_phage_106	83.333	24	4	0	1	24	24934	24957	0.76	26.9
Bacillus_GCA_900117315.1_spacer_5	virome_phage_861	81.481	27	5	0	1	27	19790	19764	0.25	28.5
Bacillus_GCA_900117315.1_spacer_5	virome_phage_735	86.364	22	3	0	7	28	192192	192213	0.76	26.9
Bacillus_GCA_900117315.1_spacer_5	virome_phage_1	86.364	22	3	0	1	22	149760	149781	0.76	26.9
Bacillus_GCA_900117315.1_spacer_5	total_phage_512	80.769	26	5	0	4	29	2885	2910	0.76	26.9
Bacillus_GCA_900117315.1_spacer_6	virome_phage_813	86.364	22	3	0	6	27	25990	25969	0.76	26.9
Bacillus_GCA_900117315.1_spacer_7	virome_phage_26	86.364	22	3	0	2	23	44309	44330	0.76	26.9
Bacillus_GCA_900117315.1_spacer_8	total_phage_925	84.615	26	4	0	1	26	13875	13850	0.084	30.1
Bacillus_GCA_900117315.1_spacer_8	virome_phage_785	94.444	18	1	0	8	25	39071	39054	0.76	26.9
Bacillus_GCA_900117315.1_spacer_8	virome_phage_764	90.000	20	2	0	5	24	31275	31256	0.76	26.9
Bacillus_GCA_900117315.1_spacer_8	virome_phage_2254	94.444	18	1	0	13	30	34202	34185	0.76	26.9
Bacillus_GCA_900117315.1_spacer_8	virome_phage_2238	94.444	18	1	0	13	30	15717	15700	0.76	26.9
Bacillus_GCA_900117315.1_spacer_8	total_phage_92	94.444	18	1	0	9	26	85367	85350	0.76	26.9
Bacillus_GCA_900117315.1_spacer_8	total_phage_734	94.444	18	1	0	8	25	28082	28065	0.76	26.9
Bacillus_GCA_900117315.1_spacer_8	total_phage_294	90.000	20	2	0	10	29	49850	49869	0.76	26.9
Bacillus_GCA_900117315.1_spacer_8	total_phage_233	90.000	20	2	0	10	29	71304	71323	0.76	26.9
Bacillus_GCA_900117315.1_spacer_8	total_phage_172	86.364	22	3	0	5	26	18752	18731	0.76	26.9
Bacillus_GCA_900117315.1_spacer_9	virome_phage_127	85.185	27	4	0	1	27	10079	10053	0.028	31.7
Bacillus_GCA_900117315.1_spacer_9	total_phage_239	88.000	25	3	0	6	30	12974	12950	0.028	31.7
Bacillus_GCA_900117315.1_spacer_9	virome_phage_755	91.304	23	2	0	2	24	9072	9094	0.028	31.7
Bacillus_GCA_900117315.1_spacer_9	virome_phage_2325	84.615	26	4	0	1	26	32598	32573	0.084	30.1
Bacillus_GCA_900117315.1_spacer_9	total_phage_231	87.500	24	3	0	1	24	38658	38681	0.084	30.1
Bacillus_GCA_900117315.1_spacer_9	total_phage_231	90.000	20	2	0	2	21	2918	2937	0.76	26.9
Bacillus_GCA_900117315.1_spacer_9	virome_phage_826	100.000	17	0	0	7	23	23313	23297	0.25	28.5
Bacillus_GCA_900117315.1_spacer_9	total_phage_804	84.000	25	4	0	6	30	18540	18516	0.25	28.5
Bacillus_GCA_900117315.1_spacer_9	virome_phage_2278	86.957	23	3	0	2	24	54493	54515	0.25	28.5
Bacillus_GCA_900117315.1_spacer_9	virome_phage_908	86.364	22	3	0	3	24	15250	15229	0.76	26.9
Bacillus_GCA_900117315.1_spacer_9	virome_phage_851	94.444	18	1	0	7	24	5582	5565	0.76	26.9
Bacillus_GCA_900117315.1_spacer_9	virome_phage_747	94.444	18	1	0	1	18	42462	42445	0.76	26.9
Bacillus_GCA_900117315.1_spacer_9	virome_phage_18	94.444	18	1	0	1	18	11229	11212	0.76	26.9
Bacillus_GCA_900117315.1_spacer_9	total_phage_793	80.769	26	5	0	5	30	35402	35377	0.76	26.9
Bacillus_GCA_900117315.1_spacer_9	total_phage_501	83.333	24	4	0	1	24	18198	18175	0.76	26.9
Bacillus_GCA_900117315.1_spacer_9	total_phage_413	78.571	28	6	0	1	28	122493	122466	0.76	26.9
Bacillus_GCA_900117315.1_spacer_9	total_phage_366	80.769	26	5	0	2	27	4250	4225	0.76	26.9
Bacillus_GCA_900117315.1_spacer_9	total_phage_362	80.769	26	5	0	5	30	38330	38305	0.76	26.9
Bacillus_GCA_900117315.1_spacer_9	virome_phage_92	86.364	22	3	0	2	23	6497	6518	0.76	26.9
Bacillus_GCA_900117315.1_spacer_9	virome_phage_2314	80.769	26	5	0	1	26	10144	10169	0.76	26.9
Bacillus_GCA_900117315.1_spacer_9	virome_phage_2239	83.333	24	4	0	1	24	9447	9470	0.76	26.9
Bacillus_GCA_900117315.1_spacer_9	virome_phage_1849	100.000	16	0	0	6	21	5182	5197	0.76	26.9
Bacillus_GCA_900117315.1_spacer_9	total_phage_663	90.000	20	2	0	6	25	11002	11021	0.76	26.9
Bacillus_GCA_900117315.1_spacer_9	total_phage_637	90.000	20	2	0	6	25	7692	7711	0.76	26.9
Bacillus_GCA_900117315.1_spacer_10	virome_phage_749	91.304	23	2	0	4	26	32435	32457	0.028	31.7
Bacillus_GCA_900117315.1_spacer_10	virome_phage_25	82.143	28	5	0	3	30	59648	59621	0.084	30.1
Bacillus_GCA_900117315.1_spacer_10	total_phage_92	95.000	20	1	0	9	28	109381	109362	0.084	30.1
Bacillus_GCA_900117315.1_spacer_10	total_phage_92	90.000	20	2	0	9	28	108057	108038	0.76	26.9
Bacillus_GCA_900117315.1_spacer_10	total_phage_231	95.000	20	1	0	9	28	77850	77831	0.084	30.1
Bacillus_GCA_900117315.1_spacer_10	virome_phage_2291	86.957	23	3	0	1	23	21223	21201	0.25	28.5
Bacillus_GCA_900117315.1_spacer_11	total_phage_112	95.000	20	1	0	6	25	25632	25651	0.084	30.1
Bacillus_GCA_900117315.1_spacer_11	virome_phage_27	95.000	20	1	0	6	25	11668	11649	0.084	30.1
Bacillus_GCA_900117315.1_spacer_11	virome_phage_144	90.476	21	2	0	1	21	8539	8559	0.25	28.5
Bacillus_GCA_900117315.1_spacer_11	virome_phage_7	84.000	25	4	0	1	25	112450	112426	0.25	28.5
Bacillus_GCA_900117315.1_spacer_11	virome_phage_7	78.571	28	6	0	2	29	37637	37610	0.76	26.9
Bacillus_GCA_900117315.1_spacer_11	virome_phage_868	80.769	26	5	0	1	26	3092	3117	0.76	26.9
Bacillus_GCA_900117315.1_spacer_11	virome_phage_734	86.364	22	3	0	4	25	152360	152381	0.76	26.9
Bacillus_GCA_900117315.1_spacer_11	virome_phage_15	86.364	22	3	0	7	28	5833	5854	0.76	26.9
Bacillus_GCA_900117315.1_spacer_11	virome_phage_14	86.364	22	3	0	8	29	20243	20222	0.76	26.9
Bacillus_GCA_900117315.1_spacer_11	virome_phage_1	78.571	28	6	0	1	28	124837	124810	0.76	26.9
Bacillus_GCA_900117315.1_spacer_12	virome_phage_2270	86.957	23	3	0	7	29	48793	48815	0.25	28.5
Bacillus_GCA_900117315.1_spacer_12	virome_phage_764	100.000	16	0	0	9	24	36661	36646	0.76	26.9
Bacillus_GCA_900117315.1_spacer_12	virome_phage_2327	78.571	28	6	0	1	28	8020	8047	0.76	26.9
Bacillus_GCA_900117315.1_spacer_12	total_phage_727	90.000	20	2	0	10	29	24655	24674	0.76	26.9
Bacillus_GCA_900117315.1_spacer_12	total_phage_518	90.000	20	2	0	10	29	36865	36884	0.76	26.9
Bacillus_GCA_900117315.1_spacer_13	virome_phage_7	80.769	26	5	0	5	30	15274	15299	0.76	26.9
Bacillus_GCA_900117315.1_spacer_13	total_phage_788	94.444	18	1	0	13	30	6373	6390	0.76	26.9
Bacillus_GCA_900117315.1_spacer_13	total_phage_418	94.444	18	1	0	13	30	274	291	0.76	26.9
Bacillus_GCA_900117315.1_spacer_13	total_phage_187	94.444	18	1	0	13	30	4585	4602	0.76	26.9
Bacillus_GCA_900117315.1_spacer_14	virome_phage_2270	86.957	23	3	0	2	24	47590	47612	0.25	28.5
Bacillus_GCA_900117315.1_spacer_14	virome_phage_993	83.333	24	4	0	5	28	9944	9967	0.76	26.9
Bacillus_GCA_900117315.1_spacer_14	virome_phage_776	90.000	20	2	0	6	25	39740	39759	0.76	26.9
Bacillus_GCA_900117315.1_spacer_14	virome_phage_2292	86.364	22	3	0	1	22	1020	999	0.76	26.9
Bacillus_GCA_900117315.1_spacer_14	virome_phage_17	80.769	26	5	0	1	26	73120	73145	0.76	26.9
Bacillus_GCA_900117315.1_spacer_14	total_phage_664	86.364	22	3	0	5	26	27383	27404	0.76	26.9
Bacillus_GCA_900117315.1_spacer_14	total_phage_524	90.000	20	2	0	2	21	28165	28146	0.76	26.9
Bacillus_GCA_900117315.1_spacer_15	total_phage_294	84.615	26	4	0	3	28	49110	49135	0.084	30.1
Bacillus_GCA_900117315.1_spacer_15	total_phage_188	84.000	25	4	0	2	26	11815	11791	0.25	28.5
Bacillus_GCA_900117315.1_spacer_15	virome_phage_935	100.000	16	0	0	12	27	13487	13472	0.76	26.9
Bacillus_GCA_900117315.1_spacer_15	virome_phage_776	80.769	26	5	0	5	30	37626	37601	0.76	26.9
Bacillus_GCA_900117315.1_spacer_15	virome_phage_749	86.364	22	3	0	7	28	33701	33680	0.76	26.9
Bacillus_GCA_900117315.1_spacer_15	virome_phage_739	86.364	22	3	0	2	23	89047	89068	0.76	26.9
Bacillus_GCA_900117315.1_spacer_15	virome_phage_14	80.769	26	5	0	2	27	9338	9363	0.76	26.9
Bacillus_GCA_900117315.1_spacer_15	total_phage_794	90.000	20	2	0	7	26	18987	19006	0.76	26.9
Bacillus_GCA_900117315.1_spacer_15	total_phage_453	100.000	16	0	0	12	27	20718	20703	0.76	26.9
Bacillus_GCA_900117315.1_spacer_15	total_phage_239	80.769	26	5	0	5	30	2839	2814	0.76	26.9
Bacillus_GCA_900117315.1_spacer_15	total_phage_123	100.000	16	0	0	12	27	14180	14165	0.76	26.9
Bacillus_GCA_900117315.1_spacer_16	virome_phage_742	100.000	17	0	0	1	17	48051	48067	0.25	28.5
Bacillus_GCA_900117315.1_spacer_16	virome_phage_2254	80.769	26	5	0	1	26	48453	48478	0.76	26.9
Bacillus_GCA_900117315.1_spacer_16	virome_phage_2238	80.769	26	5	0	1	26	29967	29992	0.76	26.9
Bacillus_GCA_900117315.1_spacer_16	total_phage_790	90.000	20	2	0	1	20	77382	77363	0.76	26.9
Bacillus_GCA_900117315.1_spacer_16	total_phage_500	80.769	26	5	0	1	26	77990	77965	0.76	26.9
Bacillus_GCA_900117315.1_spacer_17	virome_phage_837	94.444	18	1	0	9	26	17144	17161	0.76	26.9
Bacillus_GCA_900117315.1_spacer_17	virome_phage_123	94.444	18	1	0	9	26	18113	18130	0.76	26.9
Bacillus_GCA_900117315.1_spacer_17	total_phage_803	86.364	22	3	0	3	24	9174	9195	0.76	26.9
Bacillus_GCA_900117315.1_spacer_17	virome_phage_14	86.364	22	3	0	9	30	4971	4950	0.76	26.9
Bacillus_GCA_900117315.1_spacer_18	virome_phage_791	94.737	19	1	0	1	19	24035	24017	0.25	28.5
Bacillus_GCA_900117315.1_spacer_18	virome_phage_1	84.000	25	4	0	6	30	136830	136854	0.25	28.5
Bacillus_GCA_900117315.1_spacer_18	virome_phage_802	86.364	22	3	0	1	22	23186	23165	0.76	26.9
Bacillus_GCA_900117315.1_spacer_18	virome_phage_2280	80.769	26	5	0	3	28	39869	39894	0.76	26.9
Bacillus_GCA_900117315.1_spacer_19	virome_phage_2270	86.957	23	3	0	2	24	47590	47612	0.25	28.5
Bacillus_GCA_900117315.1_spacer_19	virome_phage_993	83.333	24	4	0	5	28	9944	9967	0.76	26.9
Bacillus_GCA_900117315.1_spacer_19	virome_phage_776	90.000	20	2	0	6	25	39740	39759	0.76	26.9
Bacillus_GCA_900117315.1_spacer_19	virome_phage_2292	86.364	22	3	0	1	22	1020	999	0.76	26.9
Bacillus_GCA_900117315.1_spacer_19	virome_phage_17	80.769	26	5	0	1	26	73120	73145	0.76	26.9
Bacillus_GCA_900117315.1_spacer_19	total_phage_664	86.364	22	3	0	5	26	27383	27404	0.76	26.9
Bacillus_GCA_900117315.1_spacer_19	total_phage_524	90.000	20	2	0	2	21	28165	28146	0.76	26.9
Bacillus_GCA_900117315.1_spacer_20	total_phage_294	84.615	26	4	0	3	28	49110	49135	0.084	30.1
Bacillus_GCA_900117315.1_spacer_20	total_phage_188	84.000	25	4	0	2	26	11815	11791	0.25	28.5
Bacillus_GCA_900117315.1_spacer_20	virome_phage_935	100.000	16	0	0	12	27	13487	13472	0.76	26.9
Bacillus_GCA_900117315.1_spacer_20	virome_phage_776	80.769	26	5	0	5	30	37626	37601	0.76	26.9
Bacillus_GCA_900117315.1_spacer_20	virome_phage_749	86.364	22	3	0	7	28	33701	33680	0.76	26.9
Bacillus_GCA_900117315.1_spacer_20	virome_phage_739	86.364	22	3	0	2	23	89047	89068	0.76	26.9
Bacillus_GCA_900117315.1_spacer_20	virome_phage_14	80.769	26	5	0	2	27	9338	9363	0.76	26.9
Bacillus_GCA_900117315.1_spacer_20	total_phage_794	90.000	20	2	0	7	26	18987	19006	0.76	26.9
Bacillus_GCA_900117315.1_spacer_20	total_phage_453	100.000	16	0	0	12	27	20718	20703	0.76	26.9
Bacillus_GCA_900117315.1_spacer_20	total_phage_239	80.769	26	5	0	5	30	2839	2814	0.76	26.9
Bacillus_GCA_900117315.1_spacer_20	total_phage_123	100.000	16	0	0	12	27	14180	14165	0.76	26.9
Bacillus_GCA_900117315.1_spacer_21	virome_phage_742	100.000	17	0	0	1	17	48051	48067	0.25	28.5
Bacillus_GCA_900117315.1_spacer_21	virome_phage_2254	80.769	26	5	0	1	26	48453	48478	0.76	26.9
Bacillus_GCA_900117315.1_spacer_21	virome_phage_2238	80.769	26	5	0	1	26	29967	29992	0.76	26.9
Bacillus_GCA_900117315.1_spacer_21	total_phage_790	90.000	20	2	0	1	20	77382	77363	0.76	26.9
Bacillus_GCA_900117315.1_spacer_21	total_phage_500	80.769	26	5	0	1	26	77990	77965	0.76	26.9
Bacillus_GCA_900117315.1_spacer_22	virome_phage_837	94.444	18	1	0	9	26	17144	17161	0.76	26.9
Bacillus_GCA_900117315.1_spacer_22	virome_phage_123	94.444	18	1	0	9	26	18113	18130	0.76	26.9
Bacillus_GCA_900117315.1_spacer_22	total_phage_803	86.364	22	3	0	3	24	9174	9195	0.76	26.9
Bacillus_GCA_900117315.1_spacer_22	virome_phage_14	86.364	22	3	0	9	30	4971	4950	0.76	26.9
Bacillus_GCA_900117315.1_spacer_23	virome_phage_791	94.737	19	1	0	1	19	24035	24017	0.25	28.5
Bacillus_GCA_900117315.1_spacer_23	virome_phage_802	86.364	22	3	0	1	22	23186	23165	0.76	26.9
Bacillus_GCA_900117315.1_spacer_24	virome_phage_2270	94.737	19	1	0	4	22	119095	119077	0.25	28.5
Bacillus_GCA_900117315.1_spacer_24	virome_phage_908	86.364	22	3	0	8	29	8470	8491	0.76	26.9
Bacillus_GCA_900117315.1_spacer_24	virome_phage_746	83.333	24	4	0	2	25	73349	73326	0.76	26.9
Bacillus_GCA_900117315.1_spacer_25	virome_phage_2359	83.333	24	4	0	7	30	18160	18183	0.76	26.9
Bacillus_GCA_900117315.1_spacer_25	total_phage_730	86.364	22	3	0	3	24	12052	12073	0.76	26.9
Bacillus_GCA_900117315.1_spacer_25	virome_phage_10	86.364	22	3	0	3	24	26811	26790	0.76	26.9
Bacillus_GCA_900117315.1_spacer_27	virome_phage_747	81.481	27	5	0	2	28	27897	27923	0.25	28.5
Bacillus_GCA_900117315.1_spacer_27	virome_phage_2254	90.476	21	2	0	2	22	67078	67058	0.25	28.5
Bacillus_GCA_900117315.1_spacer_27	virome_phage_2238	90.476	21	2	0	2	22	48592	48572	0.25	28.5
Bacillus_GCA_900117315.1_spacer_27	total_phage_500	90.476	21	2	0	2	22	59365	59385	0.25	28.5
Bacillus_GCA_900117315.1_spacer_27	virome_phage_993	86.364	22	3	0	2	23	2772	2751	0.76	26.9
Bacillus_GCA_900117315.1_spacer_27	virome_phage_739	83.333	24	4	0	4	27	108634	108611	0.76	26.9
Bacillus_GCA_900117315.1_spacer_27	virome_phage_738	83.333	24	4	0	2	25	44263	44286	0.76	26.9
Bacillus_GCA_900117315.1_spacer_27	virome_phage_4	83.333	24	4	0	2	25	52314	52291	0.76	26.9
Bacillus_GCA_900117315.1_spacer_27	virome_phage_2294	90.000	20	2	0	1	20	33912	33893	0.76	26.9
Bacillus_GCA_900117315.1_spacer_27	virome_phage_2286	86.364	22	3	0	1	22	39113	39134	0.76	26.9
Bacillus_GCA_900117315.1_spacer_27	virome_phage_191	86.364	22	3	0	4	25	11608	11587	0.76	26.9
Bacillus_GCA_900117315.1_spacer_27	virome_phage_19	90.000	20	2	0	1	20	62614	62633	0.76	26.9
Bacillus_GCA_900117315.1_spacer_27	total_phage_733	100.000	16	0	0	3	18	39106	39091	0.76	26.9
Bacillus_GCA_900117315.1_spacer_27	total_phage_254	86.364	22	3	0	4	25	11524	11503	0.76	26.9
Bacillus_GCA_900117315.1_spacer_27	total_phage_242	78.571	28	6	0	1	28	5105	5078	0.76	26.9
Bacillus_GCA_900117315.1_spacer_28	virome_phage_736	90.000	20	2	0	6	25	40947	40966	0.76	26.9
Bacillus_GCA_900117315.1_spacer_29	virome_phage_2275	79.310	29	6	0	2	30	43178	43150	0.25	28.5
Bacillus_GCA_900117315.1_spacer_29	virome_phage_2272	86.364	22	3	0	5	26	79836	79815	0.76	26.9
Bacillus_GCA_900117315.1_spacer_29	total_phage_604	94.444	18	1	0	8	25	3638	3621	0.76	26.9
Bacillus_GCA_900117315.1_spacer_29	total_phage_604	80.769	26	5	0	5	30	8221	8246	0.76	26.9
Bacillus_GCA_900117315.1_spacer_29	total_phage_524	94.444	18	1	0	8	25	9077	9060	0.76	26.9
Bacillus_GCA_900117315.1_spacer_30	total_phage_927	100.000	16	0	0	1	16	263977	263962	0.76	26.9
Bacillus_GCA_900117315.1_spacer_30	total_phage_5	90.000	20	2	0	6	25	4582	4563	0.76	26.9
Bacillus_GCA_900117315.1_spacer_30	virome_phage_832	80.769	26	5	0	5	30	20988	21013	0.76	26.9
Bacillus_GCA_900117315.1_spacer_30	virome_phage_790	86.364	22	3	0	5	26	22837	22858	0.76	26.9
Bacillus_GCA_900117315.1_spacer_30	virome_phage_767	83.333	24	4	0	7	30	18065	18088	0.76	26.9
Bacillus_GCA_900117315.1_spacer_31	virome_phage_759	86.957	23	3	0	4	26	45734	45712	0.25	28.5
Bacillus_GCA_900117315.1_spacer_31	virome_phage_19	84.000	25	4	0	4	28	8442	8466	0.25	28.5
Bacillus_GCA_900117315.1_spacer_31	virome_phage_750	80.769	26	5	0	4	29	69897	69872	0.76	26.9
Bacillus_GCA_900117315.1_spacer_31	virome_phage_2298	78.571	28	6	0	1	28	15250	15223	0.76	26.9
Bacillus_GCA_900117315.1_spacer_31	virome_phage_2298	86.364	22	3	0	1	22	16406	16427	0.76	26.9
Bacillus_GCA_900117315.1_spacer_31	total_phage_363	80.769	26	5	0	4	29	29443	29418	0.76	26.9
Bacillus_GCA_900117315.1_spacer_31	virome_phage_734	80.769	26	5	0	5	30	2541	2566	0.76	26.9
Bacillus_GCA_900117315.1_spacer_31	virome_phage_2275	78.571	28	6	0	2	29	60126	60153	0.76	26.9
Bacillus_GCA_900117315.1_spacer_31	virome_phage_2269	80.769	26	5	0	3	28	224426	224451	0.76	26.9
Bacillus_GCA_900117315.1_spacer_31	total_phage_232	80.769	26	5	0	3	28	21492	21517	0.76	26.9
Bacillus_GCA_900117315.1_spacer_32	total_phage_417	86.364	22	3	0	9	30	4170	4149	0.76	26.9
Bacillus_GCA_900117315.1_spacer_32	total_phage_308	86.364	22	3	0	9	30	4110	4089	0.76	26.9
Bacillus_GCA_900117315.1_spacer_32	total_phage_294	86.364	22	3	0	9	30	29003	28982	0.76	26.9
Bacillus_GCA_900117315.1_spacer_33	virome_phage_787	87.500	24	3	0	7	30	43783	43806	0.084	30.1
Bacillus_GCA_900117315.1_spacer_33	virome_phage_748	82.143	28	5	0	1	28	14415	14388	0.084	30.1
Bacillus_GCA_900117315.1_spacer_33	virome_phage_734	100.000	16	0	0	12	27	262963	262948	0.76	26.9
Bacillus_GCA_900117315.1_spacer_33	total_phage_417	90.000	20	2	0	6	25	23492	23511	0.76	26.9
Bacillus_GCA_900117315.1_spacer_33	total_phage_358	78.571	28	6	0	3	30	27335	27308	0.76	26.9
Bacillus_GCA_900117315.1_spacer_34	virome_phage_2255	100.000	17	0	0	12	28	15554	15538	0.25	28.5
Bacillus_GCA_900117315.1_spacer_34	virome_phage_844	86.364	22	3	0	3	24	27880	27901	0.76	26.9
Bacillus_GCA_900117315.1_spacer_35	virome_phage_2280	94.444	18	1	0	8	25	16263	16280	0.76	26.9
Bacillus_GCA_900117315.1_spacer_36	virome_phage_735	100.000	16	0	0	3	18	149803	149818	0.76	26.9
Bacillus_GCA_900117315.1_spacer_37	virome_phage_747	90.000	20	2	0	5	24	6010	6029	0.76	26.9
Bacillus_GCA_900117315.1_spacer_38	total_phage_795	80.769	26	5	0	1	26	22656	22631	0.76	26.9
Bacillus_GCA_900117315.1_spacer_39	virome_phage_789	90.000	20	2	0	3	22	17594	17613	0.76	26.9
Bacillus_GCA_900117315.1_spacer_40	virome_phage_142	84.615	26	4	0	2	27	16147	16172	0.084	30.1
Bacillus_GCA_900117315.1_spacer_40	total_phage_727	78.571	28	6	0	1	28	15193	15166	0.76	26.9
Bacillus_GCA_900117315.1_spacer_40	total_phage_518	78.571	28	6	0	1	28	27403	27376	0.76	26.9
Bacillus_GCA_900117315.1_spacer_42	virome_phage_955	86.364	22	3	0	6	27	5342	5321	0.76	26.9
Bacillus_GCA_900117315.1_spacer_42	virome_phage_798	100.000	16	0	0	6	21	16581	16566	0.76	26.9
Bacillus_GCA_900117315.1_spacer_42	virome_phage_2398	86.364	22	3	0	6	27	5291	5270	0.76	26.9
Bacillus_GCA_900117315.1_spacer_42	total_phage_113	100.000	16	0	0	6	21	51154	51139	0.76	26.9
Bacillus_GCA_900117315.1_spacer_42	virome_phage_51	90.000	20	2	0	4	23	6415	6434	0.76	26.9
Bacillus_GCA_900117315.1_spacer_43	virome_phage_955	86.364	22	3	0	6	27	5342	5321	0.76	26.9
Bacillus_GCA_900117315.1_spacer_43	virome_phage_798	100.000	16	0	0	6	21	16581	16566	0.76	26.9
Bacillus_GCA_900117315.1_spacer_43	virome_phage_2398	86.364	22	3	0	6	27	5291	5270	0.76	26.9
Bacillus_GCA_900117315.1_spacer_43	total_phage_113	100.000	16	0	0	6	21	51154	51139	0.76	26.9
Bacillus_GCA_900117315.1_spacer_43	virome_phage_51	90.000	20	2	0	4	23	6415	6434	0.76	26.9
Bacillus_GCA_900117315.1_spacer_44	virome_phage_743	82.143	28	5	0	1	28	26492	26519	0.084	30.1
Bacillus_GCA_900117315.1_spacer_45	total_phage_92	80.769	26	5	0	4	29	156744	156719	0.76	26.9
Bacillus_GCA_900117315.1_spacer_45	virome_phage_2314	83.333	24	4	0	2	25	32189	32212	0.76	26.9
Bacillus_GCA_900117315.1_spacer_46	total_phage_609	90.000	20	2	0	5	24	8407	8426	0.76	26.9
Bacillus_GCA_900117315.1_spacer_47	virome_phage_804	83.333	24	4	0	6	29	6463	6486	0.76	26.9
Bacillus_GCA_900117315.1_spacer_47	total_phage_725	100.000	16	0	0	8	23	11864	11879	0.76	26.9
Bacillus_GCA_900117315.1_spacer_47	virome_phage_18	90.000	20	2	0	7	26	41644	41625	0.76	26.9
Bacillus_GCA_900117315.1_spacer_47	total_phage_730	83.333	24	4	0	1	24	143228	143205	0.76	26.9
Bacillus_GCA_900117315.1_spacer_48	virome_phage_848	90.476	21	2	0	2	22	13395	13375	0.25	28.5
Bacillus_GCA_900117315.1_spacer_48	virome_phage_746	84.000	25	4	0	6	30	44033	44057	0.25	28.5
Bacillus_GCA_900117315.1_spacer_48	virome_phage_740	86.957	23	3	0	1	23	36169	36191	0.25	28.5
Bacillus_GCA_900117315.1_spacer_48	virome_phage_21	86.957	23	3	0	1	23	490	468	0.25	28.5
Bacillus_GCA_900117315.1_spacer_48	total_phage_2	100.000	17	0	0	13	29	13266	13250	0.25	28.5
Bacillus_GCA_900117315.1_spacer_48	virome_phage_893	94.444	18	1	0	12	29	22584	22601	0.76	26.9
Bacillus_GCA_900117315.1_spacer_48	virome_phage_2335	83.333	24	4	0	1	24	237	214	0.76	26.9
Bacillus_GCA_900117315.1_spacer_49	virome_phage_925	83.333	24	4	0	7	30	4136	4159	0.76	26.9
Bacillus_GCA_900117315.1_spacer_50	virome_phage_855	78.571	28	6	0	3	30	21586	21613	0.76	26.9
Bacillus_GCA_900117315.1_spacer_50	virome_phage_2270	90.000	20	2	0	2	21	62071	62052	0.76	26.9
Bacillus_GCA_900117315.1_spacer_50	total_phage_308	94.444	18	1	0	10	27	19814	19797	0.76	26.9
Bacillus_GCA_900117315.1_spacer_51	virome_phage_739	81.481	27	5	0	4	30	125486	125460	0.25	28.5
Bacillus_GCA_900117315.1_spacer_51	total_phage_791	94.444	18	1	0	10	27	5748	5765	0.76	26.9
Bacillus_GCA_900117315.1_spacer_52	virome_phage_789	94.737	19	1	0	5	23	31430	31412	0.25	28.5
Bacillus_GCA_900117315.1_spacer_52	virome_phage_16	100.000	16	0	0	15	30	34694	34709	0.76	26.9
Bacillus_GCA_900117315.1_spacer_52	total_phage_231	83.333	24	4	0	1	24	61714	61737	0.76	26.9
Bacillus_GCA_900117315.1_spacer_52	virome_phage_752	94.444	18	1	0	7	24	23525	23508	0.76	26.9
Bacillus_GCA_900117315.1_spacer_52	virome_phage_2275	90.000	20	2	0	8	27	35677	35658	0.76	26.9
Bacillus_GCA_900117315.1_spacer_53	virome_phage_19	78.571	28	6	0	3	30	22243	22216	0.76	26.9
Bacillus_GCA_900117315.1_spacer_54	virome_phage_862	83.333	24	4	0	1	24	20614	20637	0.76	26.9
Bacillus_GCA_900117315.1_spacer_55	virome_phage_752	84.000	25	4	0	3	27	67675	67651	0.25	28.5
Bacillus_GCA_900117315.1_spacer_55	virome_phage_817	100.000	16	0	0	16	31	18270	18285	0.76	26.9
Bacillus_GCA_900117315.1_spacer_55	virome_phage_738	76.667	30	7	0	3	32	37355	37326	0.76	26.9
Bacillus_GCA_900117315.1_spacer_55	virome_phage_736	90.000	20	2	0	11	30	104079	104098	0.76	26.9
Bacillus_GCA_900117315.1_spacer_56	virome_phage_764	81.481	27	5	0	1	27	14612	14586	0.25	28.5
Bacillus_GCA_900117315.1_spacer_56	virome_phage_87	94.737	19	1	0	6	24	18965	18983	0.25	28.5
Bacillus_GCA_900117315.1_spacer_56	total_phage_414	86.957	23	3	0	6	28	7789	7811	0.25	28.5
Bacillus_GCA_900117315.1_spacer_56	virome_phage_92	94.444	18	1	0	4	21	3014	2997	0.76	26.9
Bacillus_GCA_900117315.1_spacer_56	virome_phage_852	86.364	22	3	0	7	28	449	428	0.76	26.9
Bacillus_GCA_900117315.1_spacer_56	virome_phage_736	83.333	24	4	0	1	24	168835	168858	0.76	26.9
Bacillus_GCA_900117315.1_spacer_56	virome_phage_2303	94.444	18	1	0	11	28	938	955	0.76	26.9
Bacillus_GCA_900117315.1_spacer_56	virome_phage_2294	94.444	18	1	0	4	21	22777	22794	0.76	26.9
Bacillus_GCA_900117315.1_spacer_56	total_phage_233	94.444	18	1	0	11	28	72221	72238	0.76	26.9
Bacillus_GCA_900117315.1_spacer_57	virome_phage_832	81.481	27	5	0	2	28	7931	7957	0.25	28.5
Bacillus_GCA_900117315.1_spacer_58	virome_phage_768	90.000	20	2	0	7	26	6372	6391	0.76	26.9
Bacillus_GCA_900117315.1_spacer_58	virome_phage_63	90.000	20	2	0	8	27	3916	3935	0.76	26.9
Bacillus_GCA_900117315.1_spacer_58	total_phage_98	86.364	22	3	0	10	31	26413	26434	0.76	26.9
Bacillus_GCA_900117315.1_spacer_58	total_phage_782	86.364	22	3	0	10	31	24147	24168	0.76	26.9
Bacillus_GCA_900117315.1_spacer_60	virome_phage_9	87.500	24	3	0	3	26	61788	61811	0.084	30.1
Bacillus_GCA_900117315.1_spacer_60	virome_phage_828	82.143	28	5	0	1	28	30807	30780	0.084	30.1
Bacillus_GCA_900117315.1_spacer_60	virome_phage_785	82.143	28	5	0	1	28	31593	31566	0.084	30.1
Bacillus_GCA_900117315.1_spacer_60	virome_phage_2298	82.143	28	5	0	1	28	30650	30623	0.084	30.1
Bacillus_GCA_900117315.1_spacer_60	virome_phage_735	94.444	18	1	0	8	25	201625	201642	0.76	26.9
Bacillus_GCA_900117315.1_spacer_60	virome_phage_35	83.333	24	4	0	3	26	47791	47768	0.76	26.9
Bacillus_GCA_900117315.1_spacer_60	virome_phage_2293	83.333	24	4	0	3	26	43387	43410	0.76	26.9
Bacillus_GCA_900117315.1_spacer_60	virome_phage_2270	90.000	20	2	0	2	21	25871	25852	0.76	26.9
Bacillus_GCA_900117315.1_spacer_61	virome_phage_65	84.000	25	4	0	3	27	30541	30565	0.25	28.5
Bacillus_GCA_900117315.1_spacer_61	total_phage_793	84.000	25	4	0	5	29	23739	23763	0.25	28.5
Bacillus_GCA_900117315.1_spacer_61	virome_phage_890	84.000	25	4	0	3	27	9921	9897	0.25	28.5
Bacillus_GCA_900117315.1_spacer_61	virome_phage_857	86.957	23	3	0	8	30	18842	18820	0.25	28.5
Bacillus_GCA_900117315.1_spacer_61	total_phage_604	94.444	18	1	0	11	28	6608	6625	0.76	26.9
Bacillus_GCA_900117315.1_spacer_61	virome_phage_863	90.000	20	2	0	2	21	2118	2099	0.76	26.9
Bacillus_GCA_900117315.1_spacer_61	virome_phage_745	94.444	18	1	0	10	27	65184	65167	0.76	26.9
Bacillus_GCA_900117315.1_spacer_61	total_phage_413	86.364	22	3	0	6	27	86848	86827	0.76	26.9
Bacillus_GCA_900117315.1_spacer_61	total_phage_1	86.364	22	3	0	3	24	7835	7814	0.76	26.9
Bacillus_GCA_900117315.1_spacer_62	virome_phage_2254	88.889	27	3	0	4	30	120213	120187	0.003	34.9
Bacillus_GCA_900117315.1_spacer_62	total_phage_500	88.889	27	3	0	4	30	6625	6651	0.003	34.9
Bacillus_GCA_900117315.1_spacer_62	virome_phage_734	94.737	19	1	0	12	30	325460	325442	0.25	28.5
Bacillus_GCA_900117315.1_spacer_62	virome_phage_734	94.444	18	1	0	9	26	74770	74787	0.76	26.9
Bacillus_GCA_900117315.1_spacer_62	virome_phage_83	86.364	22	3	0	8	29	5617	5596	0.76	26.9
Bacillus_GCA_900117315.1_spacer_62	virome_phage_776	90.000	20	2	0	11	30	33083	33064	0.76	26.9
Bacillus_GCA_900117315.1_spacer_62	virome_phage_742	78.571	28	6	0	3	30	47002	46975	0.76	26.9
Bacillus_GCA_900117315.1_spacer_62	total_phage_92	90.000	20	2	0	8	27	99225	99206	0.76	26.9
Bacillus_GCA_900117315.1_spacer_62	total_phage_188	78.571	28	6	0	1	28	34101	34074	0.76	26.9
Bacillus_GCA_900117315.1_spacer_62	virome_phage_764	94.444	18	1	0	13	30	29005	29022	0.76	26.9
Bacillus_GCA_900117315.1_spacer_62	virome_phage_738	86.364	22	3	0	2	23	131322	131343	0.76	26.9
Bacillus_GCA_900117315.1_spacer_62	total_phage_11	76.667	30	7	0	1	30	7134	7163	0.76	26.9
Bacillus_GCA_900117315.1_spacer_63	virome_phage_16	79.310	29	6	0	1	29	68513	68541	0.25	28.5
Bacillus_GCA_900117315.1_spacer_63	virome_phage_795	86.364	22	3	0	3	24	10917	10896	0.76	26.9
Bacillus_GCA_900117315.1_spacer_63	total_phage_232	83.333	24	4	0	1	24	26731	26708	0.76	26.9
Bacillus_GCA_900117315.1_spacer_64	virome_phage_1109	95.238	21	1	0	6	26	6353	6333	0.028	31.7
Bacillus_GCA_900117315.1_spacer_64	virome_phage_1	80.769	26	5	0	3	28	179380	179355	0.76	26.9
Bacillus_GCA_900117315.1_spacer_64	total_phage_664	86.364	22	3	0	1	22	21031	21010	0.76	26.9
Bacillus_GCA_900117315.1_spacer_64	total_phage_663	90.000	20	2	0	2	21	17103	17084	0.76	26.9
Bacillus_GCA_900117315.1_spacer_64	total_phage_637	90.000	20	2	0	2	21	13837	13818	0.76	26.9
Bacillus_GCA_900117315.1_spacer_65	virome_phage_864	81.481	27	5	0	1	27	18930	18904	0.25	28.5
Bacillus_GCA_900117315.1_spacer_65	virome_phage_2411	84.000	25	4	0	1	25	3554	3578	0.25	28.5
Bacillus_GCA_900117315.1_spacer_65	virome_phage_176	84.000	25	4	0	1	25	3455	3479	0.25	28.5
Bacillus_GCA_900117315.1_spacer_65	virome_phage_91	86.364	22	3	0	2	23	17591	17570	0.76	26.9
Bacillus_GCA_900117315.1_spacer_65	virome_phage_2254	94.444	18	1	0	2	19	103644	103627	0.76	26.9
Bacillus_GCA_900117315.1_spacer_65	virome_phage_771	94.444	18	1	0	1	18	8555	8572	0.76	26.9
Bacillus_GCA_900117315.1_spacer_65	virome_phage_62	83.333	24	4	0	2	25	33461	33484	0.76	26.9
Bacillus_GCA_900117315.1_spacer_65	virome_phage_4	80.769	26	5	0	4	29	97770	97795	0.76	26.9
Bacillus_GCA_900117315.1_spacer_65	total_phage_797	86.364	22	3	0	2	23	3331	3352	0.76	26.9
Bacillus_GCA_900117315.1_spacer_65	total_phage_500	94.444	18	1	0	2	19	22795	22812	0.76	26.9
Bacillus_GCA_900117315.1_spacer_66	virome_phage_742	86.364	22	3	0	2	23	65287	65308	0.76	26.9
Bacillus_GCA_900117315.1_spacer_67	virome_phage_742	86.364	22	3	0	2	23	65287	65308	0.76	26.9
Bacillus_GCA_900117315.1_spacer_68	total_phage_604	82.143	28	5	0	1	28	8161	8188	0.084	30.1
Bacillus_GCA_900117315.1_spacer_68	virome_phage_7	81.481	27	5	0	3	29	54016	54042	0.25	28.5
Bacillus_GCA_900117315.1_spacer_68	total_phage_934	90.476	21	2	0	5	25	3543	3563	0.25	28.5
Bacillus_GCA_900117315.1_spacer_68	virome_phage_826	79.310	29	6	0	1	29	19930	19902	0.25	28.5
Bacillus_GCA_900117315.1_spacer_68	virome_phage_69	79.310	29	6	0	2	30	6106	6078	0.25	28.5
Bacillus_GCA_900117315.1_spacer_68	virome_phage_2335	100.000	16	0	0	8	23	16209	16224	0.76	26.9
Bacillus_GCA_900117315.1_spacer_68	total_phage_730	86.364	22	3	0	3	24	57325	57346	0.76	26.9
Bacillus_GCA_900117315.1_spacer_68	virome_phage_876	83.333	24	4	0	1	24	21821	21798	0.76	26.9
Bacillus_GCA_900117315.1_spacer_68	virome_phage_2353	80.769	26	5	0	4	29	15395	15370	0.76	26.9
Bacillus_GCA_900117315.1_spacer_68	virome_phage_2280	83.333	24	4	0	2	25	16255	16232	0.76	26.9
Bacillus_GCA_900117315.1_spacer_68	total_phage_731	100.000	16	0	0	13	28	119581	119566	0.76	26.9
Bacillus_GCA_900117315.1_spacer_69	total_phage_934	86.364	22	3	0	7	28	18662	18641	0.76	26.9
Bacillus_GCA_900117315.1_spacer_69	virome_phage_748	90.000	20	2	0	4	23	56251	56270	0.76	26.9
Bacillus_GCA_900117315.1_spacer_70	virome_phage_769	80.769	26	5	0	5	30	10366	10391	0.76	26.9
Bacillus_GCA_900117315.1_spacer_70	virome_phage_769	90.000	20	2	0	11	30	37275	37294	0.76	26.9
Bacillus_GCA_900117315.1_spacer_70	virome_phage_2290	80.769	26	5	0	5	30	17525	17550	0.76	26.9
Bacillus_GCA_900117315.1_spacer_71	virome_phage_2308	100.000	16	0	0	3	18	38370	38385	0.76	26.9
Bacillus_GCA_900117315.1_spacer_71	virome_phage_2291	80.769	26	5	0	5	30	46574	46599	0.76	26.9
Bacillus_GCA_900117315.1_spacer_71	total_phage_735	86.364	22	3	0	1	22	21582	21603	0.76	26.9
Bacillus_GCA_900117315.1_spacer_71	virome_phage_839	86.364	22	3	0	1	22	19647	19626	0.76	26.9
Bacillus_GCA_900117315.1_spacer_72	virome_phage_855	86.957	23	3	0	8	30	9468	9490	0.25	28.5
Bacillus_GCA_900117315.1_spacer_72	virome_phage_798	94.737	19	1	0	8	26	31945	31963	0.25	28.5
Bacillus_GCA_900117315.1_spacer_72	total_phage_113	94.737	19	1	0	8	26	25363	25381	0.25	28.5
Bacillus_GCA_900117315.1_spacer_72	virome_phage_939	100.000	16	0	0	9	24	10948	10933	0.76	26.9
Bacillus_GCA_900117315.1_spacer_72	virome_phage_743	94.444	18	1	0	8	25	82721	82704	0.76	26.9
Bacillus_GCA_900117315.1_spacer_72	virome_phage_2304	78.571	28	6	0	1	28	11541	11514	0.76	26.9
Bacillus_GCA_900117315.1_spacer_72	virome_phage_779	100.000	16	0	0	9	24	34293	34308	0.76	26.9
Bacillus_GCA_900117315.1_spacer_72	virome_phage_751	90.000	20	2	0	9	28	64675	64694	0.76	26.9
Bacillus_GCA_900117315.1_spacer_72	virome_phage_1	83.333	24	4	0	1	24	65064	65087	0.76	26.9
Bacillus_GCA_900117315.1_spacer_73	virome_phage_855	86.364	22	3	0	7	28	21761	21782	0.76	26.9
Bacillus_GCA_900117315.1_spacer_73	virome_phage_2269	90.000	20	2	0	4	23	159328	159347	0.76	26.9
Bacillus_GCA_900117315.1_spacer_73	virome_phage_17	83.333	24	4	0	3	26	65793	65816	0.76	26.9
Bacillus_GCA_900117315.1_spacer_74	virome_phage_844	84.000	25	4	0	3	27	27021	27045	0.25	28.5
Bacillus_GCA_900117315.1_spacer_75	total_phage_663	95.000	20	1	0	7	26	4246	4265	0.084	30.1
Bacillus_GCA_900117315.1_spacer_75	total_phage_637	95.000	20	1	0	7	26	932	951	0.084	30.1
Bacillus_GCA_900117315.1_spacer_75	total_phage_413	87.500	24	3	0	1	24	116996	116973	0.084	30.1
Bacillus_GCA_900117315.1_spacer_75	virome_phage_903	81.481	27	5	0	1	27	3905	3931	0.25	28.5
Bacillus_GCA_900117315.1_spacer_75	virome_phage_828	84.000	25	4	0	5	29	24084	24108	0.25	28.5
Bacillus_GCA_900117315.1_spacer_75	virome_phage_144	84.000	25	4	0	5	29	17024	17000	0.25	28.5
Bacillus_GCA_900117315.1_spacer_75	total_phage_730	90.476	21	2	0	3	23	44432	44412	0.25	28.5
Bacillus_GCA_900117315.1_spacer_75	virome_phage_908	80.769	26	5	0	6	31	12343	12318	0.76	26.9
Bacillus_GCA_900117315.1_spacer_75	virome_phage_899	90.000	20	2	0	7	26	2234	2215	0.76	26.9
Bacillus_GCA_900117315.1_spacer_75	virome_phage_884	80.769	26	5	0	1	26	1008	983	0.76	26.9
Bacillus_GCA_900117315.1_spacer_75	virome_phage_878	83.333	24	4	0	1	24	19516	19493	0.76	26.9
Bacillus_GCA_900117315.1_spacer_75	virome_phage_824	94.444	18	1	0	1	18	3589	3606	0.76	26.9
Bacillus_GCA_900117315.1_spacer_75	virome_phage_8	83.333	24	4	0	8	31	55174	55197	0.76	26.9
Bacillus_GCA_900117315.1_spacer_75	virome_phage_759	80.769	26	5	0	1	26	37038	37063	0.76	26.9
Bacillus_GCA_900117315.1_spacer_75	virome_phage_751	83.333	24	4	0	2	25	24323	24346	0.76	26.9
Bacillus_GCA_900117315.1_spacer_75	virome_phage_745	90.000	20	2	0	11	30	17523	17542	0.76	26.9
Bacillus_GCA_900117315.1_spacer_75	virome_phage_744	86.364	22	3	0	5	26	55872	55851	0.76	26.9
Bacillus_GCA_900117315.1_spacer_75	virome_phage_34	86.364	22	3	0	9	30	24825	24804	0.76	26.9
Bacillus_GCA_900117315.1_spacer_75	virome_phage_3	90.000	20	2	0	12	31	87093	87074	0.76	26.9
Bacillus_GCA_900117315.1_spacer_75	virome_phage_2342	78.571	28	6	0	4	31	14112	14139	0.76	26.9
Bacillus_GCA_900117315.1_spacer_75	virome_phage_181	90.000	20	2	0	5	24	10913	10932	0.76	26.9
Bacillus_GCA_900117315.1_spacer_75	virome_phage_14	90.000	20	2	0	11	30	65351	65370	0.76	26.9
Bacillus_GCA_900117315.1_spacer_75	virome_phage_14	86.364	22	3	0	10	31	67507	67528	0.76	26.9
Bacillus_GCA_900117315.1_spacer_75	virome_phage_10	86.364	22	3	0	10	31	96898	96877	0.76	26.9
Bacillus_GCA_900117315.1_spacer_75	total_phage_929	86.364	22	3	0	2	23	16451	16430	0.76	26.9
Bacillus_GCA_900117315.1_spacer_75	total_phage_417	100.000	16	0	0	7	22	13248	13263	0.76	26.9
Bacillus_GCA_900117315.1_spacer_75	total_phage_18	90.000	20	2	0	5	24	11015	11034	0.76	26.9
Bacillus_GCA_900117315.1_spacer_76	virome_phage_735	86.957	23	3	0	4	26	163687	163665	0.25	28.5
