Bacillus_GCA_021655315.1_spacer_0	virome_phage_2325	95.000	20	1	0	5	24	7540	7559	0.42	30.1
Bacillus_GCA_021655315.1_spacer_0	total_phage_729	82.143	28	5	0	11	38	140509	140482	0.42	30.1
Bacillus_GCA_021655315.1_spacer_0	total_phage_360	78.125	32	7	0	21	52	192	161	0.42	30.1
Bacillus_GCA_021655315.1_spacer_1	total_phage_729	77.143	35	8	0	2	36	32290	32324	0.11	31.7
Bacillus_GCA_021655315.1_spacer_2	virome_phage_83	79.412	34	7	0	6	39	8993	9026	0.051	33.3
Bacillus_GCA_021655315.1_spacer_2	total_phage_925	79.412	34	7	0	6	39	12750	12717	0.051	33.3
Bacillus_GCA_021655315.1_spacer_2	virome_phage_807	91.304	23	2	0	13	35	13639	13617	0.15	31.7
Bacillus_GCA_021655315.1_spacer_3	total_phage_242	85.185	27	4	0	16	42	14892	14918	0.13	31.7
Bacillus_GCA_021655315.1_spacer_3	virome_phage_280	69.565	46	14	0	3	48	4681	4726	0.38	30.1
Bacillus_GCA_021655315.1_spacer_3	virome_phage_2496	69.565	46	14	0	3	48	4793	4838	0.38	30.1
Bacillus_GCA_021655315.1_spacer_3	virome_phage_2275	84.615	26	4	0	25	50	50187	50162	0.38	30.1
Bacillus_GCA_021655315.1_spacer_3	total_phage_731	75.000	36	9	0	1	36	40869	40834	0.38	30.1
Bacillus_GCA_021655315.1_spacer_3	total_phage_415	76.471	34	8	0	8	41	5822	5789	0.38	30.1
Bacillus_GCA_021655315.1_spacer_4	total_phage_803	78.125	32	7	0	1	32	2957	2988	0.34	30.1
Bacillus_GCA_021655315.1_spacer_5	virome_phage_2297	78.125	32	7	0	11	42	38280	38249	0.34	30.1
Bacillus_GCA_021655315.1_spacer_5	virome_phage_858	78.125	32	7	0	11	42	20987	21018	0.34	30.1
