Bacillus_GCF_002551815.1_spacer_0	virome_phage_116	87.500	24	3	0	13	36	14133	14110	0.15	30.1
Bacillus_GCF_002551815.1_spacer_0	virome_phage_752	81.481	27	5	0	7	33	4418	4444	0.44	28.5
Bacillus_GCF_002551815.1_spacer_0	total_phage_930	90.476	21	2	0	15	35	17537	17557	0.44	28.5
Bacillus_GCF_002551815.1_spacer_1	total_phage_306	82.759	29	5	0	1	29	22003	22031	0.042	31.7
Bacillus_GCF_002551815.1_spacer_1	virome_phage_736	81.481	27	5	0	7	33	170316	170290	0.38	28.5
Bacillus_GCF_002551815.1_spacer_2	virome_phage_2325	94.737	19	1	0	14	32	20636	20618	0.38	28.5
Bacillus_GCF_002551815.1_spacer_3	virome_phage_2235	78.125	32	7	0	6	37	9589	9620	0.15	30.1
Bacillus_GCF_002551815.1_spacer_5	total_phage_232	87.500	24	3	0	1	24	79188	79165	0.13	30.1
Bacillus_GCF_002551815.1_spacer_6	virome_phage_884	80.000	35	7	0	1	35	24874	24840	0.005	34.9
Bacillus_GCF_002551815.1_spacer_6	virome_phage_64	87.500	24	3	0	13	36	5235	5212	0.13	30.1
Bacillus_GCF_002551815.1_spacer_6	virome_phage_2260	90.909	22	2	0	2	23	4110	4089	0.13	30.1
Bacillus_GCF_002551815.1_spacer_6	virome_phage_2312	87.500	24	3	0	11	34	10835	10858	0.13	30.1
Bacillus_GCF_002551815.1_spacer_6	virome_phage_2270	82.143	28	5	0	1	28	58153	58180	0.13	30.1
Bacillus_GCF_002551815.1_spacer_6	virome_phage_850	90.476	21	2	0	13	33	22856	22836	0.38	28.5
Bacillus_GCF_002551815.1_spacer_6	virome_phage_33	90.476	21	2	0	16	36	19602	19582	0.38	28.5
Bacillus_GCF_002551815.1_spacer_6	virome_phage_817	90.476	21	2	0	16	36	31228	31248	0.38	28.5
Bacillus_GCF_002551815.1_spacer_7	virome_phage_746	79.310	29	6	0	4	32	51020	51048	0.38	28.5
Bacillus_GCF_002551815.1_spacer_7	virome_phage_33	90.476	21	2	0	15	35	22552	22532	0.38	28.5
Bacillus_GCF_002551815.1_spacer_8	total_phage_114	84.000	25	4	0	3	27	553	577	0.38	28.5
Bacillus_GCF_002551815.1_spacer_8	total_phage_8	94.737	19	1	0	1	19	10406	10388	0.38	28.5
Bacillus_GCF_002551815.1_spacer_9	virome_phage_1082	95.000	20	1	0	5	24	11692	11711	0.17	30.1
