Bacillus_GCA_900197585.1_spacer_0	total_phage_666	90.909	22	2	0	9	30	17956	17977	0.10	30.1
Bacillus_GCA_900197585.1_spacer_0	total_phage_639	90.909	22	2	0	9	30	6065	6044	0.10	30.1
Bacillus_GCA_900197585.1_spacer_0	virome_phage_765	100.000	16	0	0	2	17	5303	5288	0.94	26.9
Bacillus_GCA_900197585.1_spacer_0	total_phage_95	80.769	26	5	0	1	26	20804	20829	0.94	26.9
Bacillus_GCA_900197585.1_spacer_0	total_phage_95	83.333	24	4	0	8	31	44697	44674	0.94	26.9
Bacillus_GCA_900197585.1_spacer_0	total_phage_930	86.364	22	3	0	11	32	5667	5646	0.94	26.9
Bacillus_GCA_900197585.1_spacer_0	total_phage_782	86.364	22	3	0	11	32	24045	24066	0.94	26.9
Bacillus_GCA_900197585.1_spacer_0	total_phage_231	78.571	28	6	0	4	31	21695	21722	0.94	26.9
Bacillus_GCA_900197585.1_spacer_1	virome_phage_847	90.476	21	2	0	10	30	18116	18096	0.31	28.5
Bacillus_GCA_900197585.1_spacer_1	virome_phage_1	84.000	25	4	0	4	28	192605	192581	0.31	28.5
Bacillus_GCA_900197585.1_spacer_1	virome_phage_2	94.444	18	1	0	16	33	119885	119902	0.94	26.9
Bacillus_GCA_900197585.1_spacer_1	virome_phage_97	76.667	30	7	0	4	33	2233	2204	0.94	26.9
Bacillus_GCA_900197585.1_spacer_1	virome_phage_843	90.000	20	2	0	15	34	21607	21588	0.94	26.9
Bacillus_GCA_900197585.1_spacer_1	virome_phage_70	100.000	16	0	0	19	34	2293	2278	0.94	26.9
Bacillus_GCA_900197585.1_spacer_1	total_phage_366	90.000	20	2	0	1	20	23401	23382	0.94	26.9
Bacillus_GCA_900197585.1_spacer_2	total_phage_232	78.125	32	7	0	2	33	76959	76990	0.10	30.1
Bacillus_GCA_900197585.1_spacer_2	virome_phage_829	79.310	29	6	0	2	30	16358	16386	0.31	28.5
Bacillus_GCA_900197585.1_spacer_2	total_phage_729	84.000	25	4	0	10	34	80078	80102	0.31	28.5
Bacillus_GCA_900197585.1_spacer_2	virome_phage_70	79.310	29	6	0	5	33	844	816	0.31	28.5
Bacillus_GCA_900197585.1_spacer_2	virome_phage_4	83.333	24	4	0	1	24	104332	104355	0.94	26.9
Bacillus_GCA_900197585.1_spacer_2	virome_phage_2254	86.364	22	3	0	2	23	31486	31507	0.94	26.9
Bacillus_GCA_900197585.1_spacer_2	virome_phage_2238	86.364	22	3	0	2	23	13001	13022	0.94	26.9
Bacillus_GCA_900197585.1_spacer_2	virome_phage_738	83.333	24	4	0	1	24	137598	137575	0.94	26.9
Bacillus_GCA_900197585.1_spacer_3	virome_phage_35	84.000	25	4	0	7	31	41356	41332	0.31	28.5
Bacillus_GCA_900197585.1_spacer_3	virome_phage_2272	86.364	22	3	0	10	31	79581	79602	0.94	26.9
Bacillus_GCA_900197585.1_spacer_3	virome_phage_11	94.444	18	1	0	5	22	7814	7831	0.94	26.9
Bacillus_GCA_900197585.1_spacer_4	total_phage_245	92.000	25	2	0	6	30	6574	6598	0.004	34.9
Bacillus_GCA_900197585.1_spacer_4	total_phage_731	84.615	26	4	0	3	28	133533	133558	0.10	30.1
Bacillus_GCA_900197585.1_spacer_4	total_phage_731	80.769	26	5	0	1	26	117591	117616	0.94	26.9
Bacillus_GCA_900197585.1_spacer_4	virome_phage_878	84.615	26	4	0	2	27	12998	12973	0.10	30.1
Bacillus_GCA_900197585.1_spacer_4	total_phage_524	87.500	24	3	0	4	27	30200	30177	0.10	30.1
Bacillus_GCA_900197585.1_spacer_4	total_phage_117	90.909	22	2	0	6	27	25293	25272	0.10	30.1
Bacillus_GCA_900197585.1_spacer_4	virome_phage_738	77.419	31	7	0	2	32	61860	61890	0.31	28.5
Bacillus_GCA_900197585.1_spacer_4	virome_phage_4	77.419	31	7	0	2	32	35046	35016	0.31	28.5
Bacillus_GCA_900197585.1_spacer_4	virome_phage_851	80.769	26	5	0	2	27	2043	2068	0.94	26.9
Bacillus_GCA_900197585.1_spacer_4	virome_phage_843	100.000	16	0	0	3	18	17950	17965	0.94	26.9
Bacillus_GCA_900197585.1_spacer_4	virome_phage_8	90.000	20	2	0	15	34	79878	79897	0.94	26.9
Bacillus_GCA_900197585.1_spacer_4	virome_phage_734	94.444	18	1	0	14	31	23958	23975	0.94	26.9
Bacillus_GCA_900197585.1_spacer_4	virome_phage_734	76.667	30	7	0	2	31	217717	217746	0.94	26.9
Bacillus_GCA_900197585.1_spacer_4	virome_phage_734	83.333	24	4	0	6	29	290873	290896	0.94	26.9
Bacillus_GCA_900197585.1_spacer_4	virome_phage_2342	86.364	22	3	0	2	23	3811	3832	0.94	26.9
Bacillus_GCA_900197585.1_spacer_4	virome_phage_2263	80.769	26	5	0	2	27	3064	3089	0.94	26.9
Bacillus_GCA_900197585.1_spacer_4	virome_phage_189	86.364	22	3	0	2	23	2655	2676	0.94	26.9
Bacillus_GCA_900197585.1_spacer_4	virome_phage_1	76.667	30	7	0	2	31	93568	93597	0.94	26.9
Bacillus_GCA_900197585.1_spacer_4	total_phage_611	80.769	26	5	0	2	27	3238	3263	0.94	26.9
Bacillus_GCA_900197585.1_spacer_4	total_phage_414	90.000	20	2	0	5	24	45506	45525	0.94	26.9
Bacillus_GCA_900197585.1_spacer_4	total_phage_244	78.571	28	6	0	2	29	19597	19624	0.94	26.9
Bacillus_GCA_900197585.1_spacer_4	total_phage_102	78.571	28	6	0	2	29	31156	31183	0.94	26.9
Bacillus_GCA_900197585.1_spacer_4	virome_phage_783	90.000	20	2	0	12	31	42906	42887	0.94	26.9
Bacillus_GCA_900197585.1_spacer_4	virome_phage_745	83.333	24	4	0	3	26	49730	49707	0.94	26.9
Bacillus_GCA_900197585.1_spacer_4	virome_phage_59	94.444	18	1	0	8	25	37543	37526	0.94	26.9
Bacillus_GCA_900197585.1_spacer_4	virome_phage_2254	90.000	20	2	0	5	24	5116	5097	0.94	26.9
Bacillus_GCA_900197585.1_spacer_4	total_phage_934	83.333	24	4	0	2	25	3793	3770	0.94	26.9
Bacillus_GCA_900197585.1_spacer_4	total_phage_694	90.000	20	2	0	8	27	18671	18652	0.94	26.9
Bacillus_GCA_900197585.1_spacer_4	total_phage_500	80.769	26	5	0	8	33	976	951	0.94	26.9
Bacillus_GCA_900197585.1_spacer_4	total_phage_362	78.571	28	6	0	2	29	4018	3991	0.94	26.9
Bacillus_GCA_900197585.1_spacer_4	total_phage_360	78.571	28	6	0	3	30	21383	21356	0.94	26.9
Bacillus_GCA_900197585.1_spacer_4	total_phage_121	94.444	18	1	0	6	23	10778	10761	0.94	26.9
Bacillus_GCA_900197585.1_spacer_5	virome_phage_1	79.310	29	6	0	3	31	38192	38220	0.25	28.5
Bacillus_GCA_900197585.1_spacer_5	total_phage_232	90.476	21	2	0	1	21	57692	57712	0.25	28.5
Bacillus_GCA_900197585.1_spacer_6	virome_phage_734	86.364	22	3	0	3	24	105055	105034	0.76	26.9
Bacillus_GCA_900197585.1_spacer_6	virome_phage_2313	83.333	24	4	0	10	33	14265	14242	0.76	26.9
Bacillus_GCA_900197585.1_spacer_6	virome_phage_840	83.333	24	4	0	10	33	4005	4028	0.76	26.9
Bacillus_GCA_900197585.1_spacer_7	virome_phage_31	78.571	28	6	0	6	33	5671	5644	0.76	26.9
Bacillus_GCA_900197585.1_spacer_7	virome_phage_742	86.364	22	3	0	12	33	23408	23429	0.76	26.9
Bacillus_GCA_900197585.1_spacer_8	virome_phage_7	78.571	28	6	0	7	34	26514	26487	0.94	26.9
Bacillus_GCA_900197585.1_spacer_9	virome_phage_109	87.500	24	3	0	1	24	16462	16439	0.084	30.1
Bacillus_GCA_900197585.1_spacer_9	total_phage_233	90.000	20	2	0	7	26	40358	40339	0.76	26.9
Bacillus_GCA_900197585.1_spacer_9	virome_phage_885	83.333	24	4	0	1	24	20227	20250	0.76	26.9
Bacillus_GCA_900197585.1_spacer_10	total_phage_795	84.000	25	4	0	10	34	28548	28524	0.38	28.5
Bacillus_GCA_900197585.1_spacer_11	virome_phage_908	86.364	22	3	0	2	23	5589	5610	0.94	26.9
Bacillus_GCA_900197585.1_spacer_11	virome_phage_898	75.000	32	8	0	2	33	7621	7652	0.94	26.9
Bacillus_GCA_900197585.1_spacer_11	virome_phage_841	78.571	28	6	0	7	34	8186	8213	0.94	26.9
Bacillus_GCA_900197585.1_spacer_11	virome_phage_756	76.667	30	7	0	5	34	27066	27037	0.94	26.9
Bacillus_GCA_900197585.1_spacer_11	virome_phage_2270	94.444	18	1	0	1	18	36415	36432	0.94	26.9
Bacillus_GCA_900197585.1_spacer_12	virome_phage_960	90.000	20	2	0	11	30	2856	2837	0.94	26.9
Bacillus_GCA_900197585.1_spacer_12	virome_phage_749	86.364	22	3	0	3	24	62534	62513	0.94	26.9
Bacillus_GCA_900197585.1_spacer_12	virome_phage_736	86.364	22	3	0	11	32	158888	158867	0.94	26.9
Bacillus_GCA_900197585.1_spacer_12	virome_phage_303	90.000	20	2	0	11	30	2755	2736	0.94	26.9
Bacillus_GCA_900197585.1_spacer_12	total_phage_729	100.000	16	0	0	16	31	116206	116191	0.94	26.9
Bacillus_GCA_900197585.1_spacer_12	virome_phage_911	94.444	18	1	0	10	27	22542	22559	0.94	26.9
Bacillus_GCA_900197585.1_spacer_12	virome_phage_2314	80.769	26	5	0	4	29	27556	27581	0.94	26.9
Bacillus_GCA_900197585.1_spacer_13	total_phage_729	86.957	23	3	0	2	24	159150	159128	0.38	28.5
Bacillus_GCA_900197585.1_spacer_14	total_phage_92	79.310	29	6	0	1	29	121181	121153	0.38	28.5
Bacillus_GCA_900197585.1_spacer_14	total_phage_636	79.310	29	6	0	6	34	20818	20846	0.38	28.5
Bacillus_GCA_900197585.1_spacer_14	total_phage_360	100.000	17	0	0	8	24	36773	36789	0.38	28.5
Bacillus_GCA_900197585.1_spacer_14	total_phage_247	84.000	25	4	0	8	32	21003	21027	0.38	28.5
Bacillus_GCA_900197585.1_spacer_15	total_phage_0	90.000	20	2	0	12	31	40015	39996	0.94	26.9
Bacillus_GCA_900197585.1_spacer_15	virome_phage_810	90.000	20	2	0	9	28	27811	27830	0.94	26.9
Bacillus_GCA_900197585.1_spacer_16	virome_phage_2254	90.476	21	2	0	10	30	97992	97972	0.38	28.5
Bacillus_GCA_900197585.1_spacer_16	virome_phage_14	94.737	19	1	0	14	32	31552	31534	0.38	28.5
Bacillus_GCA_900197585.1_spacer_16	virome_phage_751	74.286	35	9	0	1	35	11844	11878	0.38	28.5
Bacillus_GCA_900197585.1_spacer_16	virome_phage_2308	90.476	21	2	0	10	30	36190	36210	0.38	28.5
Bacillus_GCA_900197585.1_spacer_17	virome_phage_2357	86.957	23	3	0	1	23	23071	23093	0.25	28.5
Bacillus_GCA_900197585.1_spacer_17	virome_phage_2333	86.957	23	3	0	7	29	17259	17281	0.25	28.5
Bacillus_GCA_900197585.1_spacer_17	total_phage_304	86.957	23	3	0	1	23	21836	21858	0.25	28.5
Bacillus_GCA_900197585.1_spacer_17	virome_phage_908	83.333	24	4	0	2	25	9131	9108	0.76	26.9
Bacillus_GCA_900197585.1_spacer_17	virome_phage_734	83.333	24	4	0	2	25	210953	210930	0.76	26.9
Bacillus_GCA_900197585.1_spacer_17	virome_phage_4	78.571	28	6	0	2	29	110140	110113	0.76	26.9
Bacillus_GCA_900197585.1_spacer_18	virome_phage_172	80.645	31	6	0	2	32	11997	12027	0.042	31.7
Bacillus_GCA_900197585.1_spacer_19	virome_phage_906	90.000	20	2	0	8	27	2330	2349	0.94	26.9
Bacillus_GCA_900197585.1_spacer_21	virome_phage_752	86.957	23	3	0	8	30	11663	11641	0.25	28.5
Bacillus_GCA_900197585.1_spacer_21	virome_phage_3	84.000	25	4	0	4	28	72211	72187	0.25	28.5
Bacillus_GCA_900197585.1_spacer_21	total_phage_122	79.310	29	6	0	3	31	15272	15300	0.25	28.5
Bacillus_GCA_900197585.1_spacer_21	virome_phage_7	86.364	22	3	0	10	31	112251	112230	0.76	26.9
Bacillus_GCA_900197585.1_spacer_21	total_phage_791	78.571	28	6	0	4	31	42865	42838	0.76	26.9
Bacillus_GCA_900197585.1_spacer_21	total_phage_232	90.000	20	2	0	3	22	20605	20586	0.76	26.9
Bacillus_GCA_900197585.1_spacer_21	virome_phage_4	90.000	20	2	0	1	20	127157	127176	0.76	26.9
Bacillus_GCA_900197585.1_spacer_21	total_phage_231	90.000	20	2	0	6	25	69656	69675	0.76	26.9
Bacillus_GCA_900197585.1_spacer_22	virome_phage_841	90.000	20	2	0	15	34	34565	34584	0.94	26.9
Bacillus_GCA_900197585.1_spacer_22	total_phage_5	80.769	26	5	0	7	32	29090	29115	0.94	26.9
Bacillus_GCA_900197585.1_spacer_23	virome_phage_2272	87.500	24	3	0	6	29	33511	33488	0.10	30.1
Bacillus_GCA_900197585.1_spacer_23	virome_phage_50	75.000	32	8	0	2	33	23953	23984	0.94	26.9
Bacillus_GCA_900197585.1_spacer_24	virome_phage_768	86.957	23	3	0	4	26	33910	33888	0.25	28.5
Bacillus_GCA_900197585.1_spacer_24	virome_phage_12	94.444	18	1	0	16	33	25753	25736	0.76	26.9
Bacillus_GCA_900197585.1_spacer_24	virome_phage_745	75.000	32	8	0	1	32	77015	77046	0.76	26.9
Bacillus_GCA_900197585.1_spacer_24	total_phage_106	78.571	28	6	0	3	30	5093	5120	0.76	26.9
Bacillus_GCA_900197585.1_spacer_25	virome_phage_851	90.909	22	2	0	5	26	12149	12128	0.084	30.1
Bacillus_GCA_900197585.1_spacer_25	virome_phage_7	90.476	21	2	0	9	29	57996	58016	0.25	28.5
Bacillus_GCA_900197585.1_spacer_25	virome_phage_32	86.957	23	3	0	10	32	2052	2074	0.25	28.5
Bacillus_GCA_900197585.1_spacer_25	virome_phage_2303	94.737	19	1	0	15	33	40636	40618	0.25	28.5
Bacillus_GCA_900197585.1_spacer_25	virome_phage_881	90.000	20	2	0	7	26	21277	21296	0.76	26.9
Bacillus_GCA_900197585.1_spacer_25	virome_phage_82	86.364	22	3	0	8	29	37088	37109	0.76	26.9
Bacillus_GCA_900197585.1_spacer_25	virome_phage_4	83.333	24	4	0	10	33	91183	91206	0.76	26.9
Bacillus_GCA_900197585.1_spacer_25	virome_phage_2357	94.444	18	1	0	14	31	16130	16147	0.76	26.9
Bacillus_GCA_900197585.1_spacer_25	virome_phage_2304	86.364	22	3	0	5	26	14471	14492	0.76	26.9
Bacillus_GCA_900197585.1_spacer_25	virome_phage_158	76.667	30	7	0	1	30	18114	18143	0.76	26.9
Bacillus_GCA_900197585.1_spacer_25	total_phage_304	94.444	18	1	0	14	31	15657	15674	0.76	26.9
Bacillus_GCA_900197585.1_spacer_25	virome_phage_759	86.364	22	3	0	8	29	47041	47020	0.76	26.9
Bacillus_GCA_900197585.1_spacer_25	virome_phage_738	83.333	24	4	0	10	33	5985	5962	0.76	26.9
Bacillus_GCA_900197585.1_spacer_25	virome_phage_1061	76.667	30	7	0	1	30	1092	1063	0.76	26.9
Bacillus_GCA_900197585.1_spacer_25	total_phage_245	94.444	18	1	0	11	28	7505	7488	0.76	26.9
Bacillus_GCA_900197585.1_spacer_26	virome_phage_55	80.645	31	6	0	4	34	21142	21112	0.035	31.7
Bacillus_GCA_900197585.1_spacer_26	virome_phage_817	82.759	29	5	0	6	34	31672	31700	0.035	31.7
Bacillus_GCA_900197585.1_spacer_26	virome_phage_748	77.419	31	7	0	4	34	64965	64935	0.31	28.5
Bacillus_GCA_900197585.1_spacer_26	virome_phage_748	81.481	27	5	0	8	34	580	606	0.31	28.5
Bacillus_GCA_900197585.1_spacer_26	virome_phage_12	90.476	21	2	0	9	29	99470	99450	0.31	28.5
Bacillus_GCA_900197585.1_spacer_26	total_phage_92	84.000	25	4	0	10	34	6409	6385	0.31	28.5
Bacillus_GCA_900197585.1_spacer_26	virome_phage_42	100.000	17	0	0	1	17	38785	38801	0.31	28.5
Bacillus_GCA_900197585.1_spacer_26	virome_phage_28	100.000	17	0	0	18	34	37823	37839	0.31	28.5
Bacillus_GCA_900197585.1_spacer_26	virome_phage_738	90.000	20	2	0	8	27	131820	131801	0.94	26.9
Bacillus_GCA_900197585.1_spacer_26	virome_phage_46	78.571	28	6	0	1	28	5219	5192	0.94	26.9
Bacillus_GCA_900197585.1_spacer_26	virome_phage_39	83.333	24	4	0	10	33	14840	14817	0.94	26.9
Bacillus_GCA_900197585.1_spacer_26	virome_phage_2304	80.769	26	5	0	9	34	15490	15465	0.94	26.9
Bacillus_GCA_900197585.1_spacer_26	virome_phage_837	75.000	32	8	0	1	32	28015	28046	0.94	26.9
Bacillus_GCA_900197585.1_spacer_26	virome_phage_766	78.571	28	6	0	2	29	41685	41712	0.94	26.9
Bacillus_GCA_900197585.1_spacer_26	virome_phage_736	90.000	20	2	0	8	27	9765	9784	0.94	26.9
Bacillus_GCA_900197585.1_spacer_27	virome_phage_2368	80.769	26	5	0	8	33	13623	13598	0.94	26.9
Bacillus_GCA_900197585.1_spacer_27	total_phage_308	80.769	26	5	0	9	34	12047	12022	0.94	26.9
Bacillus_GCA_900197585.1_spacer_27	virome_phage_145	80.769	26	5	0	8	33	7743	7768	0.94	26.9
Bacillus_GCA_900197585.1_spacer_28	virome_phage_55	80.645	31	6	0	4	34	21142	21112	0.035	31.7
Bacillus_GCA_900197585.1_spacer_28	virome_phage_817	82.759	29	5	0	6	34	31672	31700	0.035	31.7
Bacillus_GCA_900197585.1_spacer_28	virome_phage_748	77.419	31	7	0	4	34	64965	64935	0.31	28.5
Bacillus_GCA_900197585.1_spacer_28	virome_phage_748	81.481	27	5	0	8	34	580	606	0.31	28.5
Bacillus_GCA_900197585.1_spacer_28	virome_phage_12	90.476	21	2	0	9	29	99470	99450	0.31	28.5
Bacillus_GCA_900197585.1_spacer_28	total_phage_92	84.000	25	4	0	10	34	6409	6385	0.31	28.5
Bacillus_GCA_900197585.1_spacer_28	virome_phage_42	100.000	17	0	0	1	17	38785	38801	0.31	28.5
Bacillus_GCA_900197585.1_spacer_28	virome_phage_28	100.000	17	0	0	18	34	37823	37839	0.31	28.5
Bacillus_GCA_900197585.1_spacer_28	virome_phage_738	90.000	20	2	0	8	27	131820	131801	0.94	26.9
Bacillus_GCA_900197585.1_spacer_28	virome_phage_46	78.571	28	6	0	1	28	5219	5192	0.94	26.9
Bacillus_GCA_900197585.1_spacer_28	virome_phage_39	83.333	24	4	0	10	33	14840	14817	0.94	26.9
Bacillus_GCA_900197585.1_spacer_28	virome_phage_2304	80.769	26	5	0	9	34	15490	15465	0.94	26.9
Bacillus_GCA_900197585.1_spacer_28	virome_phage_837	75.000	32	8	0	1	32	28015	28046	0.94	26.9
Bacillus_GCA_900197585.1_spacer_28	virome_phage_766	78.571	28	6	0	2	29	41685	41712	0.94	26.9
Bacillus_GCA_900197585.1_spacer_28	virome_phage_736	90.000	20	2	0	8	27	9765	9784	0.94	26.9
Bacillus_GCA_900197585.1_spacer_29	virome_phage_2368	80.769	26	5	0	8	33	13623	13598	0.94	26.9
Bacillus_GCA_900197585.1_spacer_29	total_phage_308	80.769	26	5	0	9	34	12047	12022	0.94	26.9
Bacillus_GCA_900197585.1_spacer_29	virome_phage_145	80.769	26	5	0	8	33	7743	7768	0.94	26.9
Bacillus_GCA_900197585.1_spacer_30	virome_phage_776	91.304	23	2	0	1	23	1391	1413	0.042	31.7
Bacillus_GCA_900197585.1_spacer_30	virome_phage_14	82.143	28	5	0	7	34	68490	68517	0.13	30.1
Bacillus_GCA_900197585.1_spacer_30	total_phage_248	82.143	28	5	0	3	30	17812	17839	0.13	30.1
Bacillus_GCA_900197585.1_spacer_30	total_phage_114	82.143	28	5	0	3	30	30578	30605	0.13	30.1
Bacillus_GCA_900197585.1_spacer_30	virome_phage_77	74.286	35	9	0	1	35	14939	14905	0.38	28.5
Bacillus_GCA_900197585.1_spacer_30	total_phage_738	84.000	25	4	0	6	30	3984	3960	0.38	28.5
Bacillus_GCA_900197585.1_spacer_30	total_phage_245	84.000	25	4	0	6	30	264	240	0.38	28.5
Bacillus_GCA_900197585.1_spacer_31	virome_phage_57	86.364	22	3	0	7	28	31101	31122	0.76	26.9
Bacillus_GCA_900197585.1_spacer_32	virome_phage_2335	90.476	21	2	0	3	23	27144	27124	0.25	28.5
Bacillus_GCA_900197585.1_spacer_32	total_phage_5	75.758	33	8	0	1	33	5089	5057	0.25	28.5
Bacillus_GCA_900197585.1_spacer_32	virome_phage_828	90.000	20	2	0	4	23	33894	33875	0.76	26.9
Bacillus_GCA_900197585.1_spacer_32	total_phage_734	90.000	20	2	0	4	23	22622	22603	0.76	26.9
Bacillus_GCA_900197585.1_spacer_32	total_phage_413	90.000	20	2	0	11	30	115507	115488	0.76	26.9
Bacillus_GCA_900197585.1_spacer_33	virome_phage_771	86.957	23	3	0	8	30	27999	27977	0.31	28.5
Bacillus_GCA_900197585.1_spacer_33	virome_phage_115	86.957	23	3	0	8	30	11703	11681	0.31	28.5
Bacillus_GCA_900197585.1_spacer_33	total_phage_500	90.476	21	2	0	7	27	5773	5753	0.31	28.5
Bacillus_GCA_900197585.1_spacer_33	virome_phage_2254	90.476	21	2	0	7	27	121056	121076	0.31	28.5
Bacillus_GCA_900197585.1_spacer_33	virome_phage_750	76.667	30	7	0	5	34	24291	24262	0.94	26.9
Bacillus_GCA_900197585.1_spacer_33	virome_phage_27	80.769	26	5	0	2	27	30892	30867	0.94	26.9
Bacillus_GCA_900197585.1_spacer_33	total_phage_231	86.364	22	3	0	7	28	66126	66105	0.94	26.9
Bacillus_GCA_900197585.1_spacer_33	virome_phage_2308	76.667	30	7	0	5	34	31561	31590	0.94	26.9
Bacillus_GCA_900197585.1_spacer_33	total_phage_929	83.333	24	4	0	1	24	7102	7125	0.94	26.9
Bacillus_GCA_900197585.1_spacer_34	virome_phage_3	90.909	22	2	0	4	25	58617	58596	0.10	30.1
Bacillus_GCA_900197585.1_spacer_34	virome_phage_939	76.667	30	7	0	5	34	7748	7719	0.94	26.9
Bacillus_GCA_900197585.1_spacer_34	virome_phage_807	94.444	18	1	0	6	23	3366	3349	0.94	26.9
Bacillus_GCA_900197585.1_spacer_34	virome_phage_776	75.000	32	8	0	2	33	5087	5056	0.94	26.9
Bacillus_GCA_900197585.1_spacer_34	total_phage_733	76.667	30	7	0	4	33	3603	3574	0.94	26.9
Bacillus_GCA_900197585.1_spacer_34	total_phage_305	94.444	18	1	0	6	23	26046	26029	0.94	26.9
Bacillus_GCA_900197585.1_spacer_34	total_phage_231	90.000	20	2	0	5	24	123775	123756	0.94	26.9
Bacillus_GCA_900197585.1_spacer_34	total_phage_1	76.667	30	7	0	4	33	4536	4507	0.94	26.9
Bacillus_GCA_900197585.1_spacer_34	virome_phage_2286	86.364	22	3	0	1	22	40081	40102	0.94	26.9
Bacillus_GCA_900197585.1_spacer_35	virome_phage_756	90.000	20	2	0	10	29	43545	43564	0.76	26.9
Bacillus_GCA_900197585.1_spacer_35	virome_phage_2255	78.571	28	6	0	1	28	31290	31317	0.76	26.9
Bacillus_GCA_900197585.1_spacer_36	total_phage_793	84.615	26	4	0	3	28	41531	41506	0.084	30.1
Bacillus_GCA_900197585.1_spacer_36	virome_phage_741	84.000	25	4	0	2	26	69258	69234	0.25	28.5
Bacillus_GCA_900197585.1_spacer_36	virome_phage_878	86.364	22	3	0	6	27	11166	11187	0.76	26.9
Bacillus_GCA_900197585.1_spacer_36	virome_phage_750	83.333	24	4	0	5	28	57576	57599	0.76	26.9
Bacillus_GCA_900197585.1_spacer_36	virome_phage_27	100.000	16	0	0	1	16	29776	29791	0.76	26.9
Bacillus_GCA_900197585.1_spacer_36	total_phage_725	90.000	20	2	0	3	22	14166	14185	0.76	26.9
Bacillus_GCA_900197585.1_spacer_36	total_phage_604	90.000	20	2	0	3	22	21422	21441	0.76	26.9
Bacillus_GCA_900197585.1_spacer_36	total_phage_525	90.000	20	2	0	3	22	10729	10748	0.76	26.9
Bacillus_GCA_900197585.1_spacer_36	total_phage_483	90.000	20	2	0	3	22	1912	1931	0.76	26.9
Bacillus_GCA_900197585.1_spacer_36	virome_phage_2239	90.000	20	2	0	3	22	27909	27890	0.76	26.9
Bacillus_GCA_900197585.1_spacer_36	total_phage_653	90.000	20	2	0	3	22	29542	29523	0.76	26.9
Bacillus_GCA_900197585.1_spacer_36	total_phage_454	90.000	20	2	0	3	22	21935	21916	0.76	26.9
Bacillus_GCA_900197585.1_spacer_36	total_phage_112	100.000	16	0	0	1	16	8554	8539	0.76	26.9
Bacillus_GCA_900197585.1_spacer_37	total_phage_296	87.500	24	3	0	12	35	17494	17471	0.13	30.1
Bacillus_GCA_900197585.1_spacer_37	total_phage_1	84.615	26	4	0	10	35	32146	32121	0.13	30.1
Bacillus_GCA_900197585.1_spacer_37	total_phage_308	75.758	33	8	0	1	33	9578	9610	0.38	28.5
Bacillus_GCA_900197585.1_spacer_38	total_phage_926	81.481	27	5	0	2	28	71512	71486	0.38	28.5
Bacillus_GCA_900197585.1_spacer_40	virome_phage_833	90.000	20	2	0	9	28	28876	28857	0.76	26.9
Bacillus_GCA_900197585.1_spacer_41	virome_phage_925	91.667	24	2	0	9	32	9206	9229	0.014	33.3
Bacillus_GCA_900197585.1_spacer_41	virome_phage_745	85.714	28	4	0	8	35	49968	49995	0.014	33.3
Bacillus_GCA_900197585.1_spacer_41	virome_phage_10	78.788	33	7	0	3	35	88511	88479	0.042	31.7
Bacillus_GCA_900197585.1_spacer_41	virome_phage_792	78.125	32	7	0	1	32	6804	6773	0.13	30.1
Bacillus_GCA_900197585.1_spacer_41	total_phage_791	82.143	28	5	0	5	32	21316	21343	0.13	30.1
Bacillus_GCA_900197585.1_spacer_41	virome_phage_841	77.419	31	7	0	1	31	10746	10776	0.38	28.5
Bacillus_GCA_900197585.1_spacer_41	virome_phage_2254	90.476	21	2	0	9	29	122732	122712	0.38	28.5
Bacillus_GCA_900197585.1_spacer_41	total_phage_500	90.476	21	2	0	9	29	4097	4117	0.38	28.5
Bacillus_GCA_900197585.1_spacer_42	total_phage_797	90.476	21	2	0	7	27	1435	1455	0.31	28.5
Bacillus_GCA_900197585.1_spacer_42	total_phage_800	81.481	27	5	0	6	32	3371	3345	0.31	28.5
Bacillus_GCA_900197585.1_spacer_42	virome_phage_739	76.667	30	7	0	4	33	118388	118417	0.94	26.9
Bacillus_GCA_900197585.1_spacer_42	virome_phage_2	83.333	24	4	0	3	26	79021	78998	0.94	26.9
Bacillus_GCA_900197585.1_spacer_42	total_phage_92	80.769	26	5	0	7	32	131320	131295	0.94	26.9
