Bacillus_GCF_018739525.1_spacer_0	virome_phage_824	73.810	42	11	0	1	42	11782	11823	0.028	33.3
Bacillus_GCF_018739525.1_spacer_0	virome_phage_5	83.333	30	5	0	13	42	28659	28688	0.028	33.3
Bacillus_GCF_018739525.1_spacer_0	virome_phage_5	88.000	25	3	0	19	43	28152	28176	0.084	31.7
Bacillus_GCF_018739525.1_spacer_0	virome_phage_2368	80.645	31	6	0	12	42	3362	3392	0.084	31.7
Bacillus_GCF_018739525.1_spacer_0	virome_phage_155	73.171	41	11	0	3	43	5661	5701	0.084	31.7
Bacillus_GCF_018739525.1_spacer_0	virome_phage_155	70.732	41	12	0	3	43	5904	5944	0.76	28.5
Bacillus_GCF_018739525.1_spacer_0	virome_phage_803	80.645	31	6	0	13	43	35306	35276	0.084	31.7
Bacillus_GCF_018739525.1_spacer_0	virome_phage_2282	72.093	43	12	0	1	43	37880	37838	0.084	31.7
Bacillus_GCF_018739525.1_spacer_0	virome_phage_2282	76.471	34	8	0	10	43	37817	37784	0.25	30.1
Bacillus_GCF_018739525.1_spacer_0	virome_phage_145	80.645	31	6	0	12	42	17590	17560	0.084	31.7
Bacillus_GCF_018739525.1_spacer_0	virome_phage_52	84.615	26	4	0	14	39	44200	44225	0.25	30.1
Bacillus_GCF_018739525.1_spacer_0	virome_phage_31	73.684	38	10	0	2	39	43554	43591	0.25	30.1
Bacillus_GCF_018739525.1_spacer_0	virome_phage_152	72.500	40	11	0	3	42	6513	6552	0.25	30.1
Bacillus_GCF_018739525.1_spacer_0	virome_phage_152	73.684	38	10	0	5	42	6650	6687	0.25	30.1
Bacillus_GCF_018739525.1_spacer_0	virome_phage_152	86.957	23	3	0	14	36	6470	6492	0.76	28.5
Bacillus_GCF_018739525.1_spacer_0	virome_phage_813	95.000	20	1	0	4	23	17435	17416	0.25	30.1
Bacillus_GCF_018739525.1_spacer_0	virome_phage_1	78.125	32	7	0	12	43	221433	221402	0.25	30.1
Bacillus_GCF_018739525.1_spacer_0	virome_phage_11	84.000	25	4	0	4	28	99939	99963	0.76	28.5
Bacillus_GCF_018739525.1_spacer_1	virome_phage_824	78.049	41	9	0	2	42	11783	11823	0.001	38.0
Bacillus_GCF_018739525.1_spacer_1	virome_phage_876	76.923	39	9	0	5	43	21187	21149	0.009	34.9
Bacillus_GCF_018739525.1_spacer_1	virome_phage_145	76.471	34	8	0	3	36	19543	19510	0.25	30.1
Bacillus_GCF_018739525.1_spacer_1	virome_phage_145	75.758	33	8	0	3	35	19792	19760	0.76	28.5
Bacillus_GCF_018739525.1_spacer_1	virome_phage_5	75.000	36	9	0	3	38	28388	28423	0.25	30.1
Bacillus_GCF_018739525.1_spacer_1	virome_phage_5	75.758	33	8	0	4	36	28452	28484	0.76	28.5
Bacillus_GCF_018739525.1_spacer_1	virome_phage_5	75.758	33	8	0	4	36	28650	28682	0.76	28.5
Bacillus_GCF_018739525.1_spacer_1	virome_phage_2368	76.471	34	8	0	3	36	1409	1442	0.25	30.1
Bacillus_GCF_018739525.1_spacer_1	virome_phage_152	73.684	38	10	0	5	42	6650	6687	0.25	30.1
Bacillus_GCF_018739525.1_spacer_1	virome_phage_803	77.419	31	7	0	13	43	35306	35276	0.76	28.5
Bacillus_GCF_018739525.1_spacer_1	virome_phage_766	71.795	39	11	0	2	40	7104	7066	0.76	28.5
Bacillus_GCF_018739525.1_spacer_1	virome_phage_1	77.419	31	7	0	3	33	221451	221421	0.76	28.5
Bacillus_GCF_018739525.1_spacer_2	virome_phage_824	83.333	48	8	0	4	51	11776	11823	8.78e-08	52.3
Bacillus_GCF_018739525.1_spacer_2	virome_phage_824	81.818	33	6	0	4	36	11812	11844	0.016	34.9
Bacillus_GCF_018739525.1_spacer_2	virome_phage_2368	79.167	48	10	0	4	51	3345	3392	7.11e-06	46.0
Bacillus_GCF_018739525.1_spacer_2	virome_phage_2368	79.487	39	8	0	4	42	3276	3314	0.002	38.0
Bacillus_GCF_018739525.1_spacer_2	virome_phage_2368	73.810	42	11	0	4	45	1401	1442	0.047	33.3
Bacillus_GCF_018739525.1_spacer_2	virome_phage_2368	70.833	48	14	0	4	51	2628	2675	0.047	33.3
Bacillus_GCF_018739525.1_spacer_2	virome_phage_2368	80.000	30	6	0	4	33	1089	1118	0.42	30.1
Bacillus_GCF_018739525.1_spacer_2	virome_phage_2368	68.000	50	16	0	2	51	2617	2666	0.42	30.1
Bacillus_GCF_018739525.1_spacer_2	virome_phage_2368	76.471	34	8	0	2	35	3487	3520	0.42	30.1
Bacillus_GCF_018739525.1_spacer_2	virome_phage_145	79.167	48	10	0	4	51	17607	17560	7.11e-06	46.0
Bacillus_GCF_018739525.1_spacer_2	virome_phage_145	82.051	39	7	0	4	42	17676	17638	1.92e-04	41.2
Bacillus_GCF_018739525.1_spacer_2	virome_phage_145	72.340	47	13	0	5	51	17570	17524	0.016	34.9
Bacillus_GCF_018739525.1_spacer_2	virome_phage_145	74.359	39	10	0	13	51	18315	18277	0.14	31.7
Bacillus_GCF_018739525.1_spacer_2	virome_phage_145	75.676	37	9	0	9	45	19546	19510	0.14	31.7
Bacillus_GCF_018739525.1_spacer_2	virome_phage_145	73.171	41	11	0	4	44	19800	19760	0.14	31.7
Bacillus_GCF_018739525.1_spacer_2	virome_phage_145	76.471	34	8	0	2	35	17465	17432	0.42	30.1
Bacillus_GCF_018739525.1_spacer_2	virome_phage_5	76.190	42	10	0	10	51	28647	28688	0.005	36.5
Bacillus_GCF_018739525.1_spacer_2	virome_phage_5	77.778	36	8	0	12	47	28388	28423	0.047	33.3
Bacillus_GCF_018739525.1_spacer_2	virome_phage_5	75.000	36	9	0	10	45	28449	28484	0.42	30.1
Bacillus_GCF_018739525.1_spacer_2	virome_phage_14	79.412	34	7	0	4	37	31465	31498	0.047	33.3
Bacillus_GCF_018739525.1_spacer_2	virome_phage_14	76.471	34	8	0	5	38	31439	31472	0.42	30.1
Bacillus_GCF_018739525.1_spacer_2	virome_phage_1	80.645	31	6	0	12	42	221451	221421	0.14	31.7
Bacillus_GCF_018739525.1_spacer_2	virome_phage_2342	90.909	22	2	0	30	51	19648	19627	0.42	30.1
Bacillus_GCF_018739525.1_spacer_3	virome_phage_847	74.359	39	10	0	7	45	30892	30854	0.20	31.7
Bacillus_GCF_018739525.1_spacer_3	virome_phage_809	78.788	33	7	0	22	54	13593	13561	0.20	31.7
Bacillus_GCF_018739525.1_spacer_3	virome_phage_2314	78.125	32	7	0	15	46	34444	34475	0.59	30.1
Bacillus_GCF_018739525.1_spacer_4	virome_phage_824	80.000	45	9	0	1	45	11782	11826	2.13e-05	44.4
Bacillus_GCF_018739525.1_spacer_4	virome_phage_52	84.375	32	5	0	13	44	44424	44455	0.005	36.5
Bacillus_GCF_018739525.1_spacer_4	virome_phage_52	73.684	38	10	0	14	51	44416	44453	0.42	30.1
Bacillus_GCF_018739525.1_spacer_4	virome_phage_2368	75.000	44	11	0	3	46	1409	1452	0.005	36.5
Bacillus_GCF_018739525.1_spacer_4	virome_phage_2368	73.810	42	11	0	1	42	3351	3392	0.047	33.3
Bacillus_GCF_018739525.1_spacer_4	virome_phage_145	75.000	44	11	0	3	46	19543	19500	0.005	36.5
Bacillus_GCF_018739525.1_spacer_4	virome_phage_145	73.810	42	11	0	1	42	17601	17560	0.047	33.3
Bacillus_GCF_018739525.1_spacer_4	virome_phage_145	78.788	33	7	0	14	46	20069	20037	0.14	31.7
Bacillus_GCF_018739525.1_spacer_4	virome_phage_803	76.923	39	9	0	13	51	35306	35268	0.016	34.9
Bacillus_GCF_018739525.1_spacer_4	virome_phage_14	77.143	35	8	0	1	35	31444	31478	0.14	31.7
Bacillus_GCF_018739525.1_spacer_4	virome_phage_876	73.171	41	11	0	5	45	21097	21057	0.14	31.7
Bacillus_GCF_018739525.1_spacer_4	virome_phage_864	78.125	32	7	0	11	42	4352	4383	0.42	30.1
Bacillus_GCF_018739525.1_spacer_4	virome_phage_748	75.000	36	9	0	12	47	54795	54760	0.42	30.1
Bacillus_GCF_018739525.1_spacer_4	virome_phage_2270	87.500	24	3	0	17	40	32008	31985	0.42	30.1
Bacillus_GCF_018739525.1_spacer_5	virome_phage_2368	78.000	50	11	0	3	52	1409	1458	7.11e-06	46.0
Bacillus_GCF_018739525.1_spacer_5	virome_phage_2368	77.083	48	11	0	5	52	1447	1494	6.40e-05	42.8
Bacillus_GCF_018739525.1_spacer_5	virome_phage_2368	72.917	48	13	0	5	52	3427	3474	0.005	36.5
Bacillus_GCF_018739525.1_spacer_5	virome_phage_2368	76.923	39	9	0	4	42	3354	3392	0.016	34.9
Bacillus_GCF_018739525.1_spacer_5	virome_phage_2368	70.000	50	15	0	3	52	1454	1503	0.047	33.3
Bacillus_GCF_018739525.1_spacer_5	virome_phage_2368	70.213	47	14	0	3	49	3284	3330	0.14	31.7
Bacillus_GCF_018739525.1_spacer_5	virome_phage_2368	82.143	28	5	0	4	31	1482	1509	0.42	30.1
Bacillus_GCF_018739525.1_spacer_5	virome_phage_2368	78.125	32	7	0	21	52	3470	3501	0.42	30.1
Bacillus_GCF_018739525.1_spacer_5	virome_phage_145	78.000	50	11	0	3	52	19543	19494	7.11e-06	46.0
Bacillus_GCF_018739525.1_spacer_5	virome_phage_145	77.083	48	11	0	5	52	19505	19458	6.40e-05	42.8
Bacillus_GCF_018739525.1_spacer_5	virome_phage_145	73.469	49	13	0	4	52	17526	17478	0.002	38.0
Bacillus_GCF_018739525.1_spacer_5	virome_phage_145	72.917	48	13	0	4	51	17598	17551	0.005	36.5
Bacillus_GCF_018739525.1_spacer_5	virome_phage_145	70.000	50	15	0	3	52	19498	19449	0.047	33.3
Bacillus_GCF_018739525.1_spacer_5	virome_phage_145	70.213	47	14	0	3	49	17668	17622	0.14	31.7
Bacillus_GCF_018739525.1_spacer_5	virome_phage_145	78.125	32	7	0	21	52	17482	17451	0.42	30.1
Bacillus_GCF_018739525.1_spacer_5	virome_phage_145	82.143	28	5	0	4	31	19470	19443	0.42	30.1
Bacillus_GCF_018739525.1_spacer_5	virome_phage_145	68.000	50	16	0	3	52	20080	20031	0.42	30.1
Bacillus_GCF_018739525.1_spacer_5	virome_phage_824	72.549	51	14	0	2	52	11783	11833	0.002	38.0
Bacillus_GCF_018739525.1_spacer_5	virome_phage_824	76.923	39	9	0	14	52	11750	11788	0.016	34.9
Bacillus_GCF_018739525.1_spacer_5	virome_phage_824	70.213	47	14	0	5	51	11732	11778	0.14	31.7
Bacillus_GCF_018739525.1_spacer_5	virome_phage_1	71.429	49	14	0	3	51	221451	221403	0.016	34.9
Bacillus_GCF_018739525.1_spacer_5	virome_phage_876	73.171	41	11	0	5	45	21097	21057	0.14	31.7
Bacillus_GCF_018739525.1_spacer_5	virome_phage_806	82.143	28	5	0	13	40	28111	28084	0.42	30.1
Bacillus_GCF_018739525.1_spacer_5	virome_phage_803	72.500	40	11	0	13	52	35306	35267	0.42	30.1
Bacillus_GCF_018739525.1_spacer_5	virome_phage_748	73.684	38	10	0	12	49	54795	54758	0.42	30.1
Bacillus_GCF_018739525.1_spacer_5	virome_phage_52	78.125	32	7	0	13	44	44424	44455	0.42	30.1
Bacillus_GCF_018739525.1_spacer_5	total_phage_232	75.000	36	9	0	9	44	22969	23004	0.42	30.1
Bacillus_GCF_018739525.1_spacer_6	virome_phage_2368	87.097	31	4	0	12	42	3362	3392	0.001	38.0
Bacillus_GCF_018739525.1_spacer_6	virome_phage_145	87.097	31	4	0	12	42	17590	17560	0.001	38.0
Bacillus_GCF_018739525.1_spacer_6	virome_phage_155	78.788	33	7	0	4	36	5581	5613	0.084	31.7
Bacillus_GCF_018739525.1_spacer_6	virome_phage_876	77.143	35	8	0	1	35	21155	21121	0.084	31.7
Bacillus_GCF_018739525.1_spacer_6	virome_phage_1	80.645	31	6	0	13	43	220604	220574	0.084	31.7
Bacillus_GCF_018739525.1_spacer_6	virome_phage_1	74.359	39	10	0	5	43	220963	220925	0.084	31.7
Bacillus_GCF_018739525.1_spacer_6	virome_phage_1	81.481	27	5	0	5	31	220567	220541	0.76	28.5
Bacillus_GCF_018739525.1_spacer_6	virome_phage_1	90.476	21	2	0	13	33	221441	221421	0.76	28.5
Bacillus_GCF_018739525.1_spacer_6	virome_phage_824	95.000	20	1	0	14	33	11732	11751	0.25	30.1
Bacillus_GCF_018739525.1_spacer_6	virome_phage_5	95.000	20	1	0	14	33	29884	29903	0.25	30.1
Bacillus_GCF_018739525.1_spacer_6	virome_phage_911	86.957	23	3	0	15	37	6249	6271	0.76	28.5
Bacillus_GCF_018739525.1_spacer_6	virome_phage_2329	94.737	19	1	0	11	29	27625	27643	0.76	28.5
Bacillus_GCF_018739525.1_spacer_7	virome_phage_809	78.788	33	7	0	13	45	13593	13561	0.14	31.7
Bacillus_GCF_018739525.1_spacer_7	virome_phage_847	76.471	34	8	0	3	36	30887	30854	0.42	30.1
Bacillus_GCF_018739525.1_spacer_7	virome_phage_2314	78.125	32	7	0	6	37	34444	34475	0.42	30.1
Bacillus_GCF_018739525.1_spacer_8	virome_phage_824	73.077	52	14	0	1	52	11782	11833	5.76e-04	39.6
Bacillus_GCF_018739525.1_spacer_8	virome_phage_2368	87.097	31	4	0	12	42	3362	3392	0.002	38.0
Bacillus_GCF_018739525.1_spacer_8	virome_phage_2368	72.500	40	11	0	13	52	1419	1458	0.42	30.1
Bacillus_GCF_018739525.1_spacer_8	virome_phage_2368	73.684	38	10	0	5	42	2638	2675	0.42	30.1
Bacillus_GCF_018739525.1_spacer_8	virome_phage_145	87.097	31	4	0	12	42	17590	17560	0.002	38.0
Bacillus_GCF_018739525.1_spacer_8	virome_phage_145	73.684	38	10	0	5	42	18314	18277	0.42	30.1
Bacillus_GCF_018739525.1_spacer_8	virome_phage_145	72.500	40	11	0	13	52	19533	19494	0.42	30.1
Bacillus_GCF_018739525.1_spacer_8	virome_phage_803	75.000	40	10	0	13	52	35306	35267	0.047	33.3
Bacillus_GCF_018739525.1_spacer_8	virome_phage_5	95.238	21	1	0	22	42	28155	28175	0.14	31.7
Bacillus_GCF_018739525.1_spacer_8	virome_phage_52	73.684	38	10	0	14	51	44065	44102	0.42	30.1
Bacillus_GCF_018739525.1_spacer_8	virome_phage_52	73.684	38	10	0	14	51	44200	44237	0.42	30.1
Bacillus_GCF_018739525.1_spacer_8	virome_phage_1	73.684	38	10	0	5	42	219910	219873	0.42	30.1
Bacillus_GCF_018739525.1_spacer_9	virome_phage_2368	82.500	40	7	0	13	52	1419	1458	6.40e-05	42.8
Bacillus_GCF_018739525.1_spacer_9	virome_phage_2368	73.171	41	11	0	12	52	3434	3474	0.14	31.7
Bacillus_GCF_018739525.1_spacer_9	virome_phage_145	82.500	40	7	0	13	52	19533	19494	6.40e-05	42.8
Bacillus_GCF_018739525.1_spacer_9	virome_phage_145	73.171	41	11	0	12	52	17518	17478	0.14	31.7
Bacillus_GCF_018739525.1_spacer_9	virome_phage_52	84.375	32	5	0	13	44	44424	44455	0.005	36.5
Bacillus_GCF_018739525.1_spacer_9	virome_phage_52	70.213	47	14	0	5	51	44407	44453	0.14	31.7
Bacillus_GCF_018739525.1_spacer_9	virome_phage_824	69.231	52	16	0	1	52	11782	11833	0.047	33.3
Bacillus_GCF_018739525.1_spacer_9	virome_phage_824	74.359	39	10	0	14	52	11750	11788	0.14	31.7
Bacillus_GCF_018739525.1_spacer_9	virome_phage_876	71.429	42	12	0	4	45	21098	21057	0.42	30.1
Bacillus_GCF_018739525.1_spacer_9	virome_phage_803	72.500	40	11	0	13	52	35306	35267	0.42	30.1
Bacillus_GCF_018739525.1_spacer_9	virome_phage_748	73.684	38	10	0	12	49	54795	54758	0.42	30.1
Bacillus_GCF_018739525.1_spacer_10	virome_phage_824	76.190	42	10	0	1	42	11782	11823	0.003	36.5
Bacillus_GCF_018739525.1_spacer_10	virome_phage_824	79.310	29	6	0	14	42	11849	11877	0.76	28.5
Bacillus_GCF_018739525.1_spacer_10	virome_phage_2282	79.412	34	7	0	10	43	37817	37784	0.028	33.3
Bacillus_GCF_018739525.1_spacer_10	virome_phage_52	85.185	27	4	0	14	40	44200	44226	0.084	31.7
Bacillus_GCF_018739525.1_spacer_10	virome_phage_5	88.000	25	3	0	19	43	28152	28176	0.084	31.7
Bacillus_GCF_018739525.1_spacer_10	virome_phage_5	80.645	31	6	0	13	43	28749	28779	0.084	31.7
Bacillus_GCF_018739525.1_spacer_10	virome_phage_2368	80.645	31	6	0	12	42	3362	3392	0.084	31.7
Bacillus_GCF_018739525.1_spacer_10	virome_phage_145	80.645	31	6	0	12	42	17590	17560	0.084	31.7
Bacillus_GCF_018739525.1_spacer_10	virome_phage_762	86.957	23	3	0	5	27	16349	16371	0.76	28.5
Bacillus_GCF_018739525.1_spacer_10	virome_phage_876	71.795	39	11	0	5	43	21187	21149	0.76	28.5
Bacillus_GCF_018739525.1_spacer_10	virome_phage_803	77.419	31	7	0	13	43	35306	35276	0.76	28.5
Bacillus_GCF_018739525.1_spacer_11	virome_phage_824	83.333	48	8	0	5	52	11777	11824	8.78e-08	52.3
Bacillus_GCF_018739525.1_spacer_11	virome_phage_824	95.000	20	1	0	23	42	11732	11751	0.42	30.1
Bacillus_GCF_018739525.1_spacer_11	virome_phage_824	90.909	22	2	0	5	26	11813	11834	0.42	30.1
Bacillus_GCF_018739525.1_spacer_11	virome_phage_2368	83.333	48	8	0	5	52	3346	3393	8.78e-08	52.3
Bacillus_GCF_018739525.1_spacer_11	virome_phage_2368	71.429	49	14	0	4	52	1446	1494	0.016	34.9
Bacillus_GCF_018739525.1_spacer_11	virome_phage_2368	75.676	37	9	0	9	45	1406	1442	0.14	31.7
Bacillus_GCF_018739525.1_spacer_11	virome_phage_2368	74.359	39	10	0	13	51	2637	2675	0.14	31.7
Bacillus_GCF_018739525.1_spacer_11	virome_phage_145	83.333	48	8	0	5	52	17606	17559	8.78e-08	52.3
Bacillus_GCF_018739525.1_spacer_11	virome_phage_145	71.429	49	14	0	4	52	19506	19458	0.016	34.9
Bacillus_GCF_018739525.1_spacer_11	virome_phage_145	70.833	48	14	0	5	52	17570	17523	0.047	33.3
Bacillus_GCF_018739525.1_spacer_11	virome_phage_145	73.810	42	11	0	4	45	19551	19510	0.047	33.3
Bacillus_GCF_018739525.1_spacer_11	virome_phage_145	74.359	39	10	0	13	51	18315	18277	0.14	31.7
Bacillus_GCF_018739525.1_spacer_11	virome_phage_145	70.455	44	13	0	9	52	17539	17496	0.42	30.1
Bacillus_GCF_018739525.1_spacer_11	virome_phage_1	83.871	31	5	0	12	42	221451	221421	0.016	34.9
Bacillus_GCF_018739525.1_spacer_11	virome_phage_1	70.213	47	14	0	5	51	220972	220926	0.14	31.7
Bacillus_GCF_018739525.1_spacer_11	virome_phage_1	78.125	32	7	0	9	40	220572	220541	0.42	30.1
Bacillus_GCF_018739525.1_spacer_11	virome_phage_1	87.500	24	3	0	22	45	220604	220581	0.42	30.1
Bacillus_GCF_018739525.1_spacer_11	virome_phage_911	91.304	23	2	0	24	46	6249	6271	0.14	31.7
Bacillus_GCF_018739525.1_spacer_11	virome_phage_864	80.000	30	6	0	5	34	4127	4156	0.42	30.1
Bacillus_GCF_018739525.1_spacer_11	virome_phage_5	95.000	20	1	0	32	51	28156	28175	0.42	30.1
Bacillus_GCF_018739525.1_spacer_11	virome_phage_5	95.000	20	1	0	23	42	29884	29903	0.42	30.1
Bacillus_GCF_018739525.1_spacer_11	virome_phage_14	72.500	40	11	0	5	44	31439	31478	0.42	30.1
Bacillus_GCF_018739525.1_spacer_12	virome_phage_824	72.414	58	16	0	4	61	11776	11833	8.96e-05	42.8
Bacillus_GCF_018739525.1_spacer_12	virome_phage_145	70.175	57	17	0	4	60	17607	17551	0.002	38.0
Bacillus_GCF_018739525.1_spacer_12	virome_phage_145	70.909	55	16	0	4	58	17676	17622	0.002	38.0
Bacillus_GCF_018739525.1_spacer_12	virome_phage_145	68.421	57	18	0	5	61	19505	19449	0.022	34.9
Bacillus_GCF_018739525.1_spacer_12	virome_phage_145	66.667	57	19	0	5	61	19514	19458	0.20	31.7
Bacillus_GCF_018739525.1_spacer_12	virome_phage_145	67.925	53	17	0	9	61	19546	19494	0.20	31.7
Bacillus_GCF_018739525.1_spacer_12	virome_phage_2368	72.917	48	13	0	4	51	3345	3392	0.007	36.5
Bacillus_GCF_018739525.1_spacer_12	virome_phage_2368	68.421	57	18	0	5	61	1447	1503	0.022	34.9
Bacillus_GCF_018739525.1_spacer_12	virome_phage_2368	69.091	55	17	0	4	58	3276	3330	0.022	34.9
Bacillus_GCF_018739525.1_spacer_12	virome_phage_2368	67.241	58	19	0	4	61	1401	1458	0.065	33.3
Bacillus_GCF_018739525.1_spacer_12	virome_phage_2368	66.667	57	19	0	5	61	1438	1494	0.20	31.7
Bacillus_GCF_018739525.1_spacer_12	virome_phage_1	73.171	41	11	0	4	44	220433	220393	0.20	31.7
Bacillus_GCF_018739525.1_spacer_12	virome_phage_1	70.213	47	14	0	14	60	221449	221403	0.20	31.7
Bacillus_GCF_018739525.1_spacer_12	virome_phage_876	68.750	48	15	0	13	60	21197	21150	0.59	30.1
Bacillus_GCF_018739525.1_spacer_12	virome_phage_803	72.500	40	11	0	22	61	35306	35267	0.59	30.1
Bacillus_GCF_018739525.1_spacer_13	virome_phage_803	76.923	39	9	0	12	50	35306	35268	0.015	34.9
Bacillus_GCF_018739525.1_spacer_13	virome_phage_2368	74.359	39	10	0	12	50	1419	1457	0.13	31.7
Bacillus_GCF_018739525.1_spacer_13	virome_phage_145	74.359	39	10	0	12	50	19533	19495	0.13	31.7
Bacillus_GCF_018739525.1_spacer_13	virome_phage_824	73.684	38	10	0	13	50	11750	11787	0.40	30.1
Bacillus_GCF_018739525.1_spacer_13	virome_phage_52	68.000	50	16	0	1	50	44188	44237	0.40	30.1
Bacillus_GCF_018739525.1_spacer_13	virome_phage_52	78.125	32	7	0	12	43	44424	44455	0.40	30.1
Bacillus_GCF_018739525.1_spacer_14	virome_phage_145	79.592	49	10	0	4	52	17607	17559	2.37e-06	47.5
Bacillus_GCF_018739525.1_spacer_14	virome_phage_145	76.923	39	9	0	4	42	17676	17638	0.016	34.9
Bacillus_GCF_018739525.1_spacer_14	virome_phage_824	79.592	49	10	0	4	52	11776	11824	2.37e-06	47.5
Bacillus_GCF_018739525.1_spacer_14	virome_phage_824	95.000	20	1	0	23	42	11732	11751	0.42	30.1
Bacillus_GCF_018739525.1_spacer_14	virome_phage_2368	79.592	49	10	0	4	52	3345	3393	2.37e-06	47.5
Bacillus_GCF_018739525.1_spacer_14	virome_phage_2368	71.429	42	12	0	4	45	1401	1442	0.42	30.1
Bacillus_GCF_018739525.1_spacer_14	virome_phage_5	70.833	48	14	0	4	51	28731	28778	0.047	33.3
Bacillus_GCF_018739525.1_spacer_14	virome_phage_5	95.000	20	1	0	23	42	29884	29903	0.42	30.1
Bacillus_GCF_018739525.1_spacer_14	total_phage_794	72.727	44	12	0	7	50	39428	39471	0.047	33.3
Bacillus_GCF_018739525.1_spacer_14	virome_phage_1	82.759	29	5	0	14	42	221449	221421	0.14	31.7
Bacillus_GCF_018739525.1_spacer_14	virome_phage_1	72.500	40	11	0	4	43	217097	217058	0.42	30.1
Bacillus_GCF_018739525.1_spacer_14	virome_phage_1	87.500	24	3	0	22	45	220604	220581	0.42	30.1
Bacillus_GCF_018739525.1_spacer_14	virome_phage_911	91.304	23	2	0	24	46	6249	6271	0.14	31.7
Bacillus_GCF_018739525.1_spacer_15	virome_phage_824	78.947	38	8	0	1	38	11782	11819	0.004	36.5
Bacillus_GCF_018739525.1_spacer_15	virome_phage_2368	76.316	38	9	0	1	38	3351	3388	0.033	33.3
Bacillus_GCF_018739525.1_spacer_15	virome_phage_2368	76.471	34	8	0	3	36	1409	1442	0.29	30.1
Bacillus_GCF_018739525.1_spacer_15	virome_phage_145	76.316	38	9	0	1	38	17601	17564	0.033	33.3
Bacillus_GCF_018739525.1_spacer_15	virome_phage_145	76.471	34	8	0	3	36	19543	19510	0.29	30.1
Bacillus_GCF_018739525.1_spacer_15	virome_phage_864	84.000	25	4	0	1	25	4132	4156	0.88	28.5
Bacillus_GCF_018739525.1_spacer_15	virome_phage_772	86.957	23	3	0	8	30	37090	37112	0.88	28.5
Bacillus_GCF_018739525.1_spacer_15	virome_phage_1	77.419	31	7	0	3	33	221451	221421	0.88	28.5
Bacillus_GCF_018739525.1_spacer_16	virome_phage_824	74.138	58	15	0	4	61	11776	11833	9.95e-06	46.0
Bacillus_GCF_018739525.1_spacer_16	virome_phage_145	73.077	52	14	0	4	55	17676	17625	8.06e-04	39.6
Bacillus_GCF_018739525.1_spacer_16	virome_phage_145	72.917	48	13	0	4	51	17607	17560	0.007	36.5
Bacillus_GCF_018739525.1_spacer_16	virome_phage_145	66.667	57	19	0	5	61	19514	19458	0.20	31.7
Bacillus_GCF_018739525.1_spacer_16	virome_phage_145	67.925	53	17	0	9	61	19546	19494	0.20	31.7
Bacillus_GCF_018739525.1_spacer_16	virome_phage_2368	71.154	52	15	0	4	55	3276	3327	0.007	36.5
Bacillus_GCF_018739525.1_spacer_16	virome_phage_2368	72.917	48	13	0	4	51	3345	3392	0.007	36.5
Bacillus_GCF_018739525.1_spacer_16	virome_phage_2368	67.241	58	19	0	4	61	1401	1458	0.065	33.3
Bacillus_GCF_018739525.1_spacer_16	virome_phage_2368	66.667	57	19	0	5	61	1438	1494	0.20	31.7
Bacillus_GCF_018739525.1_spacer_16	virome_phage_803	75.000	40	10	0	22	61	35306	35267	0.065	33.3
Bacillus_GCF_018739525.1_spacer_16	virome_phage_1	73.171	41	11	0	4	44	220433	220393	0.20	31.7
Bacillus_GCF_018739525.1_spacer_16	virome_phage_876	68.750	48	15	0	13	60	21197	21150	0.59	30.1
Bacillus_GCF_018739525.1_spacer_17	virome_phage_824	76.190	42	10	0	1	42	11782	11823	0.003	36.5
Bacillus_GCF_018739525.1_spacer_17	virome_phage_2368	83.871	31	5	0	12	42	3362	3392	0.009	34.9
Bacillus_GCF_018739525.1_spacer_17	virome_phage_145	83.871	31	5	0	12	42	17590	17560	0.009	34.9
Bacillus_GCF_018739525.1_spacer_17	virome_phage_5	90.909	22	2	0	22	43	28155	28176	0.25	30.1
Bacillus_GCF_018739525.1_spacer_17	virome_phage_5	77.419	31	7	0	13	43	28749	28779	0.76	28.5
Bacillus_GCF_018739525.1_spacer_17	virome_phage_2282	76.471	34	8	0	10	43	37817	37784	0.25	30.1
Bacillus_GCF_018739525.1_spacer_17	virome_phage_772	86.957	23	3	0	8	30	37090	37112	0.76	28.5
Bacillus_GCF_018739525.1_spacer_17	virome_phage_52	81.481	27	5	0	14	40	44200	44226	0.76	28.5
Bacillus_GCF_018739525.1_spacer_17	virome_phage_803	77.419	31	7	0	13	43	35306	35276	0.76	28.5
Bacillus_GCF_018739525.1_spacer_18	virome_phage_824	75.862	58	14	0	4	61	11776	11833	1.11e-06	49.1
Bacillus_GCF_018739525.1_spacer_18	virome_phage_824	74.359	39	10	0	23	61	11750	11788	0.20	31.7
Bacillus_GCF_018739525.1_spacer_18	virome_phage_824	91.304	23	2	0	4	26	11812	11834	0.20	31.7
Bacillus_GCF_018739525.1_spacer_18	virome_phage_145	74.545	55	14	0	4	58	17676	17622	2.99e-05	44.4
Bacillus_GCF_018739525.1_spacer_18	virome_phage_145	71.930	57	16	0	4	60	17607	17551	2.69e-04	41.2
Bacillus_GCF_018739525.1_spacer_18	virome_phage_145	71.698	53	15	0	9	61	19546	19494	0.002	38.0
Bacillus_GCF_018739525.1_spacer_18	virome_phage_145	68.421	57	18	0	5	61	19505	19449	0.022	34.9
Bacillus_GCF_018739525.1_spacer_18	virome_phage_145	68.421	57	18	0	5	61	19514	19458	0.022	34.9
Bacillus_GCF_018739525.1_spacer_18	virome_phage_145	67.925	53	17	0	9	61	17530	17478	0.20	31.7
Bacillus_GCF_018739525.1_spacer_18	virome_phage_2368	72.727	55	15	0	4	58	3276	3330	2.69e-04	41.2
Bacillus_GCF_018739525.1_spacer_18	virome_phage_2368	70.690	58	17	0	4	61	1401	1458	8.06e-04	39.6
Bacillus_GCF_018739525.1_spacer_18	virome_phage_2368	75.000	48	12	0	4	51	3345	3392	8.06e-04	39.6
Bacillus_GCF_018739525.1_spacer_18	virome_phage_2368	68.421	57	18	0	5	61	1438	1494	0.022	34.9
Bacillus_GCF_018739525.1_spacer_18	virome_phage_2368	68.421	57	18	0	5	61	1447	1503	0.022	34.9
Bacillus_GCF_018739525.1_spacer_18	virome_phage_14	68.421	57	18	0	5	61	31439	31495	0.022	34.9
Bacillus_GCF_018739525.1_spacer_18	virome_phage_14	76.471	34	8	0	4	37	31465	31498	0.59	30.1
Bacillus_GCF_018739525.1_spacer_18	virome_phage_1	71.429	49	14	0	12	60	221451	221403	0.022	34.9
Bacillus_GCF_018739525.1_spacer_18	virome_phage_1	68.000	50	16	0	12	61	217917	217868	0.59	30.1
Bacillus_GCF_018739525.1_spacer_18	virome_phage_803	75.000	40	10	0	22	61	35306	35267	0.065	33.3
Bacillus_GCF_018739525.1_spacer_18	virome_phage_864	80.000	30	6	0	5	34	4127	4156	0.59	30.1
Bacillus_GCF_018739525.1_spacer_19	virome_phage_824	73.333	45	12	0	1	45	11782	11826	0.016	34.9
Bacillus_GCF_018739525.1_spacer_19	virome_phage_824	73.684	38	10	0	14	51	11750	11787	0.42	30.1
Bacillus_GCF_018739525.1_spacer_19	virome_phage_803	74.359	39	10	0	13	51	35306	35268	0.14	31.7
Bacillus_GCF_018739525.1_spacer_19	virome_phage_145	80.645	31	6	0	12	42	17590	17560	0.14	31.7
Bacillus_GCF_018739525.1_spacer_19	virome_phage_145	74.359	39	10	0	13	51	19497	19459	0.14	31.7
Bacillus_GCF_018739525.1_spacer_19	virome_phage_145	74.359	39	10	0	13	51	19533	19495	0.14	31.7
Bacillus_GCF_018739525.1_spacer_19	virome_phage_2368	74.359	39	10	0	13	51	1419	1457	0.14	31.7
Bacillus_GCF_018739525.1_spacer_19	virome_phage_2368	74.359	39	10	0	13	51	1455	1493	0.14	31.7
Bacillus_GCF_018739525.1_spacer_19	virome_phage_2368	80.645	31	6	0	12	42	3362	3392	0.14	31.7
Bacillus_GCF_018739525.1_spacer_19	virome_phage_1	68.750	48	15	0	5	52	221449	221402	0.42	30.1
Bacillus_GCF_018739525.1_spacer_20	virome_phage_824	78.000	50	11	0	5	54	11777	11826	9.95e-06	46.0
Bacillus_GCF_018739525.1_spacer_20	virome_phage_824	76.316	38	9	0	23	60	11750	11787	0.065	33.3
Bacillus_GCF_018739525.1_spacer_20	virome_phage_824	90.909	22	2	0	5	26	11813	11834	0.59	30.1
Bacillus_GCF_018739525.1_spacer_20	virome_phage_145	71.930	57	16	0	4	60	19551	19495	2.69e-04	41.2
Bacillus_GCF_018739525.1_spacer_20	virome_phage_145	70.175	57	17	0	4	60	19506	19450	0.002	38.0
Bacillus_GCF_018739525.1_spacer_20	virome_phage_145	68.421	57	18	0	4	60	17535	17479	0.022	34.9
Bacillus_GCF_018739525.1_spacer_20	virome_phage_145	68.421	57	18	0	5	61	17606	17550	0.022	34.9
Bacillus_GCF_018739525.1_spacer_20	virome_phage_145	67.857	56	18	0	5	60	19514	19459	0.065	33.3
Bacillus_GCF_018739525.1_spacer_20	virome_phage_145	66.071	56	19	0	5	60	20087	20032	0.59	30.1
Bacillus_GCF_018739525.1_spacer_20	virome_phage_2368	73.077	52	14	0	9	60	1406	1457	8.06e-04	39.6
Bacillus_GCF_018739525.1_spacer_20	virome_phage_2368	70.175	57	17	0	4	60	1446	1502	0.002	38.0
Bacillus_GCF_018739525.1_spacer_20	virome_phage_2368	67.857	56	18	0	5	60	1438	1493	0.065	33.3
Bacillus_GCF_018739525.1_spacer_20	virome_phage_2368	70.213	47	14	0	5	51	3346	3392	0.20	31.7
Bacillus_GCF_018739525.1_spacer_20	virome_phage_2368	66.667	57	19	0	4	60	3417	3473	0.20	31.7
Bacillus_GCF_018739525.1_spacer_20	virome_phage_14	69.643	56	17	0	5	60	31439	31494	0.007	36.5
Bacillus_GCF_018739525.1_spacer_20	virome_phage_803	76.923	39	9	0	22	60	35306	35268	0.022	34.9
Bacillus_GCF_018739525.1_spacer_20	virome_phage_1	70.000	50	15	0	12	61	221451	221402	0.065	33.3
Bacillus_GCF_018739525.1_spacer_20	virome_phage_748	73.684	38	10	0	21	58	54795	54758	0.59	30.1
Bacillus_GCF_018739525.1_spacer_20	virome_phage_2282	72.500	40	11	0	22	61	37868	37829	0.59	30.1
Bacillus_GCF_018739525.1_spacer_20	virome_phage_52	78.125	32	7	0	22	53	44424	44455	0.59	30.1
Bacillus_GCF_018739525.1_spacer_20	virome_phage_5	78.125	32	7	0	30	61	29090	29121	0.59	30.1
Bacillus_GCF_018739525.1_spacer_21	virome_phage_824	76.190	42	10	0	1	42	11782	11823	0.003	36.5
Bacillus_GCF_018739525.1_spacer_21	virome_phage_2368	83.871	31	5	0	12	42	3362	3392	0.009	34.9
Bacillus_GCF_018739525.1_spacer_21	virome_phage_145	83.871	31	5	0	12	42	17590	17560	0.009	34.9
Bacillus_GCF_018739525.1_spacer_21	virome_phage_5	90.909	22	2	0	22	43	28155	28176	0.25	30.1
Bacillus_GCF_018739525.1_spacer_21	virome_phage_5	77.419	31	7	0	13	43	28749	28779	0.76	28.5
Bacillus_GCF_018739525.1_spacer_21	virome_phage_2282	76.471	34	8	0	10	43	37817	37784	0.25	30.1
Bacillus_GCF_018739525.1_spacer_21	virome_phage_772	86.957	23	3	0	8	30	37090	37112	0.76	28.5
Bacillus_GCF_018739525.1_spacer_21	virome_phage_52	81.481	27	5	0	14	40	44200	44226	0.76	28.5
Bacillus_GCF_018739525.1_spacer_21	virome_phage_803	77.419	31	7	0	13	43	35306	35276	0.76	28.5
Bacillus_GCF_018739525.1_spacer_22	virome_phage_824	83.333	48	8	0	4	51	11776	11823	8.78e-08	52.3
Bacillus_GCF_018739525.1_spacer_22	virome_phage_824	91.304	23	2	0	4	26	11812	11834	0.14	31.7
Bacillus_GCF_018739525.1_spacer_22	virome_phage_2368	79.167	48	10	0	4	51	3345	3392	7.11e-06	46.0
Bacillus_GCF_018739525.1_spacer_22	virome_phage_2368	71.429	49	14	0	4	52	2628	2676	0.016	34.9
Bacillus_GCF_018739525.1_spacer_22	virome_phage_2368	73.810	42	11	0	4	45	1401	1442	0.047	33.3
Bacillus_GCF_018739525.1_spacer_22	virome_phage_145	79.167	48	10	0	4	51	17607	17560	7.11e-06	46.0
Bacillus_GCF_018739525.1_spacer_22	virome_phage_145	79.487	39	8	0	4	42	17676	17638	0.002	38.0
Bacillus_GCF_018739525.1_spacer_22	virome_phage_145	75.000	40	10	0	13	52	18315	18276	0.047	33.3
Bacillus_GCF_018739525.1_spacer_22	virome_phage_145	70.213	47	14	0	5	51	17570	17524	0.14	31.7
Bacillus_GCF_018739525.1_spacer_22	virome_phage_145	75.676	37	9	0	9	45	19546	19510	0.14	31.7
Bacillus_GCF_018739525.1_spacer_22	virome_phage_1	70.833	48	14	0	4	51	219920	219873	0.047	33.3
Bacillus_GCF_018739525.1_spacer_22	virome_phage_5	95.238	21	1	0	31	51	28155	28175	0.14	31.7
Bacillus_GCF_018739525.1_spacer_22	virome_phage_864	80.000	30	6	0	5	34	4127	4156	0.42	30.1
Bacillus_GCF_018739525.1_spacer_22	virome_phage_14	72.500	40	11	0	5	44	31439	31478	0.42	30.1
Bacillus_GCF_018739525.1_spacer_22	virome_phage_14	76.471	34	8	0	4	37	31465	31498	0.42	30.1
Bacillus_GCF_018739525.1_spacer_22	virome_phage_803	80.000	30	6	0	22	51	35306	35277	0.42	30.1
Bacillus_GCF_018739525.1_spacer_23	virome_phage_2368	77.500	40	9	0	12	51	1419	1458	0.005	36.5
Bacillus_GCF_018739525.1_spacer_23	virome_phage_2368	75.000	40	10	0	12	51	1455	1494	0.044	33.3
Bacillus_GCF_018739525.1_spacer_23	virome_phage_2368	73.171	41	11	0	11	51	3434	3474	0.13	31.7
Bacillus_GCF_018739525.1_spacer_23	virome_phage_803	77.500	40	9	0	12	51	35306	35267	0.005	36.5
Bacillus_GCF_018739525.1_spacer_23	virome_phage_145	77.500	40	9	0	12	51	19533	19494	0.005	36.5
Bacillus_GCF_018739525.1_spacer_23	virome_phage_145	75.000	40	10	0	12	51	19497	19458	0.044	33.3
Bacillus_GCF_018739525.1_spacer_23	virome_phage_145	73.171	41	11	0	11	51	17518	17478	0.13	31.7
Bacillus_GCF_018739525.1_spacer_23	virome_phage_824	76.923	39	9	0	13	51	11750	11788	0.015	34.9
Bacillus_GCF_018739525.1_spacer_23	virome_phage_52	68.000	50	16	0	1	50	44188	44237	0.40	30.1
Bacillus_GCF_018739525.1_spacer_23	virome_phage_52	78.125	32	7	0	12	43	44424	44455	0.40	30.1
Bacillus_GCF_018739525.1_spacer_23	virome_phage_748	73.684	38	10	0	11	48	54795	54758	0.40	30.1
Bacillus_GCF_018739525.1_spacer_24	virome_phage_824	74.138	58	15	0	4	61	11776	11833	9.95e-06	46.0
Bacillus_GCF_018739525.1_spacer_24	virome_phage_824	76.923	39	9	0	23	61	11750	11788	0.022	34.9
Bacillus_GCF_018739525.1_spacer_24	virome_phage_824	65.517	58	20	0	4	61	11767	11824	0.59	30.1
Bacillus_GCF_018739525.1_spacer_24	virome_phage_2368	71.930	57	16	0	5	61	1438	1494	2.69e-04	41.2
Bacillus_GCF_018739525.1_spacer_24	virome_phage_2368	70.690	58	17	0	4	61	1401	1458	8.06e-04	39.6
Bacillus_GCF_018739525.1_spacer_24	virome_phage_2368	75.000	48	12	0	4	51	3345	3392	8.06e-04	39.6
Bacillus_GCF_018739525.1_spacer_24	virome_phage_2368	83.871	31	5	0	12	42	1142	1172	0.022	34.9
Bacillus_GCF_018739525.1_spacer_24	virome_phage_2368	66.667	57	19	0	5	61	1447	1503	0.20	31.7
Bacillus_GCF_018739525.1_spacer_24	virome_phage_2368	73.171	41	11	0	21	61	3434	3474	0.20	31.7
Bacillus_GCF_018739525.1_spacer_24	virome_phage_145	71.930	57	16	0	4	60	17607	17551	2.69e-04	41.2
Bacillus_GCF_018739525.1_spacer_24	virome_phage_145	71.930	57	16	0	5	61	19514	19458	2.69e-04	41.2
Bacillus_GCF_018739525.1_spacer_24	virome_phage_145	70.909	55	16	0	4	58	17676	17622	0.002	38.0
Bacillus_GCF_018739525.1_spacer_24	virome_phage_145	71.698	53	15	0	9	61	19546	19494	0.002	38.0
Bacillus_GCF_018739525.1_spacer_24	virome_phage_145	73.171	41	11	0	21	61	17518	17478	0.20	31.7
Bacillus_GCF_018739525.1_spacer_24	virome_phage_145	66.667	57	19	0	5	61	19505	19449	0.20	31.7
Bacillus_GCF_018739525.1_spacer_24	virome_phage_145	65.517	58	20	0	4	61	20088	20031	0.59	30.1
Bacillus_GCF_018739525.1_spacer_24	virome_phage_5	76.744	43	10	0	9	51	29096	29138	0.002	38.0
Bacillus_GCF_018739525.1_spacer_24	virome_phage_5	68.627	51	16	0	11	61	28960	29010	0.20	31.7
Bacillus_GCF_018739525.1_spacer_24	virome_phage_14	79.412	34	7	0	4	37	31465	31498	0.065	33.3
Bacillus_GCF_018739525.1_spacer_24	virome_phage_803	75.000	40	10	0	22	61	35306	35267	0.065	33.3
Bacillus_GCF_018739525.1_spacer_24	virome_phage_94	66.667	57	19	0	4	60	5395	5451	0.20	31.7
Bacillus_GCF_018739525.1_spacer_24	virome_phage_94	66.667	57	19	0	4	60	5404	5460	0.20	31.7
Bacillus_GCF_018739525.1_spacer_24	virome_phage_94	66.667	57	19	0	4	60	5413	5469	0.20	31.7
Bacillus_GCF_018739525.1_spacer_24	virome_phage_94	66.667	57	19	0	4	60	5422	5478	0.20	31.7
Bacillus_GCF_018739525.1_spacer_24	virome_phage_906	66.667	57	19	0	4	60	19731	19787	0.20	31.7
Bacillus_GCF_018739525.1_spacer_24	virome_phage_906	66.667	57	19	0	4	60	19740	19796	0.20	31.7
Bacillus_GCF_018739525.1_spacer_24	virome_phage_906	66.667	57	19	0	4	60	19749	19805	0.20	31.7
Bacillus_GCF_018739525.1_spacer_24	virome_phage_906	66.667	57	19	0	4	60	19809	19865	0.20	31.7
Bacillus_GCF_018739525.1_spacer_24	virome_phage_906	66.667	57	19	0	4	60	21908	21964	0.20	31.7
Bacillus_GCF_018739525.1_spacer_24	virome_phage_906	66.667	57	19	0	4	60	21917	21973	0.20	31.7
Bacillus_GCF_018739525.1_spacer_24	virome_phage_1	69.388	49	15	0	12	60	221451	221403	0.20	31.7
Bacillus_GCF_018739525.1_spacer_24	virome_phage_2269	67.308	52	17	0	4	55	66759	66810	0.59	30.1
Bacillus_GCF_018739525.1_spacer_25	virome_phage_824	81.395	43	8	0	1	43	11782	11824	1.28e-05	44.4
Bacillus_GCF_018739525.1_spacer_25	virome_phage_2368	79.070	43	9	0	1	43	3351	3393	1.15e-04	41.2
Bacillus_GCF_018739525.1_spacer_25	virome_phage_2368	74.359	39	10	0	4	42	2637	2675	0.084	31.7
Bacillus_GCF_018739525.1_spacer_25	virome_phage_2368	76.471	34	8	0	3	36	1409	1442	0.25	30.1
Bacillus_GCF_018739525.1_spacer_25	virome_phage_145	79.070	43	9	0	1	43	17601	17559	1.15e-04	41.2
Bacillus_GCF_018739525.1_spacer_25	virome_phage_145	74.359	39	10	0	4	42	18315	18277	0.084	31.7
Bacillus_GCF_018739525.1_spacer_25	virome_phage_145	76.471	34	8	0	3	36	19543	19510	0.25	30.1
Bacillus_GCF_018739525.1_spacer_25	virome_phage_5	95.238	21	1	0	22	42	28155	28175	0.084	31.7
Bacillus_GCF_018739525.1_spacer_25	virome_phage_5	70.732	41	12	0	3	43	28388	28428	0.76	28.5
Bacillus_GCF_018739525.1_spacer_25	virome_phage_5	86.957	23	3	0	21	43	29090	29112	0.76	28.5
Bacillus_GCF_018739525.1_spacer_25	virome_phage_803	80.000	30	6	0	13	42	35306	35277	0.25	30.1
Bacillus_GCF_018739525.1_spacer_25	virome_phage_1	72.500	40	11	0	3	42	219912	219873	0.25	30.1
Bacillus_GCF_018739525.1_spacer_25	virome_phage_1	77.419	31	7	0	3	33	221451	221421	0.76	28.5
Bacillus_GCF_018739525.1_spacer_25	virome_phage_864	84.000	25	4	0	1	25	4132	4156	0.76	28.5
Bacillus_GCF_018739525.1_spacer_25	virome_phage_772	86.957	23	3	0	8	30	37090	37112	0.76	28.5
Bacillus_GCF_018739525.1_spacer_25	virome_phage_2282	75.758	33	8	0	10	42	37817	37785	0.76	28.5
Bacillus_GCF_018739525.1_spacer_26	virome_phage_2368	77.500	40	9	0	13	52	1419	1458	0.005	36.5
Bacillus_GCF_018739525.1_spacer_26	virome_phage_2368	75.000	40	10	0	13	52	1455	1494	0.047	33.3
Bacillus_GCF_018739525.1_spacer_26	virome_phage_2368	73.171	41	11	0	12	52	3434	3474	0.14	31.7
Bacillus_GCF_018739525.1_spacer_26	virome_phage_803	77.500	40	9	0	13	52	35306	35267	0.005	36.5
Bacillus_GCF_018739525.1_spacer_26	virome_phage_145	77.500	40	9	0	13	52	19533	19494	0.005	36.5
Bacillus_GCF_018739525.1_spacer_26	virome_phage_145	75.000	40	10	0	13	52	19497	19458	0.047	33.3
Bacillus_GCF_018739525.1_spacer_26	virome_phage_145	73.171	41	11	0	12	52	17518	17478	0.14	31.7
Bacillus_GCF_018739525.1_spacer_26	virome_phage_824	76.923	39	9	0	14	52	11750	11788	0.016	34.9
Bacillus_GCF_018739525.1_spacer_26	virome_phage_52	78.125	32	7	0	13	44	44424	44455	0.42	30.1
Bacillus_GCF_018739525.1_spacer_26	virome_phage_748	73.684	38	10	0	12	49	54795	54758	0.42	30.1
Bacillus_GCF_018739525.1_spacer_27	virome_phage_145	76.190	42	10	0	1	42	17601	17560	0.003	36.5
Bacillus_GCF_018739525.1_spacer_27	virome_phage_145	71.795	39	11	0	4	42	18315	18277	0.76	28.5
Bacillus_GCF_018739525.1_spacer_27	virome_phage_824	76.190	42	10	0	1	42	11782	11823	0.003	36.5
Bacillus_GCF_018739525.1_spacer_27	virome_phage_2368	76.190	42	10	0	1	42	3351	3392	0.003	36.5
Bacillus_GCF_018739525.1_spacer_27	virome_phage_2368	83.871	31	5	0	3	33	1142	1172	0.009	34.9
Bacillus_GCF_018739525.1_spacer_27	virome_phage_2368	71.795	39	11	0	4	42	2637	2675	0.76	28.5
Bacillus_GCF_018739525.1_spacer_27	virome_phage_5	76.923	39	9	0	5	43	29101	29139	0.009	34.9
Bacillus_GCF_018739525.1_spacer_27	virome_phage_5	73.171	41	11	0	2	42	28960	29000	0.084	31.7
Bacillus_GCF_018739525.1_spacer_27	virome_phage_5	90.909	22	2	0	22	43	28155	28176	0.25	30.1
Bacillus_GCF_018739525.1_spacer_27	virome_phage_5	75.000	36	9	0	3	38	28388	28423	0.25	30.1
Bacillus_GCF_018739525.1_spacer_27	virome_phage_5	77.419	31	7	0	13	43	28749	28779	0.76	28.5
Bacillus_GCF_018739525.1_spacer_27	virome_phage_2282	76.471	34	8	0	10	43	37817	37784	0.25	30.1
Bacillus_GCF_018739525.1_spacer_27	virome_phage_52	72.500	40	11	0	4	43	44055	44094	0.25	30.1
Bacillus_GCF_018739525.1_spacer_27	virome_phage_52	81.481	27	5	0	14	40	44200	44226	0.76	28.5
Bacillus_GCF_018739525.1_spacer_27	virome_phage_14	82.143	28	5	0	1	28	31471	31498	0.25	30.1
Bacillus_GCF_018739525.1_spacer_27	virome_phage_803	77.419	31	7	0	13	43	35306	35276	0.76	28.5
Bacillus_GCF_018739525.1_spacer_27	virome_phage_1	70.732	41	12	0	3	43	219912	219872	0.76	28.5
Bacillus_GCF_018739525.1_spacer_27	virome_phage_772	86.957	23	3	0	8	30	37090	37112	0.76	28.5
Bacillus_GCF_018739525.1_spacer_27	total_phage_413	77.419	31	7	0	1	31	55882	55912	0.76	28.5
Bacillus_GCF_018739525.1_spacer_28	virome_phage_824	78.431	51	11	0	4	54	11776	11826	3.32e-06	47.5
Bacillus_GCF_018739525.1_spacer_28	virome_phage_824	76.316	38	9	0	23	60	11750	11787	0.065	33.3
Bacillus_GCF_018739525.1_spacer_28	virome_phage_824	91.304	23	2	0	4	26	11812	11834	0.20	31.7
Bacillus_GCF_018739525.1_spacer_28	virome_phage_2368	71.930	57	16	0	4	60	1401	1457	2.69e-04	41.2
Bacillus_GCF_018739525.1_spacer_28	virome_phage_2368	69.643	56	17	0	5	60	1447	1502	0.007	36.5
Bacillus_GCF_018739525.1_spacer_28	virome_phage_2368	67.857	56	18	0	5	60	1438	1493	0.065	33.3
Bacillus_GCF_018739525.1_spacer_28	virome_phage_2368	70.833	48	14	0	4	51	3345	3392	0.065	33.3
Bacillus_GCF_018739525.1_spacer_28	virome_phage_2368	65.000	60	21	0	2	61	2617	2676	0.59	30.1
Bacillus_GCF_018739525.1_spacer_28	virome_phage_2368	72.500	40	11	0	21	60	3434	3473	0.59	30.1
Bacillus_GCF_018739525.1_spacer_28	virome_phage_145	73.077	52	14	0	9	60	19546	19495	8.06e-04	39.6
Bacillus_GCF_018739525.1_spacer_28	virome_phage_145	69.643	56	17	0	5	60	19505	19450	0.007	36.5
Bacillus_GCF_018739525.1_spacer_28	virome_phage_145	68.421	57	18	0	4	60	17607	17551	0.022	34.9
Bacillus_GCF_018739525.1_spacer_28	virome_phage_145	69.091	55	17	0	4	58	17676	17622	0.022	34.9
Bacillus_GCF_018739525.1_spacer_28	virome_phage_145	69.231	52	16	0	9	60	17530	17479	0.065	33.3
Bacillus_GCF_018739525.1_spacer_28	virome_phage_145	67.857	56	18	0	5	60	19514	19459	0.065	33.3
Bacillus_GCF_018739525.1_spacer_28	virome_phage_145	66.667	57	19	0	4	60	20088	20032	0.20	31.7
Bacillus_GCF_018739525.1_spacer_28	virome_phage_14	69.643	56	17	0	5	60	31439	31494	0.007	36.5
Bacillus_GCF_018739525.1_spacer_28	virome_phage_803	76.923	39	9	0	22	60	35306	35268	0.022	34.9
Bacillus_GCF_018739525.1_spacer_28	virome_phage_1	69.388	49	15	0	12	60	221451	221403	0.20	31.7
Bacillus_GCF_018739525.1_spacer_28	virome_phage_94	65.517	58	20	0	4	61	5395	5452	0.59	30.1
Bacillus_GCF_018739525.1_spacer_28	virome_phage_94	65.517	58	20	0	4	61	5404	5461	0.59	30.1
Bacillus_GCF_018739525.1_spacer_28	virome_phage_94	65.517	58	20	0	4	61	5413	5470	0.59	30.1
Bacillus_GCF_018739525.1_spacer_28	virome_phage_94	65.517	58	20	0	4	61	5422	5479	0.59	30.1
Bacillus_GCF_018739525.1_spacer_28	virome_phage_906	65.517	58	20	0	4	61	19731	19788	0.59	30.1
Bacillus_GCF_018739525.1_spacer_28	virome_phage_906	65.517	58	20	0	4	61	19740	19797	0.59	30.1
Bacillus_GCF_018739525.1_spacer_28	virome_phage_906	65.517	58	20	0	4	61	19749	19806	0.59	30.1
Bacillus_GCF_018739525.1_spacer_28	virome_phage_906	65.517	58	20	0	4	61	19809	19866	0.59	30.1
Bacillus_GCF_018739525.1_spacer_28	virome_phage_906	65.517	58	20	0	4	61	21908	21965	0.59	30.1
Bacillus_GCF_018739525.1_spacer_28	virome_phage_906	65.517	58	20	0	4	61	21917	21974	0.59	30.1
Bacillus_GCF_018739525.1_spacer_28	virome_phage_52	78.125	32	7	0	22	53	44424	44455	0.59	30.1
Bacillus_GCF_018739525.1_spacer_28	virome_phage_748	73.684	38	10	0	21	58	54795	54758	0.59	30.1
Bacillus_GCF_018739525.1_spacer_29	virome_phage_824	81.250	48	9	0	4	51	11776	11823	7.90e-07	49.1
Bacillus_GCF_018739525.1_spacer_29	virome_phage_2368	79.167	48	10	0	4	51	3345	3392	7.11e-06	46.0
Bacillus_GCF_018739525.1_spacer_29	virome_phage_2368	79.487	39	8	0	4	42	3276	3314	0.002	38.0
Bacillus_GCF_018739525.1_spacer_29	virome_phage_2368	78.947	38	8	0	5	42	1135	1172	0.005	36.5
Bacillus_GCF_018739525.1_spacer_29	virome_phage_2368	77.500	40	9	0	13	52	2637	2676	0.005	36.5
Bacillus_GCF_018739525.1_spacer_29	virome_phage_2368	73.810	42	11	0	4	45	1401	1442	0.047	33.3
Bacillus_GCF_018739525.1_spacer_29	virome_phage_2368	73.171	41	11	0	12	52	1088	1128	0.14	31.7
Bacillus_GCF_018739525.1_spacer_29	virome_phage_2368	68.627	51	16	0	2	52	2617	2667	0.14	31.7
Bacillus_GCF_018739525.1_spacer_29	virome_phage_145	79.167	48	10	0	4	51	17607	17560	7.11e-06	46.0
Bacillus_GCF_018739525.1_spacer_29	virome_phage_145	77.500	40	9	0	13	52	18315	18276	0.005	36.5
Bacillus_GCF_018739525.1_spacer_29	virome_phage_145	76.923	39	9	0	4	42	17676	17638	0.016	34.9
Bacillus_GCF_018739525.1_spacer_29	virome_phage_145	75.676	37	9	0	9	45	19546	19510	0.14	31.7
Bacillus_GCF_018739525.1_spacer_29	virome_phage_5	79.070	43	9	0	9	51	29096	29138	1.92e-04	41.2
Bacillus_GCF_018739525.1_spacer_29	virome_phage_5	77.778	36	8	0	12	47	28388	28423	0.047	33.3
Bacillus_GCF_018739525.1_spacer_29	virome_phage_5	95.000	20	1	0	32	51	28156	28175	0.42	30.1
Bacillus_GCF_018739525.1_spacer_29	virome_phage_5	68.750	48	15	0	4	51	28731	28778	0.42	30.1
Bacillus_GCF_018739525.1_spacer_29	virome_phage_1	72.917	48	13	0	4	51	219920	219873	0.005	36.5
Bacillus_GCF_018739525.1_spacer_29	virome_phage_14	85.714	28	4	0	10	37	31471	31498	0.047	33.3
Bacillus_GCF_018739525.1_spacer_29	virome_phage_881	72.500	40	11	0	4	43	2093	2132	0.42	30.1
Bacillus_GCF_018739525.1_spacer_29	total_phage_730	82.143	28	5	0	9	36	81859	81886	0.42	30.1
Bacillus_GCF_018739525.1_spacer_29	virome_phage_2411	68.750	48	15	0	4	51	6069	6022	0.42	30.1
Bacillus_GCF_018739525.1_spacer_29	virome_phage_176	68.750	48	15	0	4	51	5970	5923	0.42	30.1
Bacillus_GCF_018739525.1_spacer_29	virome_phage_10	82.143	28	5	0	9	36	104409	104382	0.42	30.1
Bacillus_GCF_018739525.1_spacer_30	virome_phage_824	79.167	48	10	0	4	51	11776	11823	7.11e-06	46.0
Bacillus_GCF_018739525.1_spacer_30	virome_phage_2368	79.167	48	10	0	4	51	3345	3392	7.11e-06	46.0
Bacillus_GCF_018739525.1_spacer_30	virome_phage_2368	76.923	39	9	0	13	51	3462	3500	0.016	34.9
Bacillus_GCF_018739525.1_spacer_30	virome_phage_2368	80.645	31	6	0	12	42	1142	1172	0.14	31.7
Bacillus_GCF_018739525.1_spacer_30	virome_phage_2368	71.429	42	12	0	4	45	1401	1442	0.42	30.1
Bacillus_GCF_018739525.1_spacer_30	virome_phage_2368	68.750	48	15	0	4	51	2628	2675	0.42	30.1
Bacillus_GCF_018739525.1_spacer_30	virome_phage_145	79.167	48	10	0	4	51	17607	17560	7.11e-06	46.0
Bacillus_GCF_018739525.1_spacer_30	virome_phage_145	76.923	39	9	0	13	51	17490	17452	0.016	34.9
Bacillus_GCF_018739525.1_spacer_30	virome_phage_145	76.923	39	9	0	4	42	17676	17638	0.016	34.9
Bacillus_GCF_018739525.1_spacer_30	virome_phage_5	73.469	49	13	0	4	52	28731	28779	0.002	38.0
Bacillus_GCF_018739525.1_spacer_30	virome_phage_5	75.000	44	11	0	9	52	29096	29139	0.005	36.5
Bacillus_GCF_018739525.1_spacer_30	virome_phage_5	73.171	41	11	0	11	51	28960	29000	0.14	31.7
Bacillus_GCF_018739525.1_spacer_30	virome_phage_5	75.000	36	9	0	12	47	28388	28423	0.42	30.1
Bacillus_GCF_018739525.1_spacer_30	virome_phage_14	79.412	34	7	0	4	37	31465	31498	0.047	33.3
Bacillus_GCF_018739525.1_spacer_30	virome_phage_2282	79.412	34	7	0	19	52	37817	37784	0.047	33.3
Bacillus_GCF_018739525.1_spacer_30	virome_phage_1	78.788	33	7	0	2	34	221038	221006	0.14	31.7
Bacillus_GCF_018739525.1_spacer_30	virome_phage_52	72.500	40	11	0	13	52	44055	44094	0.42	30.1
Bacillus_GCF_018739525.1_spacer_31	virome_phage_145	72.549	51	14	0	1	51	17601	17551	0.002	38.0
Bacillus_GCF_018739525.1_spacer_31	virome_phage_145	76.923	39	9	0	13	51	19497	19459	0.016	34.9
Bacillus_GCF_018739525.1_spacer_31	virome_phage_145	76.923	39	9	0	13	51	19533	19495	0.016	34.9
Bacillus_GCF_018739525.1_spacer_31	virome_phage_145	68.750	48	15	0	4	51	17490	17443	0.42	30.1
Bacillus_GCF_018739525.1_spacer_31	virome_phage_145	72.500	40	11	0	12	51	17518	17479	0.42	30.1
Bacillus_GCF_018739525.1_spacer_31	virome_phage_2368	76.190	42	10	0	1	42	3351	3392	0.005	36.5
Bacillus_GCF_018739525.1_spacer_31	virome_phage_2368	76.923	39	9	0	13	51	1419	1457	0.016	34.9
Bacillus_GCF_018739525.1_spacer_31	virome_phage_2368	76.923	39	9	0	13	51	1455	1493	0.016	34.9
Bacillus_GCF_018739525.1_spacer_31	virome_phage_2368	72.500	40	11	0	12	51	3434	3473	0.42	30.1
Bacillus_GCF_018739525.1_spacer_31	virome_phage_2368	68.750	48	15	0	4	51	3462	3509	0.42	30.1
Bacillus_GCF_018739525.1_spacer_31	virome_phage_1	71.429	49	14	0	3	51	221451	221403	0.016	34.9
Bacillus_GCF_018739525.1_spacer_31	virome_phage_5	70.000	50	15	0	2	51	28090	28139	0.047	33.3
Bacillus_GCF_018739525.1_spacer_31	virome_phage_824	80.645	31	6	0	3	33	11883	11913	0.14	31.7
Bacillus_GCF_018739525.1_spacer_31	virome_phage_824	73.684	38	10	0	14	51	11750	11787	0.42	30.1
Bacillus_GCF_018739525.1_spacer_31	virome_phage_52	78.125	32	7	0	13	44	44424	44455	0.42	30.1
Bacillus_GCF_018739525.1_spacer_32	virome_phage_824	81.250	48	9	0	4	51	11776	11823	7.90e-07	49.1
Bacillus_GCF_018739525.1_spacer_32	virome_phage_2368	79.167	48	10	0	4	51	3345	3392	7.11e-06	46.0
Bacillus_GCF_018739525.1_spacer_32	virome_phage_2368	83.871	31	5	0	12	42	1142	1172	0.016	34.9
Bacillus_GCF_018739525.1_spacer_32	virome_phage_2368	70.833	48	14	0	4	51	2628	2675	0.047	33.3
Bacillus_GCF_018739525.1_spacer_32	virome_phage_2368	71.429	42	12	0	4	45	1401	1442	0.42	30.1
Bacillus_GCF_018739525.1_spacer_32	virome_phage_2368	68.000	50	16	0	2	51	2617	2666	0.42	30.1
Bacillus_GCF_018739525.1_spacer_32	virome_phage_145	79.167	48	10	0	4	51	17607	17560	7.11e-06	46.0
Bacillus_GCF_018739525.1_spacer_32	virome_phage_145	76.923	39	9	0	4	42	17676	17638	0.016	34.9
Bacillus_GCF_018739525.1_spacer_32	virome_phage_145	74.359	39	10	0	13	51	18315	18277	0.14	31.7
Bacillus_GCF_018739525.1_spacer_32	virome_phage_5	77.273	44	10	0	9	52	29096	29139	5.76e-04	39.6
Bacillus_GCF_018739525.1_spacer_32	virome_phage_5	95.455	22	1	0	31	52	28155	28176	0.047	33.3
Bacillus_GCF_018739525.1_spacer_32	virome_phage_5	73.171	41	11	0	11	51	28960	29000	0.14	31.7
Bacillus_GCF_018739525.1_spacer_32	virome_phage_5	75.000	36	9	0	12	47	28388	28423	0.42	30.1
Bacillus_GCF_018739525.1_spacer_32	virome_phage_1	71.429	49	14	0	4	52	219920	219872	0.016	34.9
Bacillus_GCF_018739525.1_spacer_32	virome_phage_14	79.412	34	7	0	4	37	31465	31498	0.047	33.3
Bacillus_GCF_018739525.1_spacer_32	virome_phage_803	80.645	31	6	0	22	52	35306	35276	0.14	31.7
Bacillus_GCF_018739525.1_spacer_32	virome_phage_52	72.500	40	11	0	13	52	44055	44094	0.42	30.1
Bacillus_GCF_018739525.1_spacer_32	virome_phage_2282	76.471	34	8	0	19	52	37817	37784	0.42	30.1
