Bacillus_GCA_016917795.1_spacer_0	virome_phage_824	78.000	50	11	0	29	78	11774	11823	1.64e-05	46.0
Bacillus_GCA_016917795.1_spacer_0	virome_phage_824	76.923	52	12	0	2	53	11783	11834	1.64e-05	46.0
Bacillus_GCA_016917795.1_spacer_0	virome_phage_824	65.672	67	23	0	3	69	11838	11904	0.036	34.9
Bacillus_GCA_016917795.1_spacer_0	virome_phage_824	64.706	68	24	0	2	69	11684	11751	0.11	33.3
Bacillus_GCA_016917795.1_spacer_0	virome_phage_145	76.471	51	12	0	12	62	17590	17540	4.91e-05	44.4
Bacillus_GCA_016917795.1_spacer_0	virome_phage_145	76.596	47	11	0	32	78	17606	17560	4.42e-04	41.2
Bacillus_GCA_016917795.1_spacer_0	virome_phage_145	71.930	57	16	0	13	69	19533	19477	4.42e-04	41.2
Bacillus_GCA_016917795.1_spacer_0	virome_phage_145	66.176	68	23	0	11	78	18344	18277	0.012	36.5
Bacillus_GCA_016917795.1_spacer_0	virome_phage_145	65.672	67	23	0	12	78	17518	17452	0.036	34.9
Bacillus_GCA_016917795.1_spacer_0	virome_phage_145	69.091	55	17	0	13	67	19497	19443	0.036	34.9
Bacillus_GCA_016917795.1_spacer_0	virome_phage_145	67.241	58	19	0	12	69	17581	17524	0.11	33.3
Bacillus_GCA_016917795.1_spacer_0	virome_phage_145	74.359	39	10	0	4	42	18315	18277	0.32	31.7
Bacillus_GCA_016917795.1_spacer_0	virome_phage_145	63.235	68	25	0	2	69	17564	17497	0.97	30.1
Bacillus_GCA_016917795.1_spacer_0	virome_phage_145	72.500	40	11	0	23	62	19754	19715	0.97	30.1
Bacillus_GCA_016917795.1_spacer_0	virome_phage_1	68.000	75	24	0	5	79	220999	220925	4.91e-05	44.4
Bacillus_GCA_016917795.1_spacer_0	virome_phage_1	72.549	51	14	0	3	53	219912	219862	0.004	38.0
Bacillus_GCA_016917795.1_spacer_0	virome_phage_1	65.672	67	23	0	4	70	221036	220970	0.036	34.9
Bacillus_GCA_016917795.1_spacer_0	virome_phage_1	70.833	48	14	0	32	79	219919	219872	0.11	33.3
Bacillus_GCA_016917795.1_spacer_0	virome_phage_1	66.667	60	20	0	3	62	221442	221383	0.11	33.3
Bacillus_GCA_016917795.1_spacer_0	virome_phage_1	64.615	65	23	0	3	67	220605	220541	0.32	31.7
Bacillus_GCA_016917795.1_spacer_0	virome_phage_1	67.308	52	17	0	3	54	220992	220941	0.97	30.1
Bacillus_GCA_016917795.1_spacer_0	virome_phage_2368	71.930	57	16	0	13	69	1419	1475	4.42e-04	41.2
Bacillus_GCA_016917795.1_spacer_0	virome_phage_2368	76.596	47	11	0	32	78	3346	3392	4.42e-04	41.2
Bacillus_GCA_016917795.1_spacer_0	virome_phage_2368	74.510	51	13	0	12	62	3362	3412	4.42e-04	41.2
Bacillus_GCA_016917795.1_spacer_0	virome_phage_2368	69.091	55	17	0	13	67	1455	1509	0.036	34.9
Bacillus_GCA_016917795.1_spacer_0	virome_phage_2368	65.672	67	23	0	12	78	3434	3500	0.036	34.9
Bacillus_GCA_016917795.1_spacer_0	virome_phage_2368	64.706	68	24	0	11	78	2608	2675	0.11	33.3
Bacillus_GCA_016917795.1_spacer_0	virome_phage_2368	74.359	39	10	0	4	42	2637	2675	0.32	31.7
Bacillus_GCA_016917795.1_spacer_0	virome_phage_2368	65.517	58	20	0	12	69	3371	3428	0.97	30.1
Bacillus_GCA_016917795.1_spacer_0	virome_phage_803	70.690	58	17	0	22	79	35333	35276	0.001	39.6
Bacillus_GCA_016917795.1_spacer_0	virome_phage_803	80.645	31	6	0	13	43	35306	35276	0.32	31.7
Bacillus_GCA_016917795.1_spacer_0	virome_phage_5	65.789	76	26	0	3	78	28388	28463	0.001	39.6
Bacillus_GCA_016917795.1_spacer_0	virome_phage_5	67.164	67	22	0	13	79	28110	28176	0.004	38.0
Bacillus_GCA_016917795.1_spacer_0	virome_phage_5	86.667	30	4	0	22	51	28155	28184	0.012	36.5
Bacillus_GCA_016917795.1_spacer_0	virome_phage_5	72.500	40	11	0	21	60	29090	29129	0.97	30.1
Bacillus_GCA_016917795.1_spacer_0	virome_phage_5	90.909	22	2	0	57	78	29090	29111	0.97	30.1
Bacillus_GCA_016917795.1_spacer_0	virome_phage_5	63.636	66	24	0	14	79	29884	29949	0.97	30.1
Bacillus_GCA_016917795.1_spacer_0	virome_phage_2282	66.667	66	22	0	14	79	37903	37838	0.012	36.5
Bacillus_GCA_016917795.1_spacer_0	virome_phage_2282	76.923	39	9	0	13	51	37868	37830	0.036	34.9
Bacillus_GCA_016917795.1_spacer_0	virome_phage_2282	76.471	34	8	0	46	79	37817	37784	0.97	30.1
Bacillus_GCA_016917795.1_spacer_0	virome_phage_2282	76.471	34	8	0	10	43	37817	37784	0.97	30.1
Bacillus_GCA_016917795.1_spacer_0	virome_phage_152	64.865	74	26	0	5	78	6515	6588	0.012	36.5
Bacillus_GCA_016917795.1_spacer_0	virome_phage_52	63.158	76	28	0	4	79	44019	44094	0.11	33.3
Bacillus_GCA_016917795.1_spacer_0	virome_phage_52	79.412	34	7	0	14	47	44065	44098	0.11	33.3
Bacillus_GCA_016917795.1_spacer_0	virome_phage_52	64.615	65	23	0	5	69	44155	44219	0.32	31.7
Bacillus_GCA_016917795.1_spacer_0	virome_phage_786	66.667	57	19	0	22	78	34961	35017	0.32	31.7
Bacillus_GCA_016917795.1_spacer_0	virome_phage_2342	65.000	60	21	0	10	69	21777	21718	0.97	30.1
Bacillus_GCA_016917795.1_spacer_0	virome_phage_153	68.750	48	15	0	31	78	5723	5770	0.97	30.1
Bacillus_GCA_016917795.1_spacer_0	virome_phage_14	71.429	42	12	0	23	64	31457	31498	0.97	30.1
Bacillus_GCA_016917795.1_spacer_1	virome_phage_824	75.000	52	13	0	1	52	11782	11833	6.40e-05	42.8
Bacillus_GCA_016917795.1_spacer_1	virome_phage_824	76.923	39	9	0	14	52	11750	11788	0.016	34.9
Bacillus_GCA_016917795.1_spacer_1	virome_phage_145	74.510	51	13	0	1	51	17601	17551	1.92e-04	41.2
Bacillus_GCA_016917795.1_spacer_1	virome_phage_145	77.500	40	9	0	13	52	19533	19494	0.005	36.5
Bacillus_GCA_016917795.1_spacer_1	virome_phage_145	75.000	40	10	0	4	43	18315	18276	0.047	33.3
Bacillus_GCA_016917795.1_spacer_1	virome_phage_145	75.000	40	10	0	13	52	19497	19458	0.047	33.3
Bacillus_GCA_016917795.1_spacer_1	virome_phage_145	70.000	50	15	0	3	52	20080	20031	0.047	33.3
Bacillus_GCA_016917795.1_spacer_1	virome_phage_145	80.000	30	6	0	23	52	19478	19449	0.42	30.1
Bacillus_GCA_016917795.1_spacer_1	virome_phage_2368	78.571	42	9	0	1	42	3351	3392	5.76e-04	39.6
Bacillus_GCA_016917795.1_spacer_1	virome_phage_2368	77.500	40	9	0	13	52	1419	1458	0.005	36.5
Bacillus_GCA_016917795.1_spacer_1	virome_phage_2368	75.000	40	10	0	13	52	1455	1494	0.047	33.3
Bacillus_GCA_016917795.1_spacer_1	virome_phage_2368	75.000	40	10	0	4	43	2637	2676	0.047	33.3
Bacillus_GCA_016917795.1_spacer_1	virome_phage_2368	80.000	30	6	0	23	52	1474	1503	0.42	30.1
Bacillus_GCA_016917795.1_spacer_1	virome_phage_2368	68.750	48	15	0	4	51	2628	2675	0.42	30.1
Bacillus_GCA_016917795.1_spacer_1	virome_phage_803	75.000	40	10	0	13	52	35306	35267	0.047	33.3
Bacillus_GCA_016917795.1_spacer_1	virome_phage_52	76.316	38	9	0	14	51	44200	44237	0.047	33.3
Bacillus_GCA_016917795.1_spacer_1	virome_phage_5	83.333	30	5	0	22	51	28155	28184	0.047	33.3
Bacillus_GCA_016917795.1_spacer_1	virome_phage_1	75.000	40	10	0	3	42	219912	219873	0.047	33.3
Bacillus_GCA_016917795.1_spacer_1	virome_phage_9	84.615	26	4	0	26	51	116627	116652	0.42	30.1
Bacillus_GCA_016917795.1_spacer_2	virome_phage_2368	80.000	40	8	0	13	52	1419	1458	5.76e-04	39.6
Bacillus_GCA_016917795.1_spacer_2	virome_phage_2368	87.097	31	4	0	12	42	3362	3392	0.002	38.0
Bacillus_GCA_016917795.1_spacer_2	virome_phage_2368	70.833	48	14	0	4	51	3462	3509	0.047	33.3
Bacillus_GCA_016917795.1_spacer_2	virome_phage_2368	72.500	40	11	0	13	52	1455	1494	0.42	30.1
Bacillus_GCA_016917795.1_spacer_2	virome_phage_2368	72.500	40	11	0	13	52	1464	1503	0.42	30.1
Bacillus_GCA_016917795.1_spacer_2	virome_phage_2368	72.500	40	11	0	4	43	2637	2676	0.42	30.1
Bacillus_GCA_016917795.1_spacer_2	virome_phage_145	80.000	40	8	0	12	51	17590	17551	5.76e-04	39.6
Bacillus_GCA_016917795.1_spacer_2	virome_phage_145	80.000	40	8	0	13	52	19533	19494	5.76e-04	39.6
Bacillus_GCA_016917795.1_spacer_2	virome_phage_145	70.833	48	14	0	4	51	17490	17443	0.047	33.3
Bacillus_GCA_016917795.1_spacer_2	virome_phage_145	72.500	40	11	0	4	43	18315	18276	0.42	30.1
Bacillus_GCA_016917795.1_spacer_2	virome_phage_145	72.500	40	11	0	13	52	19488	19449	0.42	30.1
Bacillus_GCA_016917795.1_spacer_2	virome_phage_145	72.500	40	11	0	13	52	19497	19458	0.42	30.1
Bacillus_GCA_016917795.1_spacer_2	virome_phage_145	68.000	50	16	0	3	52	19588	19539	0.42	30.1
Bacillus_GCA_016917795.1_spacer_2	virome_phage_824	72.549	51	14	0	2	52	11783	11833	0.002	38.0
Bacillus_GCA_016917795.1_spacer_2	virome_phage_824	80.645	31	6	0	3	33	11883	11913	0.14	31.7
Bacillus_GCA_016917795.1_spacer_2	virome_phage_2282	81.818	33	6	0	10	42	37817	37785	0.016	34.9
Bacillus_GCA_016917795.1_spacer_2	virome_phage_52	81.250	32	6	0	13	44	44424	44455	0.047	33.3
Bacillus_GCA_016917795.1_spacer_2	virome_phage_52	78.125	32	7	0	14	45	44065	44096	0.42	30.1
Bacillus_GCA_016917795.1_spacer_2	virome_phage_5	75.000	40	10	0	13	52	28749	28788	0.047	33.3
Bacillus_GCA_016917795.1_spacer_2	virome_phage_5	78.125	32	7	0	2	33	28090	28121	0.42	30.1
Bacillus_GCA_016917795.1_spacer_2	virome_phage_5	72.500	40	11	0	3	42	28388	28427	0.42	30.1
Bacillus_GCA_016917795.1_spacer_2	virome_phage_1	69.388	49	15	0	3	51	221451	221403	0.14	31.7
Bacillus_GCA_016917795.1_spacer_2	total_phage_413	72.500	40	11	0	12	51	51201	51162	0.42	30.1
Bacillus_GCA_016917795.1_spacer_3	virome_phage_824	80.851	47	9	0	5	51	11777	11823	2.37e-06	47.5
Bacillus_GCA_016917795.1_spacer_3	virome_phage_145	78.723	47	10	0	5	51	17606	17560	2.13e-05	44.4
Bacillus_GCA_016917795.1_spacer_3	virome_phage_145	74.359	39	10	0	13	51	18315	18277	0.14	31.7
Bacillus_GCA_016917795.1_spacer_3	virome_phage_145	72.093	43	12	0	3	45	19552	19510	0.14	31.7
Bacillus_GCA_016917795.1_spacer_3	virome_phage_145	68.750	48	15	0	4	51	19506	19459	0.42	30.1
Bacillus_GCA_016917795.1_spacer_3	virome_phage_2368	78.723	47	10	0	5	51	3346	3392	2.13e-05	44.4
Bacillus_GCA_016917795.1_spacer_3	virome_phage_2368	74.359	39	10	0	13	51	2637	2675	0.14	31.7
Bacillus_GCA_016917795.1_spacer_3	virome_phage_2368	68.750	48	15	0	4	51	1446	1493	0.42	30.1
Bacillus_GCA_016917795.1_spacer_3	virome_phage_1	72.917	48	13	0	5	52	219919	219872	0.005	36.5
Bacillus_GCA_016917795.1_spacer_3	virome_phage_5	95.455	22	1	0	31	52	28155	28176	0.047	33.3
Bacillus_GCA_016917795.1_spacer_3	virome_phage_803	80.645	31	6	0	22	52	35306	35276	0.14	31.7
Bacillus_GCA_016917795.1_spacer_3	virome_phage_2282	76.471	34	8	0	19	52	37817	37784	0.42	30.1
Bacillus_GCA_016917795.1_spacer_3	virome_phage_14	75.000	36	9	0	2	37	31463	31498	0.42	30.1
Bacillus_GCA_016917795.1_spacer_4	virome_phage_2368	80.000	40	8	0	13	52	1419	1458	5.76e-04	39.6
Bacillus_GCA_016917795.1_spacer_4	virome_phage_2368	87.097	31	4	0	12	42	3362	3392	0.002	38.0
Bacillus_GCA_016917795.1_spacer_4	virome_phage_2368	70.833	48	14	0	4	51	3462	3509	0.047	33.3
Bacillus_GCA_016917795.1_spacer_4	virome_phage_2368	72.500	40	11	0	13	52	1455	1494	0.42	30.1
Bacillus_GCA_016917795.1_spacer_4	virome_phage_2368	72.500	40	11	0	13	52	1464	1503	0.42	30.1
Bacillus_GCA_016917795.1_spacer_4	virome_phage_2368	72.500	40	11	0	4	43	2637	2676	0.42	30.1
Bacillus_GCA_016917795.1_spacer_4	virome_phage_145	80.000	40	8	0	12	51	17590	17551	5.76e-04	39.6
Bacillus_GCA_016917795.1_spacer_4	virome_phage_145	80.000	40	8	0	13	52	19533	19494	5.76e-04	39.6
Bacillus_GCA_016917795.1_spacer_4	virome_phage_145	70.833	48	14	0	4	51	17490	17443	0.047	33.3
Bacillus_GCA_016917795.1_spacer_4	virome_phage_145	72.500	40	11	0	4	43	18315	18276	0.42	30.1
Bacillus_GCA_016917795.1_spacer_4	virome_phage_145	72.500	40	11	0	13	52	19488	19449	0.42	30.1
Bacillus_GCA_016917795.1_spacer_4	virome_phage_145	72.500	40	11	0	13	52	19497	19458	0.42	30.1
Bacillus_GCA_016917795.1_spacer_4	virome_phage_145	68.000	50	16	0	3	52	19588	19539	0.42	30.1
Bacillus_GCA_016917795.1_spacer_4	virome_phage_824	72.549	51	14	0	2	52	11783	11833	0.002	38.0
Bacillus_GCA_016917795.1_spacer_4	virome_phage_824	80.645	31	6	0	3	33	11883	11913	0.14	31.7
Bacillus_GCA_016917795.1_spacer_4	virome_phage_2282	81.818	33	6	0	10	42	37817	37785	0.016	34.9
Bacillus_GCA_016917795.1_spacer_4	virome_phage_52	81.250	32	6	0	13	44	44424	44455	0.047	33.3
Bacillus_GCA_016917795.1_spacer_4	virome_phage_52	78.125	32	7	0	14	45	44065	44096	0.42	30.1
Bacillus_GCA_016917795.1_spacer_4	virome_phage_5	75.000	40	10	0	13	52	28749	28788	0.047	33.3
Bacillus_GCA_016917795.1_spacer_4	virome_phage_5	78.125	32	7	0	2	33	28090	28121	0.42	30.1
Bacillus_GCA_016917795.1_spacer_4	virome_phage_5	72.500	40	11	0	3	42	28388	28427	0.42	30.1
Bacillus_GCA_016917795.1_spacer_4	virome_phage_1	69.388	49	15	0	3	51	221451	221403	0.14	31.7
Bacillus_GCA_016917795.1_spacer_4	total_phage_413	72.500	40	11	0	12	51	51201	51162	0.42	30.1
Bacillus_GCA_016917795.1_spacer_5	virome_phage_94	81.818	33	6	0	1	33	5392	5424	0.004	34.9
Bacillus_GCA_016917795.1_spacer_5	virome_phage_94	81.818	33	6	0	1	33	5401	5433	0.004	34.9
Bacillus_GCA_016917795.1_spacer_5	virome_phage_94	81.818	33	6	0	1	33	5410	5442	0.004	34.9
Bacillus_GCA_016917795.1_spacer_5	virome_phage_94	81.818	33	6	0	1	33	5419	5451	0.004	34.9
Bacillus_GCA_016917795.1_spacer_5	virome_phage_94	81.818	33	6	0	1	33	5428	5460	0.004	34.9
Bacillus_GCA_016917795.1_spacer_5	virome_phage_94	81.818	33	6	0	1	33	5437	5469	0.004	34.9
Bacillus_GCA_016917795.1_spacer_5	virome_phage_94	81.818	33	6	0	1	33	5446	5478	0.004	34.9
Bacillus_GCA_016917795.1_spacer_5	virome_phage_94	78.788	33	7	0	1	33	5383	5415	0.035	31.7
Bacillus_GCA_016917795.1_spacer_5	virome_phage_94	80.000	30	6	0	1	30	5455	5484	0.10	30.1
Bacillus_GCA_016917795.1_spacer_5	virome_phage_906	81.818	33	6	0	1	33	19728	19760	0.004	34.9
Bacillus_GCA_016917795.1_spacer_5	virome_phage_906	81.818	33	6	0	1	33	19737	19769	0.004	34.9
Bacillus_GCA_016917795.1_spacer_5	virome_phage_906	81.818	33	6	0	1	33	19746	19778	0.004	34.9
Bacillus_GCA_016917795.1_spacer_5	virome_phage_906	81.818	33	6	0	1	33	19755	19787	0.004	34.9
Bacillus_GCA_016917795.1_spacer_5	virome_phage_906	81.818	33	6	0	1	33	19764	19796	0.004	34.9
Bacillus_GCA_016917795.1_spacer_5	virome_phage_906	81.818	33	6	0	1	33	19773	19805	0.004	34.9
Bacillus_GCA_016917795.1_spacer_5	virome_phage_906	81.818	33	6	0	1	33	19806	19838	0.004	34.9
Bacillus_GCA_016917795.1_spacer_5	virome_phage_906	81.818	33	6	0	1	33	19815	19847	0.004	34.9
Bacillus_GCA_016917795.1_spacer_5	virome_phage_906	81.818	33	6	0	1	33	19824	19856	0.004	34.9
Bacillus_GCA_016917795.1_spacer_5	virome_phage_906	81.818	33	6	0	1	33	19833	19865	0.004	34.9
Bacillus_GCA_016917795.1_spacer_5	virome_phage_906	81.818	33	6	0	1	33	21905	21937	0.004	34.9
Bacillus_GCA_016917795.1_spacer_5	virome_phage_906	81.818	33	6	0	1	33	21914	21946	0.004	34.9
Bacillus_GCA_016917795.1_spacer_5	virome_phage_906	81.818	33	6	0	1	33	21923	21955	0.004	34.9
Bacillus_GCA_016917795.1_spacer_5	virome_phage_906	81.818	33	6	0	1	33	21932	21964	0.004	34.9
Bacillus_GCA_016917795.1_spacer_5	virome_phage_906	81.818	33	6	0	1	33	21941	21973	0.004	34.9
Bacillus_GCA_016917795.1_spacer_5	virome_phage_906	78.788	33	7	0	1	33	19842	19874	0.035	31.7
Bacillus_GCA_016917795.1_spacer_5	virome_phage_906	77.419	31	7	0	1	31	19782	19812	0.31	28.5
Bacillus_GCA_016917795.1_spacer_5	virome_phage_906	75.758	33	8	0	1	33	19797	19829	0.31	28.5
Bacillus_GCA_016917795.1_spacer_5	virome_phage_906	77.419	31	7	0	1	31	21950	21980	0.31	28.5
Bacillus_GCA_016917795.1_spacer_5	virome_phage_818	88.000	25	3	0	1	25	10737	10761	0.035	31.7
Bacillus_GCA_016917795.1_spacer_5	virome_phage_786	84.000	25	4	0	2	26	35004	35028	0.31	28.5
Bacillus_GCA_016917795.1_spacer_5	virome_phage_786	76.667	30	7	0	1	30	30884	30913	0.94	26.9
Bacillus_GCA_016917795.1_spacer_5	virome_phage_786	76.667	30	7	0	5	34	34809	34838	0.94	26.9
Bacillus_GCA_016917795.1_spacer_5	virome_phage_786	75.000	32	8	0	2	33	34977	35008	0.94	26.9
Bacillus_GCA_016917795.1_spacer_5	virome_phage_2285	81.481	27	5	0	2	28	28106	28132	0.31	28.5
Bacillus_GCA_016917795.1_spacer_5	virome_phage_77	79.310	29	6	0	5	33	10741	10713	0.31	28.5
Bacillus_GCA_016917795.1_spacer_5	virome_phage_2411	79.310	29	6	0	5	33	5849	5821	0.31	28.5
Bacillus_GCA_016917795.1_spacer_5	virome_phage_176	79.310	29	6	0	5	33	5750	5722	0.31	28.5
Bacillus_GCA_016917795.1_spacer_5	virome_phage_117	83.333	24	4	0	10	33	18352	18375	0.94	26.9
Bacillus_GCA_016917795.1_spacer_5	virome_phage_781	80.769	26	5	0	5	30	31767	31742	0.94	26.9
Bacillus_GCA_016917795.1_spacer_6	virome_phage_145	69.697	66	20	0	4	69	17490	17425	1.18e-04	42.8
Bacillus_GCA_016917795.1_spacer_6	virome_phage_145	82.500	40	7	0	12	51	17590	17551	1.18e-04	42.8
Bacillus_GCA_016917795.1_spacer_6	virome_phage_145	70.833	48	14	0	13	60	19497	19450	0.086	33.3
Bacillus_GCA_016917795.1_spacer_6	virome_phage_145	66.667	57	19	0	13	69	17526	17470	0.26	31.7
Bacillus_GCA_016917795.1_spacer_6	virome_phage_145	74.359	39	10	0	4	42	18315	18277	0.26	31.7
Bacillus_GCA_016917795.1_spacer_6	virome_phage_145	74.359	39	10	0	13	51	19533	19495	0.26	31.7
Bacillus_GCA_016917795.1_spacer_6	virome_phage_2368	69.697	66	20	0	4	69	3462	3527	1.18e-04	42.8
Bacillus_GCA_016917795.1_spacer_6	virome_phage_2368	90.323	31	3	0	12	42	3362	3392	3.55e-04	41.2
Bacillus_GCA_016917795.1_spacer_6	virome_phage_2368	70.833	48	14	0	13	60	1455	1502	0.086	33.3
Bacillus_GCA_016917795.1_spacer_6	virome_phage_2368	74.359	39	10	0	13	51	1419	1457	0.26	31.7
Bacillus_GCA_016917795.1_spacer_6	virome_phage_2368	74.359	39	10	0	4	42	2637	2675	0.26	31.7
Bacillus_GCA_016917795.1_spacer_6	virome_phage_2368	63.636	66	24	0	4	69	1053	1118	0.78	30.1
Bacillus_GCA_016917795.1_spacer_6	virome_phage_2368	66.667	54	18	0	3	56	1364	1417	0.78	30.1
Bacillus_GCA_016917795.1_spacer_6	virome_phage_2368	66.071	56	19	0	14	69	3427	3482	0.78	30.1
Bacillus_GCA_016917795.1_spacer_6	virome_phage_94	81.579	38	7	0	32	69	5396	5433	0.001	39.6
Bacillus_GCA_016917795.1_spacer_6	virome_phage_94	81.579	38	7	0	32	69	5405	5442	0.001	39.6
Bacillus_GCA_016917795.1_spacer_6	virome_phage_94	81.579	38	7	0	32	69	5414	5451	0.001	39.6
Bacillus_GCA_016917795.1_spacer_6	virome_phage_94	81.579	38	7	0	32	69	5423	5460	0.001	39.6
Bacillus_GCA_016917795.1_spacer_6	virome_phage_94	81.579	38	7	0	32	69	5432	5469	0.001	39.6
Bacillus_GCA_016917795.1_spacer_6	virome_phage_94	81.579	38	7	0	32	69	5441	5478	0.001	39.6
Bacillus_GCA_016917795.1_spacer_6	virome_phage_94	81.081	37	7	0	33	69	5388	5424	0.003	38.0
Bacillus_GCA_016917795.1_spacer_6	virome_phage_94	78.378	37	8	0	33	69	5379	5415	0.029	34.9
Bacillus_GCA_016917795.1_spacer_6	virome_phage_94	80.000	35	7	0	32	66	5450	5484	0.029	34.9
Bacillus_GCA_016917795.1_spacer_6	virome_phage_906	81.579	38	7	0	32	69	19732	19769	0.001	39.6
Bacillus_GCA_016917795.1_spacer_6	virome_phage_906	81.579	38	7	0	32	69	19741	19778	0.001	39.6
Bacillus_GCA_016917795.1_spacer_6	virome_phage_906	81.579	38	7	0	32	69	19750	19787	0.001	39.6
Bacillus_GCA_016917795.1_spacer_6	virome_phage_906	81.579	38	7	0	32	69	19759	19796	0.001	39.6
Bacillus_GCA_016917795.1_spacer_6	virome_phage_906	81.579	38	7	0	32	69	19768	19805	0.001	39.6
Bacillus_GCA_016917795.1_spacer_6	virome_phage_906	81.579	38	7	0	32	69	19810	19847	0.001	39.6
Bacillus_GCA_016917795.1_spacer_6	virome_phage_906	81.579	38	7	0	32	69	19819	19856	0.001	39.6
Bacillus_GCA_016917795.1_spacer_6	virome_phage_906	81.579	38	7	0	32	69	19828	19865	0.001	39.6
Bacillus_GCA_016917795.1_spacer_6	virome_phage_906	81.579	38	7	0	32	69	21909	21946	0.001	39.6
Bacillus_GCA_016917795.1_spacer_6	virome_phage_906	81.579	38	7	0	32	69	21918	21955	0.001	39.6
Bacillus_GCA_016917795.1_spacer_6	virome_phage_906	81.579	38	7	0	32	69	21927	21964	0.001	39.6
Bacillus_GCA_016917795.1_spacer_6	virome_phage_906	81.579	38	7	0	32	69	21936	21973	0.001	39.6
Bacillus_GCA_016917795.1_spacer_6	virome_phage_906	78.947	38	8	0	32	69	19837	19874	0.010	36.5
Bacillus_GCA_016917795.1_spacer_6	virome_phage_906	81.818	33	6	0	37	69	19728	19760	0.029	34.9
Bacillus_GCA_016917795.1_spacer_6	virome_phage_906	81.818	33	6	0	37	69	19806	19838	0.029	34.9
Bacillus_GCA_016917795.1_spacer_6	virome_phage_906	81.818	33	6	0	37	69	21905	21937	0.029	34.9
Bacillus_GCA_016917795.1_spacer_6	virome_phage_906	77.778	36	8	0	32	67	19777	19812	0.086	33.3
Bacillus_GCA_016917795.1_spacer_6	virome_phage_906	77.778	36	8	0	32	67	21945	21980	0.086	33.3
Bacillus_GCA_016917795.1_spacer_6	virome_phage_906	75.000	36	9	0	32	67	19846	19881	0.78	30.1
Bacillus_GCA_016917795.1_spacer_6	virome_phage_906	75.000	36	9	0	32	67	21954	21989	0.78	30.1
Bacillus_GCA_016917795.1_spacer_6	virome_phage_824	77.273	44	10	0	2	45	11783	11826	0.001	39.6
Bacillus_GCA_016917795.1_spacer_6	virome_phage_824	69.643	56	17	0	14	69	11732	11787	0.010	36.5
Bacillus_GCA_016917795.1_spacer_6	virome_phage_824	69.231	52	16	0	12	63	11739	11790	0.086	33.3
Bacillus_GCA_016917795.1_spacer_6	virome_phage_824	67.857	56	18	0	14	69	11750	11805	0.086	33.3
Bacillus_GCA_016917795.1_spacer_6	virome_phage_824	80.645	31	6	0	3	33	11883	11913	0.26	31.7
Bacillus_GCA_016917795.1_spacer_6	virome_phage_786	74.468	47	12	0	23	69	34962	35008	0.003	38.0
Bacillus_GCA_016917795.1_spacer_6	virome_phage_786	80.645	31	6	0	32	62	34998	35028	0.26	31.7
Bacillus_GCA_016917795.1_spacer_6	virome_phage_1	68.966	58	18	0	3	60	221442	221385	0.010	36.5
Bacillus_GCA_016917795.1_spacer_6	virome_phage_1	65.672	67	23	0	3	69	221451	221385	0.029	34.9
Bacillus_GCA_016917795.1_spacer_6	virome_phage_1	68.519	54	17	0	3	56	219912	219859	0.086	33.3
Bacillus_GCA_016917795.1_spacer_6	virome_phage_58	66.154	65	22	0	5	69	292	228	0.029	34.9
Bacillus_GCA_016917795.1_spacer_6	virome_phage_5	86.207	29	4	0	23	51	28156	28184	0.029	34.9
Bacillus_GCA_016917795.1_spacer_6	virome_phage_5	76.923	39	9	0	13	51	28749	28787	0.029	34.9
Bacillus_GCA_016917795.1_spacer_6	virome_phage_5	70.833	48	14	0	23	70	29092	29139	0.086	33.3
Bacillus_GCA_016917795.1_spacer_6	virome_phage_5	78.125	32	7	0	2	33	28090	28121	0.78	30.1
Bacillus_GCA_016917795.1_spacer_6	virome_phage_2282	79.412	34	7	0	10	43	37817	37784	0.086	33.3
Bacillus_GCA_016917795.1_spacer_6	virome_phage_818	88.000	25	3	0	37	61	10737	10761	0.26	31.7
Bacillus_GCA_016917795.1_spacer_6	virome_phage_52	70.213	47	14	0	14	60	44065	44111	0.26	31.7
Bacillus_GCA_016917795.1_spacer_6	virome_phage_52	70.455	44	13	0	13	56	44424	44467	0.78	30.1
Bacillus_GCA_016917795.1_spacer_6	virome_phage_2411	76.471	34	8	0	36	69	5854	5821	0.78	30.1
Bacillus_GCA_016917795.1_spacer_6	virome_phage_176	76.471	34	8	0	36	69	5755	5722	0.78	30.1
Bacillus_GCA_016917795.1_spacer_7	virome_phage_145	80.000	40	8	0	12	51	17590	17551	5.76e-04	39.6
Bacillus_GCA_016917795.1_spacer_7	virome_phage_145	70.833	48	14	0	4	51	17490	17443	0.047	33.3
Bacillus_GCA_016917795.1_spacer_7	virome_phage_145	75.000	40	10	0	13	52	19533	19494	0.047	33.3
Bacillus_GCA_016917795.1_spacer_7	virome_phage_145	72.500	40	11	0	13	52	19488	19449	0.42	30.1
Bacillus_GCA_016917795.1_spacer_7	virome_phage_145	72.500	40	11	0	13	52	19497	19458	0.42	30.1
Bacillus_GCA_016917795.1_spacer_7	virome_phage_145	68.000	50	16	0	3	52	19588	19539	0.42	30.1
Bacillus_GCA_016917795.1_spacer_7	virome_phage_2368	87.097	31	4	0	12	42	3362	3392	0.002	38.0
Bacillus_GCA_016917795.1_spacer_7	virome_phage_2368	70.000	50	15	0	3	52	1364	1413	0.047	33.3
Bacillus_GCA_016917795.1_spacer_7	virome_phage_2368	75.000	40	10	0	13	52	1419	1458	0.047	33.3
Bacillus_GCA_016917795.1_spacer_7	virome_phage_2368	70.833	48	14	0	4	51	3462	3509	0.047	33.3
Bacillus_GCA_016917795.1_spacer_7	virome_phage_2368	72.500	40	11	0	13	52	1455	1494	0.42	30.1
Bacillus_GCA_016917795.1_spacer_7	virome_phage_2368	72.500	40	11	0	13	52	1464	1503	0.42	30.1
Bacillus_GCA_016917795.1_spacer_7	virome_phage_803	75.000	40	10	0	13	52	35306	35267	0.047	33.3
Bacillus_GCA_016917795.1_spacer_7	virome_phage_5	75.000	40	10	0	13	52	28749	28788	0.047	33.3
Bacillus_GCA_016917795.1_spacer_7	virome_phage_5	82.759	29	5	0	23	51	28156	28184	0.14	31.7
Bacillus_GCA_016917795.1_spacer_7	virome_phage_5	78.125	32	7	0	2	33	28090	28121	0.42	30.1
Bacillus_GCA_016917795.1_spacer_7	virome_phage_2282	79.412	34	7	0	10	43	37817	37784	0.047	33.3
Bacillus_GCA_016917795.1_spacer_7	virome_phage_824	80.645	31	6	0	3	33	11883	11913	0.14	31.7
Bacillus_GCA_016917795.1_spacer_7	virome_phage_1	69.388	49	15	0	3	51	221451	221403	0.14	31.7
Bacillus_GCA_016917795.1_spacer_7	virome_phage_1	68.000	50	16	0	3	52	219912	219863	0.42	30.1
Bacillus_GCA_016917795.1_spacer_7	virome_phage_1	70.455	44	13	0	3	46	221442	221399	0.42	30.1
Bacillus_GCA_016917795.1_spacer_7	virome_phage_52	78.125	32	7	0	14	45	44065	44096	0.42	30.1
Bacillus_GCA_016917795.1_spacer_7	virome_phage_52	80.000	30	6	0	13	42	44424	44453	0.42	30.1
Bacillus_GCA_016917795.1_spacer_8	virome_phage_824	78.431	51	11	0	4	54	11776	11826	3.32e-06	47.5
Bacillus_GCA_016917795.1_spacer_8	virome_phage_824	70.833	48	14	0	4	51	11812	11859	0.065	33.3
Bacillus_GCA_016917795.1_spacer_8	virome_phage_2368	74.138	58	15	0	3	60	1400	1457	9.95e-06	46.0
Bacillus_GCA_016917795.1_spacer_8	virome_phage_2368	72.727	55	15	0	4	58	3276	3330	2.69e-04	41.2
Bacillus_GCA_016917795.1_spacer_8	virome_phage_2368	75.000	48	12	0	4	51	3345	3392	8.06e-04	39.6
Bacillus_GCA_016917795.1_spacer_8	virome_phage_2368	66.071	56	19	0	5	60	1447	1502	0.59	30.1
Bacillus_GCA_016917795.1_spacer_8	virome_phage_145	72.414	58	16	0	4	61	17607	17550	8.96e-05	42.8
Bacillus_GCA_016917795.1_spacer_8	virome_phage_145	75.000	52	13	0	9	60	19546	19495	8.96e-05	42.8
Bacillus_GCA_016917795.1_spacer_8	virome_phage_145	72.727	55	15	0	4	58	17676	17622	2.69e-04	41.2
Bacillus_GCA_016917795.1_spacer_8	virome_phage_145	75.000	40	10	0	3	42	19801	19762	0.065	33.3
Bacillus_GCA_016917795.1_spacer_8	virome_phage_145	66.071	56	19	0	5	60	19505	19450	0.59	30.1
Bacillus_GCA_016917795.1_spacer_8	virome_phage_1	72.000	50	14	0	12	61	221451	221402	0.007	36.5
Bacillus_GCA_016917795.1_spacer_8	virome_phage_1	71.429	42	12	0	3	44	219921	219880	0.59	30.1
Bacillus_GCA_016917795.1_spacer_8	virome_phage_1	75.000	36	9	0	5	40	220576	220541	0.59	30.1
Bacillus_GCA_016917795.1_spacer_8	virome_phage_1	65.517	58	20	0	4	61	221009	220952	0.59	30.1
Bacillus_GCA_016917795.1_spacer_8	virome_phage_2282	71.429	49	14	0	3	51	37833	37785	0.022	34.9
Bacillus_GCA_016917795.1_spacer_8	virome_phage_14	77.778	36	8	0	2	37	31463	31498	0.065	33.3
Bacillus_GCA_016917795.1_spacer_8	virome_phage_14	75.000	36	9	0	9	44	31443	31478	0.59	30.1
Bacillus_GCA_016917795.1_spacer_8	virome_phage_876	73.171	41	11	0	14	54	21097	21057	0.20	31.7
Bacillus_GCA_016917795.1_spacer_8	virome_phage_52	74.359	39	10	0	23	61	44065	44103	0.20	31.7
Bacillus_GCA_016917795.1_spacer_8	virome_phage_52	80.000	30	6	0	22	51	44424	44453	0.59	30.1
Bacillus_GCA_016917795.1_spacer_8	virome_phage_864	76.471	34	8	0	20	53	4352	4385	0.59	30.1
Bacillus_GCA_016917795.1_spacer_8	virome_phage_5	72.500	40	11	0	12	51	28388	28427	0.59	30.1
Bacillus_GCA_016917795.1_spacer_8	virome_phage_5	65.517	58	20	0	3	60	28730	28787	0.59	30.1
Bacillus_GCA_016917795.1_spacer_9	virome_phage_824	75.862	58	14	0	4	61	11776	11833	1.11e-06	49.1
Bacillus_GCA_016917795.1_spacer_9	virome_phage_145	73.684	57	15	0	4	60	17607	17551	2.99e-05	44.4
Bacillus_GCA_016917795.1_spacer_9	virome_phage_145	70.175	57	17	0	5	61	19505	19449	0.002	38.0
Bacillus_GCA_016917795.1_spacer_9	virome_phage_145	71.698	53	15	0	9	61	19546	19494	0.002	38.0
Bacillus_GCA_016917795.1_spacer_9	virome_phage_145	67.797	59	19	0	3	61	19597	19539	0.022	34.9
Bacillus_GCA_016917795.1_spacer_9	virome_phage_145	70.833	48	14	0	13	60	17490	17443	0.065	33.3
Bacillus_GCA_016917795.1_spacer_9	virome_phage_145	66.102	59	20	0	3	61	17554	17496	0.20	31.7
Bacillus_GCA_016917795.1_spacer_9	virome_phage_145	72.500	40	11	0	3	42	19801	19762	0.59	30.1
Bacillus_GCA_016917795.1_spacer_9	virome_phage_2368	77.083	48	11	0	4	51	3345	3392	8.96e-05	42.8
Bacillus_GCA_016917795.1_spacer_9	virome_phage_2368	71.186	59	17	0	3	61	1400	1458	2.69e-04	41.2
Bacillus_GCA_016917795.1_spacer_9	virome_phage_2368	69.492	59	18	0	3	61	1355	1413	0.002	38.0
Bacillus_GCA_016917795.1_spacer_9	virome_phage_2368	70.175	57	17	0	5	61	1447	1503	0.002	38.0
Bacillus_GCA_016917795.1_spacer_9	virome_phage_2368	70.833	48	14	0	13	60	3462	3509	0.065	33.3
Bacillus_GCA_016917795.1_spacer_9	virome_phage_5	69.492	59	18	0	3	61	28730	28788	0.002	38.0
Bacillus_GCA_016917795.1_spacer_9	virome_phage_5	82.759	29	5	0	32	60	28156	28184	0.20	31.7
Bacillus_GCA_016917795.1_spacer_9	virome_phage_2282	72.000	50	14	0	3	52	37833	37784	0.007	36.5
Bacillus_GCA_016917795.1_spacer_9	virome_phage_2411	68.421	57	18	0	4	60	6069	6013	0.022	34.9
Bacillus_GCA_016917795.1_spacer_9	virome_phage_176	68.421	57	18	0	4	60	5970	5914	0.022	34.9
Bacillus_GCA_016917795.1_spacer_9	virome_phage_1	71.429	49	14	0	12	60	221451	221403	0.022	34.9
Bacillus_GCA_016917795.1_spacer_9	virome_phage_1	67.241	58	19	0	4	61	221036	220979	0.065	33.3
Bacillus_GCA_016917795.1_spacer_9	virome_phage_1	66.102	59	20	0	3	61	219921	219863	0.20	31.7
Bacillus_GCA_016917795.1_spacer_9	virome_phage_1	75.000	36	9	0	5	40	220576	220541	0.59	30.1
Bacillus_GCA_016917795.1_spacer_9	virome_phage_803	75.000	40	10	0	22	61	35306	35267	0.065	33.3
Bacillus_GCA_016917795.1_spacer_9	virome_phage_52	78.125	32	7	0	23	54	44065	44096	0.59	30.1
Bacillus_GCA_016917795.1_spacer_9	virome_phage_52	80.000	30	6	0	22	51	44424	44453	0.59	30.1
Bacillus_GCA_016917795.1_spacer_9	virome_phage_14	75.000	36	9	0	2	37	31463	31498	0.59	30.1
Bacillus_GCA_016917795.1_spacer_10	virome_phage_824	78.723	47	10	0	5	51	11777	11823	2.13e-05	44.4
Bacillus_GCA_016917795.1_spacer_10	virome_phage_145	76.596	47	11	0	5	51	17606	17560	1.92e-04	41.2
Bacillus_GCA_016917795.1_spacer_10	virome_phage_145	72.093	43	12	0	3	45	19552	19510	0.14	31.7
Bacillus_GCA_016917795.1_spacer_10	virome_phage_2368	76.596	47	11	0	5	51	3346	3392	1.92e-04	41.2
Bacillus_GCA_016917795.1_spacer_10	virome_phage_803	83.871	31	5	0	22	52	35306	35276	0.016	34.9
Bacillus_GCA_016917795.1_spacer_10	virome_phage_1	70.833	48	14	0	5	52	219919	219872	0.047	33.3
Bacillus_GCA_016917795.1_spacer_10	virome_phage_2282	80.645	31	6	0	22	52	37868	37838	0.14	31.7
Bacillus_GCA_016917795.1_spacer_10	virome_phage_2282	76.471	34	8	0	19	52	37817	37784	0.42	30.1
Bacillus_GCA_016917795.1_spacer_10	virome_phage_5	90.909	22	2	0	31	52	28155	28176	0.42	30.1
Bacillus_GCA_016917795.1_spacer_10	virome_phage_5	90.909	22	2	0	30	51	29090	29111	0.42	30.1
Bacillus_GCA_016917795.1_spacer_10	virome_phage_14	75.000	36	9	0	2	37	31463	31498	0.42	30.1
Bacillus_GCA_016917795.1_spacer_11	virome_phage_824	81.132	53	10	0	1	53	11782	11834	6.73e-08	53.9
Bacillus_GCA_016917795.1_spacer_11	virome_phage_824	78.000	50	11	0	29	78	11774	11823	1.64e-05	46.0
Bacillus_GCA_016917795.1_spacer_11	virome_phage_824	66.071	56	19	0	14	69	11849	11904	0.97	30.1
Bacillus_GCA_016917795.1_spacer_11	virome_phage_145	74.194	62	16	0	1	62	17601	17540	1.82e-06	49.1
Bacillus_GCA_016917795.1_spacer_11	virome_phage_145	71.642	67	19	0	3	69	19543	19477	5.45e-06	47.5
Bacillus_GCA_016917795.1_spacer_11	virome_phage_145	76.596	47	11	0	32	78	17606	17560	4.42e-04	41.2
Bacillus_GCA_016917795.1_spacer_11	virome_phage_145	65.385	78	27	0	1	78	17529	17452	0.001	39.6
Bacillus_GCA_016917795.1_spacer_11	virome_phage_145	67.647	68	22	0	11	78	18344	18277	0.001	39.6
Bacillus_GCA_016917795.1_spacer_11	virome_phage_145	66.667	69	23	0	1	69	17565	17497	0.004	38.0
Bacillus_GCA_016917795.1_spacer_11	virome_phage_145	70.909	55	16	0	13	67	19497	19443	0.004	38.0
Bacillus_GCA_016917795.1_spacer_11	virome_phage_145	76.923	39	9	0	4	42	18315	18277	0.036	34.9
Bacillus_GCA_016917795.1_spacer_11	virome_phage_145	67.241	58	19	0	12	69	17581	17524	0.11	33.3
Bacillus_GCA_016917795.1_spacer_11	virome_phage_145	64.286	70	25	0	3	72	19579	19510	0.11	33.3
Bacillus_GCA_016917795.1_spacer_11	virome_phage_145	80.645	31	6	0	3	33	17668	17638	0.32	31.7
Bacillus_GCA_016917795.1_spacer_11	virome_phage_145	73.171	41	11	0	22	62	19755	19715	0.32	31.7
Bacillus_GCA_016917795.1_spacer_11	virome_phage_145	69.565	46	14	0	11	56	18140	18095	0.97	30.1
Bacillus_GCA_016917795.1_spacer_11	virome_phage_145	72.500	40	11	0	14	53	20069	20030	0.97	30.1
Bacillus_GCA_016917795.1_spacer_11	virome_phage_2368	71.642	67	19	0	3	69	1409	1475	5.45e-06	47.5
Bacillus_GCA_016917795.1_spacer_11	virome_phage_2368	72.581	62	17	0	1	62	3351	3412	1.64e-05	46.0
Bacillus_GCA_016917795.1_spacer_11	virome_phage_2368	76.596	47	11	0	32	78	3346	3392	4.42e-04	41.2
Bacillus_GCA_016917795.1_spacer_11	virome_phage_2368	70.909	55	16	0	13	67	1455	1509	0.004	38.0
Bacillus_GCA_016917795.1_spacer_11	virome_phage_2368	67.164	67	22	0	12	78	3434	3500	0.004	38.0
Bacillus_GCA_016917795.1_spacer_11	virome_phage_2368	66.176	68	23	0	11	78	2608	2675	0.012	36.5
Bacillus_GCA_016917795.1_spacer_11	virome_phage_2368	76.923	39	9	0	4	42	2637	2675	0.036	34.9
Bacillus_GCA_016917795.1_spacer_11	virome_phage_2368	64.286	70	25	0	3	72	1373	1442	0.11	33.3
Bacillus_GCA_016917795.1_spacer_11	virome_phage_2368	80.645	31	6	0	3	33	3284	3314	0.32	31.7
Bacillus_GCA_016917795.1_spacer_11	virome_phage_2368	63.768	69	25	0	1	69	3387	3455	0.32	31.7
Bacillus_GCA_016917795.1_spacer_11	virome_phage_2368	69.565	46	14	0	11	56	2812	2857	0.97	30.1
Bacillus_GCA_016917795.1_spacer_11	virome_phage_2368	65.517	58	20	0	12	69	3371	3428	0.97	30.1
Bacillus_GCA_016917795.1_spacer_11	virome_phage_5	67.105	76	25	0	3	78	28388	28463	1.47e-04	42.8
Bacillus_GCA_016917795.1_spacer_11	virome_phage_5	68.657	67	21	0	13	79	28110	28176	4.42e-04	41.2
Bacillus_GCA_016917795.1_spacer_11	virome_phage_5	86.207	29	4	0	23	51	28156	28184	0.036	34.9
Bacillus_GCA_016917795.1_spacer_11	virome_phage_5	65.152	66	23	0	14	79	29884	29949	0.11	33.3
Bacillus_GCA_016917795.1_spacer_11	virome_phage_5	73.171	41	11	0	13	53	28749	28789	0.32	31.7
Bacillus_GCA_016917795.1_spacer_11	virome_phage_5	90.909	22	2	0	57	78	29090	29111	0.97	30.1
Bacillus_GCA_016917795.1_spacer_11	virome_phage_1	67.606	71	23	0	9	79	220995	220925	4.42e-04	41.2
Bacillus_GCA_016917795.1_spacer_11	virome_phage_1	67.164	67	22	0	4	70	221036	220970	0.004	38.0
Bacillus_GCA_016917795.1_spacer_11	virome_phage_1	70.588	51	15	0	3	53	219912	219862	0.036	34.9
Bacillus_GCA_016917795.1_spacer_11	virome_phage_1	70.833	48	14	0	32	79	219919	219872	0.11	33.3
Bacillus_GCA_016917795.1_spacer_11	virome_phage_1	68.627	51	16	0	12	62	221433	221383	0.32	31.7
Bacillus_GCA_016917795.1_spacer_11	virome_phage_1	80.645	31	6	0	3	33	221451	221421	0.32	31.7
Bacillus_GCA_016917795.1_spacer_11	virome_phage_1	66.071	56	19	0	12	67	220596	220541	0.97	30.1
Bacillus_GCA_016917795.1_spacer_11	virome_phage_803	70.175	57	17	0	23	79	35332	35276	0.004	38.0
Bacillus_GCA_016917795.1_spacer_11	virome_phage_2282	63.636	77	28	0	3	79	37914	37838	0.036	34.9
Bacillus_GCA_016917795.1_spacer_11	virome_phage_2282	76.471	34	8	0	46	79	37817	37784	0.97	30.1
Bacillus_GCA_016917795.1_spacer_11	virome_phage_2282	76.471	34	8	0	10	43	37817	37784	0.97	30.1
Bacillus_GCA_016917795.1_spacer_11	virome_phage_52	63.291	79	29	0	1	79	44016	44094	0.036	34.9
Bacillus_GCA_016917795.1_spacer_11	virome_phage_52	79.412	34	7	0	14	47	44065	44098	0.11	33.3
Bacillus_GCA_016917795.1_spacer_11	virome_phage_14	72.727	44	12	0	21	64	31455	31498	0.11	33.3
Bacillus_GCA_016917795.1_spacer_11	virome_phage_14	66.071	56	19	0	1	56	31444	31499	0.97	30.1
Bacillus_GCA_016917795.1_spacer_11	virome_phage_2342	70.455	44	13	0	19	62	19578	19535	0.97	30.1
Bacillus_GCA_016917795.1_spacer_11	virome_phage_2342	65.000	60	21	0	10	69	21777	21718	0.97	30.1
Bacillus_GCA_016917795.1_spacer_11	virome_phage_786	66.071	56	19	0	23	78	34962	35017	0.97	30.1
Bacillus_GCA_016917795.1_spacer_11	virome_phage_153	68.750	48	15	0	31	78	5723	5770	0.97	30.1
Bacillus_GCA_016917795.1_spacer_11	virome_phage_152	62.857	70	26	0	9	78	6519	6588	0.97	30.1
Bacillus_GCA_016917795.1_spacer_12	virome_phage_824	77.966	59	13	0	5	63	11768	11826	5.41e-08	53.9
Bacillus_GCA_016917795.1_spacer_12	virome_phage_824	70.833	48	14	0	13	60	11812	11859	0.086	33.3
Bacillus_GCA_016917795.1_spacer_12	virome_phage_824	64.286	70	25	0	1	70	11818	11887	0.086	33.3
Bacillus_GCA_016917795.1_spacer_12	virome_phage_824	69.388	49	15	0	3	51	11703	11751	0.26	31.7
Bacillus_GCA_016917795.1_spacer_12	virome_phage_824	73.684	38	10	0	32	69	11750	11787	0.78	30.1
Bacillus_GCA_016917795.1_spacer_12	virome_phage_2368	73.846	65	17	0	5	69	1393	1457	4.87e-07	50.7
Bacillus_GCA_016917795.1_spacer_12	virome_phage_2368	79.167	48	10	0	13	60	3345	3392	1.32e-05	46.0
Bacillus_GCA_016917795.1_spacer_12	virome_phage_2368	83.871	31	5	0	12	42	1088	1118	0.029	34.9
Bacillus_GCA_016917795.1_spacer_12	virome_phage_2368	66.154	65	22	0	5	69	1438	1502	0.029	34.9
Bacillus_GCA_016917795.1_spacer_12	virome_phage_2368	66.154	65	22	0	5	69	2611	2675	0.029	34.9
Bacillus_GCA_016917795.1_spacer_12	virome_phage_2368	71.429	49	14	0	13	61	2628	2676	0.029	34.9
Bacillus_GCA_016917795.1_spacer_12	virome_phage_2368	76.923	39	9	0	13	51	3276	3314	0.029	34.9
Bacillus_GCA_016917795.1_spacer_12	virome_phage_2368	70.213	47	14	0	5	51	1144	1190	0.26	31.7
Bacillus_GCA_016917795.1_spacer_12	virome_phage_145	75.862	58	14	0	13	70	17607	17550	1.46e-06	49.1
Bacillus_GCA_016917795.1_spacer_12	virome_phage_145	72.308	65	18	0	5	69	19559	19495	4.38e-06	47.5
Bacillus_GCA_016917795.1_spacer_12	virome_phage_145	79.487	39	8	0	13	51	17676	17638	0.003	38.0
Bacillus_GCA_016917795.1_spacer_12	virome_phage_145	70.175	57	17	0	13	69	20088	20032	0.003	38.0
Bacillus_GCA_016917795.1_spacer_12	virome_phage_145	66.154	65	22	0	5	69	19514	19450	0.029	34.9
Bacillus_GCA_016917795.1_spacer_12	virome_phage_145	75.000	40	10	0	22	61	18315	18276	0.086	33.3
Bacillus_GCA_016917795.1_spacer_12	virome_phage_145	64.615	65	23	0	5	69	18341	18277	0.26	31.7
Bacillus_GCA_016917795.1_spacer_12	virome_phage_94	69.565	69	21	0	1	69	5392	5460	3.95e-05	44.4
Bacillus_GCA_016917795.1_spacer_12	virome_phage_94	69.565	69	21	0	1	69	5401	5469	3.95e-05	44.4
Bacillus_GCA_016917795.1_spacer_12	virome_phage_94	69.565	69	21	0	1	69	5410	5478	3.95e-05	44.4
Bacillus_GCA_016917795.1_spacer_12	virome_phage_94	68.116	69	22	0	1	69	5383	5451	3.55e-04	41.2
Bacillus_GCA_016917795.1_spacer_12	virome_phage_94	68.182	66	21	0	1	66	5419	5484	0.001	39.6
Bacillus_GCA_016917795.1_spacer_12	virome_phage_906	69.565	69	21	0	1	69	19728	19796	3.95e-05	44.4
Bacillus_GCA_016917795.1_spacer_12	virome_phage_906	69.565	69	21	0	1	69	19737	19805	3.95e-05	44.4
Bacillus_GCA_016917795.1_spacer_12	virome_phage_906	69.565	69	21	0	1	69	21905	21973	3.95e-05	44.4
Bacillus_GCA_016917795.1_spacer_12	virome_phage_906	68.116	69	22	0	1	69	19806	19874	3.55e-04	41.2
Bacillus_GCA_016917795.1_spacer_12	virome_phage_906	67.164	67	22	0	1	67	19746	19812	0.003	38.0
Bacillus_GCA_016917795.1_spacer_12	virome_phage_906	67.164	67	22	0	1	67	21914	21980	0.003	38.0
Bacillus_GCA_016917795.1_spacer_12	virome_phage_906	65.672	67	23	0	1	67	19815	19881	0.029	34.9
Bacillus_GCA_016917795.1_spacer_12	virome_phage_906	65.672	67	23	0	1	67	21923	21989	0.029	34.9
Bacillus_GCA_016917795.1_spacer_12	virome_phage_906	64.179	67	24	0	1	67	19755	19821	0.26	31.7
Bacillus_GCA_016917795.1_spacer_12	virome_phage_14	80.556	36	7	0	11	46	31463	31498	0.010	36.5
Bacillus_GCA_016917795.1_spacer_12	virome_phage_2282	65.217	69	24	0	2	70	37852	37784	0.029	34.9
Bacillus_GCA_016917795.1_spacer_12	virome_phage_1	71.429	49	14	0	12	60	219921	219873	0.029	34.9
Bacillus_GCA_016917795.1_spacer_12	virome_phage_1	73.333	45	12	0	5	49	220585	220541	0.029	34.9
Bacillus_GCA_016917795.1_spacer_12	virome_phage_1	65.152	66	23	0	5	70	219937	219872	0.086	33.3
Bacillus_GCA_016917795.1_spacer_12	virome_phage_1	67.241	58	19	0	13	70	221009	220952	0.086	33.3
Bacillus_GCA_016917795.1_spacer_12	virome_phage_1	70.000	50	15	0	21	70	221451	221402	0.086	33.3
Bacillus_GCA_016917795.1_spacer_12	virome_phage_1	72.500	40	11	0	13	52	217097	217058	0.78	30.1
Bacillus_GCA_016917795.1_spacer_12	virome_phage_1	75.000	36	9	0	2	37	220264	220229	0.78	30.1
Bacillus_GCA_016917795.1_spacer_12	virome_phage_5	75.000	40	10	0	21	60	28388	28427	0.086	33.3
Bacillus_GCA_016917795.1_spacer_12	virome_phage_5	67.241	58	19	0	12	69	28730	28787	0.086	33.3
Bacillus_GCA_016917795.1_spacer_12	virome_phage_865	85.185	27	4	0	5	31	26329	26303	0.26	31.7
Bacillus_GCA_016917795.1_spacer_12	virome_phage_52	74.359	39	10	0	32	70	44065	44103	0.26	31.7
Bacillus_GCA_016917795.1_spacer_12	virome_phage_52	78.125	32	7	0	31	62	44424	44455	0.78	30.1
Bacillus_GCA_016917795.1_spacer_12	virome_phage_27	73.684	38	10	0	29	66	49516	49479	0.78	30.1
Bacillus_GCA_016917795.1_spacer_12	virome_phage_11	90.909	22	2	0	25	46	99942	99963	0.78	30.1
Bacillus_GCA_016917795.1_spacer_12	virome_phage_101	80.000	30	6	0	37	66	6195	6224	0.78	30.1
Bacillus_GCA_016917795.1_spacer_12	total_phage_112	73.684	38	10	0	29	66	47852	47889	0.78	30.1
Bacillus_GCA_016917795.1_spacer_13	virome_phage_824	85.106	47	7	0	5	51	11777	11823	2.93e-08	53.9
Bacillus_GCA_016917795.1_spacer_13	virome_phage_824	81.250	32	6	0	5	36	11813	11844	0.047	33.3
Bacillus_GCA_016917795.1_spacer_13	virome_phage_2368	80.851	47	9	0	5	51	3346	3392	2.37e-06	47.5
Bacillus_GCA_016917795.1_spacer_13	virome_phage_2368	78.947	38	8	0	5	42	3277	3314	0.005	36.5
Bacillus_GCA_016917795.1_spacer_13	virome_phage_2368	78.378	37	8	0	9	45	1406	1442	0.016	34.9
Bacillus_GCA_016917795.1_spacer_13	virome_phage_2368	76.923	39	9	0	13	51	2637	2675	0.016	34.9
Bacillus_GCA_016917795.1_spacer_13	virome_phage_2368	70.833	48	14	0	4	51	1446	1493	0.047	33.3
Bacillus_GCA_016917795.1_spacer_13	virome_phage_145	80.851	47	9	0	5	51	17606	17560	2.37e-06	47.5
Bacillus_GCA_016917795.1_spacer_13	virome_phage_145	81.579	38	7	0	5	42	17675	17638	5.76e-04	39.6
Bacillus_GCA_016917795.1_spacer_13	virome_phage_145	76.744	43	10	0	3	45	19552	19510	0.002	38.0
Bacillus_GCA_016917795.1_spacer_13	virome_phage_145	72.340	47	13	0	5	51	17570	17524	0.016	34.9
Bacillus_GCA_016917795.1_spacer_13	virome_phage_145	76.923	39	9	0	13	51	18315	18277	0.016	34.9
Bacillus_GCA_016917795.1_spacer_13	virome_phage_145	70.833	48	14	0	4	51	19506	19459	0.047	33.3
Bacillus_GCA_016917795.1_spacer_13	virome_phage_145	72.500	40	11	0	3	42	17536	17497	0.42	30.1
Bacillus_GCA_016917795.1_spacer_13	virome_phage_14	75.000	40	10	0	5	44	31439	31478	0.047	33.3
Bacillus_GCA_016917795.1_spacer_13	virome_phage_14	77.778	36	8	0	2	37	31463	31498	0.047	33.3
Bacillus_GCA_016917795.1_spacer_13	virome_phage_1	70.833	48	14	0	5	52	219919	219872	0.047	33.3
Bacillus_GCA_016917795.1_spacer_13	virome_phage_1	80.645	31	6	0	12	42	221451	221421	0.14	31.7
Bacillus_GCA_016917795.1_spacer_13	virome_phage_5	95.238	21	1	0	32	52	28156	28176	0.14	31.7
Bacillus_GCA_016917795.1_spacer_13	virome_phage_5	70.213	47	14	0	1	47	28377	28423	0.14	31.7
Bacillus_GCA_016917795.1_spacer_13	virome_phage_5	70.455	44	13	0	9	52	28736	28779	0.42	30.1
Bacillus_GCA_016917795.1_spacer_13	virome_phage_2282	76.471	34	8	0	19	52	37817	37784	0.42	30.1
Bacillus_GCA_016917795.1_spacer_14	virome_phage_906	69.355	62	19	0	8	69	19777	19838	0.001	39.6
Bacillus_GCA_016917795.1_spacer_14	virome_phage_906	67.742	62	20	0	8	69	19786	19847	0.010	36.5
Bacillus_GCA_016917795.1_spacer_14	virome_phage_906	83.333	30	5	0	40	69	19731	19760	0.086	33.3
Bacillus_GCA_016917795.1_spacer_14	virome_phage_906	83.333	30	5	0	40	69	19740	19769	0.086	33.3
Bacillus_GCA_016917795.1_spacer_14	virome_phage_906	83.333	30	5	0	40	69	19749	19778	0.086	33.3
Bacillus_GCA_016917795.1_spacer_14	virome_phage_906	83.333	30	5	0	40	69	19758	19787	0.086	33.3
Bacillus_GCA_016917795.1_spacer_14	virome_phage_906	83.333	30	5	0	40	69	19767	19796	0.086	33.3
Bacillus_GCA_016917795.1_spacer_14	virome_phage_906	66.129	62	21	0	8	69	19768	19829	0.086	33.3
Bacillus_GCA_016917795.1_spacer_14	virome_phage_906	83.333	30	5	0	40	69	19827	19856	0.086	33.3
Bacillus_GCA_016917795.1_spacer_14	virome_phage_906	83.333	30	5	0	40	69	19836	19865	0.086	33.3
Bacillus_GCA_016917795.1_spacer_14	virome_phage_906	83.333	30	5	0	40	69	21908	21937	0.086	33.3
Bacillus_GCA_016917795.1_spacer_14	virome_phage_906	83.333	30	5	0	40	69	21917	21946	0.086	33.3
Bacillus_GCA_016917795.1_spacer_14	virome_phage_906	83.333	30	5	0	40	69	21926	21955	0.086	33.3
Bacillus_GCA_016917795.1_spacer_14	virome_phage_906	83.333	30	5	0	40	69	21935	21964	0.086	33.3
Bacillus_GCA_016917795.1_spacer_14	virome_phage_906	83.333	30	5	0	40	69	21944	21973	0.086	33.3
Bacillus_GCA_016917795.1_spacer_14	virome_phage_786	86.207	29	4	0	41	69	34989	35017	0.029	34.9
Bacillus_GCA_016917795.1_spacer_14	virome_phage_786	80.645	31	6	0	40	70	34622	34652	0.26	31.7
Bacillus_GCA_016917795.1_spacer_14	virome_phage_780	79.412	34	7	0	36	69	22736	22703	0.086	33.3
Bacillus_GCA_016917795.1_spacer_14	virome_phage_94	83.333	30	5	0	40	69	5395	5424	0.086	33.3
Bacillus_GCA_016917795.1_spacer_14	virome_phage_94	83.333	30	5	0	40	69	5404	5433	0.086	33.3
Bacillus_GCA_016917795.1_spacer_14	virome_phage_94	83.333	30	5	0	40	69	5413	5442	0.086	33.3
Bacillus_GCA_016917795.1_spacer_14	virome_phage_94	83.333	30	5	0	40	69	5422	5451	0.086	33.3
Bacillus_GCA_016917795.1_spacer_14	virome_phage_94	83.333	30	5	0	40	69	5431	5460	0.086	33.3
Bacillus_GCA_016917795.1_spacer_14	virome_phage_94	83.333	30	5	0	40	69	5440	5469	0.086	33.3
Bacillus_GCA_016917795.1_spacer_14	virome_phage_94	83.333	30	5	0	40	69	5449	5478	0.086	33.3
Bacillus_GCA_016917795.1_spacer_14	virome_phage_94	82.143	28	5	0	42	69	5388	5415	0.78	30.1
Bacillus_GCA_016917795.1_spacer_14	virome_phage_14	80.645	31	6	0	39	69	31662	31692	0.26	31.7
Bacillus_GCA_016917795.1_spacer_14	total_phage_725	82.143	28	5	0	42	69	28079	28052	0.78	30.1
Bacillus_GCA_016917795.1_spacer_14	total_phage_604	82.143	28	5	0	42	69	35936	35909	0.78	30.1
Bacillus_GCA_016917795.1_spacer_14	total_phage_525	82.143	28	5	0	42	69	25230	25203	0.78	30.1
Bacillus_GCA_016917795.1_spacer_14	total_phage_501	80.000	30	6	0	35	64	17343	17314	0.78	30.1
Bacillus_GCA_016917795.1_spacer_14	total_phage_483	82.143	28	5	0	42	69	15654	15627	0.78	30.1
Bacillus_GCA_016917795.1_spacer_14	virome_phage_80	84.615	26	4	0	14	39	7191	7216	0.78	30.1
Bacillus_GCA_016917795.1_spacer_14	virome_phage_37	84.615	26	4	0	42	67	22146	22171	0.78	30.1
Bacillus_GCA_016917795.1_spacer_14	virome_phage_3	80.000	30	6	0	38	67	57195	57224	0.78	30.1
Bacillus_GCA_016917795.1_spacer_14	virome_phage_2269	87.500	24	3	0	34	57	156143	156166	0.78	30.1
Bacillus_GCA_016917795.1_spacer_14	virome_phage_2239	80.000	30	6	0	35	64	10302	10331	0.78	30.1
Bacillus_GCA_016917795.1_spacer_14	total_phage_653	82.143	28	5	0	42	69	15638	15665	0.78	30.1
Bacillus_GCA_016917795.1_spacer_15	virome_phage_824	78.788	66	14	0	5	70	11768	11833	2.23e-10	61.8
Bacillus_GCA_016917795.1_spacer_15	virome_phage_824	81.818	33	6	0	13	45	11812	11844	0.029	34.9
Bacillus_GCA_016917795.1_spacer_15	virome_phage_824	65.152	66	23	0	5	70	11813	11878	0.086	33.3
Bacillus_GCA_016917795.1_spacer_15	virome_phage_2368	75.439	57	14	0	13	69	3345	3401	4.38e-06	47.5
Bacillus_GCA_016917795.1_spacer_15	virome_phage_2368	75.000	52	13	0	13	64	3276	3327	1.18e-04	42.8
Bacillus_GCA_016917795.1_spacer_15	virome_phage_2368	68.182	66	21	0	5	70	1393	1458	0.001	39.6
Bacillus_GCA_016917795.1_spacer_15	virome_phage_2368	71.429	49	14	0	5	53	1144	1192	0.029	34.9
Bacillus_GCA_016917795.1_spacer_15	virome_phage_2368	66.154	65	22	0	5	69	2611	2675	0.029	34.9
Bacillus_GCA_016917795.1_spacer_15	virome_phage_2368	72.340	47	13	0	5	51	3382	3428	0.029	34.9
Bacillus_GCA_016917795.1_spacer_15	virome_phage_2368	64.706	68	24	0	3	70	854	921	0.086	33.3
Bacillus_GCA_016917795.1_spacer_15	virome_phage_2368	80.645	31	6	0	12	42	1088	1118	0.26	31.7
Bacillus_GCA_016917795.1_spacer_15	virome_phage_2368	66.667	57	19	0	14	70	1438	1494	0.26	31.7
Bacillus_GCA_016917795.1_spacer_15	virome_phage_145	79.167	48	10	0	13	60	17607	17560	1.32e-05	46.0
Bacillus_GCA_016917795.1_spacer_15	virome_phage_145	76.923	52	12	0	13	64	17676	17625	1.32e-05	46.0
Bacillus_GCA_016917795.1_spacer_15	virome_phage_145	74.468	47	12	0	5	51	17570	17524	0.003	38.0
Bacillus_GCA_016917795.1_spacer_15	virome_phage_145	66.667	66	22	0	5	70	19559	19494	0.010	36.5
Bacillus_GCA_016917795.1_spacer_15	virome_phage_145	72.340	47	13	0	14	60	17570	17524	0.029	34.9
Bacillus_GCA_016917795.1_spacer_15	virome_phage_145	73.810	42	11	0	12	53	19801	19760	0.086	33.3
Bacillus_GCA_016917795.1_spacer_15	virome_phage_145	67.241	58	19	0	13	70	20088	20031	0.086	33.3
Bacillus_GCA_016917795.1_spacer_15	virome_phage_145	70.213	47	14	0	5	51	18260	18214	0.26	31.7
Bacillus_GCA_016917795.1_spacer_15	virome_phage_145	64.615	65	23	0	5	69	18341	18277	0.26	31.7
Bacillus_GCA_016917795.1_spacer_15	virome_phage_145	66.667	57	19	0	14	70	19514	19458	0.26	31.7
Bacillus_GCA_016917795.1_spacer_15	virome_phage_145	64.516	62	22	0	9	70	17539	17478	0.78	30.1
Bacillus_GCA_016917795.1_spacer_15	virome_phage_94	68.116	69	22	0	1	69	5392	5460	3.55e-04	41.2
Bacillus_GCA_016917795.1_spacer_15	virome_phage_94	68.116	69	22	0	1	69	5401	5469	3.55e-04	41.2
Bacillus_GCA_016917795.1_spacer_15	virome_phage_94	68.116	69	22	0	1	69	5410	5478	3.55e-04	41.2
Bacillus_GCA_016917795.1_spacer_15	virome_phage_94	68.182	66	21	0	1	66	5419	5484	0.001	39.6
Bacillus_GCA_016917795.1_spacer_15	virome_phage_94	66.667	69	23	0	1	69	5383	5451	0.003	38.0
Bacillus_GCA_016917795.1_spacer_15	virome_phage_906	68.116	69	22	0	1	69	19728	19796	3.55e-04	41.2
Bacillus_GCA_016917795.1_spacer_15	virome_phage_906	68.116	69	22	0	1	69	19737	19805	3.55e-04	41.2
Bacillus_GCA_016917795.1_spacer_15	virome_phage_906	68.116	69	22	0	1	69	21905	21973	3.55e-04	41.2
Bacillus_GCA_016917795.1_spacer_15	virome_phage_906	66.667	69	23	0	1	69	19806	19874	0.003	38.0
Bacillus_GCA_016917795.1_spacer_15	virome_phage_906	65.217	69	24	0	1	69	19797	19865	0.029	34.9
Bacillus_GCA_016917795.1_spacer_15	virome_phage_906	65.152	66	23	0	1	66	21923	21988	0.086	33.3
Bacillus_GCA_016917795.1_spacer_15	virome_phage_5	73.077	52	14	0	19	70	28647	28698	0.001	39.6
Bacillus_GCA_016917795.1_spacer_15	virome_phage_5	71.429	49	14	0	8	56	28375	28423	0.029	34.9
Bacillus_GCA_016917795.1_spacer_15	virome_phage_5	67.797	59	19	0	12	70	28442	28500	0.029	34.9
Bacillus_GCA_016917795.1_spacer_15	virome_phage_5	66.667	54	18	0	17	70	28375	28428	0.78	30.1
Bacillus_GCA_016917795.1_spacer_15	virome_phage_14	80.556	36	7	0	11	46	31463	31498	0.010	36.5
Bacillus_GCA_016917795.1_spacer_15	virome_phage_14	72.500	40	11	0	5	44	31151	31190	0.78	30.1
Bacillus_GCA_016917795.1_spacer_15	virome_phage_14	76.471	34	8	0	14	47	31439	31472	0.78	30.1
Bacillus_GCA_016917795.1_spacer_15	virome_phage_780	68.333	60	19	0	10	69	31677	31618	0.010	36.5
Bacillus_GCA_016917795.1_spacer_15	virome_phage_780	67.213	61	20	0	1	61	31677	31617	0.029	34.9
Bacillus_GCA_016917795.1_spacer_15	virome_phage_780	67.797	59	19	0	4	62	36056	35998	0.029	34.9
Bacillus_GCA_016917795.1_spacer_15	virome_phage_780	66.667	57	19	0	11	67	33862	33806	0.26	31.7
Bacillus_GCA_016917795.1_spacer_15	virome_phage_780	66.071	56	19	0	14	69	36055	36000	0.78	30.1
Bacillus_GCA_016917795.1_spacer_15	virome_phage_803	75.000	40	10	0	31	70	35306	35267	0.086	33.3
Bacillus_GCA_016917795.1_spacer_15	virome_phage_1	77.778	36	8	0	2	37	220264	220229	0.086	33.3
Bacillus_GCA_016917795.1_spacer_15	virome_phage_1	80.645	31	6	0	21	51	221451	221421	0.26	31.7
Bacillus_GCA_016917795.1_spacer_15	virome_phage_1	76.471	34	8	0	9	42	220680	220647	0.78	30.1
Bacillus_GCA_016917795.1_spacer_15	virome_phage_865	85.185	27	4	0	5	31	26329	26303	0.26	31.7
Bacillus_GCA_016917795.1_spacer_15	virome_phage_2342	80.645	31	6	0	39	69	19630	19600	0.26	31.7
Bacillus_GCA_016917795.1_spacer_15	virome_phage_2342	90.909	22	2	0	39	60	19648	19627	0.78	30.1
Bacillus_GCA_016917795.1_spacer_15	virome_phage_9	87.500	24	3	0	1	24	116629	116652	0.78	30.1
Bacillus_GCA_016917795.1_spacer_15	virome_phage_4	71.429	42	12	0	6	47	75611	75652	0.78	30.1
Bacillus_GCA_016917795.1_spacer_15	total_phage_112	72.500	40	11	0	29	68	47852	47891	0.78	30.1
Bacillus_GCA_016917795.1_spacer_15	virome_phage_27	72.500	40	11	0	29	68	49516	49477	0.78	30.1
Bacillus_GCA_016917795.1_spacer_15	virome_phage_2411	68.750	48	15	0	23	70	5684	5637	0.78	30.1
Bacillus_GCA_016917795.1_spacer_15	virome_phage_2282	63.235	68	25	0	2	69	37852	37785	0.78	30.1
Bacillus_GCA_016917795.1_spacer_15	virome_phage_176	68.750	48	15	0	23	70	5585	5538	0.78	30.1
Bacillus_GCA_016917795.1_spacer_15	total_phage_663	95.000	20	1	0	12	31	29339	29320	0.78	30.1
Bacillus_GCA_016917795.1_spacer_15	total_phage_637	95.000	20	1	0	12	31	26073	26054	0.78	30.1
Bacillus_GCA_016917795.1_spacer_16	virome_phage_58	70.588	68	20	0	30	97	294	227	2.24e-05	46.0
Bacillus_GCA_016917795.1_spacer_16	virome_phage_2342	73.333	60	16	0	1	60	19749	19690	2.24e-05	46.0
Bacillus_GCA_016917795.1_spacer_16	virome_phage_2342	73.077	52	14	0	39	90	19774	19723	0.002	39.6
Bacillus_GCA_016917795.1_spacer_16	virome_phage_2342	63.768	69	25	0	19	87	20974	20906	0.44	31.7
Bacillus_GCA_016917795.1_spacer_16	virome_phage_876	66.265	83	28	0	8	90	21220	21138	6.72e-05	44.4
Bacillus_GCA_016917795.1_spacer_16	virome_phage_5	65.882	85	29	0	3	87	28397	28481	6.72e-05	44.4
Bacillus_GCA_016917795.1_spacer_16	virome_phage_5	67.647	68	22	0	23	90	28444	28511	0.002	39.6
Bacillus_GCA_016917795.1_spacer_16	virome_phage_5	67.647	68	22	0	20	87	28702	28769	0.002	39.6
Bacillus_GCA_016917795.1_spacer_16	virome_phage_5	67.647	68	22	0	23	90	29092	29159	0.002	39.6
Bacillus_GCA_016917795.1_spacer_16	virome_phage_5	62.921	89	33	0	3	91	27869	27957	0.005	38.0
Bacillus_GCA_016917795.1_spacer_16	virome_phage_5	61.053	95	37	0	3	97	28136	28230	0.049	34.9
Bacillus_GCA_016917795.1_spacer_16	virome_phage_5	67.857	56	18	0	23	78	28732	28787	0.15	33.3
Bacillus_GCA_016917795.1_spacer_16	virome_phage_5	67.925	53	17	0	40	92	28110	28162	0.44	31.7
Bacillus_GCA_016917795.1_spacer_16	virome_phage_5	78.788	33	7	0	46	78	29943	29975	0.44	31.7
Bacillus_GCA_016917795.1_spacer_16	virome_phage_2282	67.647	68	22	0	2	69	37852	37785	0.002	39.6
Bacillus_GCA_016917795.1_spacer_16	virome_phage_2282	61.053	95	37	0	2	96	37996	37902	0.049	34.9
Bacillus_GCA_016917795.1_spacer_16	virome_phage_2282	67.925	53	17	0	14	66	59578	59526	0.44	31.7
Bacillus_GCA_016917795.1_spacer_16	virome_phage_824	70.000	60	18	0	13	72	11767	11826	0.002	39.6
Bacillus_GCA_016917795.1_spacer_16	virome_phage_824	70.000	50	15	0	23	72	11741	11790	0.15	33.3
Bacillus_GCA_016917795.1_spacer_16	virome_phage_145	69.492	59	18	0	39	97	17590	17532	0.005	38.0
Bacillus_GCA_016917795.1_spacer_16	virome_phage_145	64.706	68	24	0	23	90	19541	19474	0.15	33.3
Bacillus_GCA_016917795.1_spacer_16	virome_phage_145	67.241	58	19	0	3	60	19624	19567	0.15	33.3
Bacillus_GCA_016917795.1_spacer_16	virome_phage_145	74.359	39	10	0	40	78	19488	19450	0.44	31.7
Bacillus_GCA_016917795.1_spacer_16	virome_phage_1	72.549	51	14	0	39	89	221433	221383	0.005	38.0
Bacillus_GCA_016917795.1_spacer_16	virome_phage_1	60.440	91	36	0	7	97	221474	221384	0.44	31.7
Bacillus_GCA_016917795.1_spacer_16	virome_phage_153	71.698	53	15	0	38	90	5694	5746	0.005	38.0
Bacillus_GCA_016917795.1_spacer_16	virome_phage_153	65.333	75	26	0	23	97	5751	5825	0.005	38.0
Bacillus_GCA_016917795.1_spacer_16	virome_phage_153	80.000	35	7	0	20	54	5811	5845	0.049	34.9
Bacillus_GCA_016917795.1_spacer_16	virome_phage_52	66.667	66	22	0	32	97	44146	44211	0.016	36.5
Bacillus_GCA_016917795.1_spacer_16	virome_phage_52	66.667	57	19	0	23	79	44047	44103	0.44	31.7
Bacillus_GCA_016917795.1_spacer_16	virome_phage_152	68.333	60	19	0	4	63	6577	6636	0.016	36.5
Bacillus_GCA_016917795.1_spacer_16	virome_phage_2368	61.053	95	37	0	3	97	1088	1182	0.049	34.9
Bacillus_GCA_016917795.1_spacer_16	virome_phage_2368	61.053	95	37	0	3	97	1328	1422	0.049	34.9
Bacillus_GCA_016917795.1_spacer_16	virome_phage_2368	67.797	59	19	0	39	97	3362	3420	0.049	34.9
Bacillus_GCA_016917795.1_spacer_16	virome_phage_2368	64.706	68	24	0	23	90	1411	1478	0.15	33.3
Bacillus_GCA_016917795.1_spacer_16	virome_phage_2368	74.359	39	10	0	40	78	1464	1502	0.44	31.7
Bacillus_GCA_016917795.1_spacer_16	virome_phage_829	62.821	78	29	0	20	97	14537	14460	0.15	33.3
Bacillus_GCA_016917795.1_spacer_16	virome_phage_2402	70.000	50	15	0	23	72	6200	6249	0.15	33.3
Bacillus_GCA_016917795.1_spacer_16	virome_phage_794	78.788	33	7	0	59	91	17181	17149	0.44	31.7
Bacillus_GCA_016917795.1_spacer_16	virome_phage_22	82.759	29	5	0	67	95	55403	55375	0.44	31.7
Bacillus_GCA_016917795.1_spacer_16	virome_phage_22	82.759	29	5	0	4	32	55403	55375	0.44	31.7
Bacillus_GCA_016917795.1_spacer_16	virome_phage_786	82.759	29	5	0	59	87	34998	35026	0.44	31.7
Bacillus_GCA_016917795.1_spacer_16	virome_phage_2389	77.143	35	8	0	20	54	6750	6784	0.44	31.7
Bacillus_GCA_016917795.1_spacer_16	virome_phage_2314	66.102	59	20	0	2	60	34434	34492	0.44	31.7
