Bacillus_GCA_002568725.1_spacer_0	total_phage_178	79.412	34	7	0	7	40	28007	28040	0.035	33.3
Bacillus_GCA_002568725.1_spacer_0	virome_phage_5	80.000	30	6	0	17	46	29466	29437	0.31	30.1
Bacillus_GCA_002568725.1_spacer_0	virome_phage_906	81.481	27	5	0	10	36	1615	1641	0.94	28.5
Bacillus_GCA_002568725.1_spacer_1	virome_phage_846	79.310	29	6	0	9	37	25243	25215	0.44	28.5
Bacillus_GCA_002568725.1_spacer_2	virome_phage_55	94.444	18	1	0	11	28	29802	29819	0.76	26.9
Bacillus_GCA_002568725.1_spacer_2	virome_phage_22	100.000	16	0	0	12	27	29177	29192	0.76	26.9
Bacillus_GCA_002568725.1_spacer_2	total_phage_95	94.444	18	1	0	11	28	39050	39067	0.76	26.9
Bacillus_GCA_002568725.1_spacer_2	total_phage_95	94.444	18	1	0	11	28	40342	40359	0.76	26.9
Bacillus_GCA_002568725.1_spacer_2	total_phage_95	94.444	18	1	0	11	28	41732	41749	0.76	26.9
Bacillus_GCA_002568725.1_spacer_2	virome_phage_5	80.769	26	5	0	3	28	29462	29437	0.76	26.9
Bacillus_GCA_002568725.1_spacer_3	virome_phage_107	78.125	32	7	0	6	37	18944	18975	0.15	30.1
Bacillus_GCA_002568725.1_spacer_3	virome_phage_906	86.957	23	3	0	12	34	1617	1639	0.44	28.5
Bacillus_GCA_002568725.1_spacer_3	virome_phage_55	84.000	25	4	0	2	26	29802	29826	0.44	28.5
Bacillus_GCA_002568725.1_spacer_3	total_phage_95	94.737	19	1	0	2	20	39050	39068	0.44	28.5
Bacillus_GCA_002568725.1_spacer_3	total_phage_95	94.737	19	1	0	2	20	40342	40360	0.44	28.5
Bacillus_GCA_002568725.1_spacer_3	total_phage_95	94.737	19	1	0	2	20	41732	41750	0.44	28.5
Bacillus_GCA_002568725.1_spacer_4	virome_phage_798	85.714	28	4	0	2	29	3971	3998	0.026	33.3
Bacillus_GCA_002568725.1_spacer_4	total_phage_113	85.714	28	4	0	2	29	38528	38555	0.026	33.3
Bacillus_GCA_002568725.1_spacer_4	total_phage_795	95.238	21	1	0	2	22	33326	33346	0.077	31.7
Bacillus_GCA_002568725.1_spacer_4	total_phage_231	88.000	25	3	0	11	35	66690	66666	0.077	31.7
Bacillus_GCA_002568725.1_spacer_4	total_phage_358	87.500	24	3	0	7	30	34134	34111	0.23	30.1
Bacillus_GCA_002568725.1_spacer_4	total_phage_179	87.500	24	3	0	7	30	9683	9706	0.23	30.1
Bacillus_GCA_002568725.1_spacer_4	virome_phage_911	81.481	27	5	0	15	41	20280	20254	0.69	28.5
Bacillus_GCA_002568725.1_spacer_4	total_phage_735	84.000	25	4	0	7	31	14866	14842	0.69	28.5
Bacillus_GCA_002568725.1_spacer_4	total_phage_479	71.795	39	11	0	4	42	42638	42676	0.69	28.5
Bacillus_GCA_002568725.1_spacer_4	total_phage_413	84.000	25	4	0	18	42	14262	14238	0.69	28.5
Bacillus_GCA_002568725.1_spacer_5	virome_phage_898	78.125	32	7	0	5	36	12335	12304	0.23	30.1
Bacillus_GCA_002568725.1_spacer_5	virome_phage_738	84.000	25	4	0	15	39	72455	72479	0.69	28.5
Bacillus_GCA_002568725.1_spacer_5	total_phage_730	84.000	25	4	0	15	39	42685	42709	0.69	28.5
Bacillus_GCA_002568725.1_spacer_6	virome_phage_825	90.909	22	2	0	7	28	23372	23351	0.27	30.1
Bacillus_GCA_002568725.1_spacer_6	virome_phage_7	79.310	29	6	0	9	37	14278	14250	0.82	28.5
Bacillus_GCA_002568725.1_spacer_6	total_phage_361	79.310	29	6	0	8	36	6972	7000	0.82	28.5
Bacillus_GCA_002568725.1_spacer_8	virome_phage_67	90.909	22	2	0	16	37	23598	23577	0.23	30.1
Bacillus_GCA_002568725.1_spacer_8	virome_phage_2380	82.143	28	5	0	7	34	13420	13447	0.23	30.1
Bacillus_GCA_002568725.1_spacer_8	total_phage_793	80.000	30	6	0	7	36	19513	19484	0.23	30.1
Bacillus_GCA_002568725.1_spacer_8	virome_phage_77	81.481	27	5	0	11	37	34945	34971	0.69	28.5
Bacillus_GCA_002568725.1_spacer_8	virome_phage_2324	86.957	23	3	0	10	32	10931	10909	0.69	28.5
Bacillus_GCA_002568725.1_spacer_8	virome_phage_151	86.957	23	3	0	13	35	18879	18901	0.69	28.5
Bacillus_GCA_002568725.1_spacer_8	virome_phage_1033	86.957	23	3	0	20	42	1246	1224	0.69	28.5
Bacillus_GCA_002568725.1_spacer_9	total_phage_734	80.645	31	6	0	14	44	27877	27847	0.091	31.7
Bacillus_GCA_002568725.1_spacer_9	virome_phage_738	85.185	27	4	0	3	29	80148	80174	0.091	31.7
Bacillus_GCA_002568725.1_spacer_9	virome_phage_878	80.000	30	6	0	3	32	3184	3155	0.27	30.1
Bacillus_GCA_002568725.1_spacer_9	virome_phage_38	82.143	28	5	0	1	28	44787	44760	0.27	30.1
Bacillus_GCA_002568725.1_spacer_9	virome_phage_828	86.957	23	3	0	11	33	26138	26116	0.82	28.5
Bacillus_GCA_002568725.1_spacer_9	virome_phage_734	84.000	25	4	0	6	30	89843	89819	0.82	28.5
Bacillus_GCA_002568725.1_spacer_9	total_phage_479	86.957	23	3	0	21	43	25424	25446	0.82	28.5
