Bacillus_GCA_002552335.1_spacer_2	total_phage_734	79.310	29	6	0	2	30	2856	2884	0.38	28.5
Bacillus_GCA_002552335.1_spacer_3	virome_phage_2329	87.500	24	3	0	11	34	30687	30664	0.10	30.1
Bacillus_GCA_002552335.1_spacer_3	virome_phage_747	94.444	18	1	0	5	22	7997	8014	0.94	26.9
Bacillus_GCA_002552335.1_spacer_3	virome_phage_31	76.667	30	7	0	1	30	24117	24146	0.94	26.9
Bacillus_GCA_002552335.1_spacer_3	virome_phage_749	94.444	18	1	0	17	34	30597	30580	0.94	26.9
Bacillus_GCA_002552335.1_spacer_3	virome_phage_2294	90.000	20	2	0	11	30	32212	32193	0.94	26.9
Bacillus_GCA_002552335.1_spacer_4	virome_phage_861	81.481	27	5	0	2	28	32662	32636	0.38	28.5
Bacillus_GCA_002552335.1_spacer_4	virome_phage_739	86.957	23	3	0	5	27	26182	26160	0.38	28.5
Bacillus_GCA_002552335.1_spacer_4	total_phage_293	81.481	27	5	0	4	30	26479	26453	0.38	28.5
Bacillus_GCA_002552335.1_spacer_5	virome_phage_868	90.909	22	2	0	13	34	5325	5304	0.10	30.1
Bacillus_GCA_002552335.1_spacer_5	virome_phage_875	90.000	20	2	0	4	23	16039	16020	0.94	26.9
Bacillus_GCA_002552335.1_spacer_5	virome_phage_62	76.667	30	7	0	1	30	40627	40656	0.94	26.9
Bacillus_GCA_002552335.1_spacer_5	virome_phage_27	83.333	24	4	0	2	25	6173	6196	0.94	26.9
Bacillus_GCA_002552335.1_spacer_5	virome_phage_2409	80.769	26	5	0	9	34	16916	16941	0.94	26.9
Bacillus_GCA_002552335.1_spacer_5	virome_phage_2303	78.571	28	6	0	7	34	34878	34905	0.94	26.9
Bacillus_GCA_002552335.1_spacer_5	virome_phage_14	90.000	20	2	0	6	25	65023	65042	0.94	26.9
Bacillus_GCA_002552335.1_spacer_5	total_phage_9	78.571	28	6	0	7	34	25306	25333	0.94	26.9
Bacillus_GCA_002552335.1_spacer_5	total_phage_417	78.571	28	6	0	7	34	17642	17669	0.94	26.9
Bacillus_GCA_002552335.1_spacer_6	virome_phage_1	94.737	19	1	0	14	32	174780	174762	0.31	28.5
Bacillus_GCA_002552335.1_spacer_6	virome_phage_16	77.419	31	7	0	4	34	41535	41565	0.31	28.5
Bacillus_GCA_002552335.1_spacer_6	virome_phage_743	90.000	20	2	0	14	33	63014	62995	0.94	26.9
Bacillus_GCA_002552335.1_spacer_6	virome_phage_742	75.000	32	8	0	1	32	93860	93891	0.94	26.9
Bacillus_GCA_002552335.1_spacer_7	virome_phage_59	82.143	28	5	0	5	32	6238	6211	0.10	30.1
Bacillus_GCA_002552335.1_spacer_7	total_phage_725	86.957	23	3	0	1	23	24355	24377	0.31	28.5
Bacillus_GCA_002552335.1_spacer_7	total_phage_653	86.957	23	3	0	1	23	19362	19340	0.31	28.5
Bacillus_GCA_002552335.1_spacer_7	total_phage_483	86.957	23	3	0	1	23	11930	11952	0.31	28.5
Bacillus_GCA_002552335.1_spacer_7	virome_phage_766	94.444	18	1	0	1	18	43956	43939	0.94	26.9
Bacillus_GCA_002552335.1_spacer_7	virome_phage_4	73.529	34	9	0	1	34	82546	82579	0.94	26.9
Bacillus_GCA_002552335.1_spacer_7	virome_phage_2333	80.769	26	5	0	5	30	3863	3838	0.94	26.9
Bacillus_GCA_002552335.1_spacer_7	total_phage_99	76.667	30	7	0	2	31	15280	15251	0.94	26.9
Bacillus_GCA_002552335.1_spacer_7	total_phage_800	83.333	24	4	0	3	26	9969	9992	0.94	26.9
Bacillus_GCA_002552335.1_spacer_7	total_phage_479	83.333	24	4	0	9	32	42820	42797	0.94	26.9
Bacillus_GCA_002552335.1_spacer_7	total_phage_4	83.333	24	4	0	3	26	18895	18872	0.94	26.9
Bacillus_GCA_002552335.1_spacer_7	total_phage_368	83.333	24	4	0	3	26	19834	19857	0.94	26.9
Bacillus_GCA_002552335.1_spacer_7	total_phage_105	94.444	18	1	0	1	18	6101	6118	0.94	26.9
Bacillus_GCA_002552335.1_spacer_8	virome_phage_4	78.125	32	7	0	1	32	126793	126824	0.084	30.1
Bacillus_GCA_002552335.1_spacer_8	total_phage_929	82.143	28	5	0	2	29	6522	6549	0.084	30.1
Bacillus_GCA_002552335.1_spacer_8	virome_phage_738	78.125	32	7	0	1	32	115663	115632	0.084	30.1
Bacillus_GCA_002552335.1_spacer_8	virome_phage_848	79.310	29	6	0	1	29	20306	20278	0.25	28.5
Bacillus_GCA_002552335.1_spacer_8	virome_phage_834	81.481	27	5	0	2	28	34146	34120	0.25	28.5
Bacillus_GCA_002552335.1_spacer_8	virome_phage_752	75.758	33	8	0	1	33	19647	19615	0.25	28.5
Bacillus_GCA_002552335.1_spacer_8	virome_phage_734	84.000	25	4	0	4	28	244289	244265	0.25	28.5
Bacillus_GCA_002552335.1_spacer_8	virome_phage_734	76.667	30	7	0	1	30	125535	125564	0.76	26.9
Bacillus_GCA_002552335.1_spacer_8	virome_phage_2357	81.481	27	5	0	2	28	5767	5741	0.25	28.5
Bacillus_GCA_002552335.1_spacer_8	virome_phage_840	78.571	28	6	0	2	29	13726	13753	0.76	26.9
Bacillus_GCA_002552335.1_spacer_8	virome_phage_749	86.364	22	3	0	8	29	16615	16636	0.76	26.9
Bacillus_GCA_002552335.1_spacer_8	virome_phage_2294	90.000	20	2	0	5	24	38621	38640	0.76	26.9
Bacillus_GCA_002552335.1_spacer_8	virome_phage_145	86.364	22	3	0	5	26	2101	2122	0.76	26.9
Bacillus_GCA_002552335.1_spacer_8	total_phage_92	100.000	16	0	0	18	33	152198	152213	0.76	26.9
Bacillus_GCA_002552335.1_spacer_8	total_phage_807	100.000	16	0	0	15	30	1088	1103	0.76	26.9
Bacillus_GCA_002552335.1_spacer_8	total_phage_500	80.769	26	5	0	5	30	75118	75143	0.76	26.9
Bacillus_GCA_002552335.1_spacer_8	total_phage_416	86.364	22	3	0	12	33	23738	23759	0.76	26.9
Bacillus_GCA_002552335.1_spacer_8	total_phage_231	100.000	16	0	0	18	33	130555	130570	0.76	26.9
Bacillus_GCA_002552335.1_spacer_8	total_phage_11	86.364	22	3	0	12	33	24456	24477	0.76	26.9
Bacillus_GCA_002552335.1_spacer_8	virome_phage_92	90.000	20	2	0	5	24	32649	32630	0.76	26.9
Bacillus_GCA_002552335.1_spacer_8	virome_phage_8	83.333	24	4	0	5	28	107324	107301	0.76	26.9
Bacillus_GCA_002552335.1_spacer_8	virome_phage_771	80.769	26	5	0	1	26	24827	24802	0.76	26.9
Bacillus_GCA_002552335.1_spacer_8	virome_phage_2327	94.444	18	1	0	15	32	108	91	0.76	26.9
Bacillus_GCA_002552335.1_spacer_8	virome_phage_2260	94.444	18	1	0	2	19	6279	6262	0.76	26.9
Bacillus_GCA_002552335.1_spacer_8	virome_phage_2238	80.769	26	5	0	5	30	32839	32814	0.76	26.9
Bacillus_GCA_002552335.1_spacer_8	virome_phage_115	80.769	26	5	0	1	26	8531	8506	0.76	26.9
Bacillus_GCA_002552335.1_spacer_8	total_phage_734	76.667	30	7	0	4	33	17273	17244	0.76	26.9
Bacillus_GCA_002552335.1_spacer_8	total_phage_664	86.364	22	3	0	7	28	4924	4903	0.76	26.9
Bacillus_GCA_002552335.1_spacer_8	total_phage_232	76.667	30	7	0	1	30	29470	29441	0.76	26.9
Bacillus_GCA_002552335.1_spacer_9	virome_phage_142	73.529	34	9	0	1	34	3099	3132	0.94	26.9
Bacillus_GCA_002552335.1_spacer_10	virome_phage_2254	100.000	16	0	0	10	25	74200	74215	0.94	26.9
Bacillus_GCA_002552335.1_spacer_10	virome_phage_2238	100.000	16	0	0	10	25	55714	55729	0.94	26.9
Bacillus_GCA_002552335.1_spacer_10	virome_phage_1217	86.364	22	3	0	11	32	3870	3891	0.94	26.9
Bacillus_GCA_002552335.1_spacer_10	total_phage_500	100.000	16	0	0	10	25	52243	52228	0.94	26.9
Bacillus_GCA_002552335.1_spacer_11	virome_phage_752	78.125	32	7	0	1	32	22149	22180	0.10	30.1
Bacillus_GCA_002552335.1_spacer_11	total_phage_111	84.000	25	4	0	10	34	4699	4723	0.31	28.5
Bacillus_GCA_002552335.1_spacer_11	virome_phage_751	77.419	31	7	0	4	34	11228	11198	0.31	28.5
Bacillus_GCA_002552335.1_spacer_11	virome_phage_28	90.476	21	2	0	2	22	15764	15744	0.31	28.5
Bacillus_GCA_002552335.1_spacer_11	total_phage_92	75.758	33	8	0	2	34	113333	113301	0.31	28.5
Bacillus_GCA_002552335.1_spacer_11	total_phage_731	84.000	25	4	0	2	26	64777	64753	0.31	28.5
Bacillus_GCA_002552335.1_spacer_11	total_phage_636	79.310	29	6	0	4	32	19304	19276	0.31	28.5
Bacillus_GCA_002552335.1_spacer_11	total_phage_370	77.419	31	7	0	3	33	26599	26569	0.31	28.5
Bacillus_GCA_002552335.1_spacer_11	virome_phage_925	80.769	26	5	0	2	27	16841	16866	0.94	26.9
Bacillus_GCA_002552335.1_spacer_11	virome_phage_841	90.000	20	2	0	2	21	32590	32609	0.94	26.9
Bacillus_GCA_002552335.1_spacer_11	virome_phage_82	90.000	20	2	0	2	21	36405	36424	0.94	26.9
Bacillus_GCA_002552335.1_spacer_11	virome_phage_8	73.529	34	9	0	1	34	113647	113680	0.94	26.9
Bacillus_GCA_002552335.1_spacer_11	virome_phage_745	90.000	20	2	0	7	26	29781	29800	0.94	26.9
Bacillus_GCA_002552335.1_spacer_11	virome_phage_2368	80.769	26	5	0	3	28	3863	3888	0.94	26.9
Bacillus_GCA_002552335.1_spacer_11	virome_phage_2280	78.571	28	6	0	6	33	12519	12546	0.94	26.9
Bacillus_GCA_002552335.1_spacer_11	total_phage_737	80.769	26	5	0	2	27	896	921	0.94	26.9
Bacillus_GCA_002552335.1_spacer_11	total_phage_727	90.000	20	2	0	14	33	33575	33594	0.94	26.9
Bacillus_GCA_002552335.1_spacer_11	total_phage_518	90.000	20	2	0	14	33	45785	45804	0.94	26.9
Bacillus_GCA_002552335.1_spacer_11	virome_phage_9	90.000	20	2	0	15	34	4432	4413	0.94	26.9
Bacillus_GCA_002552335.1_spacer_11	virome_phage_778	80.769	26	5	0	2	27	42892	42867	0.94	26.9
Bacillus_GCA_002552335.1_spacer_11	virome_phage_759	90.000	20	2	0	2	21	47724	47705	0.94	26.9
Bacillus_GCA_002552335.1_spacer_11	virome_phage_738	86.364	22	3	0	4	25	92593	92572	0.94	26.9
Bacillus_GCA_002552335.1_spacer_11	virome_phage_4	80.769	26	5	0	2	27	2152	2127	0.94	26.9
Bacillus_GCA_002552335.1_spacer_11	virome_phage_2359	83.333	24	4	0	2	25	19010	18987	0.94	26.9
Bacillus_GCA_002552335.1_spacer_11	virome_phage_145	80.769	26	5	0	3	28	17089	17064	0.94	26.9
Bacillus_GCA_002552335.1_spacer_11	total_phage_745	80.769	26	5	0	1	26	5874	5849	0.94	26.9
Bacillus_GCA_002552335.1_spacer_11	total_phage_655	94.444	18	1	0	4	21	6774	6757	0.94	26.9
Bacillus_GCA_002552335.1_spacer_11	total_phage_296	80.769	26	5	0	1	26	7833	7808	0.94	26.9
Bacillus_GCA_002552335.1_spacer_11	total_phage_245	78.571	28	6	0	1	28	7483	7456	0.94	26.9
Bacillus_GCA_002552335.1_spacer_12	total_phage_231	82.759	29	5	0	6	34	41350	41378	0.035	31.7
Bacillus_GCA_002552335.1_spacer_12	virome_phage_734	88.000	25	3	0	10	34	31096	31072	0.035	31.7
Bacillus_GCA_002552335.1_spacer_12	virome_phage_866	90.476	21	2	0	8	28	23961	23981	0.31	28.5
Bacillus_GCA_002552335.1_spacer_12	virome_phage_7	100.000	17	0	0	12	28	117919	117935	0.31	28.5
Bacillus_GCA_002552335.1_spacer_12	virome_phage_7	94.444	18	1	0	6	23	4317	4300	0.94	26.9
Bacillus_GCA_002552335.1_spacer_12	virome_phage_25	86.957	23	3	0	9	31	16466	16444	0.31	28.5
Bacillus_GCA_002552335.1_spacer_12	virome_phage_993	94.444	18	1	0	15	32	15893	15910	0.94	26.9
Bacillus_GCA_002552335.1_spacer_12	virome_phage_743	83.333	24	4	0	11	34	44422	44445	0.94	26.9
Bacillus_GCA_002552335.1_spacer_12	virome_phage_127	83.333	24	4	0	6	29	7177	7200	0.94	26.9
Bacillus_GCA_002552335.1_spacer_12	total_phage_188	94.444	18	1	0	6	23	13209	13226	0.94	26.9
Bacillus_GCA_002552335.1_spacer_12	total_phage_18	78.571	28	6	0	5	32	16077	16104	0.94	26.9
Bacillus_GCA_002552335.1_spacer_12	total_phage_176	83.333	24	4	0	11	34	9768	9791	0.94	26.9
Bacillus_GCA_002552335.1_spacer_12	virome_phage_59	83.333	24	4	0	1	24	23681	23658	0.94	26.9
Bacillus_GCA_002552335.1_spacer_12	virome_phage_2368	86.364	22	3	0	6	27	21121	21100	0.94	26.9
Bacillus_GCA_002552335.1_spacer_12	total_phage_927	80.769	26	5	0	5	30	154129	154104	0.94	26.9
Bacillus_GCA_002552335.1_spacer_12	total_phage_453	78.571	28	6	0	7	34	19465	19438	0.94	26.9
Bacillus_GCA_002552335.1_spacer_12	total_phage_445	78.571	28	6	0	6	33	26541	26514	0.94	26.9
Bacillus_GCA_002552335.1_spacer_13	virome_phage_748	90.000	20	2	0	1	20	57289	57308	0.76	26.9
Bacillus_GCA_002552335.1_spacer_13	virome_phage_739	76.667	30	7	0	4	33	82816	82845	0.76	26.9
Bacillus_GCA_002552335.1_spacer_13	virome_phage_22	90.000	20	2	0	7	26	31655	31674	0.76	26.9
Bacillus_GCA_002552335.1_spacer_13	virome_phage_78	94.444	18	1	0	10	27	20834	20817	0.76	26.9
Bacillus_GCA_002552335.1_spacer_14	virome_phage_2368	90.909	22	2	0	1	22	17705	17726	0.13	30.1
Bacillus_GCA_002552335.1_spacer_14	virome_phage_145	90.909	22	2	0	1	22	3663	3642	0.13	30.1
Bacillus_GCA_002552335.1_spacer_14	virome_phage_734	84.000	25	4	0	1	25	187153	187177	0.38	28.5
Bacillus_GCA_002552335.1_spacer_14	virome_phage_747	84.000	25	4	0	4	28	25143	25119	0.38	28.5
Bacillus_GCA_002552335.1_spacer_14	virome_phage_2269	90.476	21	2	0	8	28	97234	97214	0.38	28.5
Bacillus_GCA_002552335.1_spacer_14	total_phage_524	84.000	25	4	0	1	25	37494	37470	0.38	28.5
Bacillus_GCA_002552335.1_spacer_15	total_phage_793	81.481	27	5	0	1	27	27610	27636	0.31	28.5
Bacillus_GCA_002552335.1_spacer_15	total_phage_363	81.481	27	5	0	1	27	19090	19116	0.31	28.5
Bacillus_GCA_002552335.1_spacer_15	total_phage_175	81.481	27	5	0	1	27	17320	17294	0.31	28.5
Bacillus_GCA_002552335.1_spacer_15	virome_phage_901	100.000	16	0	0	3	18	21652	21637	0.94	26.9
Bacillus_GCA_002552335.1_spacer_15	virome_phage_116	80.769	26	5	0	8	33	7199	7174	0.94	26.9
Bacillus_GCA_002552335.1_spacer_15	total_phage_9	80.769	26	5	0	1	26	26944	26919	0.94	26.9
Bacillus_GCA_002552335.1_spacer_16	total_phage_663	86.957	23	3	0	8	30	29811	29833	0.25	28.5
Bacillus_GCA_002552335.1_spacer_16	total_phage_637	86.957	23	3	0	8	30	26545	26567	0.25	28.5
Bacillus_GCA_002552335.1_spacer_16	virome_phage_742	90.000	20	2	0	13	32	82038	82019	0.76	26.9
Bacillus_GCA_002552335.1_spacer_16	virome_phage_2	90.000	20	2	0	11	30	80742	80723	0.76	26.9
Bacillus_GCA_002552335.1_spacer_18	total_phage_231	80.769	26	5	0	1	26	95575	95550	0.76	26.9
Bacillus_GCA_002552335.1_spacer_18	virome_phage_744	83.333	24	4	0	8	31	52565	52588	0.76	26.9
Bacillus_GCA_002552335.1_spacer_18	total_phage_445	83.333	24	4	0	9	32	27782	27805	0.76	26.9
Bacillus_GCA_002552335.1_spacer_20	virome_phage_955	79.310	29	6	0	1	29	3796	3824	0.25	28.5
Bacillus_GCA_002552335.1_spacer_20	virome_phage_834	94.444	18	1	0	14	31	2500	2483	0.76	26.9
Bacillus_GCA_002552335.1_spacer_20	virome_phage_798	83.333	24	4	0	9	32	5058	5035	0.76	26.9
Bacillus_GCA_002552335.1_spacer_20	virome_phage_743	86.364	22	3	0	12	33	36529	36550	0.76	26.9
Bacillus_GCA_002552335.1_spacer_20	virome_phage_69	83.333	24	4	0	1	24	875	852	0.76	26.9
Bacillus_GCA_002552335.1_spacer_20	virome_phage_2238	83.333	24	4	0	1	24	63776	63753	0.76	26.9
Bacillus_GCA_002552335.1_spacer_20	total_phage_795	83.333	24	4	0	9	32	34627	34604	0.76	26.9
Bacillus_GCA_002552335.1_spacer_20	total_phage_500	83.333	24	4	0	1	24	44181	44204	0.76	26.9
Bacillus_GCA_002552335.1_spacer_20	total_phage_113	83.333	24	4	0	9	32	39615	39592	0.76	26.9
