Bacillus_GCF_022662635.1_spacer_0	virome_phage_789	79.310	29	6	0	2	30	25342	25370	0.38	28.5
Bacillus_GCF_022662635.1_spacer_1	virome_phage_768	84.615	26	4	0	11	36	15274	15299	0.13	30.1
Bacillus_GCF_022662635.1_spacer_3	virome_phage_15	84.000	25	4	0	2	26	60960	60984	0.38	28.5
Bacillus_GCF_022662635.1_spacer_4	virome_phage_47	95.000	20	1	0	2	21	34500	34481	0.13	30.1
Bacillus_GCF_022662635.1_spacer_4	total_phage_803	79.310	29	6	0	1	29	29525	29553	0.38	28.5
Bacillus_GCF_022662635.1_spacer_4	total_phage_800	100.000	17	0	0	1	17	30278	30262	0.38	28.5
Bacillus_GCF_022662635.1_spacer_5	virome_phage_932	72.973	37	10	0	1	37	12849	12813	0.44	28.5
Bacillus_GCF_022662635.1_spacer_5	virome_phage_2272	90.476	21	2	0	5	25	459	479	0.44	28.5
Bacillus_GCF_022662635.1_spacer_6	virome_phage_783	84.000	25	4	0	1	25	35701	35677	0.38	28.5
Bacillus_GCF_022662635.1_spacer_7	virome_phage_2290	81.250	32	6	0	2	33	33689	33658	0.014	33.3
Bacillus_GCF_022662635.1_spacer_7	virome_phage_823	95.000	20	1	0	4	23	35450	35431	0.13	30.1
Bacillus_GCF_022662635.1_spacer_7	virome_phage_745	94.737	19	1	0	5	23	27316	27298	0.38	28.5
Bacillus_GCF_022662635.1_spacer_7	virome_phage_219	86.957	23	3	0	7	29	12938	12916	0.38	28.5
Bacillus_GCF_022662635.1_spacer_7	virome_phage_843	90.476	21	2	0	5	25	1625	1645	0.38	28.5
Bacillus_GCF_022662635.1_spacer_7	virome_phage_770	94.737	19	1	0	3	21	26901	26919	0.38	28.5
Bacillus_GCF_022662635.1_spacer_7	total_phage_172	84.000	25	4	0	4	28	20252	20276	0.38	28.5
Bacillus_GCF_022662635.1_spacer_9	virome_phage_865	88.000	25	3	0	5	29	26454	26478	0.049	31.7
Bacillus_GCF_022662635.1_spacer_9	virome_phage_69	80.645	31	6	0	3	33	14624	14594	0.049	31.7
Bacillus_GCF_022662635.1_spacer_9	virome_phage_2407	85.185	27	4	0	5	31	8645	8619	0.049	31.7
Bacillus_GCF_022662635.1_spacer_9	virome_phage_2281	95.000	20	1	0	2	21	51512	51493	0.15	30.1
Bacillus_GCF_022662635.1_spacer_9	total_phage_413	87.500	24	3	0	3	26	20066	20089	0.15	30.1
Bacillus_GCF_022662635.1_spacer_9	virome_phage_734	100.000	17	0	0	16	32	110561	110577	0.44	28.5
Bacillus_GCF_022662635.1_spacer_9	virome_phage_47	79.310	29	6	0	1	29	34619	34647	0.44	28.5
Bacillus_GCF_022662635.1_spacer_9	virome_phage_318	81.481	27	5	0	5	31	1121	1095	0.44	28.5
Bacillus_GCF_022662635.1_spacer_9	virome_phage_2411	81.481	27	5	0	9	35	4268	4294	0.44	28.5
Bacillus_GCF_022662635.1_spacer_9	virome_phage_2310	77.419	31	7	0	6	36	16684	16714	0.44	28.5
Bacillus_GCF_022662635.1_spacer_9	virome_phage_2270	79.310	29	6	0	9	37	138096	138124	0.44	28.5
Bacillus_GCF_022662635.1_spacer_9	virome_phage_176	81.481	27	5	0	9	35	4169	4195	0.44	28.5
Bacillus_GCF_022662635.1_spacer_9	total_phage_92	86.957	23	3	0	4	26	25135	25113	0.44	28.5
Bacillus_GCF_022662635.1_spacer_9	total_phage_800	86.957	23	3	0	9	31	13173	13195	0.44	28.5
Bacillus_GCF_022662635.1_spacer_9	total_phage_739	86.957	23	3	0	9	31	20611	20589	0.44	28.5
Bacillus_GCF_022662635.1_spacer_9	total_phage_735	77.419	31	7	0	6	36	25798	25768	0.44	28.5
Bacillus_GCF_022662635.1_spacer_9	total_phage_729	84.000	25	4	0	8	32	128127	128103	0.44	28.5
Bacillus_GCF_022662635.1_spacer_9	total_phage_636	90.476	21	2	0	9	29	33508	33528	0.44	28.5
Bacillus_GCF_022662635.1_spacer_9	total_phage_415	86.957	23	3	0	9	31	19696	19674	0.44	28.5
Bacillus_GCF_022662635.1_spacer_9	total_phage_4	86.957	23	3	0	9	31	15692	15670	0.44	28.5
Bacillus_GCF_022662635.1_spacer_9	total_phage_368	86.957	23	3	0	9	31	23038	23060	0.44	28.5
Bacillus_GCF_022662635.1_spacer_9	total_phage_231	86.957	23	3	0	4	26	8227	8205	0.44	28.5
Bacillus_GCF_022662635.1_spacer_11	virome_phage_739	90.476	21	2	0	2	22	98269	98289	0.50	28.5
