Bacillus_GCF_002552635.1_spacer_0	virome_phage_841	88.000	25	3	0	9	33	30127	30103	0.042	31.7
Bacillus_GCF_002552635.1_spacer_0	virome_phage_841	87.500	24	3	0	9	32	32829	32806	0.13	30.1
Bacillus_GCF_002552635.1_spacer_0	virome_phage_778	80.645	31	6	0	4	34	29281	29311	0.042	31.7
Bacillus_GCF_002552635.1_spacer_0	virome_phage_745	94.737	19	1	0	3	21	292	274	0.38	28.5
Bacillus_GCF_002552635.1_spacer_0	virome_phage_5	75.758	33	8	0	3	35	121690	121722	0.38	28.5
Bacillus_GCF_002552635.1_spacer_0	virome_phage_2297	77.419	31	7	0	5	35	21512	21482	0.38	28.5
Bacillus_GCF_002552635.1_spacer_0	virome_phage_2292	77.419	31	7	0	3	33	664	634	0.38	28.5
Bacillus_GCF_002552635.1_spacer_0	virome_phage_2269	86.957	23	3	0	10	32	123734	123756	0.38	28.5
Bacillus_GCF_002552635.1_spacer_1	virome_phage_32	94.444	18	1	0	12	29	28441	28458	0.94	26.9
Bacillus_GCF_002552635.1_spacer_2	virome_phage_828	100.000	17	0	0	17	33	11260	11244	0.25	28.5
Bacillus_GCF_002552635.1_spacer_2	virome_phage_778	100.000	17	0	0	17	33	37487	37471	0.25	28.5
Bacillus_GCF_002552635.1_spacer_2	virome_phage_843	86.364	22	3	0	2	23	5394	5373	0.76	26.9
Bacillus_GCF_002552635.1_spacer_2	virome_phage_2	80.769	26	5	0	6	31	155621	155596	0.76	26.9
Bacillus_GCF_002552635.1_spacer_2	total_phage_697	76.667	30	7	0	1	30	28227	28256	0.76	26.9
Bacillus_GCF_002552635.1_spacer_3	virome_phage_894	82.759	29	5	0	6	34	22267	22295	0.035	31.7
Bacillus_GCF_002552635.1_spacer_3	virome_phage_791	84.000	25	4	0	6	30	41284	41308	0.31	28.5
Bacillus_GCF_002552635.1_spacer_3	virome_phage_440	94.737	19	1	0	3	21	1406	1388	0.31	28.5
Bacillus_GCF_002552635.1_spacer_3	virome_phage_2305	83.333	24	4	0	6	29	14124	14147	0.94	26.9
Bacillus_GCF_002552635.1_spacer_3	virome_phage_7	75.000	32	8	0	3	34	49871	49840	0.94	26.9
Bacillus_GCF_002552635.1_spacer_3	virome_phage_2270	90.000	20	2	0	5	24	20062	20043	0.94	26.9
Bacillus_GCF_002552635.1_spacer_3	virome_phage_104	83.333	24	4	0	8	31	6837	6814	0.94	26.9
Bacillus_GCF_002552635.1_spacer_4	virome_phage_742	82.143	28	5	0	5	32	91426	91453	0.10	30.1
Bacillus_GCF_002552635.1_spacer_4	virome_phage_840	87.500	24	3	0	3	26	19019	18996	0.10	30.1
Bacillus_GCF_002552635.1_spacer_4	virome_phage_17	90.909	22	2	0	13	34	13604	13583	0.10	30.1
Bacillus_GCF_002552635.1_spacer_4	virome_phage_2275	94.737	19	1	0	4	22	49220	49238	0.31	28.5
Bacillus_GCF_002552635.1_spacer_4	virome_phage_891	83.333	24	4	0	6	29	12473	12496	0.94	26.9
Bacillus_GCF_002552635.1_spacer_4	total_phage_730	86.364	22	3	0	13	34	121717	121738	0.94	26.9
Bacillus_GCF_002552635.1_spacer_4	virome_phage_734	76.667	30	7	0	4	33	179502	179473	0.94	26.9
Bacillus_GCF_002552635.1_spacer_4	virome_phage_734	83.333	24	4	0	7	30	284271	284248	0.94	26.9
Bacillus_GCF_002552635.1_spacer_4	virome_phage_10	86.364	22	3	0	13	34	65011	64990	0.94	26.9
Bacillus_GCF_002552635.1_spacer_4	total_phage_189	83.333	24	4	0	6	29	11279	11256	0.94	26.9
Bacillus_GCF_002552635.1_spacer_4	total_phage_106	76.667	30	7	0	3	32	11552	11523	0.94	26.9
Bacillus_GCF_002552635.1_spacer_5	virome_phage_2298	95.000	20	1	0	1	20	38786	38805	0.084	30.1
Bacillus_GCF_002552635.1_spacer_5	virome_phage_88	90.476	21	2	0	13	33	17377	17397	0.25	28.5
Bacillus_GCF_002552635.1_spacer_5	virome_phage_800	90.476	21	2	0	13	33	16454	16474	0.25	28.5
Bacillus_GCF_002552635.1_spacer_5	total_phage_734	90.000	20	2	0	1	20	27706	27725	0.76	26.9
Bacillus_GCF_002552635.1_spacer_5	virome_phage_819	86.364	22	3	0	12	33	18503	18482	0.76	26.9
Bacillus_GCF_002552635.1_spacer_5	virome_phage_5	83.333	24	4	0	6	29	66800	66777	0.76	26.9
Bacillus_GCF_002552635.1_spacer_6	virome_phage_75	90.476	21	2	0	15	35	13881	13861	0.38	28.5
Bacillus_GCF_002552635.1_spacer_7	total_phage_92	77.419	31	7	0	3	33	12769	12799	0.31	28.5
Bacillus_GCF_002552635.1_spacer_9	total_phage_734	79.310	29	6	0	2	30	2856	2884	0.38	28.5
Bacillus_GCF_002552635.1_spacer_10	virome_phage_861	81.481	27	5	0	2	28	32662	32636	0.38	28.5
Bacillus_GCF_002552635.1_spacer_10	virome_phage_739	86.957	23	3	0	5	27	26182	26160	0.38	28.5
Bacillus_GCF_002552635.1_spacer_10	total_phage_293	81.481	27	5	0	4	30	26479	26453	0.38	28.5
Bacillus_GCF_002552635.1_spacer_11	virome_phage_1	94.737	19	1	0	14	32	174780	174762	0.31	28.5
Bacillus_GCF_002552635.1_spacer_11	virome_phage_16	77.419	31	7	0	4	34	41535	41565	0.31	28.5
Bacillus_GCF_002552635.1_spacer_11	virome_phage_743	90.000	20	2	0	14	33	63014	62995	0.94	26.9
Bacillus_GCF_002552635.1_spacer_11	virome_phage_742	75.000	32	8	0	1	32	93860	93891	0.94	26.9
Bacillus_GCF_002552635.1_spacer_12	virome_phage_59	82.143	28	5	0	5	32	6238	6211	0.10	30.1
Bacillus_GCF_002552635.1_spacer_12	total_phage_725	86.957	23	3	0	1	23	24355	24377	0.31	28.5
Bacillus_GCF_002552635.1_spacer_12	total_phage_653	86.957	23	3	0	1	23	19362	19340	0.31	28.5
Bacillus_GCF_002552635.1_spacer_12	total_phage_483	86.957	23	3	0	1	23	11930	11952	0.31	28.5
Bacillus_GCF_002552635.1_spacer_12	virome_phage_766	94.444	18	1	0	1	18	43956	43939	0.94	26.9
Bacillus_GCF_002552635.1_spacer_12	virome_phage_4	73.529	34	9	0	1	34	82546	82579	0.94	26.9
Bacillus_GCF_002552635.1_spacer_12	virome_phage_2333	80.769	26	5	0	5	30	3863	3838	0.94	26.9
Bacillus_GCF_002552635.1_spacer_12	total_phage_99	76.667	30	7	0	2	31	15280	15251	0.94	26.9
Bacillus_GCF_002552635.1_spacer_12	total_phage_800	83.333	24	4	0	3	26	9969	9992	0.94	26.9
Bacillus_GCF_002552635.1_spacer_12	total_phage_479	83.333	24	4	0	9	32	42820	42797	0.94	26.9
Bacillus_GCF_002552635.1_spacer_12	total_phage_4	83.333	24	4	0	3	26	18895	18872	0.94	26.9
Bacillus_GCF_002552635.1_spacer_12	total_phage_368	83.333	24	4	0	3	26	19834	19857	0.94	26.9
Bacillus_GCF_002552635.1_spacer_12	total_phage_105	94.444	18	1	0	1	18	6101	6118	0.94	26.9
Bacillus_GCF_002552635.1_spacer_13	virome_phage_4	78.125	32	7	0	1	32	126793	126824	0.084	30.1
Bacillus_GCF_002552635.1_spacer_13	total_phage_929	82.143	28	5	0	2	29	6522	6549	0.084	30.1
Bacillus_GCF_002552635.1_spacer_13	virome_phage_738	78.125	32	7	0	1	32	115663	115632	0.084	30.1
Bacillus_GCF_002552635.1_spacer_13	virome_phage_848	79.310	29	6	0	1	29	20306	20278	0.25	28.5
Bacillus_GCF_002552635.1_spacer_13	virome_phage_834	81.481	27	5	0	2	28	34146	34120	0.25	28.5
Bacillus_GCF_002552635.1_spacer_13	virome_phage_752	75.758	33	8	0	1	33	19647	19615	0.25	28.5
Bacillus_GCF_002552635.1_spacer_13	virome_phage_734	84.000	25	4	0	4	28	244289	244265	0.25	28.5
Bacillus_GCF_002552635.1_spacer_13	virome_phage_734	76.667	30	7	0	1	30	125535	125564	0.76	26.9
Bacillus_GCF_002552635.1_spacer_13	virome_phage_2357	81.481	27	5	0	2	28	5767	5741	0.25	28.5
Bacillus_GCF_002552635.1_spacer_13	virome_phage_840	78.571	28	6	0	2	29	13726	13753	0.76	26.9
Bacillus_GCF_002552635.1_spacer_13	virome_phage_749	86.364	22	3	0	8	29	16615	16636	0.76	26.9
Bacillus_GCF_002552635.1_spacer_13	virome_phage_2294	90.000	20	2	0	5	24	38621	38640	0.76	26.9
Bacillus_GCF_002552635.1_spacer_13	virome_phage_145	86.364	22	3	0	5	26	2101	2122	0.76	26.9
Bacillus_GCF_002552635.1_spacer_13	total_phage_92	100.000	16	0	0	18	33	152198	152213	0.76	26.9
Bacillus_GCF_002552635.1_spacer_13	total_phage_807	100.000	16	0	0	15	30	1088	1103	0.76	26.9
Bacillus_GCF_002552635.1_spacer_13	total_phage_500	80.769	26	5	0	5	30	75118	75143	0.76	26.9
Bacillus_GCF_002552635.1_spacer_13	total_phage_416	86.364	22	3	0	12	33	23738	23759	0.76	26.9
Bacillus_GCF_002552635.1_spacer_13	total_phage_231	100.000	16	0	0	18	33	130555	130570	0.76	26.9
Bacillus_GCF_002552635.1_spacer_13	total_phage_11	86.364	22	3	0	12	33	24456	24477	0.76	26.9
Bacillus_GCF_002552635.1_spacer_13	virome_phage_92	90.000	20	2	0	5	24	32649	32630	0.76	26.9
Bacillus_GCF_002552635.1_spacer_13	virome_phage_8	83.333	24	4	0	5	28	107324	107301	0.76	26.9
Bacillus_GCF_002552635.1_spacer_13	virome_phage_771	80.769	26	5	0	1	26	24827	24802	0.76	26.9
Bacillus_GCF_002552635.1_spacer_13	virome_phage_2327	94.444	18	1	0	15	32	108	91	0.76	26.9
Bacillus_GCF_002552635.1_spacer_13	virome_phage_2260	94.444	18	1	0	2	19	6279	6262	0.76	26.9
Bacillus_GCF_002552635.1_spacer_13	virome_phage_2238	80.769	26	5	0	5	30	32839	32814	0.76	26.9
Bacillus_GCF_002552635.1_spacer_13	virome_phage_115	80.769	26	5	0	1	26	8531	8506	0.76	26.9
Bacillus_GCF_002552635.1_spacer_13	total_phage_734	76.667	30	7	0	4	33	17273	17244	0.76	26.9
Bacillus_GCF_002552635.1_spacer_13	total_phage_664	86.364	22	3	0	7	28	4924	4903	0.76	26.9
Bacillus_GCF_002552635.1_spacer_13	total_phage_232	76.667	30	7	0	1	30	29470	29441	0.76	26.9
Bacillus_GCF_002552635.1_spacer_14	virome_phage_142	73.529	34	9	0	1	34	3099	3132	0.94	26.9
