Bacillus_GCF_019036945.1_spacer_0	virome_phage_744	95.000	20	1	0	16	35	6650	6631	0.13	30.1
Bacillus_GCF_019036945.1_spacer_0	total_phage_414	84.615	26	4	0	4	29	41552	41527	0.13	30.1
Bacillus_GCF_019036945.1_spacer_0	virome_phage_2314	95.000	20	1	0	16	35	6365	6384	0.13	30.1
Bacillus_GCF_019036945.1_spacer_0	virome_phage_734	86.957	23	3	0	10	32	90603	90581	0.38	28.5
Bacillus_GCF_019036945.1_spacer_0	virome_phage_734	86.957	23	3	0	2	24	91391	91413	0.38	28.5
Bacillus_GCF_019036945.1_spacer_0	virome_phage_70	81.481	27	5	0	5	31	3083	3057	0.38	28.5
Bacillus_GCF_019036945.1_spacer_0	virome_phage_2269	81.481	27	5	0	1	27	230170	230144	0.38	28.5
Bacillus_GCF_019036945.1_spacer_0	virome_phage_11	79.310	29	6	0	6	34	42425	42397	0.38	28.5
Bacillus_GCF_019036945.1_spacer_0	total_phage_363	86.957	23	3	0	13	35	1231	1209	0.38	28.5
Bacillus_GCF_019036945.1_spacer_0	total_phage_363	84.000	25	4	0	8	32	15147	15171	0.38	28.5
Bacillus_GCF_019036945.1_spacer_0	total_phage_232	94.737	19	1	0	6	24	27269	27251	0.38	28.5
Bacillus_GCF_019036945.1_spacer_0	total_phage_106	86.957	23	3	0	11	33	23730	23708	0.38	28.5
Bacillus_GCF_019036945.1_spacer_0	virome_phage_932	84.000	25	4	0	11	35	16711	16735	0.38	28.5
Bacillus_GCF_019036945.1_spacer_0	virome_phage_7	77.419	31	7	0	2	32	25831	25861	0.38	28.5
Bacillus_GCF_019036945.1_spacer_0	virome_phage_2	77.419	31	7	0	5	35	163122	163152	0.38	28.5
Bacillus_GCF_019036945.1_spacer_0	total_phage_92	90.476	21	2	0	12	32	127688	127708	0.38	28.5
Bacillus_GCF_019036945.1_spacer_1	virome_phage_1236	86.364	22	3	0	10	31	3369	3390	0.94	26.9
Bacillus_GCF_019036945.1_spacer_2	virome_phage_816	83.333	24	4	0	7	30	21861	21838	0.76	26.9
Bacillus_GCF_019036945.1_spacer_3	total_phage_694	84.615	26	4	0	10	35	5482	5457	0.13	30.1
Bacillus_GCF_019036945.1_spacer_3	total_phage_639	84.615	26	4	0	5	30	10280	10255	0.13	30.1
Bacillus_GCF_019036945.1_spacer_3	total_phage_666	84.615	26	4	0	5	30	13741	13766	0.13	30.1
Bacillus_GCF_019036945.1_spacer_3	virome_phage_768	90.476	21	2	0	1	21	21785	21805	0.38	28.5
Bacillus_GCF_019036945.1_spacer_4	virome_phage_856	76.667	30	7	0	4	33	16192	16163	0.76	26.9
Bacillus_GCF_019036945.1_spacer_4	virome_phage_79	86.364	22	3	0	11	32	15076	15055	0.76	26.9
Bacillus_GCF_019036945.1_spacer_4	virome_phage_7	83.333	24	4	0	10	33	24306	24283	0.76	26.9
Bacillus_GCF_019036945.1_spacer_4	total_phage_692	94.444	18	1	0	14	31	32958	32941	0.76	26.9
Bacillus_GCF_019036945.1_spacer_4	total_phage_518	90.000	20	2	0	14	33	609	590	0.76	26.9
Bacillus_GCF_019036945.1_spacer_4	total_phage_231	80.769	26	5	0	7	32	64366	64341	0.76	26.9
Bacillus_GCF_019036945.1_spacer_4	total_phage_231	80.769	26	5	0	7	32	103701	103726	0.76	26.9
Bacillus_GCF_019036945.1_spacer_4	virome_phage_734	86.364	22	3	0	7	28	97955	97976	0.76	26.9
Bacillus_GCF_019036945.1_spacer_4	virome_phage_2288	86.364	22	3	0	11	32	17101	17122	0.76	26.9
Bacillus_GCF_019036945.1_spacer_4	virome_phage_2275	86.364	22	3	0	8	29	23098	23119	0.76	26.9
Bacillus_GCF_019036945.1_spacer_4	total_phage_934	90.000	20	2	0	10	29	7140	7159	0.76	26.9
Bacillus_GCF_019036945.1_spacer_4	total_phage_658	94.444	18	1	0	14	31	12944	12961	0.76	26.9
Bacillus_GCF_019036945.1_spacer_5	virome_phage_1	94.737	19	1	0	16	34	177507	177489	0.31	28.5
Bacillus_GCF_019036945.1_spacer_5	virome_phage_795	83.333	24	4	0	1	24	30138	30161	0.94	26.9
Bacillus_GCF_019036945.1_spacer_5	virome_phage_739	83.333	24	4	0	3	26	57951	57928	0.94	26.9
Bacillus_GCF_019036945.1_spacer_5	virome_phage_14	94.444	18	1	0	1	18	11151	11134	0.94	26.9
Bacillus_GCF_019036945.1_spacer_5	virome_phage_10	78.571	28	6	0	1	28	36770	36743	0.94	26.9
Bacillus_GCF_019036945.1_spacer_5	total_phage_364	86.364	22	3	0	5	26	6447	6468	0.94	26.9
Bacillus_GCF_019036945.1_spacer_5	total_phage_237	86.364	22	3	0	1	22	726	705	0.94	26.9
Bacillus_GCF_019036945.1_spacer_6	virome_phage_2275	95.000	20	1	0	1	20	23764	23745	0.084	30.1
Bacillus_GCF_019036945.1_spacer_6	total_phage_92	90.476	21	2	0	2	22	133823	133843	0.25	28.5
Bacillus_GCF_019036945.1_spacer_6	total_phage_92	100.000	16	0	0	14	29	145331	145346	0.76	26.9
Bacillus_GCF_019036945.1_spacer_6	total_phage_92	94.444	18	1	0	4	21	106954	106937	0.76	26.9
Bacillus_GCF_019036945.1_spacer_6	total_phage_231	90.476	21	2	0	10	30	42803	42823	0.25	28.5
Bacillus_GCF_019036945.1_spacer_6	virome_phage_2254	81.481	27	5	0	5	31	13696	13670	0.25	28.5
Bacillus_GCF_019036945.1_spacer_6	virome_phage_859	80.769	26	5	0	6	31	19443	19468	0.76	26.9
Bacillus_GCF_019036945.1_spacer_6	virome_phage_857	83.333	24	4	0	2	25	21911	21934	0.76	26.9
Bacillus_GCF_019036945.1_spacer_6	virome_phage_2260	94.444	18	1	0	5	22	10018	10035	0.76	26.9
Bacillus_GCF_019036945.1_spacer_6	total_phage_730	80.769	26	5	0	6	31	112195	112220	0.76	26.9
Bacillus_GCF_019036945.1_spacer_6	total_phage_604	80.769	26	5	0	2	27	26874	26899	0.76	26.9
Bacillus_GCF_019036945.1_spacer_6	total_phage_525	80.769	26	5	0	2	27	16181	16206	0.76	26.9
Bacillus_GCF_019036945.1_spacer_6	total_phage_413	83.333	24	4	0	6	29	15499	15522	0.76	26.9
Bacillus_GCF_019036945.1_spacer_6	virome_phage_734	75.000	32	8	0	2	33	92388	92357	0.76	26.9
Bacillus_GCF_019036945.1_spacer_6	virome_phage_2380	90.000	20	2	0	6	25	17444	17425	0.76	26.9
Bacillus_GCF_019036945.1_spacer_6	total_phage_524	90.000	20	2	0	5	24	6314	6295	0.76	26.9
Bacillus_GCF_019036945.1_spacer_7	virome_phage_738	78.125	32	7	0	4	35	137041	137010	0.13	30.1
Bacillus_GCF_019036945.1_spacer_7	total_phage_92	74.286	35	9	0	1	35	43547	43581	0.38	28.5
Bacillus_GCF_019036945.1_spacer_8	virome_phage_857	82.143	28	5	0	6	33	1874	1847	0.10	30.1
Bacillus_GCF_019036945.1_spacer_8	virome_phage_745	86.957	23	3	0	2	24	45975	45953	0.31	28.5
Bacillus_GCF_019036945.1_spacer_8	virome_phage_1061	90.000	20	2	0	3	22	116	135	0.94	26.9
Bacillus_GCF_019036945.1_spacer_8	total_phage_930	80.769	26	5	0	4	29	3203	3228	0.94	26.9
Bacillus_GCF_019036945.1_spacer_8	total_phage_927	100.000	16	0	0	3	18	128470	128455	0.94	26.9
Bacillus_GCF_019036945.1_spacer_9	virome_phage_773	84.615	26	4	0	8	33	40792	40767	0.10	30.1
Bacillus_GCF_019036945.1_spacer_9	virome_phage_735	86.957	23	3	0	12	34	54581	54603	0.31	28.5
Bacillus_GCF_019036945.1_spacer_9	virome_phage_2235	80.769	26	5	0	9	34	822	847	0.94	26.9
Bacillus_GCF_019036945.1_spacer_10	virome_phage_744	86.957	23	3	0	7	29	76213	76235	0.63	28.5
Bacillus_GCF_019036945.1_spacer_10	virome_phage_2269	84.000	25	4	0	13	37	307417	307393	0.63	28.5
Bacillus_GCF_019036945.1_spacer_10	total_phage_0	77.419	31	7	0	4	34	36423	36393	0.63	28.5
Bacillus_GCF_019036945.1_spacer_11	virome_phage_773	94.737	19	1	0	3	21	11952	11934	0.25	28.5
Bacillus_GCF_019036945.1_spacer_11	virome_phage_736	90.476	21	2	0	5	25	176464	176444	0.25	28.5
Bacillus_GCF_019036945.1_spacer_11	virome_phage_736	80.769	26	5	0	1	26	129472	129447	0.76	26.9
Bacillus_GCF_019036945.1_spacer_11	virome_phage_142	84.000	25	4	0	1	25	15753	15729	0.25	28.5
Bacillus_GCF_019036945.1_spacer_11	virome_phage_17	94.737	19	1	0	10	28	30505	30523	0.25	28.5
Bacillus_GCF_019036945.1_spacer_11	virome_phage_17	78.571	28	6	0	6	33	17488	17461	0.76	26.9
Bacillus_GCF_019036945.1_spacer_11	total_phage_729	94.737	19	1	0	9	27	82337	82355	0.25	28.5
Bacillus_GCF_019036945.1_spacer_11	virome_phage_899	86.364	22	3	0	10	31	18261	18240	0.76	26.9
Bacillus_GCF_019036945.1_spacer_11	virome_phage_864	76.667	30	7	0	4	33	7945	7916	0.76	26.9
Bacillus_GCF_019036945.1_spacer_11	virome_phage_2260	94.444	18	1	0	1	18	251	234	0.76	26.9
Bacillus_GCF_019036945.1_spacer_11	virome_phage_10	80.769	26	5	0	5	30	94783	94758	0.76	26.9
Bacillus_GCF_019036945.1_spacer_11	total_phage_500	90.000	20	2	0	1	20	80532	80513	0.76	26.9
Bacillus_GCF_019036945.1_spacer_11	virome_phage_807	83.333	24	4	0	10	33	22331	22354	0.76	26.9
Bacillus_GCF_019036945.1_spacer_11	virome_phage_742	75.000	32	8	0	1	32	77268	77299	0.76	26.9
Bacillus_GCF_019036945.1_spacer_11	virome_phage_738	86.364	22	3	0	9	30	123270	123291	0.76	26.9
Bacillus_GCF_019036945.1_spacer_11	virome_phage_2288	75.000	32	8	0	1	32	36301	36332	0.76	26.9
Bacillus_GCF_019036945.1_spacer_11	virome_phage_2254	90.000	20	2	0	1	20	45911	45930	0.76	26.9
Bacillus_GCF_019036945.1_spacer_11	virome_phage_2238	90.000	20	2	0	1	20	27425	27444	0.76	26.9
Bacillus_GCF_019036945.1_spacer_11	virome_phage_14	76.667	30	7	0	1	30	76539	76568	0.76	26.9
Bacillus_GCF_019036945.1_spacer_11	virome_phage_1	76.667	30	7	0	1	30	101494	101523	0.76	26.9
Bacillus_GCF_019036945.1_spacer_11	total_phage_730	80.769	26	5	0	5	30	91925	91950	0.76	26.9
Bacillus_GCF_019036945.1_spacer_11	total_phage_305	83.333	24	4	0	10	33	5007	5030	0.76	26.9
Bacillus_GCF_019036945.1_spacer_12	virome_phage_2323	90.909	22	2	0	10	31	33841	33820	0.10	30.1
Bacillus_GCF_019036945.1_spacer_12	total_phage_370	94.444	18	1	0	8	25	17397	17380	0.94	26.9
Bacillus_GCF_019036945.1_spacer_13	virome_phage_34	79.310	29	6	0	1	29	12121	12093	0.31	28.5
Bacillus_GCF_019036945.1_spacer_14	virome_phage_856	86.364	22	3	0	1	22	9135	9156	0.94	26.9
Bacillus_GCF_019036945.1_spacer_14	virome_phage_8	86.364	22	3	0	12	33	66474	66495	0.94	26.9
Bacillus_GCF_019036945.1_spacer_14	total_phage_92	100.000	16	0	0	3	18	27152	27137	0.94	26.9
Bacillus_GCF_019036945.1_spacer_15	total_phage_247	91.667	24	2	0	11	34	1017	994	0.012	33.3
Bacillus_GCF_019036945.1_spacer_15	virome_phage_912	100.000	19	0	0	12	30	18272	18290	0.035	31.7
Bacillus_GCF_019036945.1_spacer_15	virome_phage_8	91.304	23	2	0	6	28	109739	109761	0.035	31.7
Bacillus_GCF_019036945.1_spacer_15	virome_phage_8	80.769	26	5	0	6	31	109886	109911	0.94	26.9
Bacillus_GCF_019036945.1_spacer_15	virome_phage_8	94.444	18	1	0	17	34	70667	70650	0.94	26.9
Bacillus_GCF_019036945.1_spacer_15	virome_phage_2304	100.000	19	0	0	12	30	37421	37439	0.035	31.7
Bacillus_GCF_019036945.1_spacer_15	virome_phage_738	95.000	20	1	0	8	27	118267	118286	0.10	30.1
Bacillus_GCF_019036945.1_spacer_15	virome_phage_738	84.000	25	4	0	8	32	65948	65924	0.31	28.5
Bacillus_GCF_019036945.1_spacer_15	virome_phage_2409	84.615	26	4	0	8	33	14855	14880	0.10	30.1
Bacillus_GCF_019036945.1_spacer_15	total_phage_730	95.000	20	1	0	8	27	85004	85023	0.10	30.1
Bacillus_GCF_019036945.1_spacer_15	virome_phage_2342	82.143	28	5	0	1	28	9683	9656	0.10	30.1
Bacillus_GCF_019036945.1_spacer_15	total_phage_729	90.909	22	2	0	9	30	1564	1543	0.10	30.1
Bacillus_GCF_019036945.1_spacer_15	virome_phage_7	94.737	19	1	0	1	19	37728	37746	0.31	28.5
Bacillus_GCF_019036945.1_spacer_15	virome_phage_4	84.000	25	4	0	8	32	30958	30982	0.31	28.5
Bacillus_GCF_019036945.1_spacer_15	virome_phage_4	76.667	30	7	0	3	32	3792	3821	0.94	26.9
Bacillus_GCF_019036945.1_spacer_15	virome_phage_4	78.571	28	6	0	2	29	12986	12959	0.94	26.9
Bacillus_GCF_019036945.1_spacer_15	virome_phage_2322	84.000	25	4	0	5	29	11993	12017	0.31	28.5
Bacillus_GCF_019036945.1_spacer_15	virome_phage_2286	86.957	23	3	0	12	34	2684	2706	0.31	28.5
Bacillus_GCF_019036945.1_spacer_15	total_phage_362	84.000	25	4	0	2	26	22821	22845	0.31	28.5
Bacillus_GCF_019036945.1_spacer_15	total_phage_362	80.769	26	5	0	6	31	32314	32339	0.94	26.9
Bacillus_GCF_019036945.1_spacer_15	virome_phage_979	84.000	25	4	0	1	25	10914	10890	0.31	28.5
Bacillus_GCF_019036945.1_spacer_15	virome_phage_878	94.737	19	1	0	2	20	1006	988	0.31	28.5
Bacillus_GCF_019036945.1_spacer_15	virome_phage_858	83.333	24	4	0	6	29	2490	2513	0.94	26.9
Bacillus_GCF_019036945.1_spacer_15	virome_phage_857	90.000	20	2	0	11	30	24970	24989	0.94	26.9
Bacillus_GCF_019036945.1_spacer_15	virome_phage_817	83.333	24	4	0	11	34	29408	29431	0.94	26.9
Bacillus_GCF_019036945.1_spacer_15	virome_phage_2268	94.444	18	1	0	12	29	3752	3769	0.94	26.9
Bacillus_GCF_019036945.1_spacer_15	virome_phage_15	94.444	18	1	0	1	18	7467	7484	0.94	26.9
Bacillus_GCF_019036945.1_spacer_15	virome_phage_14	94.444	18	1	0	12	29	71138	71155	0.94	26.9
Bacillus_GCF_019036945.1_spacer_15	virome_phage_14	90.000	20	2	0	4	23	75826	75845	0.94	26.9
Bacillus_GCF_019036945.1_spacer_15	virome_phage_1006	86.364	22	3	0	2	23	12397	12418	0.94	26.9
Bacillus_GCF_019036945.1_spacer_15	total_phage_733	80.769	26	5	0	5	30	37888	37913	0.94	26.9
Bacillus_GCF_019036945.1_spacer_15	total_phage_306	83.333	24	4	0	4	27	21407	21430	0.94	26.9
Bacillus_GCF_019036945.1_spacer_15	total_phage_246	83.333	24	4	0	5	28	20707	20730	0.94	26.9
Bacillus_GCF_019036945.1_spacer_15	total_phage_242	75.000	32	8	0	1	32	3848	3879	0.94	26.9
Bacillus_GCF_019036945.1_spacer_15	total_phage_111	76.667	30	7	0	1	30	318	347	0.94	26.9
Bacillus_GCF_019036945.1_spacer_15	total_phage_111	83.333	24	4	0	3	26	87157	87180	0.94	26.9
Bacillus_GCF_019036945.1_spacer_15	total_phage_1	75.000	32	8	0	3	34	18473	18504	0.94	26.9
Bacillus_GCF_019036945.1_spacer_15	virome_phage_755	78.571	28	6	0	5	32	59714	59687	0.94	26.9
Bacillus_GCF_019036945.1_spacer_15	virome_phage_745	73.529	34	9	0	1	34	52744	52711	0.94	26.9
Bacillus_GCF_019036945.1_spacer_15	virome_phage_734	75.000	32	8	0	3	34	40907	40876	0.94	26.9
Bacillus_GCF_019036945.1_spacer_15	virome_phage_70	75.000	32	8	0	3	34	10347	10316	0.94	26.9
Bacillus_GCF_019036945.1_spacer_15	virome_phage_318	83.333	24	4	0	11	34	6335	6312	0.94	26.9
Bacillus_GCF_019036945.1_spacer_15	virome_phage_2407	83.333	24	4	0	11	34	13859	13836	0.94	26.9
Bacillus_GCF_019036945.1_spacer_15	virome_phage_2329	80.769	26	5	0	5	30	31151	31126	0.94	26.9
Bacillus_GCF_019036945.1_spacer_15	virome_phage_2297	83.333	24	4	0	6	29	10526	10503	0.94	26.9
Bacillus_GCF_019036945.1_spacer_15	virome_phage_2272	94.444	18	1	0	1	18	60233	60216	0.94	26.9
Bacillus_GCF_019036945.1_spacer_15	virome_phage_191	86.364	22	3	0	2	23	3432	3411	0.94	26.9
Bacillus_GCF_019036945.1_spacer_15	virome_phage_142	83.333	24	4	0	7	30	5046	5023	0.94	26.9
Bacillus_GCF_019036945.1_spacer_15	virome_phage_12	100.000	16	0	0	2	17	87360	87345	0.94	26.9
Bacillus_GCF_019036945.1_spacer_15	total_phage_524	75.000	32	8	0	1	32	1277	1246	0.94	26.9
Bacillus_GCF_019036945.1_spacer_15	total_phage_524	76.667	30	7	0	5	34	35780	35751	0.94	26.9
Bacillus_GCF_019036945.1_spacer_15	total_phage_518	80.769	26	5	0	3	28	7311	7286	0.94	26.9
Bacillus_GCF_019036945.1_spacer_15	total_phage_414	94.444	18	1	0	8	25	17950	17933	0.94	26.9
Bacillus_GCF_019036945.1_spacer_15	total_phage_413	94.444	18	1	0	7	24	45935	45918	0.94	26.9
Bacillus_GCF_019036945.1_spacer_15	total_phage_413	75.000	32	8	0	3	34	83243	83212	0.94	26.9
Bacillus_GCF_019036945.1_spacer_15	total_phage_4	76.667	30	7	0	3	32	21081	21052	0.94	26.9
Bacillus_GCF_019036945.1_spacer_15	total_phage_254	86.364	22	3	0	2	23	3348	3327	0.94	26.9
Bacillus_GCF_019036945.1_spacer_16	virome_phage_1565	85.714	28	4	0	5	32	3377	3404	0.009	33.3
Bacillus_GCF_019036945.1_spacer_16	virome_phage_2272	95.238	21	1	0	3	23	63512	63532	0.028	31.7
Bacillus_GCF_019036945.1_spacer_16	virome_phage_88	90.909	22	2	0	8	29	16148	16169	0.084	30.1
Bacillus_GCF_019036945.1_spacer_16	virome_phage_800	90.909	22	2	0	8	29	15225	15246	0.084	30.1
Bacillus_GCF_019036945.1_spacer_16	virome_phage_752	80.000	30	6	0	1	30	27429	27458	0.084	30.1
Bacillus_GCF_019036945.1_spacer_16	virome_phage_752	100.000	17	0	0	2	18	22158	22142	0.25	28.5
Bacillus_GCF_019036945.1_spacer_16	virome_phage_2330	84.615	26	4	0	7	32	29445	29470	0.084	30.1
Bacillus_GCF_019036945.1_spacer_16	total_phage_231	84.615	26	4	0	4	29	95683	95708	0.084	30.1
Bacillus_GCF_019036945.1_spacer_16	virome_phage_82	81.481	27	5	0	5	31	26451	26477	0.25	28.5
Bacillus_GCF_019036945.1_spacer_16	virome_phage_759	81.481	27	5	0	5	31	57674	57648	0.25	28.5
Bacillus_GCF_019036945.1_spacer_16	virome_phage_2324	84.000	25	4	0	4	28	27218	27242	0.25	28.5
Bacillus_GCF_019036945.1_spacer_16	virome_phage_2323	79.310	29	6	0	3	31	26169	26141	0.25	28.5
Bacillus_GCF_019036945.1_spacer_16	virome_phage_2254	100.000	17	0	0	17	33	65590	65574	0.25	28.5
Bacillus_GCF_019036945.1_spacer_16	virome_phage_2254	94.444	18	1	0	10	27	94445	94462	0.76	26.9
Bacillus_GCF_019036945.1_spacer_16	virome_phage_2238	100.000	17	0	0	17	33	47104	47088	0.25	28.5
Bacillus_GCF_019036945.1_spacer_16	virome_phage_2238	94.444	18	1	0	10	27	75969	75986	0.76	26.9
Bacillus_GCF_019036945.1_spacer_16	virome_phage_191	90.476	21	2	0	2	22	6246	6226	0.25	28.5
Bacillus_GCF_019036945.1_spacer_16	virome_phage_1006	90.476	21	2	0	2	22	9583	9603	0.25	28.5
Bacillus_GCF_019036945.1_spacer_16	total_phage_500	100.000	17	0	0	17	33	60853	60869	0.25	28.5
Bacillus_GCF_019036945.1_spacer_16	total_phage_500	94.444	18	1	0	10	27	31988	31971	0.76	26.9
Bacillus_GCF_019036945.1_spacer_16	total_phage_254	90.476	21	2	0	2	22	6162	6142	0.25	28.5
Bacillus_GCF_019036945.1_spacer_16	virome_phage_935	86.364	22	3	0	8	29	19564	19585	0.76	26.9
Bacillus_GCF_019036945.1_spacer_16	virome_phage_865	86.364	22	3	0	7	28	15745	15766	0.76	26.9
Bacillus_GCF_019036945.1_spacer_16	virome_phage_851	90.000	20	2	0	1	20	62	81	0.76	26.9
Bacillus_GCF_019036945.1_spacer_16	virome_phage_835	80.769	26	5	0	2	27	17138	17113	0.76	26.9
Bacillus_GCF_019036945.1_spacer_16	virome_phage_771	86.364	22	3	0	2	23	1752	1731	0.76	26.9
Bacillus_GCF_019036945.1_spacer_16	virome_phage_738	80.769	26	5	0	2	27	88588	88613	0.76	26.9
Bacillus_GCF_019036945.1_spacer_16	virome_phage_734	86.364	22	3	0	2	23	340148	340127	0.76	26.9
Bacillus_GCF_019036945.1_spacer_16	virome_phage_66	100.000	16	0	0	5	20	26012	25997	0.76	26.9
Bacillus_GCF_019036945.1_spacer_16	virome_phage_4	80.769	26	5	0	2	27	6681	6656	0.76	26.9
Bacillus_GCF_019036945.1_spacer_16	virome_phage_2314	80.769	26	5	0	3	28	4167	4192	0.76	26.9
Bacillus_GCF_019036945.1_spacer_16	virome_phage_110	80.769	26	5	0	7	32	21190	21165	0.76	26.9
Bacillus_GCF_019036945.1_spacer_16	virome_phage_10	80.769	26	5	0	1	26	96122	96097	0.76	26.9
Bacillus_GCF_019036945.1_spacer_16	virome_phage_10	76.667	30	7	0	2	31	107283	107312	0.76	26.9
Bacillus_GCF_019036945.1_spacer_16	total_phage_745	86.364	22	3	0	2	23	7799	7820	0.76	26.9
Bacillus_GCF_019036945.1_spacer_16	total_phage_730	86.364	22	3	0	8	29	72952	72931	0.76	26.9
Bacillus_GCF_019036945.1_spacer_16	total_phage_730	76.667	30	7	0	2	31	79007	78978	0.76	26.9
Bacillus_GCF_019036945.1_spacer_16	total_phage_296	86.364	22	3	0	2	23	9758	9779	0.76	26.9
Bacillus_GCF_019036945.1_spacer_16	total_phage_242	76.667	30	7	0	1	30	8061	8032	0.76	26.9
Bacillus_GCF_019036945.1_spacer_17	total_phage_804	90.000	20	2	0	5	24	15022	15003	0.94	26.9
Bacillus_GCF_019036945.1_spacer_17	virome_phage_2270	83.333	24	4	0	10	33	62169	62192	0.94	26.9
Bacillus_GCF_019036945.1_spacer_17	total_phage_794	83.333	24	4	0	2	25	21861	21884	0.94	26.9
Bacillus_GCF_019036945.1_spacer_17	total_phage_245	83.333	24	4	0	11	34	2569	2592	0.94	26.9
Bacillus_GCF_019036945.1_spacer_17	total_phage_242	83.333	24	4	0	2	25	36436	36459	0.94	26.9
Bacillus_GCF_019036945.1_spacer_17	total_phage_2	86.364	22	3	0	6	27	23890	23911	0.94	26.9
Bacillus_GCF_019036945.1_spacer_17	total_phage_189	83.333	24	4	0	2	25	27908	27931	0.94	26.9
Bacillus_GCF_019036945.1_spacer_17	total_phage_1	83.333	24	4	0	2	25	28877	28900	0.94	26.9
Bacillus_GCF_019036945.1_spacer_18	total_phage_369	84.000	25	4	0	1	25	22267	22243	0.38	28.5
Bacillus_GCF_019036945.1_spacer_21	virome_phage_743	90.476	21	2	0	11	31	15647	15627	0.25	28.5
Bacillus_GCF_019036945.1_spacer_21	virome_phage_878	90.000	20	2	0	1	20	3655	3636	0.76	26.9
Bacillus_GCF_019036945.1_spacer_21	virome_phage_875	90.000	20	2	0	6	25	29957	29976	0.76	26.9
Bacillus_GCF_019036945.1_spacer_21	virome_phage_740	94.444	18	1	0	1	18	108498	108515	0.76	26.9
Bacillus_GCF_019036945.1_spacer_21	virome_phage_739	90.000	20	2	0	1	20	74043	74024	0.76	26.9
Bacillus_GCF_019036945.1_spacer_21	virome_phage_58	76.667	30	7	0	2	31	1309	1338	0.76	26.9
Bacillus_GCF_019036945.1_spacer_21	virome_phage_5	78.571	28	6	0	3	30	106179	106206	0.76	26.9
Bacillus_GCF_019036945.1_spacer_21	total_phage_92	75.000	32	8	0	1	32	47609	47640	0.76	26.9
Bacillus_GCF_019036945.1_spacer_22	total_phage_794	91.667	24	2	0	11	34	11530	11507	0.012	33.3
Bacillus_GCF_019036945.1_spacer_22	total_phage_242	91.667	24	2	0	11	34	26127	26104	0.012	33.3
Bacillus_GCF_019036945.1_spacer_22	virome_phage_1	95.238	21	1	0	7	27	24124	24144	0.035	31.7
Bacillus_GCF_019036945.1_spacer_22	virome_phage_890	82.143	28	5	0	4	31	5293	5320	0.10	30.1
Bacillus_GCF_019036945.1_spacer_22	virome_phage_65	82.143	28	5	0	4	31	35169	35142	0.10	30.1
Bacillus_GCF_019036945.1_spacer_22	virome_phage_762	79.310	29	6	0	2	30	26466	26494	0.31	28.5
Bacillus_GCF_019036945.1_spacer_22	virome_phage_749	81.481	27	5	0	7	33	59822	59796	0.31	28.5
Bacillus_GCF_019036945.1_spacer_22	virome_phage_28	79.310	29	6	0	6	34	44780	44752	0.31	28.5
Bacillus_GCF_019036945.1_spacer_22	virome_phage_851	80.769	26	5	0	8	33	32721	32746	0.94	26.9
Bacillus_GCF_019036945.1_spacer_22	virome_phage_742	83.333	24	4	0	4	27	5060	5083	0.94	26.9
Bacillus_GCF_019036945.1_spacer_22	total_phage_797	75.000	32	8	0	1	32	26628	26659	0.94	26.9
Bacillus_GCF_019036945.1_spacer_22	total_phage_416	86.364	22	3	0	6	27	30086	30107	0.94	26.9
Bacillus_GCF_019036945.1_spacer_22	total_phage_358	90.000	20	2	0	13	32	42170	42189	0.94	26.9
Bacillus_GCF_019036945.1_spacer_22	virome_phage_9	80.769	26	5	0	5	30	47529	47504	0.94	26.9
Bacillus_GCF_019036945.1_spacer_22	virome_phage_734	94.444	18	1	0	15	32	94679	94662	0.94	26.9
Bacillus_GCF_019036945.1_spacer_22	virome_phage_33	94.444	18	1	0	15	32	30897	30880	0.94	26.9
Bacillus_GCF_019036945.1_spacer_22	virome_phage_32	83.333	24	4	0	8	31	51814	51791	0.94	26.9
Bacillus_GCF_019036945.1_spacer_22	virome_phage_2599	80.769	26	5	0	2	27	2141	2116	0.94	26.9
Bacillus_GCF_019036945.1_spacer_22	total_phage_445	78.571	28	6	0	4	31	44353	44326	0.94	26.9
Bacillus_GCF_019036945.1_spacer_23	virome_phage_795	77.419	31	7	0	2	32	38279	38309	0.38	28.5
Bacillus_GCF_019036945.1_spacer_23	virome_phage_33	79.310	29	6	0	3	31	46862	46834	0.38	28.5
Bacillus_GCF_019036945.1_spacer_23	virome_phage_2322	90.476	21	2	0	1	21	10654	10674	0.38	28.5
Bacillus_GCF_019036945.1_spacer_23	total_phage_739	90.476	21	2	0	2	22	23916	23896	0.38	28.5
Bacillus_GCF_019036945.1_spacer_23	total_phage_4	90.476	21	2	0	2	22	18468	18448	0.38	28.5
Bacillus_GCF_019036945.1_spacer_23	total_phage_368	90.476	21	2	0	2	22	20261	20281	0.38	28.5
Bacillus_GCF_019036945.1_spacer_23	total_phage_249	90.476	21	2	0	2	22	13515	13535	0.38	28.5
Bacillus_GCF_019036945.1_spacer_24	virome_phage_50	84.000	25	4	0	8	32	34734	34758	0.31	28.5
Bacillus_GCF_019036945.1_spacer_24	virome_phage_41	90.000	20	2	0	2	21	6167	6148	0.94	26.9
Bacillus_GCF_019036945.1_spacer_24	virome_phage_1541	94.444	18	1	0	17	34	2267	2284	0.94	26.9
Bacillus_GCF_019036945.1_spacer_25	virome_phage_2350	90.000	20	2	0	5	24	18124	18105	0.94	26.9
Bacillus_GCF_019036945.1_spacer_25	virome_phage_847	100.000	16	0	0	8	23	2426	2441	0.94	26.9
Bacillus_GCF_019036945.1_spacer_26	total_phage_187	90.000	20	2	0	11	30	6090	6109	0.76	26.9
Bacillus_GCF_019036945.1_spacer_26	total_phage_111	83.333	24	4	0	1	24	11238	11261	0.76	26.9
Bacillus_GCF_019036945.1_spacer_26	total_phage_111	83.333	24	4	0	1	24	51480	51503	0.76	26.9
Bacillus_GCF_019036945.1_spacer_27	virome_phage_841	90.476	21	2	0	8	28	7915	7935	0.38	28.5
Bacillus_GCF_019036945.1_spacer_27	virome_phage_201	100.000	17	0	0	19	35	11943	11927	0.38	28.5
Bacillus_GCF_019036945.1_spacer_27	total_phage_743	100.000	17	0	0	19	35	12084	12068	0.38	28.5
Bacillus_GCF_019036945.1_spacer_28	virome_phage_735	85.714	28	4	0	12	39	93109	93136	0.042	33.3
Bacillus_GCF_019036945.1_spacer_28	total_phage_95	90.909	22	2	0	25	46	96122	96101	0.38	30.1
Bacillus_GCF_019036945.1_spacer_29	virome_phage_742	79.310	29	6	0	2	30	7053	7025	0.25	28.5
Bacillus_GCF_019036945.1_spacer_29	virome_phage_734	76.667	30	7	0	2	31	235581	235552	0.76	26.9
Bacillus_GCF_019036945.1_spacer_29	virome_phage_64	86.364	22	3	0	3	24	40278	40257	0.76	26.9
Bacillus_GCF_019036945.1_spacer_29	virome_phage_2306	86.364	22	3	0	3	24	30073	30052	0.76	26.9
Bacillus_GCF_019036945.1_spacer_29	virome_phage_2270	83.333	24	4	0	3	26	43343	43366	0.76	26.9
Bacillus_GCF_019036945.1_spacer_30	virome_phage_766	81.481	27	5	0	8	34	15385	15411	0.38	28.5
Bacillus_GCF_019036945.1_spacer_30	virome_phage_760	94.737	19	1	0	14	32	18791	18809	0.38	28.5
Bacillus_GCF_019036945.1_spacer_33	virome_phage_810	94.444	18	1	0	1	18	23011	22994	0.94	26.9
Bacillus_GCF_019036945.1_spacer_33	virome_phage_76	90.000	20	2	0	8	27	34359	34340	0.94	26.9
Bacillus_GCF_019036945.1_spacer_33	virome_phage_740	90.000	20	2	0	6	25	76196	76215	0.94	26.9
Bacillus_GCF_019036945.1_spacer_33	total_phage_927	83.333	24	4	0	5	28	269488	269511	0.94	26.9
