Bacillus_GCF_002562585.1_spacer_0	total_phage_231	80.769	26	5	0	8	33	95550	95575	0.76	26.9
Bacillus_GCF_002562585.1_spacer_0	virome_phage_744	83.333	24	4	0	3	26	52588	52565	0.76	26.9
Bacillus_GCF_002562585.1_spacer_0	total_phage_445	83.333	24	4	0	2	25	27805	27782	0.76	26.9
Bacillus_GCF_002562585.1_spacer_2	total_phage_663	86.957	23	3	0	4	26	29833	29811	0.25	28.5
Bacillus_GCF_002562585.1_spacer_2	total_phage_637	86.957	23	3	0	4	26	26567	26545	0.25	28.5
Bacillus_GCF_002562585.1_spacer_2	virome_phage_742	90.000	20	2	0	2	21	82019	82038	0.76	26.9
Bacillus_GCF_002562585.1_spacer_2	virome_phage_2	90.000	20	2	0	4	23	80723	80742	0.76	26.9
Bacillus_GCF_002562585.1_spacer_3	virome_phage_743	84.615	26	4	0	9	34	7468	7493	0.10	30.1
Bacillus_GCF_002562585.1_spacer_3	virome_phage_10	78.125	32	7	0	1	32	112600	112569	0.10	30.1
Bacillus_GCF_002562585.1_spacer_3	virome_phage_10	78.571	28	6	0	2	29	4690	4663	0.94	26.9
Bacillus_GCF_002562585.1_spacer_3	virome_phage_10	78.571	28	6	0	2	29	39679	39706	0.94	26.9
Bacillus_GCF_002562585.1_spacer_3	virome_phage_817	94.737	19	1	0	5	23	16922	16904	0.31	28.5
Bacillus_GCF_002562585.1_spacer_3	virome_phage_739	86.957	23	3	0	8	30	108172	108194	0.31	28.5
Bacillus_GCF_002562585.1_spacer_3	virome_phage_739	83.333	24	4	0	5	28	92164	92141	0.94	26.9
Bacillus_GCF_002562585.1_spacer_3	virome_phage_7	84.000	25	4	0	5	29	124198	124174	0.31	28.5
Bacillus_GCF_002562585.1_spacer_3	virome_phage_7	90.000	20	2	0	9	28	56403	56384	0.94	26.9
Bacillus_GCF_002562585.1_spacer_3	virome_phage_2304	86.957	23	3	0	8	30	41645	41667	0.31	28.5
Bacillus_GCF_002562585.1_spacer_3	virome_phage_18	86.957	23	3	0	4	26	48583	48605	0.31	28.5
Bacillus_GCF_002562585.1_spacer_3	virome_phage_890	86.364	22	3	0	10	31	24694	24715	0.94	26.9
Bacillus_GCF_002562585.1_spacer_3	virome_phage_882	94.444	18	1	0	15	32	11328	11311	0.94	26.9
Bacillus_GCF_002562585.1_spacer_3	virome_phage_875	90.000	20	2	0	14	33	29449	29430	0.94	26.9
Bacillus_GCF_002562585.1_spacer_3	virome_phage_860	90.000	20	2	0	6	25	6580	6599	0.94	26.9
Bacillus_GCF_002562585.1_spacer_3	virome_phage_857	83.333	24	4	0	7	30	9396	9373	0.94	26.9
Bacillus_GCF_002562585.1_spacer_3	virome_phage_834	76.667	30	7	0	3	32	11261	11290	0.94	26.9
Bacillus_GCF_002562585.1_spacer_3	virome_phage_79	76.667	30	7	0	5	34	980	1009	0.94	26.9
Bacillus_GCF_002562585.1_spacer_3	virome_phage_742	78.571	28	6	0	3	30	11541	11568	0.94	26.9
Bacillus_GCF_002562585.1_spacer_3	virome_phage_734	86.364	22	3	0	8	29	11120	11099	0.94	26.9
Bacillus_GCF_002562585.1_spacer_3	virome_phage_734	83.333	24	4	0	3	26	158888	158865	0.94	26.9
Bacillus_GCF_002562585.1_spacer_3	virome_phage_734	78.571	28	6	0	5	32	226140	226167	0.94	26.9
Bacillus_GCF_002562585.1_spacer_3	virome_phage_69	90.000	20	2	0	11	30	33500	33481	0.94	26.9
Bacillus_GCF_002562585.1_spacer_3	virome_phage_65	86.364	22	3	0	10	31	15768	15747	0.94	26.9
Bacillus_GCF_002562585.1_spacer_3	virome_phage_2522	100.000	16	0	0	13	28	2940	2955	0.94	26.9
Bacillus_GCF_002562585.1_spacer_3	virome_phage_2424	90.000	20	2	0	9	28	3662	3681	0.94	26.9
Bacillus_GCF_002562585.1_spacer_3	virome_phage_2424	86.364	22	3	0	5	26	15360	15339	0.94	26.9
Bacillus_GCF_002562585.1_spacer_3	virome_phage_239	90.000	20	2	0	9	28	1774	1793	0.94	26.9
Bacillus_GCF_002562585.1_spacer_3	virome_phage_2353	94.444	18	1	0	9	26	22257	22274	0.94	26.9
Bacillus_GCF_002562585.1_spacer_3	virome_phage_2327	90.000	20	2	0	8	27	27256	27275	0.94	26.9
Bacillus_GCF_002562585.1_spacer_3	virome_phage_2294	76.667	30	7	0	4	33	30545	30516	0.94	26.9
Bacillus_GCF_002562585.1_spacer_3	virome_phage_2280	100.000	16	0	0	19	34	34772	34787	0.94	26.9
Bacillus_GCF_002562585.1_spacer_3	virome_phage_2254	78.571	28	6	0	3	30	34781	34754	0.94	26.9
Bacillus_GCF_002562585.1_spacer_3	virome_phage_2238	78.571	28	6	0	3	30	16296	16269	0.94	26.9
Bacillus_GCF_002562585.1_spacer_3	virome_phage_1849	83.333	24	4	0	10	33	2774	2751	0.94	26.9
Bacillus_GCF_002562585.1_spacer_3	virome_phage_14	83.333	24	4	0	6	29	23557	23580	0.94	26.9
Bacillus_GCF_002562585.1_spacer_3	total_phage_806	94.444	18	1	0	9	26	24394	24411	0.94	26.9
Bacillus_GCF_002562585.1_spacer_3	total_phage_800	90.000	20	2	0	10	29	21771	21790	0.94	26.9
Bacillus_GCF_002562585.1_spacer_3	total_phage_8	100.000	16	0	0	2	17	6812	6797	0.94	26.9
Bacillus_GCF_002562585.1_spacer_3	total_phage_788	86.364	22	3	0	8	29	40196	40217	0.94	26.9
Bacillus_GCF_002562585.1_spacer_3	total_phage_734	86.364	22	3	0	5	26	35154	35175	0.94	26.9
Bacillus_GCF_002562585.1_spacer_3	total_phage_731	90.000	20	2	0	8	27	11428	11447	0.94	26.9
Bacillus_GCF_002562585.1_spacer_3	total_phage_730	78.571	28	6	0	2	29	34516	34543	0.94	26.9
Bacillus_GCF_002562585.1_spacer_3	total_phage_729	90.000	20	2	0	10	29	125565	125546	0.94	26.9
Bacillus_GCF_002562585.1_spacer_3	total_phage_360	80.769	26	5	0	9	34	4108	4133	0.94	26.9
Bacillus_GCF_002562585.1_spacer_3	total_phage_358	86.364	22	3	0	8	29	41370	41391	0.94	26.9
Bacillus_GCF_002562585.1_spacer_3	total_phage_294	94.444	18	1	0	9	26	16482	16465	0.94	26.9
Bacillus_GCF_002562585.1_spacer_3	total_phage_293	90.000	20	2	0	10	29	29622	29641	0.94	26.9
Bacillus_GCF_002562585.1_spacer_3	total_phage_237	86.364	22	3	0	8	29	1539	1560	0.94	26.9
Bacillus_GCF_002562585.1_spacer_3	total_phage_233	94.444	18	1	0	9	26	28205	28188	0.94	26.9
Bacillus_GCF_002562585.1_spacer_3	total_phage_231	90.000	20	2	0	8	27	80161	80142	0.94	26.9
Bacillus_GCF_002562585.1_spacer_3	total_phage_231	94.444	18	1	0	11	28	136036	136053	0.94	26.9
Bacillus_GCF_002562585.1_spacer_3	total_phage_178	86.364	22	3	0	13	34	26504	26525	0.94	26.9
Bacillus_GCF_002562585.1_spacer_3	total_phage_172	75.000	32	8	0	2	33	28525	28494	0.94	26.9
Bacillus_GCF_002562585.1_spacer_3	total_phage_117	90.000	20	2	0	10	29	28016	28035	0.94	26.9
Bacillus_GCF_002562585.1_spacer_4	total_phage_793	81.481	27	5	0	8	34	27636	27610	0.31	28.5
Bacillus_GCF_002562585.1_spacer_4	total_phage_363	81.481	27	5	0	8	34	19116	19090	0.31	28.5
Bacillus_GCF_002562585.1_spacer_4	total_phage_175	81.481	27	5	0	8	34	17294	17320	0.31	28.5
Bacillus_GCF_002562585.1_spacer_4	virome_phage_901	100.000	16	0	0	17	32	21637	21652	0.94	26.9
Bacillus_GCF_002562585.1_spacer_4	virome_phage_116	80.769	26	5	0	2	27	7174	7199	0.94	26.9
Bacillus_GCF_002562585.1_spacer_4	total_phage_9	80.769	26	5	0	9	34	26919	26944	0.94	26.9
Bacillus_GCF_002562585.1_spacer_5	virome_phage_2368	90.909	22	2	0	15	36	17726	17705	0.13	30.1
Bacillus_GCF_002562585.1_spacer_5	virome_phage_145	90.909	22	2	0	15	36	3642	3663	0.13	30.1
Bacillus_GCF_002562585.1_spacer_5	virome_phage_734	84.000	25	4	0	12	36	187177	187153	0.38	28.5
Bacillus_GCF_002562585.1_spacer_5	virome_phage_747	84.000	25	4	0	9	33	25119	25143	0.38	28.5
Bacillus_GCF_002562585.1_spacer_5	virome_phage_2269	90.476	21	2	0	9	29	97214	97234	0.38	28.5
Bacillus_GCF_002562585.1_spacer_5	total_phage_524	84.000	25	4	0	12	36	37470	37494	0.38	28.5
Bacillus_GCF_002562585.1_spacer_6	virome_phage_748	90.000	20	2	0	14	33	57308	57289	0.76	26.9
Bacillus_GCF_002562585.1_spacer_6	virome_phage_739	76.667	30	7	0	1	30	82845	82816	0.76	26.9
Bacillus_GCF_002562585.1_spacer_6	virome_phage_22	90.000	20	2	0	8	27	31674	31655	0.76	26.9
Bacillus_GCF_002562585.1_spacer_6	virome_phage_78	94.444	18	1	0	7	24	20817	20834	0.76	26.9
Bacillus_GCF_002562585.1_spacer_7	virome_phage_768	84.000	25	4	0	1	25	8106	8082	0.31	28.5
Bacillus_GCF_002562585.1_spacer_7	virome_phage_75	84.000	25	4	0	4	28	35589	35565	0.31	28.5
Bacillus_GCF_002562585.1_spacer_7	virome_phage_14	78.571	28	6	0	4	31	23215	23242	0.94	26.9
Bacillus_GCF_002562585.1_spacer_7	total_phage_604	94.444	18	1	0	8	25	34409	34392	0.94	26.9
Bacillus_GCF_002562585.1_spacer_8	total_phage_231	82.759	29	5	0	1	29	41378	41350	0.035	31.7
Bacillus_GCF_002562585.1_spacer_8	virome_phage_734	88.000	25	3	0	1	25	31072	31096	0.035	31.7
Bacillus_GCF_002562585.1_spacer_8	virome_phage_866	90.476	21	2	0	7	27	23981	23961	0.31	28.5
Bacillus_GCF_002562585.1_spacer_8	virome_phage_7	100.000	17	0	0	7	23	117935	117919	0.31	28.5
Bacillus_GCF_002562585.1_spacer_8	virome_phage_7	94.444	18	1	0	12	29	4300	4317	0.94	26.9
Bacillus_GCF_002562585.1_spacer_8	virome_phage_25	86.957	23	3	0	4	26	16444	16466	0.31	28.5
Bacillus_GCF_002562585.1_spacer_8	virome_phage_993	94.444	18	1	0	3	20	15910	15893	0.94	26.9
Bacillus_GCF_002562585.1_spacer_8	virome_phage_743	83.333	24	4	0	1	24	44445	44422	0.94	26.9
Bacillus_GCF_002562585.1_spacer_8	virome_phage_127	83.333	24	4	0	6	29	7200	7177	0.94	26.9
Bacillus_GCF_002562585.1_spacer_8	total_phage_188	94.444	18	1	0	12	29	13226	13209	0.94	26.9
Bacillus_GCF_002562585.1_spacer_8	total_phage_18	78.571	28	6	0	3	30	16104	16077	0.94	26.9
Bacillus_GCF_002562585.1_spacer_8	total_phage_176	83.333	24	4	0	1	24	9791	9768	0.94	26.9
Bacillus_GCF_002562585.1_spacer_8	virome_phage_59	83.333	24	4	0	11	34	23658	23681	0.94	26.9
Bacillus_GCF_002562585.1_spacer_8	virome_phage_2368	86.364	22	3	0	8	29	21100	21121	0.94	26.9
Bacillus_GCF_002562585.1_spacer_8	total_phage_927	80.769	26	5	0	5	30	154104	154129	0.94	26.9
Bacillus_GCF_002562585.1_spacer_8	total_phage_453	78.571	28	6	0	1	28	19438	19465	0.94	26.9
Bacillus_GCF_002562585.1_spacer_8	total_phage_445	78.571	28	6	0	2	29	26514	26541	0.94	26.9
Bacillus_GCF_002562585.1_spacer_9	virome_phage_2270	80.000	30	6	0	4	33	181544	181573	0.10	30.1
Bacillus_GCF_002562585.1_spacer_10	virome_phage_752	78.125	32	7	0	3	34	22180	22149	0.10	30.1
Bacillus_GCF_002562585.1_spacer_10	total_phage_111	84.000	25	4	0	1	25	4723	4699	0.31	28.5
Bacillus_GCF_002562585.1_spacer_10	virome_phage_751	77.419	31	7	0	1	31	11198	11228	0.31	28.5
Bacillus_GCF_002562585.1_spacer_10	virome_phage_28	90.476	21	2	0	13	33	15744	15764	0.31	28.5
Bacillus_GCF_002562585.1_spacer_10	total_phage_92	75.758	33	8	0	1	33	113301	113333	0.31	28.5
Bacillus_GCF_002562585.1_spacer_10	total_phage_731	84.000	25	4	0	9	33	64753	64777	0.31	28.5
Bacillus_GCF_002562585.1_spacer_10	total_phage_636	79.310	29	6	0	3	31	19276	19304	0.31	28.5
Bacillus_GCF_002562585.1_spacer_10	total_phage_370	77.419	31	7	0	2	32	26569	26599	0.31	28.5
Bacillus_GCF_002562585.1_spacer_10	virome_phage_925	80.769	26	5	0	8	33	16866	16841	0.94	26.9
Bacillus_GCF_002562585.1_spacer_10	virome_phage_841	90.000	20	2	0	14	33	32609	32590	0.94	26.9
Bacillus_GCF_002562585.1_spacer_10	virome_phage_82	90.000	20	2	0	14	33	36424	36405	0.94	26.9
Bacillus_GCF_002562585.1_spacer_10	virome_phage_8	73.529	34	9	0	1	34	113680	113647	0.94	26.9
Bacillus_GCF_002562585.1_spacer_10	virome_phage_745	90.000	20	2	0	9	28	29800	29781	0.94	26.9
Bacillus_GCF_002562585.1_spacer_10	virome_phage_2368	80.769	26	5	0	7	32	3888	3863	0.94	26.9
Bacillus_GCF_002562585.1_spacer_10	virome_phage_2280	78.571	28	6	0	2	29	12546	12519	0.94	26.9
Bacillus_GCF_002562585.1_spacer_10	total_phage_737	80.769	26	5	0	8	33	921	896	0.94	26.9
Bacillus_GCF_002562585.1_spacer_10	total_phage_727	90.000	20	2	0	2	21	33594	33575	0.94	26.9
Bacillus_GCF_002562585.1_spacer_10	total_phage_518	90.000	20	2	0	2	21	45804	45785	0.94	26.9
Bacillus_GCF_002562585.1_spacer_10	virome_phage_9	90.000	20	2	0	1	20	4413	4432	0.94	26.9
Bacillus_GCF_002562585.1_spacer_10	virome_phage_778	80.769	26	5	0	8	33	42867	42892	0.94	26.9
Bacillus_GCF_002562585.1_spacer_10	virome_phage_759	90.000	20	2	0	14	33	47705	47724	0.94	26.9
Bacillus_GCF_002562585.1_spacer_10	virome_phage_738	86.364	22	3	0	10	31	92572	92593	0.94	26.9
Bacillus_GCF_002562585.1_spacer_10	virome_phage_4	80.769	26	5	0	8	33	2127	2152	0.94	26.9
Bacillus_GCF_002562585.1_spacer_10	virome_phage_2359	83.333	24	4	0	10	33	18987	19010	0.94	26.9
Bacillus_GCF_002562585.1_spacer_10	virome_phage_145	80.769	26	5	0	7	32	17064	17089	0.94	26.9
Bacillus_GCF_002562585.1_spacer_10	total_phage_745	80.769	26	5	0	9	34	5849	5874	0.94	26.9
Bacillus_GCF_002562585.1_spacer_10	total_phage_655	94.444	18	1	0	14	31	6757	6774	0.94	26.9
Bacillus_GCF_002562585.1_spacer_10	total_phage_296	80.769	26	5	0	9	34	7808	7833	0.94	26.9
Bacillus_GCF_002562585.1_spacer_10	total_phage_245	78.571	28	6	0	7	34	7456	7483	0.94	26.9
Bacillus_GCF_002562585.1_spacer_11	virome_phage_2254	100.000	16	0	0	10	25	74215	74200	0.94	26.9
Bacillus_GCF_002562585.1_spacer_11	virome_phage_2238	100.000	16	0	0	10	25	55729	55714	0.94	26.9
Bacillus_GCF_002562585.1_spacer_11	virome_phage_1217	86.364	22	3	0	3	24	3891	3870	0.94	26.9
Bacillus_GCF_002562585.1_spacer_11	total_phage_500	100.000	16	0	0	10	25	52228	52243	0.94	26.9
Bacillus_GCF_002562585.1_spacer_12	virome_phage_885	84.615	26	4	0	5	30	5726	5701	0.084	30.1
Bacillus_GCF_002562585.1_spacer_12	total_phage_92	100.000	17	0	0	4	20	108186	108170	0.25	28.5
Bacillus_GCF_002562585.1_spacer_12	virome_phage_882	90.000	20	2	0	6	25	14715	14696	0.76	26.9
Bacillus_GCF_002562585.1_spacer_12	virome_phage_878	78.571	28	6	0	5	32	27078	27105	0.76	26.9
Bacillus_GCF_002562585.1_spacer_12	virome_phage_826	78.571	28	6	0	4	31	23815	23842	0.76	26.9
Bacillus_GCF_002562585.1_spacer_12	virome_phage_817	90.000	20	2	0	4	23	5075	5056	0.76	26.9
Bacillus_GCF_002562585.1_spacer_12	virome_phage_782	83.333	24	4	0	4	27	35394	35417	0.76	26.9
Bacillus_GCF_002562585.1_spacer_12	virome_phage_734	78.571	28	6	0	4	31	146039	146066	0.76	26.9
Bacillus_GCF_002562585.1_spacer_12	virome_phage_734	78.571	28	6	0	4	31	337659	337686	0.76	26.9
Bacillus_GCF_002562585.1_spacer_12	virome_phage_2254	80.769	26	5	0	3	28	81397	81372	0.76	26.9
Bacillus_GCF_002562585.1_spacer_12	virome_phage_2254	76.667	30	7	0	2	31	88677	88648	0.76	26.9
Bacillus_GCF_002562585.1_spacer_12	virome_phage_2238	80.769	26	5	0	3	28	62913	62888	0.76	26.9
Bacillus_GCF_002562585.1_spacer_12	virome_phage_112	78.571	28	6	0	1	28	9394	9421	0.76	26.9
Bacillus_GCF_002562585.1_spacer_12	total_phage_799	94.444	18	1	0	2	19	33462	33479	0.76	26.9
Bacillus_GCF_002562585.1_spacer_12	total_phage_500	80.769	26	5	0	3	28	45044	45069	0.76	26.9
Bacillus_GCF_002562585.1_spacer_12	total_phage_249	90.000	20	2	0	6	25	10324	10305	0.76	26.9
Bacillus_GCF_002562585.1_spacer_12	total_phage_247	86.364	22	3	0	4	25	21266	21245	0.76	26.9
Bacillus_GCF_002562585.1_spacer_12	total_phage_123	90.000	20	2	0	6	25	3752	3771	0.76	26.9
Bacillus_GCF_002562585.1_spacer_12	total_phage_122	90.000	20	2	0	6	25	3221	3240	0.76	26.9
Bacillus_GCF_002562585.1_spacer_13	virome_phage_745	80.645	31	6	0	1	31	62394	62424	0.035	31.7
Bacillus_GCF_002562585.1_spacer_13	virome_phage_745	100.000	16	0	0	11	26	3765	3780	0.94	26.9
Bacillus_GCF_002562585.1_spacer_13	virome_phage_759	95.000	20	1	0	3	22	45950	45969	0.10	30.1
Bacillus_GCF_002562585.1_spacer_13	virome_phage_841	82.143	28	5	0	1	28	15435	15408	0.10	30.1
Bacillus_GCF_002562585.1_spacer_13	total_phage_413	95.000	20	1	0	4	23	21219	21200	0.10	30.1
Bacillus_GCF_002562585.1_spacer_13	total_phage_413	90.476	21	2	0	10	30	48549	48569	0.31	28.5
Bacillus_GCF_002562585.1_spacer_13	total_phage_413	73.529	34	9	0	1	34	74956	74989	0.94	26.9
Bacillus_GCF_002562585.1_spacer_13	virome_phage_914	81.481	27	5	0	2	28	8242	8268	0.31	28.5
Bacillus_GCF_002562585.1_spacer_13	virome_phage_876	84.000	25	4	0	5	29	5122	5146	0.31	28.5
Bacillus_GCF_002562585.1_spacer_13	virome_phage_829	84.000	25	4	0	5	29	34507	34531	0.31	28.5
Bacillus_GCF_002562585.1_spacer_13	virome_phage_47	100.000	17	0	0	7	23	14234	14250	0.31	28.5
Bacillus_GCF_002562585.1_spacer_13	virome_phage_119	84.000	25	4	0	5	29	16431	16455	0.31	28.5
Bacillus_GCF_002562585.1_spacer_13	virome_phage_1061	90.476	21	2	0	14	34	13274	13294	0.31	28.5
Bacillus_GCF_002562585.1_spacer_13	virome_phage_1061	78.571	28	6	0	6	33	12894	12921	0.94	26.9
Bacillus_GCF_002562585.1_spacer_13	total_phage_713	90.476	21	2	0	1	21	983	1003	0.31	28.5
Bacillus_GCF_002562585.1_spacer_13	virome_phage_2345	84.000	25	4	0	5	29	18610	18586	0.31	28.5
Bacillus_GCF_002562585.1_spacer_13	virome_phage_2254	84.000	25	4	0	5	29	28924	28900	0.31	28.5
Bacillus_GCF_002562585.1_spacer_13	virome_phage_2238	84.000	25	4	0	5	29	10439	10415	0.31	28.5
Bacillus_GCF_002562585.1_spacer_13	virome_phage_158	90.476	21	2	0	14	34	5932	5912	0.31	28.5
Bacillus_GCF_002562585.1_spacer_13	virome_phage_158	78.571	28	6	0	6	33	6312	6285	0.94	26.9
Bacillus_GCF_002562585.1_spacer_13	total_phage_609	90.476	21	2	0	1	21	2785	2765	0.31	28.5
Bacillus_GCF_002562585.1_spacer_13	total_phage_512	90.476	21	2	0	1	21	2788	2768	0.31	28.5
Bacillus_GCF_002562585.1_spacer_13	total_phage_471	90.476	21	2	0	1	21	2760	2740	0.31	28.5
Bacillus_GCF_002562585.1_spacer_13	virome_phage_748	80.769	26	5	0	2	27	43689	43714	0.94	26.9
Bacillus_GCF_002562585.1_spacer_13	virome_phage_743	78.571	28	6	0	4	31	81413	81440	0.94	26.9
Bacillus_GCF_002562585.1_spacer_13	virome_phage_734	80.769	26	5	0	8	33	54172	54197	0.94	26.9
Bacillus_GCF_002562585.1_spacer_13	virome_phage_734	90.000	20	2	0	15	34	217142	217161	0.94	26.9
Bacillus_GCF_002562585.1_spacer_13	virome_phage_66	86.364	22	3	0	1	22	39107	39128	0.94	26.9
Bacillus_GCF_002562585.1_spacer_13	virome_phage_56	86.364	22	3	0	7	28	21858	21879	0.94	26.9
Bacillus_GCF_002562585.1_spacer_13	virome_phage_2353	86.364	22	3	0	13	34	4118	4139	0.94	26.9
Bacillus_GCF_002562585.1_spacer_13	virome_phage_18	90.000	20	2	0	15	34	24085	24104	0.94	26.9
Bacillus_GCF_002562585.1_spacer_13	virome_phage_145	80.769	26	5	0	8	33	1110	1135	0.94	26.9
Bacillus_GCF_002562585.1_spacer_13	virome_phage_145	83.333	24	4	0	5	28	8998	9021	0.94	26.9
Bacillus_GCF_002562585.1_spacer_13	total_phage_636	94.444	18	1	0	16	33	5559	5576	0.94	26.9
Bacillus_GCF_002562585.1_spacer_13	virome_phage_925	78.571	28	6	0	5	32	5473	5446	0.94	26.9
Bacillus_GCF_002562585.1_spacer_13	virome_phage_751	90.000	20	2	0	14	33	30156	30137	0.94	26.9
Bacillus_GCF_002562585.1_spacer_13	virome_phage_738	83.333	24	4	0	6	29	96209	96186	0.94	26.9
Bacillus_GCF_002562585.1_spacer_13	virome_phage_2270	86.364	22	3	0	1	22	177873	177852	0.94	26.9
Bacillus_GCF_002562585.1_spacer_13	virome_phage_2259	80.769	26	5	0	5	30	12677	12652	0.94	26.9
Bacillus_GCF_002562585.1_spacer_13	virome_phage_14	90.000	20	2	0	12	31	34216	34197	0.94	26.9
Bacillus_GCF_002562585.1_spacer_13	total_phage_92	86.364	22	3	0	10	31	60823	60802	0.94	26.9
Bacillus_GCF_002562585.1_spacer_13	total_phage_244	80.769	26	5	0	4	29	23351	23326	0.94	26.9
Bacillus_GCF_002562585.1_spacer_13	total_phage_232	80.769	26	5	0	7	32	12554	12529	0.94	26.9
Bacillus_GCF_002562585.1_spacer_13	total_phage_231	90.000	20	2	0	14	33	83609	83590	0.94	26.9
Bacillus_GCF_002562585.1_spacer_14	total_phage_734	79.310	29	6	0	2	30	2856	2884	0.38	28.5
Bacillus_GCF_002562585.1_spacer_15	virome_phage_2329	87.500	24	3	0	11	34	30687	30664	0.10	30.1
Bacillus_GCF_002562585.1_spacer_15	virome_phage_747	94.444	18	1	0	5	22	7997	8014	0.94	26.9
Bacillus_GCF_002562585.1_spacer_15	virome_phage_31	76.667	30	7	0	1	30	24117	24146	0.94	26.9
Bacillus_GCF_002562585.1_spacer_15	virome_phage_749	94.444	18	1	0	17	34	30597	30580	0.94	26.9
Bacillus_GCF_002562585.1_spacer_15	virome_phage_2294	90.000	20	2	0	11	30	32212	32193	0.94	26.9
Bacillus_GCF_002562585.1_spacer_16	virome_phage_861	81.481	27	5	0	2	28	32662	32636	0.38	28.5
Bacillus_GCF_002562585.1_spacer_16	virome_phage_739	86.957	23	3	0	5	27	26182	26160	0.38	28.5
Bacillus_GCF_002562585.1_spacer_16	total_phage_293	81.481	27	5	0	4	30	26479	26453	0.38	28.5
Bacillus_GCF_002562585.1_spacer_17	virome_phage_868	90.909	22	2	0	13	34	5325	5304	0.10	30.1
Bacillus_GCF_002562585.1_spacer_17	virome_phage_875	90.000	20	2	0	4	23	16039	16020	0.94	26.9
Bacillus_GCF_002562585.1_spacer_17	virome_phage_62	76.667	30	7	0	1	30	40627	40656	0.94	26.9
Bacillus_GCF_002562585.1_spacer_17	virome_phage_27	83.333	24	4	0	2	25	6173	6196	0.94	26.9
Bacillus_GCF_002562585.1_spacer_17	virome_phage_2409	80.769	26	5	0	9	34	16916	16941	0.94	26.9
Bacillus_GCF_002562585.1_spacer_17	virome_phage_2303	78.571	28	6	0	7	34	34878	34905	0.94	26.9
Bacillus_GCF_002562585.1_spacer_17	virome_phage_14	90.000	20	2	0	6	25	65023	65042	0.94	26.9
Bacillus_GCF_002562585.1_spacer_17	total_phage_9	78.571	28	6	0	7	34	25306	25333	0.94	26.9
Bacillus_GCF_002562585.1_spacer_17	total_phage_417	78.571	28	6	0	7	34	17642	17669	0.94	26.9
Bacillus_GCF_002562585.1_spacer_18	virome_phage_1	94.737	19	1	0	14	32	174780	174762	0.31	28.5
Bacillus_GCF_002562585.1_spacer_18	virome_phage_16	77.419	31	7	0	4	34	41535	41565	0.31	28.5
Bacillus_GCF_002562585.1_spacer_18	virome_phage_743	90.000	20	2	0	14	33	63014	62995	0.94	26.9
Bacillus_GCF_002562585.1_spacer_18	virome_phage_742	75.000	32	8	0	1	32	93860	93891	0.94	26.9
Bacillus_GCF_002562585.1_spacer_19	virome_phage_59	82.143	28	5	0	5	32	6238	6211	0.10	30.1
Bacillus_GCF_002562585.1_spacer_19	total_phage_725	86.957	23	3	0	1	23	24355	24377	0.31	28.5
Bacillus_GCF_002562585.1_spacer_19	total_phage_653	86.957	23	3	0	1	23	19362	19340	0.31	28.5
Bacillus_GCF_002562585.1_spacer_19	total_phage_483	86.957	23	3	0	1	23	11930	11952	0.31	28.5
Bacillus_GCF_002562585.1_spacer_19	virome_phage_766	94.444	18	1	0	1	18	43956	43939	0.94	26.9
Bacillus_GCF_002562585.1_spacer_19	virome_phage_4	73.529	34	9	0	1	34	82546	82579	0.94	26.9
Bacillus_GCF_002562585.1_spacer_19	virome_phage_2333	80.769	26	5	0	5	30	3863	3838	0.94	26.9
Bacillus_GCF_002562585.1_spacer_19	total_phage_99	76.667	30	7	0	2	31	15280	15251	0.94	26.9
Bacillus_GCF_002562585.1_spacer_19	total_phage_800	83.333	24	4	0	3	26	9969	9992	0.94	26.9
Bacillus_GCF_002562585.1_spacer_19	total_phage_479	83.333	24	4	0	9	32	42820	42797	0.94	26.9
Bacillus_GCF_002562585.1_spacer_19	total_phage_4	83.333	24	4	0	3	26	18895	18872	0.94	26.9
Bacillus_GCF_002562585.1_spacer_19	total_phage_368	83.333	24	4	0	3	26	19834	19857	0.94	26.9
Bacillus_GCF_002562585.1_spacer_19	total_phage_105	94.444	18	1	0	1	18	6101	6118	0.94	26.9
Bacillus_GCF_002562585.1_spacer_20	virome_phage_4	78.125	32	7	0	1	32	126793	126824	0.084	30.1
Bacillus_GCF_002562585.1_spacer_20	total_phage_929	82.143	28	5	0	2	29	6522	6549	0.084	30.1
Bacillus_GCF_002562585.1_spacer_20	virome_phage_738	78.125	32	7	0	1	32	115663	115632	0.084	30.1
Bacillus_GCF_002562585.1_spacer_20	virome_phage_848	79.310	29	6	0	1	29	20306	20278	0.25	28.5
Bacillus_GCF_002562585.1_spacer_20	virome_phage_834	81.481	27	5	0	2	28	34146	34120	0.25	28.5
Bacillus_GCF_002562585.1_spacer_20	virome_phage_752	75.758	33	8	0	1	33	19647	19615	0.25	28.5
Bacillus_GCF_002562585.1_spacer_20	virome_phage_734	84.000	25	4	0	4	28	244289	244265	0.25	28.5
Bacillus_GCF_002562585.1_spacer_20	virome_phage_734	76.667	30	7	0	1	30	125535	125564	0.76	26.9
Bacillus_GCF_002562585.1_spacer_20	virome_phage_2357	81.481	27	5	0	2	28	5767	5741	0.25	28.5
Bacillus_GCF_002562585.1_spacer_20	virome_phage_840	78.571	28	6	0	2	29	13726	13753	0.76	26.9
Bacillus_GCF_002562585.1_spacer_20	virome_phage_749	86.364	22	3	0	8	29	16615	16636	0.76	26.9
Bacillus_GCF_002562585.1_spacer_20	virome_phage_2294	90.000	20	2	0	5	24	38621	38640	0.76	26.9
Bacillus_GCF_002562585.1_spacer_20	virome_phage_145	86.364	22	3	0	5	26	2101	2122	0.76	26.9
Bacillus_GCF_002562585.1_spacer_20	total_phage_92	100.000	16	0	0	18	33	152198	152213	0.76	26.9
Bacillus_GCF_002562585.1_spacer_20	total_phage_807	100.000	16	0	0	15	30	1088	1103	0.76	26.9
Bacillus_GCF_002562585.1_spacer_20	total_phage_500	80.769	26	5	0	5	30	75118	75143	0.76	26.9
Bacillus_GCF_002562585.1_spacer_20	total_phage_416	86.364	22	3	0	12	33	23738	23759	0.76	26.9
Bacillus_GCF_002562585.1_spacer_20	total_phage_231	100.000	16	0	0	18	33	130555	130570	0.76	26.9
Bacillus_GCF_002562585.1_spacer_20	total_phage_11	86.364	22	3	0	12	33	24456	24477	0.76	26.9
Bacillus_GCF_002562585.1_spacer_20	virome_phage_92	90.000	20	2	0	5	24	32649	32630	0.76	26.9
Bacillus_GCF_002562585.1_spacer_20	virome_phage_8	83.333	24	4	0	5	28	107324	107301	0.76	26.9
Bacillus_GCF_002562585.1_spacer_20	virome_phage_771	80.769	26	5	0	1	26	24827	24802	0.76	26.9
Bacillus_GCF_002562585.1_spacer_20	virome_phage_2327	94.444	18	1	0	15	32	108	91	0.76	26.9
Bacillus_GCF_002562585.1_spacer_20	virome_phage_2260	94.444	18	1	0	2	19	6279	6262	0.76	26.9
Bacillus_GCF_002562585.1_spacer_20	virome_phage_2238	80.769	26	5	0	5	30	32839	32814	0.76	26.9
Bacillus_GCF_002562585.1_spacer_20	virome_phage_115	80.769	26	5	0	1	26	8531	8506	0.76	26.9
Bacillus_GCF_002562585.1_spacer_20	total_phage_734	76.667	30	7	0	4	33	17273	17244	0.76	26.9
Bacillus_GCF_002562585.1_spacer_20	total_phage_664	86.364	22	3	0	7	28	4924	4903	0.76	26.9
Bacillus_GCF_002562585.1_spacer_20	total_phage_232	76.667	30	7	0	1	30	29470	29441	0.76	26.9
Bacillus_GCF_002562585.1_spacer_21	virome_phage_142	73.529	34	9	0	1	34	3099	3132	0.94	26.9
