Bacillus_GCA_026787575.1_spacer_0	virome_phage_46	90.476	21	2	0	7	27	2417	2437	0.25	28.5
Bacillus_GCA_026787575.1_spacer_0	virome_phage_58	94.444	18	1	0	5	22	37626	37643	0.76	26.9
Bacillus_GCA_026787575.1_spacer_0	total_phage_692	90.000	20	2	0	1	20	11340	11359	0.76	26.9
Bacillus_GCA_026787575.1_spacer_0	virome_phage_855	90.000	20	2	0	1	20	23164	23145	0.76	26.9
Bacillus_GCA_026787575.1_spacer_0	total_phage_658	90.000	20	2	0	1	20	34562	34543	0.76	26.9
Bacillus_GCA_026787575.1_spacer_1	virome_phage_2268	80.769	26	5	0	4	29	2555	2530	0.76	26.9
Bacillus_GCA_026787575.1_spacer_1	total_phage_179	86.364	22	3	0	2	23	22232	22211	0.76	26.9
Bacillus_GCA_026787575.1_spacer_1	virome_phage_2398	86.364	22	3	0	1	22	8914	8935	0.76	26.9
Bacillus_GCA_026787575.1_spacer_1	total_phage_788	86.364	22	3	0	2	23	20518	20539	0.76	26.9
Bacillus_GCA_026787575.1_spacer_2	virome_phage_48	77.143	35	8	0	1	35	3219	3253	0.042	31.7
Bacillus_GCA_026787575.1_spacer_2	virome_phage_802	84.615	26	4	0	1	26	35603	35628	0.13	30.1
Bacillus_GCA_026787575.1_spacer_3	virome_phage_856	84.000	25	4	0	1	25	7847	7871	0.38	28.5
Bacillus_GCA_026787575.1_spacer_3	virome_phage_2319	86.957	23	3	0	3	25	33420	33442	0.38	28.5
Bacillus_GCA_026787575.1_spacer_4	virome_phage_1082	84.000	25	4	0	10	34	1038	1014	0.38	28.5
Bacillus_GCA_026787575.1_spacer_6	virome_phage_818	81.481	27	5	0	2	28	36477	36451	0.25	28.5
Bacillus_GCA_026787575.1_spacer_6	virome_phage_2286	80.769	26	5	0	5	30	38688	38713	0.76	26.9
Bacillus_GCA_026787575.1_spacer_7	total_phage_239	94.444	18	1	0	5	22	8918	8935	0.76	26.9
Bacillus_GCA_026787575.1_spacer_7	virome_phage_7	86.364	22	3	0	3	24	40903	40882	0.76	26.9
Bacillus_GCA_026787575.1_spacer_7	virome_phage_2308	90.000	20	2	0	3	22	34655	34636	0.76	26.9
Bacillus_GCA_026787575.1_spacer_7	total_phage_730	90.000	20	2	0	10	29	71212	71193	0.76	26.9
Bacillus_GCA_026787575.1_spacer_8	virome_phage_2294	78.788	33	7	0	1	33	1246	1214	0.035	31.7
Bacillus_GCA_026787575.1_spacer_8	virome_phage_92	78.788	33	7	0	1	33	24063	24095	0.035	31.7
Bacillus_GCA_026787575.1_spacer_8	virome_phage_8	84.000	25	4	0	1	25	43860	43836	0.31	28.5
Bacillus_GCA_026787575.1_spacer_8	total_phage_232	81.481	27	5	0	8	34	34344	34318	0.31	28.5
Bacillus_GCA_026787575.1_spacer_8	virome_phage_939	79.310	29	6	0	5	33	15052	15080	0.31	28.5
Bacillus_GCA_026787575.1_spacer_8	virome_phage_752	77.419	31	7	0	4	34	28826	28856	0.31	28.5
Bacillus_GCA_026787575.1_spacer_8	virome_phage_771	80.769	26	5	0	8	33	28124	28099	0.94	26.9
Bacillus_GCA_026787575.1_spacer_8	virome_phage_7	73.529	34	9	0	1	34	89959	89926	0.94	26.9
Bacillus_GCA_026787575.1_spacer_8	virome_phage_32	76.667	30	7	0	3	32	12226	12197	0.94	26.9
Bacillus_GCA_026787575.1_spacer_8	virome_phage_3	83.333	24	4	0	1	24	25059	25036	0.94	26.9
Bacillus_GCA_026787575.1_spacer_8	virome_phage_115	80.769	26	5	0	8	33	11828	11803	0.94	26.9
Bacillus_GCA_026787575.1_spacer_8	total_phage_92	94.444	18	1	0	3	20	80808	80791	0.94	26.9
Bacillus_GCA_026787575.1_spacer_8	total_phage_798	78.571	28	6	0	7	34	28188	28161	0.94	26.9
Bacillus_GCA_026787575.1_spacer_8	virome_phage_835	83.333	24	4	0	4	27	17859	17882	0.94	26.9
Bacillus_GCA_026787575.1_spacer_8	virome_phage_743	90.000	20	2	0	15	34	5702	5721	0.94	26.9
Bacillus_GCA_026787575.1_spacer_8	virome_phage_2286	83.333	24	4	0	1	24	4002	4025	0.94	26.9
Bacillus_GCA_026787575.1_spacer_8	total_phage_788	86.364	22	3	0	3	24	4108	4129	0.94	26.9
Bacillus_GCA_026787575.1_spacer_8	total_phage_730	94.444	18	1	0	8	25	65930	65947	0.94	26.9
Bacillus_GCA_026787575.1_spacer_8	total_phage_117	80.769	26	5	0	4	29	7419	7444	0.94	26.9
