Bacillus_GCA_013267295.1_spacer_0	virome_phage_153	65.591	93	32	0	1	93	5771	5679	7.47e-06	47.5
Bacillus_GCA_013267295.1_spacer_0	virome_phage_153	64.706	68	24	0	2	69	5734	5667	0.15	33.3
Bacillus_GCA_013267295.1_spacer_0	virome_phage_153	63.768	69	25	0	19	87	5825	5757	0.44	31.7
Bacillus_GCA_013267295.1_spacer_0	virome_phage_52	65.169	89	31	0	5	93	44225	44137	6.72e-05	44.4
Bacillus_GCA_013267295.1_spacer_0	virome_phage_52	62.338	77	29	0	18	94	44131	44055	0.44	31.7
Bacillus_GCA_013267295.1_spacer_0	virome_phage_58	69.118	68	21	0	19	86	227	294	2.02e-04	42.8
Bacillus_GCA_013267295.1_spacer_0	virome_phage_5	69.118	68	21	0	17	84	28718	28651	2.02e-04	42.8
Bacillus_GCA_013267295.1_spacer_0	virome_phage_5	63.441	93	34	0	1	93	28509	28417	6.05e-04	41.2
Bacillus_GCA_013267295.1_spacer_0	virome_phage_5	67.143	70	23	0	26	95	28511	28442	0.002	39.6
Bacillus_GCA_013267295.1_spacer_0	virome_phage_5	64.103	78	28	0	11	88	28787	28710	0.016	36.5
Bacillus_GCA_013267295.1_spacer_0	virome_phage_5	70.588	51	15	0	25	75	27957	27907	0.049	34.9
Bacillus_GCA_013267295.1_spacer_0	virome_phage_5	66.129	62	21	0	15	76	28171	28110	0.15	33.3
Bacillus_GCA_013267295.1_spacer_0	virome_phage_5	65.625	64	22	0	26	89	29159	29096	0.15	33.3
Bacillus_GCA_013267295.1_spacer_0	virome_phage_2411	63.441	93	34	0	2	94	5977	6069	6.05e-04	41.2
Bacillus_GCA_013267295.1_spacer_0	virome_phage_176	63.441	93	34	0	2	94	5878	5970	6.05e-04	41.2
Bacillus_GCA_013267295.1_spacer_0	virome_phage_145	63.158	95	35	0	1	95	19449	19543	6.05e-04	41.2
Bacillus_GCA_013267295.1_spacer_0	virome_phage_145	64.557	79	28	0	16	94	17529	17607	0.005	38.0
Bacillus_GCA_013267295.1_spacer_0	virome_phage_2382	64.706	85	30	0	11	95	6951	6867	6.05e-04	41.2
Bacillus_GCA_013267295.1_spacer_0	virome_phage_2368	63.158	95	35	0	1	95	1503	1409	6.05e-04	41.2
Bacillus_GCA_013267295.1_spacer_0	virome_phage_2368	63.291	79	29	0	16	94	3423	3345	0.049	34.9
Bacillus_GCA_013267295.1_spacer_0	virome_phage_2368	62.821	78	29	0	1	78	966	889	0.15	33.3
Bacillus_GCA_013267295.1_spacer_0	virome_phage_2368	67.273	55	18	0	40	94	3330	3276	0.44	31.7
Bacillus_GCA_013267295.1_spacer_0	virome_phage_780	71.429	56	16	0	2	57	31618	31673	0.002	39.6
Bacillus_GCA_013267295.1_spacer_0	virome_phage_780	71.429	56	16	0	2	57	33729	33784	0.002	39.6
Bacillus_GCA_013267295.1_spacer_0	virome_phage_780	71.429	56	16	0	2	57	36000	36055	0.002	39.6
Bacillus_GCA_013267295.1_spacer_0	virome_phage_780	70.909	55	16	0	2	56	31627	31681	0.005	38.0
Bacillus_GCA_013267295.1_spacer_0	virome_phage_780	71.698	53	15	0	4	56	33806	33858	0.005	38.0
Bacillus_GCA_013267295.1_spacer_0	virome_phage_780	68.333	60	19	0	38	97	31618	31677	0.016	36.5
Bacillus_GCA_013267295.1_spacer_0	virome_phage_780	71.429	49	14	0	9	57	35998	36046	0.049	34.9
Bacillus_GCA_013267295.1_spacer_0	virome_phage_780	66.667	60	20	0	33	92	31622	31681	0.15	33.3
Bacillus_GCA_013267295.1_spacer_0	virome_phage_780	77.778	36	8	0	22	57	33806	33841	0.15	33.3
Bacillus_GCA_013267295.1_spacer_0	virome_phage_780	76.316	38	9	0	20	57	33813	33850	0.15	33.3
Bacillus_GCA_013267295.1_spacer_0	virome_phage_780	77.778	36	8	0	22	57	33890	33925	0.15	33.3
Bacillus_GCA_013267295.1_spacer_0	virome_phage_780	75.676	37	9	0	20	56	33756	33792	0.44	31.7
Bacillus_GCA_013267295.1_spacer_0	virome_phage_780	77.143	35	8	0	22	56	33857	33891	0.44	31.7
Bacillus_GCA_013267295.1_spacer_0	virome_phage_780	88.000	25	3	0	33	57	33859	33883	0.44	31.7
Bacillus_GCA_013267295.1_spacer_0	virome_phage_780	66.102	59	20	0	35	93	35997	36055	0.44	31.7
Bacillus_GCA_013267295.1_spacer_0	virome_phage_2342	67.164	67	22	0	11	77	19708	19774	0.005	38.0
Bacillus_GCA_013267295.1_spacer_0	virome_phage_1	72.549	51	14	0	27	77	221383	221433	0.005	38.0
Bacillus_GCA_013267295.1_spacer_0	virome_phage_824	72.549	51	14	0	44	94	11826	11776	0.005	38.0
Bacillus_GCA_013267295.1_spacer_0	virome_phage_155	64.865	74	26	0	2	75	5664	5591	0.016	36.5
Bacillus_GCA_013267295.1_spacer_0	virome_phage_155	64.865	74	26	0	20	93	6258	6185	0.016	36.5
Bacillus_GCA_013267295.1_spacer_0	virome_phage_155	60.870	92	36	0	2	93	5745	5654	0.15	33.3
Bacillus_GCA_013267295.1_spacer_0	virome_phage_2282	71.429	49	14	0	47	95	37785	37833	0.049	34.9
Bacillus_GCA_013267295.1_spacer_0	virome_phage_786	72.340	47	13	0	11	57	35044	34998	0.049	34.9
Bacillus_GCA_013267295.1_spacer_0	virome_phage_2402	78.378	37	8	0	44	80	6249	6213	0.049	34.9
Bacillus_GCA_013267295.1_spacer_0	virome_phage_2389	73.810	42	11	0	55	96	6521	6480	0.15	33.3
Bacillus_GCA_013267295.1_spacer_0	virome_phage_152	60.870	92	36	0	2	93	6687	6596	0.15	33.3
Bacillus_GCA_013267295.1_spacer_0	virome_phage_876	66.102	59	20	0	26	84	21138	21196	0.44	31.7
Bacillus_GCA_013267295.1_spacer_0	virome_phage_829	63.380	71	26	0	19	89	14460	14530	0.44	31.7
Bacillus_GCA_013267295.1_spacer_0	virome_phage_22	82.759	29	5	0	21	49	55375	55403	0.44	31.7
Bacillus_GCA_013267295.1_spacer_0	virome_phage_35	80.645	31	6	0	1	31	465	435	0.44	31.7
Bacillus_GCA_013267295.1_spacer_1	virome_phage_145	68.269	104	33	0	1	104	19458	19561	4.33e-10	61.8
Bacillus_GCA_013267295.1_spacer_1	virome_phage_145	67.647	102	33	0	1	102	17469	17570	3.90e-09	58.6
Bacillus_GCA_013267295.1_spacer_1	virome_phage_145	76.190	63	15	0	27	89	17540	17602	1.05e-07	53.9
Bacillus_GCA_013267295.1_spacer_1	virome_phage_145	64.078	103	37	0	2	104	17443	17545	8.53e-06	47.5
Bacillus_GCA_013267295.1_spacer_1	virome_phage_145	75.000	56	14	0	2	57	17551	17606	2.56e-05	46.0
Bacillus_GCA_013267295.1_spacer_1	virome_phage_145	74.074	54	14	0	4	57	17622	17675	2.30e-04	42.8
Bacillus_GCA_013267295.1_spacer_1	virome_phage_145	62.500	104	39	0	1	104	19494	19597	2.30e-04	42.8
Bacillus_GCA_013267295.1_spacer_1	virome_phage_145	67.647	68	22	0	11	78	18277	18344	0.002	39.6
Bacillus_GCA_013267295.1_spacer_1	virome_phage_145	62.245	98	37	0	1	98	19449	19546	0.002	39.6
Bacillus_GCA_013267295.1_spacer_1	virome_phage_145	64.286	84	30	0	1	84	20031	20114	0.002	39.6
Bacillus_GCA_013267295.1_spacer_1	virome_phage_145	70.909	55	16	0	22	76	19443	19497	0.006	38.0
Bacillus_GCA_013267295.1_spacer_1	virome_phage_145	64.474	76	27	0	1	76	17451	17526	0.019	36.5
Bacillus_GCA_013267295.1_spacer_1	virome_phage_145	63.095	84	31	0	20	103	17524	17607	0.019	36.5
Bacillus_GCA_013267295.1_spacer_1	virome_phage_145	62.353	85	32	0	20	104	19762	19846	0.056	34.9
Bacillus_GCA_013267295.1_spacer_1	virome_phage_145	61.364	88	34	0	17	104	19255	19342	0.17	33.3
Bacillus_GCA_013267295.1_spacer_1	virome_phage_145	62.025	79	30	0	25	103	17412	17490	0.50	31.7
Bacillus_GCA_013267295.1_spacer_1	virome_phage_145	59.223	103	42	0	1	103	18240	18342	0.50	31.7
Bacillus_GCA_013267295.1_spacer_1	virome_phage_824	74.359	78	20	0	26	103	11844	11767	4.33e-10	61.8
Bacillus_GCA_013267295.1_spacer_1	virome_phage_824	78.333	60	13	0	1	60	11833	11774	3.51e-08	55.5
Bacillus_GCA_013267295.1_spacer_1	virome_phage_824	67.816	87	28	0	20	106	11904	11818	9.48e-07	50.7
Bacillus_GCA_013267295.1_spacer_1	virome_phage_824	61.538	104	40	0	2	105	11778	11675	0.002	39.6
Bacillus_GCA_013267295.1_spacer_1	virome_phage_824	60.194	103	41	0	1	103	11878	11776	0.056	34.9
Bacillus_GCA_013267295.1_spacer_1	virome_phage_824	74.359	39	10	0	1	39	11788	11750	0.50	31.7
Bacillus_GCA_013267295.1_spacer_1	virome_phage_2368	67.308	104	34	0	1	104	1494	1391	3.90e-09	58.6
Bacillus_GCA_013267295.1_spacer_1	virome_phage_2368	66.667	102	34	0	1	102	3483	3382	3.51e-08	55.5
Bacillus_GCA_013267295.1_spacer_1	virome_phage_2368	74.603	63	16	0	27	89	3412	3350	9.48e-07	50.7
Bacillus_GCA_013267295.1_spacer_1	virome_phage_2368	78.723	47	10	0	11	57	3392	3346	7.68e-05	44.4
Bacillus_GCA_013267295.1_spacer_1	virome_phage_2368	63.107	103	38	0	2	104	3509	3407	7.68e-05	44.4
Bacillus_GCA_013267295.1_spacer_1	virome_phage_2368	62.500	104	39	0	1	104	1458	1355	2.30e-04	42.8
Bacillus_GCA_013267295.1_spacer_1	virome_phage_2368	62.500	104	39	0	1	104	1503	1400	2.30e-04	42.8
Bacillus_GCA_013267295.1_spacer_1	virome_phage_2368	72.222	54	15	0	4	57	3330	3277	0.002	39.6
Bacillus_GCA_013267295.1_spacer_1	virome_phage_2368	70.909	55	16	0	22	76	1509	1455	0.006	38.0
Bacillus_GCA_013267295.1_spacer_1	virome_phage_2368	66.176	68	23	0	11	78	2675	2608	0.019	36.5
Bacillus_GCA_013267295.1_spacer_1	virome_phage_2368	62.353	85	32	0	20	104	1172	1088	0.056	34.9
Bacillus_GCA_013267295.1_spacer_1	virome_phage_2368	64.000	75	27	0	1	75	3501	3427	0.056	34.9
Bacillus_GCA_013267295.1_spacer_1	virome_phage_2368	61.364	88	34	0	17	104	1697	1610	0.17	33.3
Bacillus_GCA_013267295.1_spacer_1	virome_phage_2368	61.905	84	32	0	20	103	3428	3345	0.17	33.3
Bacillus_GCA_013267295.1_spacer_1	virome_phage_2368	62.667	75	28	0	11	85	1127	1053	0.50	31.7
Bacillus_GCA_013267295.1_spacer_1	virome_phage_2368	74.359	39	10	0	47	85	2675	2637	0.50	31.7
Bacillus_GCA_013267295.1_spacer_1	virome_phage_2368	62.025	79	30	0	25	103	3540	3462	0.50	31.7
Bacillus_GCA_013267295.1_spacer_1	virome_phage_5	67.677	99	32	0	1	99	28473	28375	1.17e-08	57.1
Bacillus_GCA_013267295.1_spacer_1	virome_phage_5	64.000	75	27	0	2	76	28184	28110	0.056	34.9
Bacillus_GCA_013267295.1_spacer_1	virome_phage_5	71.429	49	14	0	19	67	28203	28155	0.056	34.9
Bacillus_GCA_013267295.1_spacer_1	virome_phage_5	62.667	75	28	0	1	75	28500	28426	0.50	31.7
Bacillus_GCA_013267295.1_spacer_1	virome_phage_5	67.925	53	17	0	1	53	28788	28736	0.50	31.7
Bacillus_GCA_013267295.1_spacer_1	virome_phage_5	77.143	35	8	0	34	68	29124	29090	0.50	31.7
Bacillus_GCA_013267295.1_spacer_1	virome_phage_1	66.346	104	35	0	1	104	220916	221019	3.51e-08	55.5
Bacillus_GCA_013267295.1_spacer_1	virome_phage_1	70.000	70	21	0	36	105	219862	219931	2.56e-05	46.0
Bacillus_GCA_013267295.1_spacer_1	virome_phage_1	65.000	80	28	0	25	104	220598	220677	0.002	39.6
Bacillus_GCA_013267295.1_spacer_1	virome_phage_1	71.429	49	14	0	2	50	221403	221451	0.056	34.9
Bacillus_GCA_013267295.1_spacer_1	virome_phage_1	71.429	49	14	0	58	106	221834	221882	0.056	34.9
Bacillus_GCA_013267295.1_spacer_1	virome_phage_1	77.778	36	8	0	70	105	220229	220264	0.17	33.3
Bacillus_GCA_013267295.1_spacer_1	virome_phage_1	61.905	84	32	0	2	85	220953	221036	0.17	33.3
Bacillus_GCA_013267295.1_spacer_1	virome_phage_1	66.667	57	19	0	1	57	219863	219919	0.50	31.7
Bacillus_GCA_013267295.1_spacer_1	virome_phage_1	64.615	65	23	0	22	86	220541	220605	0.50	31.7
Bacillus_GCA_013267295.1_spacer_1	virome_phage_1	61.176	85	33	0	2	86	221367	221451	0.50	31.7
Bacillus_GCA_013267295.1_spacer_1	virome_phage_803	70.149	67	20	0	1	67	35267	35333	7.68e-05	44.4
Bacillus_GCA_013267295.1_spacer_1	virome_phage_152	64.706	85	30	0	11	95	6588	6504	6.91e-04	41.2
Bacillus_GCA_013267295.1_spacer_1	virome_phage_152	75.610	41	10	0	56	96	7365	7325	0.056	34.9
Bacillus_GCA_013267295.1_spacer_1	virome_phage_52	64.198	81	29	0	8	88	44096	44016	0.006	38.0
Bacillus_GCA_013267295.1_spacer_1	virome_phage_52	59.804	102	41	0	1	102	44274	44173	0.17	33.3
Bacillus_GCA_013267295.1_spacer_1	virome_phage_52	60.870	92	36	0	11	102	44453	44362	0.17	33.3
Bacillus_GCA_013267295.1_spacer_1	virome_phage_52	59.596	99	40	0	7	105	44187	44089	0.50	31.7
Bacillus_GCA_013267295.1_spacer_1	virome_phage_2411	69.643	56	17	0	2	57	6013	6068	0.019	36.5
Bacillus_GCA_013267295.1_spacer_1	virome_phage_2411	68.421	57	18	0	47	103	6013	6069	0.056	34.9
Bacillus_GCA_013267295.1_spacer_1	virome_phage_176	69.643	56	17	0	2	57	5914	5969	0.019	36.5
Bacillus_GCA_013267295.1_spacer_1	virome_phage_176	68.421	57	18	0	47	103	5914	5970	0.056	34.9
Bacillus_GCA_013267295.1_spacer_1	virome_phage_14	68.966	58	18	0	1	58	31495	31438	0.019	36.5
Bacillus_GCA_013267295.1_spacer_1	virome_phage_14	73.810	42	11	0	25	66	31498	31457	0.17	33.3
Bacillus_GCA_013267295.1_spacer_1	virome_phage_14	65.574	61	21	0	29	89	31503	31443	0.50	31.7
Bacillus_GCA_013267295.1_spacer_1	virome_phage_94	61.798	89	34	0	18	106	5480	5392	0.056	34.9
Bacillus_GCA_013267295.1_spacer_1	virome_phage_876	66.129	62	21	0	8	69	21057	21118	0.17	33.3
Bacillus_GCA_013267295.1_spacer_1	virome_phage_876	70.213	47	14	0	20	66	21168	21214	0.50	31.7
Bacillus_GCA_013267295.1_spacer_1	virome_phage_2342	67.857	56	18	0	11	66	19627	19682	0.17	33.3
Bacillus_GCA_013267295.1_spacer_1	virome_phage_906	66.667	60	20	0	47	106	19787	19728	0.17	33.3
Bacillus_GCA_013267295.1_spacer_1	virome_phage_906	66.667	60	20	0	47	106	19796	19737	0.17	33.3
Bacillus_GCA_013267295.1_spacer_1	virome_phage_906	66.667	60	20	0	47	106	19805	19746	0.17	33.3
Bacillus_GCA_013267295.1_spacer_1	virome_phage_906	66.667	60	20	0	47	106	19865	19806	0.17	33.3
Bacillus_GCA_013267295.1_spacer_1	virome_phage_906	66.667	60	20	0	47	106	21964	21905	0.17	33.3
Bacillus_GCA_013267295.1_spacer_1	virome_phage_906	66.667	60	20	0	47	106	21973	21914	0.17	33.3
Bacillus_GCA_013267295.1_spacer_1	virome_phage_2282	74.359	39	10	0	38	76	37830	37868	0.50	31.7
Bacillus_GCA_013267295.1_spacer_1	virome_phage_786	77.143	35	8	0	72	106	34848	34814	0.50	31.7
Bacillus_GCA_013267295.1_spacer_1	virome_phage_2382	63.014	73	27	0	23	95	7608	7536	0.50	31.7
Bacillus_GCA_013267295.1_spacer_2	virome_phage_145	68.085	94	30	0	2	95	19459	19552	3.07e-08	55.5
Bacillus_GCA_013267295.1_spacer_2	virome_phage_145	73.016	63	17	0	27	89	17540	17602	7.47e-06	47.5
Bacillus_GCA_013267295.1_spacer_2	virome_phage_145	64.211	95	34	0	1	95	17442	17536	6.72e-05	44.4
Bacillus_GCA_013267295.1_spacer_2	virome_phage_145	73.684	57	15	0	1	57	17550	17606	6.72e-05	44.4
Bacillus_GCA_013267295.1_spacer_2	virome_phage_145	69.565	69	21	0	10	78	18276	18344	6.72e-05	44.4
Bacillus_GCA_013267295.1_spacer_2	virome_phage_145	65.060	83	29	0	2	84	20032	20114	6.05e-04	41.2
Bacillus_GCA_013267295.1_spacer_2	virome_phage_145	63.043	92	34	0	2	93	17479	17570	0.002	39.6
Bacillus_GCA_013267295.1_spacer_2	virome_phage_145	70.909	55	16	0	22	76	19443	19497	0.005	38.0
Bacillus_GCA_013267295.1_spacer_2	virome_phage_145	64.865	74	26	0	20	93	17524	17597	0.016	36.5
Bacillus_GCA_013267295.1_spacer_2	virome_phage_145	76.316	38	9	0	20	57	17638	17675	0.15	33.3
Bacillus_GCA_013267295.1_spacer_2	virome_phage_824	69.880	83	25	0	11	93	11859	11777	9.22e-08	53.9
Bacillus_GCA_013267295.1_spacer_2	virome_phage_824	77.358	53	12	0	8	60	11826	11774	7.47e-06	47.5
Bacillus_GCA_013267295.1_spacer_2	virome_phage_824	66.234	77	26	0	20	96	11751	11675	6.05e-04	41.2
Bacillus_GCA_013267295.1_spacer_2	virome_phage_824	64.474	76	27	0	20	95	11904	11829	0.016	36.5
Bacillus_GCA_013267295.1_spacer_2	virome_phage_2368	68.182	88	28	0	2	89	1493	1406	2.76e-07	52.3
Bacillus_GCA_013267295.1_spacer_2	virome_phage_2368	71.429	63	18	0	27	89	3412	3350	6.72e-05	44.4
Bacillus_GCA_013267295.1_spacer_2	virome_phage_2368	68.116	69	22	0	10	78	2676	2608	6.05e-04	41.2
Bacillus_GCA_013267295.1_spacer_2	virome_phage_2368	76.596	47	11	0	11	57	3392	3346	6.05e-04	41.2
Bacillus_GCA_013267295.1_spacer_2	virome_phage_2368	66.234	77	26	0	1	77	3510	3434	6.05e-04	41.2
Bacillus_GCA_013267295.1_spacer_2	virome_phage_2368	70.909	55	16	0	22	76	1509	1455	0.005	38.0
Bacillus_GCA_013267295.1_spacer_2	virome_phage_2368	63.514	74	27	0	20	93	3428	3355	0.15	33.3
Bacillus_GCA_013267295.1_spacer_2	virome_phage_2368	60.870	92	36	0	2	93	3473	3382	0.15	33.3
Bacillus_GCA_013267295.1_spacer_2	virome_phage_1	65.882	85	29	0	1	85	220952	221036	6.72e-05	44.4
Bacillus_GCA_013267295.1_spacer_2	virome_phage_1	64.130	92	33	0	2	93	220917	221008	2.02e-04	42.8
Bacillus_GCA_013267295.1_spacer_2	virome_phage_1	70.690	58	17	0	36	93	219862	219919	0.002	39.6
Bacillus_GCA_013267295.1_spacer_2	virome_phage_1	70.000	50	15	0	1	50	221402	221451	0.15	33.3
Bacillus_GCA_013267295.1_spacer_2	virome_phage_1	70.213	47	14	0	11	57	219873	219919	0.44	31.7
Bacillus_GCA_013267295.1_spacer_2	virome_phage_1	64.615	65	23	0	22	86	220541	220605	0.44	31.7
Bacillus_GCA_013267295.1_spacer_2	virome_phage_52	63.636	88	32	0	1	88	44103	44016	0.002	39.6
Bacillus_GCA_013267295.1_spacer_2	virome_phage_52	63.953	86	31	0	2	87	44453	44368	0.002	39.6
Bacillus_GCA_013267295.1_spacer_2	virome_phage_2282	79.487	39	8	0	38	76	37830	37868	0.005	38.0
Bacillus_GCA_013267295.1_spacer_2	virome_phage_2282	78.788	33	7	0	11	43	37785	37817	0.44	31.7
Bacillus_GCA_013267295.1_spacer_2	virome_phage_5	65.333	75	26	0	2	76	28184	28110	0.005	38.0
Bacillus_GCA_013267295.1_spacer_2	virome_phage_5	63.529	85	31	0	2	86	28472	28388	0.005	38.0
Bacillus_GCA_013267295.1_spacer_2	virome_phage_5	71.429	49	14	0	19	67	28203	28155	0.049	34.9
Bacillus_GCA_013267295.1_spacer_2	virome_phage_5	70.588	51	15	0	11	61	28427	28377	0.049	34.9
Bacillus_GCA_013267295.1_spacer_2	virome_phage_5	77.143	35	8	0	34	68	29124	29090	0.44	31.7
Bacillus_GCA_013267295.1_spacer_2	virome_phage_152	62.791	86	32	0	10	95	6589	6504	0.016	36.5
Bacillus_GCA_013267295.1_spacer_2	virome_phage_152	76.190	42	10	0	56	97	7365	7324	0.016	36.5
Bacillus_GCA_013267295.1_spacer_2	virome_phage_803	83.871	31	5	0	46	76	35276	35306	0.049	34.9
Bacillus_GCA_013267295.1_spacer_2	virome_phage_876	66.129	62	21	0	8	69	21057	21118	0.15	33.3
Bacillus_GCA_013267295.1_spacer_2	virome_phage_2411	67.857	56	18	0	38	93	6013	6068	0.15	33.3
Bacillus_GCA_013267295.1_spacer_2	virome_phage_176	67.857	56	18	0	38	93	5914	5969	0.15	33.3
Bacillus_GCA_013267295.1_spacer_2	virome_phage_786	66.102	59	20	0	9	67	35019	34961	0.44	31.7
Bacillus_GCA_013267295.1_spacer_2	virome_phage_2382	63.014	73	27	0	23	95	7608	7536	0.44	31.7
Bacillus_GCA_013267295.1_spacer_3	virome_phage_824	74.667	75	19	0	1	75	11833	11759	9.75e-10	60.2
Bacillus_GCA_013267295.1_spacer_3	virome_phage_824	75.806	62	15	0	26	87	11844	11783	2.37e-07	52.3
Bacillus_GCA_013267295.1_spacer_3	virome_phage_824	65.672	67	23	0	20	86	11904	11838	0.042	34.9
Bacillus_GCA_013267295.1_spacer_3	virome_phage_824	74.359	39	10	0	1	39	11788	11750	0.38	31.7
Bacillus_GCA_013267295.1_spacer_3	virome_phage_824	80.645	31	6	0	56	86	11913	11883	0.38	31.7
Bacillus_GCA_013267295.1_spacer_3	virome_phage_145	76.119	67	16	0	11	77	17524	17590	8.78e-09	57.1
Bacillus_GCA_013267295.1_spacer_3	virome_phage_145	71.053	76	22	0	1	76	19458	19533	2.37e-07	52.3
Bacillus_GCA_013267295.1_spacer_3	virome_phage_145	76.786	56	13	0	2	57	17551	17606	2.13e-06	49.1
Bacillus_GCA_013267295.1_spacer_3	virome_phage_145	70.588	68	20	0	11	78	18277	18344	1.92e-05	46.0
Bacillus_GCA_013267295.1_spacer_3	virome_phage_145	72.881	59	16	0	27	85	17432	17490	5.76e-05	44.4
Bacillus_GCA_013267295.1_spacer_3	virome_phage_145	67.105	76	25	0	2	77	17443	17518	1.73e-04	42.8
Bacillus_GCA_013267295.1_spacer_3	virome_phage_145	74.074	54	14	0	4	57	17622	17675	1.73e-04	42.8
Bacillus_GCA_013267295.1_spacer_3	virome_phage_145	67.105	76	25	0	1	76	19449	19524	1.73e-04	42.8
Bacillus_GCA_013267295.1_spacer_3	virome_phage_145	65.476	84	29	0	1	84	20031	20114	1.73e-04	42.8
Bacillus_GCA_013267295.1_spacer_3	virome_phage_145	64.368	87	31	0	1	87	17478	17564	5.18e-04	41.2
Bacillus_GCA_013267295.1_spacer_3	virome_phage_145	73.585	53	14	0	1	53	19494	19546	5.18e-04	41.2
Bacillus_GCA_013267295.1_spacer_3	virome_phage_145	65.789	76	26	0	1	76	17451	17526	0.002	39.6
Bacillus_GCA_013267295.1_spacer_3	virome_phage_145	70.909	55	16	0	22	76	19443	19497	0.005	38.0
Bacillus_GCA_013267295.1_spacer_3	virome_phage_145	69.643	56	17	0	20	75	19303	19358	0.014	36.5
Bacillus_GCA_013267295.1_spacer_3	virome_phage_145	67.213	61	20	0	26	86	19528	19588	0.042	34.9
Bacillus_GCA_013267295.1_spacer_3	virome_phage_145	66.667	60	20	0	17	76	19255	19314	0.13	33.3
Bacillus_GCA_013267295.1_spacer_3	virome_phage_145	74.359	39	10	0	47	85	18277	18315	0.38	31.7
Bacillus_GCA_013267295.1_spacer_3	virome_phage_145	64.179	67	24	0	2	68	19825	19891	0.38	31.7
Bacillus_GCA_013267295.1_spacer_3	virome_phage_2368	71.053	76	22	0	1	76	1494	1419	2.37e-07	52.3
Bacillus_GCA_013267295.1_spacer_3	virome_phage_2368	80.392	51	10	0	27	77	3412	3362	7.11e-07	50.7
Bacillus_GCA_013267295.1_spacer_3	virome_phage_2368	80.851	47	9	0	11	57	3392	3346	6.40e-06	47.5
Bacillus_GCA_013267295.1_spacer_3	virome_phage_2368	72.881	59	16	0	27	85	3520	3462	5.76e-05	44.4
Bacillus_GCA_013267295.1_spacer_3	virome_phage_2368	67.105	76	25	0	1	76	1503	1428	1.73e-04	42.8
Bacillus_GCA_013267295.1_spacer_3	virome_phage_2368	69.118	68	21	0	11	78	2675	2608	1.73e-04	42.8
Bacillus_GCA_013267295.1_spacer_3	virome_phage_2368	67.105	76	25	0	2	77	3509	3434	1.73e-04	42.8
Bacillus_GCA_013267295.1_spacer_3	virome_phage_2368	73.585	53	14	0	1	53	1458	1406	5.18e-04	41.2
Bacillus_GCA_013267295.1_spacer_3	virome_phage_2368	72.222	54	15	0	4	57	3330	3277	0.002	39.6
Bacillus_GCA_013267295.1_spacer_3	virome_phage_2368	68.852	61	19	0	26	86	1424	1364	0.005	38.0
Bacillus_GCA_013267295.1_spacer_3	virome_phage_2368	70.909	55	16	0	22	76	1509	1455	0.005	38.0
Bacillus_GCA_013267295.1_spacer_3	virome_phage_2368	65.333	75	26	0	1	75	3501	3427	0.005	38.0
Bacillus_GCA_013267295.1_spacer_3	virome_phage_2368	69.643	56	17	0	20	75	1649	1594	0.014	36.5
Bacillus_GCA_013267295.1_spacer_3	virome_phage_2368	64.000	75	27	0	11	85	1127	1053	0.042	34.9
Bacillus_GCA_013267295.1_spacer_3	virome_phage_2368	62.069	87	33	0	1	87	3474	3388	0.042	34.9
Bacillus_GCA_013267295.1_spacer_3	virome_phage_2368	65.152	66	23	0	2	67	1127	1062	0.13	33.3
Bacillus_GCA_013267295.1_spacer_3	virome_phage_2368	66.667	60	20	0	17	76	1697	1638	0.13	33.3
Bacillus_GCA_013267295.1_spacer_3	virome_phage_2368	65.152	66	23	0	2	67	2675	2610	0.13	33.3
Bacillus_GCA_013267295.1_spacer_3	virome_phage_2368	74.359	39	10	0	47	85	2675	2637	0.38	31.7
Bacillus_GCA_013267295.1_spacer_3	virome_phage_5	67.442	86	28	0	1	86	28473	28388	2.13e-06	49.1
Bacillus_GCA_013267295.1_spacer_3	virome_phage_5	66.279	86	29	0	2	87	28175	28090	1.92e-05	46.0
Bacillus_GCA_013267295.1_spacer_3	virome_phage_5	68.000	75	24	0	2	76	28184	28110	5.76e-05	44.4
Bacillus_GCA_013267295.1_spacer_3	virome_phage_5	69.643	56	17	0	11	66	28211	28156	0.014	36.5
Bacillus_GCA_013267295.1_spacer_3	virome_phage_5	64.000	75	27	0	1	75	28500	28426	0.042	34.9
Bacillus_GCA_013267295.1_spacer_3	virome_phage_5	69.811	53	16	0	1	53	28788	28736	0.042	34.9
Bacillus_GCA_013267295.1_spacer_3	virome_phage_5	63.514	74	27	0	2	75	29957	29884	0.13	33.3
Bacillus_GCA_013267295.1_spacer_3	virome_phage_5	70.213	47	14	0	15	61	28423	28377	0.38	31.7
Bacillus_GCA_013267295.1_spacer_3	virome_phage_5	73.171	41	11	0	36	76	28789	28749	0.38	31.7
Bacillus_GCA_013267295.1_spacer_3	virome_phage_1	67.857	84	27	0	1	84	220916	220999	2.13e-06	49.1
Bacillus_GCA_013267295.1_spacer_3	virome_phage_1	63.095	84	31	0	2	85	220953	221036	0.014	36.5
Bacillus_GCA_013267295.1_spacer_3	virome_phage_1	68.421	57	18	0	1	57	219863	219919	0.042	34.9
Bacillus_GCA_013267295.1_spacer_3	virome_phage_1	66.154	65	22	0	22	86	220541	220605	0.042	34.9
Bacillus_GCA_013267295.1_spacer_3	virome_phage_1	74.419	43	11	0	25	67	220598	220640	0.042	34.9
Bacillus_GCA_013267295.1_spacer_3	virome_phage_1	62.353	85	32	0	2	86	221367	221451	0.042	34.9
Bacillus_GCA_013267295.1_spacer_3	virome_phage_1	68.627	51	16	0	36	86	219862	219912	0.38	31.7
Bacillus_GCA_013267295.1_spacer_3	virome_phage_803	68.182	66	21	0	1	66	35267	35332	0.002	39.6
Bacillus_GCA_013267295.1_spacer_3	virome_phage_14	68.966	58	18	0	1	58	31495	31438	0.014	36.5
Bacillus_GCA_013267295.1_spacer_3	virome_phage_14	74.419	43	11	0	25	67	31498	31456	0.042	34.9
Bacillus_GCA_013267295.1_spacer_3	virome_phage_14	72.727	44	12	0	27	70	31190	31147	0.13	33.3
Bacillus_GCA_013267295.1_spacer_3	virome_phage_2342	72.000	50	14	0	19	68	20905	20954	0.014	36.5
Bacillus_GCA_013267295.1_spacer_3	virome_phage_2342	69.231	52	16	0	17	68	19615	19666	0.13	33.3
Bacillus_GCA_013267295.1_spacer_3	virome_phage_2342	67.857	56	18	0	11	66	19627	19682	0.13	33.3
Bacillus_GCA_013267295.1_spacer_3	virome_phage_2342	66.667	60	20	0	20	79	21718	21777	0.13	33.3
Bacillus_GCA_013267295.1_spacer_3	virome_phage_2345	66.154	65	22	0	11	75	2332	2268	0.042	34.9
Bacillus_GCA_013267295.1_spacer_3	virome_phage_829	66.154	65	22	0	11	75	14452	14516	0.042	34.9
Bacillus_GCA_013267295.1_spacer_3	virome_phage_52	62.821	78	29	0	8	85	44096	44019	0.13	33.3
Bacillus_GCA_013267295.1_spacer_3	virome_phage_52	61.628	86	33	0	2	87	44453	44368	0.13	33.3
Bacillus_GCA_013267295.1_spacer_3	virome_phage_2411	67.857	56	18	0	2	57	6013	6068	0.13	33.3
Bacillus_GCA_013267295.1_spacer_3	virome_phage_176	67.857	56	18	0	2	57	5914	5969	0.13	33.3
Bacillus_GCA_013267295.1_spacer_3	virome_phage_876	70.213	47	14	0	20	66	21168	21214	0.38	31.7
Bacillus_GCA_013267295.1_spacer_3	virome_phage_2282	78.788	33	7	0	47	79	37785	37817	0.38	31.7
Bacillus_GCA_013267295.1_spacer_4	virome_phage_824	82.000	50	9	0	8	57	11826	11777	1.23e-07	52.3
Bacillus_GCA_013267295.1_spacer_4	virome_phage_824	72.340	47	13	0	11	57	11859	11813	0.022	34.9
Bacillus_GCA_013267295.1_spacer_4	virome_phage_824	73.684	38	10	0	2	39	11787	11750	0.59	30.1
Bacillus_GCA_013267295.1_spacer_4	virome_phage_145	75.862	58	14	0	2	59	19495	19552	1.11e-06	49.1
Bacillus_GCA_013267295.1_spacer_4	virome_phage_145	75.439	57	14	0	1	57	17550	17606	3.32e-06	47.5
Bacillus_GCA_013267295.1_spacer_4	virome_phage_145	81.579	38	7	0	20	57	17638	17675	8.06e-04	39.6
Bacillus_GCA_013267295.1_spacer_4	virome_phage_145	70.175	57	17	0	2	58	19450	19506	0.002	38.0
Bacillus_GCA_013267295.1_spacer_4	virome_phage_145	67.241	58	19	0	2	59	17479	17536	0.065	33.3
Bacillus_GCA_013267295.1_spacer_4	virome_phage_145	75.000	40	10	0	10	49	18276	18315	0.065	33.3
Bacillus_GCA_013267295.1_spacer_4	virome_phage_145	67.857	56	18	0	2	57	19459	19514	0.065	33.3
Bacillus_GCA_013267295.1_spacer_4	virome_phage_145	67.857	56	18	0	2	57	20032	20087	0.065	33.3
Bacillus_GCA_013267295.1_spacer_4	virome_phage_145	80.645	31	6	0	27	57	17540	17570	0.20	31.7
Bacillus_GCA_013267295.1_spacer_4	virome_phage_2368	76.923	52	12	0	2	53	1457	1406	9.95e-06	46.0
Bacillus_GCA_013267295.1_spacer_4	virome_phage_2368	78.723	47	10	0	11	57	3392	3346	2.99e-05	44.4
Bacillus_GCA_013267295.1_spacer_4	virome_phage_2368	70.175	57	17	0	2	58	1502	1446	0.002	38.0
Bacillus_GCA_013267295.1_spacer_4	virome_phage_2368	78.947	38	8	0	20	57	3314	3277	0.007	36.5
Bacillus_GCA_013267295.1_spacer_4	virome_phage_2368	67.857	56	18	0	2	57	1493	1438	0.065	33.3
Bacillus_GCA_013267295.1_spacer_4	virome_phage_2368	75.000	40	10	0	10	49	2676	2637	0.065	33.3
Bacillus_GCA_013267295.1_spacer_4	virome_phage_2368	68.750	48	15	0	2	49	2675	2628	0.59	30.1
Bacillus_GCA_013267295.1_spacer_4	virome_phage_2368	65.517	58	20	0	2	59	3473	3416	0.59	30.1
Bacillus_GCA_013267295.1_spacer_4	virome_phage_1	72.000	50	14	0	1	50	221402	221451	0.007	36.5
Bacillus_GCA_013267295.1_spacer_4	virome_phage_5	70.588	51	15	0	11	61	28427	28377	0.022	34.9
Bacillus_GCA_013267295.1_spacer_4	virome_phage_5	67.308	52	17	0	2	53	28787	28736	0.59	30.1
Bacillus_GCA_013267295.1_spacer_4	virome_phage_14	75.000	40	10	0	18	57	31478	31439	0.065	33.3
Bacillus_GCA_013267295.1_spacer_4	virome_phage_14	77.778	36	8	0	25	60	31498	31463	0.065	33.3
Bacillus_GCA_013267295.1_spacer_4	virome_phage_52	74.359	39	10	0	1	39	44103	44065	0.20	31.7
Bacillus_GCA_013267295.1_spacer_4	virome_phage_52	78.125	32	7	0	9	40	44455	44424	0.59	30.1
Bacillus_GCA_013267295.1_spacer_4	virome_phage_876	73.171	41	11	0	8	48	21057	21097	0.20	31.7
Bacillus_GCA_013267295.1_spacer_4	virome_phage_2282	78.788	33	7	0	11	43	37785	37817	0.20	31.7
Bacillus_GCA_013267295.1_spacer_4	virome_phage_101	80.000	30	6	0	5	34	6224	6195	0.59	30.1
Bacillus_GCA_013267295.1_spacer_4	total_phage_112	73.684	38	10	0	5	42	47889	47852	0.59	30.1
Bacillus_GCA_013267295.1_spacer_4	virome_phage_58	65.517	58	20	0	2	59	246	303	0.59	30.1
Bacillus_GCA_013267295.1_spacer_4	virome_phage_27	73.684	38	10	0	5	42	49479	49516	0.59	30.1
Bacillus_GCA_013267295.1_spacer_5	virome_phage_824	77.193	57	13	0	1	57	11833	11777	3.69e-07	50.7
Bacillus_GCA_013267295.1_spacer_5	virome_phage_824	70.213	47	14	0	11	57	11859	11813	0.20	31.7
Bacillus_GCA_013267295.1_spacer_5	virome_phage_145	74.576	59	15	0	1	59	19494	19552	3.32e-06	47.5
Bacillus_GCA_013267295.1_spacer_5	virome_phage_145	75.000	56	14	0	2	57	17551	17606	9.95e-06	46.0
Bacillus_GCA_013267295.1_spacer_5	virome_phage_145	72.414	58	16	0	1	58	19449	19506	8.96e-05	42.8
Bacillus_GCA_013267295.1_spacer_5	virome_phage_145	70.833	48	14	0	2	49	17443	17490	0.065	33.3
Bacillus_GCA_013267295.1_spacer_5	virome_phage_145	70.000	50	15	0	1	50	19539	19588	0.065	33.3
Bacillus_GCA_013267295.1_spacer_5	virome_phage_145	66.102	59	20	0	1	59	17478	17536	0.20	31.7
Bacillus_GCA_013267295.1_spacer_5	virome_phage_145	66.667	57	19	0	1	57	19458	19514	0.20	31.7
Bacillus_GCA_013267295.1_spacer_5	virome_phage_145	72.500	40	11	0	10	49	18276	18315	0.59	30.1
Bacillus_GCA_013267295.1_spacer_5	virome_phage_2368	75.472	53	13	0	1	53	1458	1406	2.99e-05	44.4
Bacillus_GCA_013267295.1_spacer_5	virome_phage_2368	78.723	47	10	0	11	57	3392	3346	2.99e-05	44.4
Bacillus_GCA_013267295.1_spacer_5	virome_phage_2368	72.414	58	16	0	1	58	1503	1446	8.96e-05	42.8
Bacillus_GCA_013267295.1_spacer_5	virome_phage_2368	70.833	48	14	0	2	49	3509	3462	0.065	33.3
Bacillus_GCA_013267295.1_spacer_5	virome_phage_2368	66.667	57	19	0	1	57	1494	1438	0.20	31.7
Bacillus_GCA_013267295.1_spacer_5	virome_phage_2368	68.000	50	16	0	1	50	1413	1364	0.59	30.1
Bacillus_GCA_013267295.1_spacer_5	virome_phage_2368	72.500	40	11	0	10	49	2676	2637	0.59	30.1
Bacillus_GCA_013267295.1_spacer_5	virome_phage_5	69.811	53	16	0	1	53	28788	28736	0.022	34.9
Bacillus_GCA_013267295.1_spacer_5	virome_phage_5	68.627	51	16	0	11	61	28427	28377	0.20	31.7
Bacillus_GCA_013267295.1_spacer_5	virome_phage_2282	81.818	33	6	0	11	43	37785	37817	0.022	34.9
Bacillus_GCA_013267295.1_spacer_5	virome_phage_1	71.429	49	14	0	2	50	221403	221451	0.022	34.9
Bacillus_GCA_013267295.1_spacer_5	virome_phage_1	80.000	30	6	0	28	57	221006	221035	0.59	30.1
Bacillus_GCA_013267295.1_spacer_5	virome_phage_52	81.250	32	6	0	9	40	44455	44424	0.065	33.3
Bacillus_GCA_013267295.1_spacer_5	virome_phage_52	78.125	32	7	0	8	39	44096	44065	0.59	30.1
Bacillus_GCA_013267295.1_spacer_5	virome_phage_58	67.241	58	19	0	2	59	246	303	0.065	33.3
Bacillus_GCA_013267295.1_spacer_5	virome_phage_773	76.471	34	8	0	25	58	33330	33297	0.59	30.1
Bacillus_GCA_013267295.1_spacer_5	virome_phage_14	72.500	40	11	0	18	57	31478	31439	0.59	30.1
Bacillus_GCA_013267295.1_spacer_5	virome_phage_14	75.000	36	9	0	25	60	31498	31463	0.59	30.1
Bacillus_GCA_013267295.1_spacer_5	total_phage_413	72.500	40	11	0	2	41	51162	51201	0.59	30.1
Bacillus_GCA_013267295.1_spacer_6	virome_phage_824	81.250	48	9	0	2	49	11823	11776	7.90e-07	49.1
Bacillus_GCA_013267295.1_spacer_6	virome_phage_824	91.304	23	2	0	27	49	11834	11812	0.14	31.7
Bacillus_GCA_013267295.1_spacer_6	virome_phage_2368	79.167	48	10	0	2	49	3392	3345	7.11e-06	46.0
Bacillus_GCA_013267295.1_spacer_6	virome_phage_2368	74.419	43	11	0	8	50	1442	1400	0.016	34.9
Bacillus_GCA_013267295.1_spacer_6	virome_phage_2368	69.388	49	15	0	2	50	1403	1355	0.14	31.7
Bacillus_GCA_013267295.1_spacer_6	virome_phage_2368	74.359	39	10	0	2	40	3500	3462	0.14	31.7
Bacillus_GCA_013267295.1_spacer_6	virome_phage_2368	76.471	34	8	0	17	50	1424	1391	0.42	30.1
Bacillus_GCA_013267295.1_spacer_6	virome_phage_2368	68.750	48	15	0	2	49	2675	2628	0.42	30.1
Bacillus_GCA_013267295.1_spacer_6	virome_phage_145	79.167	48	10	0	2	49	17560	17607	7.11e-06	46.0
Bacillus_GCA_013267295.1_spacer_6	virome_phage_145	79.487	39	8	0	11	49	17638	17676	0.002	38.0
Bacillus_GCA_013267295.1_spacer_6	virome_phage_145	74.359	39	10	0	2	40	17452	17490	0.14	31.7
Bacillus_GCA_013267295.1_spacer_6	virome_phage_145	75.676	37	9	0	8	44	19510	19546	0.14	31.7
Bacillus_GCA_013267295.1_spacer_6	virome_phage_1	71.429	49	14	0	1	49	220988	221036	0.016	34.9
Bacillus_GCA_013267295.1_spacer_6	virome_phage_1	80.645	31	6	0	11	41	221421	221451	0.14	31.7
Bacillus_GCA_013267295.1_spacer_6	virome_phage_1	68.000	50	16	0	1	50	219872	219921	0.42	30.1
Bacillus_GCA_013267295.1_spacer_6	virome_phage_5	70.000	50	15	0	1	50	28779	28730	0.047	33.3
Bacillus_GCA_013267295.1_spacer_6	virome_phage_14	77.778	36	8	0	16	51	31498	31463	0.047	33.3
Bacillus_GCA_013267295.1_spacer_6	virome_phage_14	72.500	40	11	0	9	48	31478	31439	0.42	30.1
Bacillus_GCA_013267295.1_spacer_6	virome_phage_2282	79.412	34	7	0	1	34	37784	37817	0.047	33.3
Bacillus_GCA_013267295.1_spacer_6	virome_phage_52	80.000	30	6	0	2	31	44453	44424	0.42	30.1
Bacillus_GCA_013267295.1_spacer_6	total_phage_663	95.000	20	1	0	31	50	29320	29339	0.42	30.1
Bacillus_GCA_013267295.1_spacer_6	total_phage_637	95.000	20	1	0	31	50	26054	26073	0.42	30.1
Bacillus_GCA_013267295.1_spacer_7	virome_phage_824	80.392	51	10	0	8	58	11826	11776	3.69e-07	50.7
Bacillus_GCA_013267295.1_spacer_7	virome_phage_824	72.917	48	13	0	11	58	11859	11812	0.007	36.5
Bacillus_GCA_013267295.1_spacer_7	virome_phage_2368	74.138	58	15	0	2	59	1457	1400	9.95e-06	46.0
Bacillus_GCA_013267295.1_spacer_7	virome_phage_2368	77.083	48	11	0	11	58	3392	3345	8.96e-05	42.8
Bacillus_GCA_013267295.1_spacer_7	virome_phage_2368	72.727	55	15	0	4	58	3330	3276	2.69e-04	41.2
Bacillus_GCA_013267295.1_spacer_7	virome_phage_2368	67.857	56	18	0	2	57	1502	1447	0.065	33.3
Bacillus_GCA_013267295.1_spacer_7	virome_phage_2368	80.645	31	6	0	29	59	1118	1088	0.20	31.7
Bacillus_GCA_013267295.1_spacer_7	virome_phage_2368	66.071	56	19	0	2	57	1493	1438	0.59	30.1
Bacillus_GCA_013267295.1_spacer_7	virome_phage_2368	72.500	40	11	0	19	58	2667	2628	0.59	30.1
Bacillus_GCA_013267295.1_spacer_7	virome_phage_145	74.138	58	15	0	1	58	17550	17607	9.95e-06	46.0
Bacillus_GCA_013267295.1_spacer_7	virome_phage_145	74.545	55	14	0	4	58	17622	17676	2.99e-05	44.4
Bacillus_GCA_013267295.1_spacer_7	virome_phage_145	75.000	52	13	0	2	53	19495	19546	8.96e-05	42.8
Bacillus_GCA_013267295.1_spacer_7	virome_phage_145	67.857	56	18	0	2	57	19450	19505	0.065	33.3
Bacillus_GCA_013267295.1_spacer_7	virome_phage_145	80.645	31	6	0	27	57	17540	17570	0.20	31.7
Bacillus_GCA_013267295.1_spacer_7	virome_phage_145	72.500	40	11	0	20	59	18214	18253	0.59	30.1
Bacillus_GCA_013267295.1_spacer_7	virome_phage_145	66.071	56	19	0	2	57	19459	19514	0.59	30.1
Bacillus_GCA_013267295.1_spacer_7	virome_phage_145	72.500	40	11	0	20	59	19762	19801	0.59	30.1
Bacillus_GCA_013267295.1_spacer_7	virome_phage_14	80.556	36	7	0	25	60	31498	31463	0.007	36.5
Bacillus_GCA_013267295.1_spacer_7	virome_phage_14	75.000	40	10	0	18	57	31478	31439	0.065	33.3
Bacillus_GCA_013267295.1_spacer_7	virome_phage_1	72.000	50	14	0	1	50	221402	221451	0.007	36.5
Bacillus_GCA_013267295.1_spacer_7	virome_phage_1	71.429	42	12	0	18	59	219880	219921	0.59	30.1
Bacillus_GCA_013267295.1_spacer_7	virome_phage_1	65.517	58	20	0	1	58	220952	221009	0.59	30.1
Bacillus_GCA_013267295.1_spacer_7	virome_phage_94	66.667	60	20	0	2	61	5451	5392	0.065	33.3
Bacillus_GCA_013267295.1_spacer_7	virome_phage_94	66.667	60	20	0	2	61	5460	5401	0.065	33.3
Bacillus_GCA_013267295.1_spacer_7	virome_phage_94	66.667	60	20	0	2	61	5469	5410	0.065	33.3
Bacillus_GCA_013267295.1_spacer_7	virome_phage_94	66.667	60	20	0	2	61	5478	5419	0.065	33.3
Bacillus_GCA_013267295.1_spacer_7	virome_phage_906	66.667	60	20	0	2	61	19787	19728	0.065	33.3
Bacillus_GCA_013267295.1_spacer_7	virome_phage_906	66.667	60	20	0	2	61	19796	19737	0.065	33.3
Bacillus_GCA_013267295.1_spacer_7	virome_phage_906	66.667	60	20	0	2	61	19805	19746	0.065	33.3
Bacillus_GCA_013267295.1_spacer_7	virome_phage_906	66.667	60	20	0	2	61	19865	19806	0.065	33.3
Bacillus_GCA_013267295.1_spacer_7	virome_phage_906	66.667	60	20	0	2	61	21964	21905	0.065	33.3
Bacillus_GCA_013267295.1_spacer_7	virome_phage_906	66.667	60	20	0	2	61	21973	21914	0.065	33.3
Bacillus_GCA_013267295.1_spacer_7	virome_phage_906	65.000	60	21	0	2	61	19874	19815	0.59	30.1
Bacillus_GCA_013267295.1_spacer_7	virome_phage_876	73.171	41	11	0	8	48	21057	21097	0.20	31.7
Bacillus_GCA_013267295.1_spacer_7	virome_phage_52	74.359	39	10	0	1	39	44103	44065	0.20	31.7
Bacillus_GCA_013267295.1_spacer_7	virome_phage_52	80.000	30	6	0	11	40	44453	44424	0.59	30.1
Bacillus_GCA_013267295.1_spacer_7	virome_phage_2282	78.788	33	7	0	11	43	37785	37817	0.20	31.7
Bacillus_GCA_013267295.1_spacer_7	virome_phage_864	76.471	34	8	0	9	42	4385	4352	0.59	30.1
Bacillus_GCA_013267295.1_spacer_7	virome_phage_5	72.500	40	11	0	11	50	28427	28388	0.59	30.1
Bacillus_GCA_013267295.1_spacer_7	virome_phage_5	65.517	58	20	0	2	59	28787	28730	0.59	30.1
Bacillus_GCA_013267295.1_spacer_7	total_phage_663	95.000	20	1	0	40	59	29320	29339	0.59	30.1
Bacillus_GCA_013267295.1_spacer_7	total_phage_637	95.000	20	1	0	40	59	26054	26073	0.59	30.1
Bacillus_GCA_013267295.1_spacer_8	virome_phage_824	73.684	57	15	0	1	57	11833	11777	2.99e-05	44.4
Bacillus_GCA_013267295.1_spacer_8	virome_phage_824	76.923	39	9	0	1	39	11788	11750	0.022	34.9
Bacillus_GCA_013267295.1_spacer_8	virome_phage_145	71.186	59	17	0	1	59	19494	19552	2.69e-04	41.2
Bacillus_GCA_013267295.1_spacer_8	virome_phage_145	73.077	52	14	0	2	53	17551	17602	8.06e-04	39.6
Bacillus_GCA_013267295.1_spacer_8	virome_phage_145	67.241	58	19	0	1	58	19449	19506	0.065	33.3
Bacillus_GCA_013267295.1_spacer_8	virome_phage_145	66.102	59	20	0	1	59	17478	17536	0.20	31.7
Bacillus_GCA_013267295.1_spacer_8	virome_phage_145	66.667	57	19	0	1	57	20031	20087	0.20	31.7
Bacillus_GCA_013267295.1_spacer_8	virome_phage_145	72.500	40	11	0	10	49	18276	18315	0.59	30.1
Bacillus_GCA_013267295.1_spacer_8	virome_phage_2368	71.698	53	15	0	1	53	1458	1406	0.002	38.0
Bacillus_GCA_013267295.1_spacer_8	virome_phage_2368	76.744	43	10	0	11	53	3392	3350	0.002	38.0
Bacillus_GCA_013267295.1_spacer_8	virome_phage_2368	67.241	58	19	0	1	58	1503	1446	0.065	33.3
Bacillus_GCA_013267295.1_spacer_8	virome_phage_2368	72.500	40	11	0	10	49	2676	2637	0.59	30.1
Bacillus_GCA_013267295.1_spacer_8	virome_phage_152	76.190	42	10	0	20	61	7365	7324	0.007	36.5
Bacillus_GCA_013267295.1_spacer_8	virome_phage_803	77.500	40	9	0	1	40	35267	35306	0.007	36.5
Bacillus_GCA_013267295.1_spacer_8	virome_phage_1	72.340	47	13	0	11	57	219873	219919	0.022	34.9
Bacillus_GCA_013267295.1_spacer_8	virome_phage_52	67.857	56	18	0	2	57	44237	44182	0.065	33.3
Bacillus_GCA_013267295.1_spacer_8	virome_phage_2411	67.857	56	18	0	2	57	6013	6068	0.065	33.3
Bacillus_GCA_013267295.1_spacer_8	virome_phage_2411	68.000	50	16	0	11	60	6013	6062	0.59	30.1
Bacillus_GCA_013267295.1_spacer_8	virome_phage_176	67.857	56	18	0	2	57	5914	5969	0.065	33.3
Bacillus_GCA_013267295.1_spacer_8	virome_phage_176	68.000	50	16	0	11	60	5914	5963	0.59	30.1
Bacillus_GCA_013267295.1_spacer_8	virome_phage_5	80.645	31	6	0	2	32	29120	29090	0.20	31.7
Bacillus_GCA_013267295.1_spacer_8	virome_phage_5	80.000	30	6	0	2	31	28184	28155	0.59	30.1
Bacillus_GCA_013267295.1_spacer_8	virome_phage_2282	74.359	39	10	0	2	40	37830	37868	0.20	31.7
Bacillus_GCA_013267295.1_spacer_8	virome_phage_865	82.143	28	5	0	1	28	26309	26336	0.59	30.1
Bacillus_GCA_013267295.1_spacer_8	virome_phage_780	67.308	52	17	0	10	61	22342	22393	0.59	30.1
Bacillus_GCA_013267295.1_spacer_9	virome_phage_824	72.414	58	16	0	1	58	11833	11776	8.96e-05	42.8
Bacillus_GCA_013267295.1_spacer_9	virome_phage_824	80.645	31	6	0	20	50	11913	11883	0.20	31.7
Bacillus_GCA_013267295.1_spacer_9	virome_phage_2368	71.186	59	17	0	1	59	1458	1400	2.69e-04	41.2
Bacillus_GCA_013267295.1_spacer_9	virome_phage_2368	75.000	48	12	0	11	58	3392	3345	8.06e-04	39.6
Bacillus_GCA_013267295.1_spacer_9	virome_phage_2368	66.102	59	20	0	1	59	1413	1355	0.20	31.7
Bacillus_GCA_013267295.1_spacer_9	virome_phage_2368	66.667	57	19	0	1	57	1503	1447	0.20	31.7
Bacillus_GCA_013267295.1_spacer_9	virome_phage_2368	68.750	48	15	0	2	49	3509	3462	0.59	30.1
Bacillus_GCA_013267295.1_spacer_9	virome_phage_145	71.930	57	16	0	2	58	17551	17607	2.69e-04	41.2
Bacillus_GCA_013267295.1_spacer_9	virome_phage_145	71.698	53	15	0	1	53	19494	19546	0.002	38.0
Bacillus_GCA_013267295.1_spacer_9	virome_phage_145	67.797	59	19	0	1	59	19539	19597	0.022	34.9
Bacillus_GCA_013267295.1_spacer_9	virome_phage_145	66.667	57	19	0	1	57	19449	19505	0.20	31.7
Bacillus_GCA_013267295.1_spacer_9	virome_phage_145	68.750	48	15	0	2	49	17443	17490	0.59	30.1
Bacillus_GCA_013267295.1_spacer_9	virome_phage_2282	73.469	49	13	0	11	59	37785	37833	0.002	38.0
Bacillus_GCA_013267295.1_spacer_9	virome_phage_5	67.797	59	19	0	1	59	28788	28730	0.022	34.9
Bacillus_GCA_013267295.1_spacer_9	virome_phage_5	78.125	32	7	0	20	51	28121	28090	0.59	30.1
Bacillus_GCA_013267295.1_spacer_9	virome_phage_52	83.333	30	5	0	11	40	44453	44424	0.065	33.3
Bacillus_GCA_013267295.1_spacer_9	virome_phage_52	78.125	32	7	0	8	39	44096	44065	0.59	30.1
Bacillus_GCA_013267295.1_spacer_9	virome_phage_2389	70.000	50	15	0	8	57	6622	6573	0.065	33.3
Bacillus_GCA_013267295.1_spacer_9	virome_phage_1	77.778	36	8	0	22	57	220541	220576	0.065	33.3
Bacillus_GCA_013267295.1_spacer_9	virome_phage_1	69.388	49	15	0	2	50	221403	221451	0.20	31.7
Bacillus_GCA_013267295.1_spacer_9	virome_phage_1	71.429	42	12	0	18	59	219880	219921	0.59	30.1
Bacillus_GCA_013267295.1_spacer_9	virome_phage_14	75.000	36	9	0	25	60	31498	31463	0.59	30.1
Bacillus_GCA_013267295.1_spacer_10	virome_phage_145	69.697	66	20	0	2	67	17425	17490	1.18e-04	42.8
Bacillus_GCA_013267295.1_spacer_10	virome_phage_145	82.500	40	7	0	20	59	17551	17590	1.18e-04	42.8
Bacillus_GCA_013267295.1_spacer_10	virome_phage_145	70.833	48	14	0	11	58	19450	19497	0.086	33.3
Bacillus_GCA_013267295.1_spacer_10	virome_phage_145	66.667	57	19	0	2	58	17470	17526	0.26	31.7
Bacillus_GCA_013267295.1_spacer_10	virome_phage_145	74.359	39	10	0	29	67	18277	18315	0.26	31.7
Bacillus_GCA_013267295.1_spacer_10	virome_phage_145	74.359	39	10	0	20	58	19495	19533	0.26	31.7
Bacillus_GCA_013267295.1_spacer_10	virome_phage_2368	69.697	66	20	0	2	67	3527	3462	1.18e-04	42.8
Bacillus_GCA_013267295.1_spacer_10	virome_phage_2368	90.323	31	3	0	29	59	3392	3362	3.55e-04	41.2
Bacillus_GCA_013267295.1_spacer_10	virome_phage_2368	70.833	48	14	0	11	58	1502	1455	0.086	33.3
Bacillus_GCA_013267295.1_spacer_10	virome_phage_2368	74.359	39	10	0	20	58	1457	1419	0.26	31.7
Bacillus_GCA_013267295.1_spacer_10	virome_phage_2368	74.359	39	10	0	29	67	2675	2637	0.26	31.7
Bacillus_GCA_013267295.1_spacer_10	virome_phage_2368	63.636	66	24	0	2	67	1118	1053	0.78	30.1
Bacillus_GCA_013267295.1_spacer_10	virome_phage_2368	66.667	54	18	0	15	68	1417	1364	0.78	30.1
Bacillus_GCA_013267295.1_spacer_10	virome_phage_2368	66.071	56	19	0	2	57	3482	3427	0.78	30.1
Bacillus_GCA_013267295.1_spacer_10	virome_phage_94	81.579	38	7	0	2	39	5433	5396	0.001	39.6
Bacillus_GCA_013267295.1_spacer_10	virome_phage_94	81.579	38	7	0	2	39	5442	5405	0.001	39.6
Bacillus_GCA_013267295.1_spacer_10	virome_phage_94	81.579	38	7	0	2	39	5451	5414	0.001	39.6
Bacillus_GCA_013267295.1_spacer_10	virome_phage_94	81.579	38	7	0	2	39	5460	5423	0.001	39.6
Bacillus_GCA_013267295.1_spacer_10	virome_phage_94	81.579	38	7	0	2	39	5469	5432	0.001	39.6
Bacillus_GCA_013267295.1_spacer_10	virome_phage_94	81.579	38	7	0	2	39	5478	5441	0.001	39.6
Bacillus_GCA_013267295.1_spacer_10	virome_phage_94	81.081	37	7	0	2	38	5424	5388	0.003	38.0
Bacillus_GCA_013267295.1_spacer_10	virome_phage_94	78.378	37	8	0	2	38	5415	5379	0.029	34.9
Bacillus_GCA_013267295.1_spacer_10	virome_phage_94	80.000	35	7	0	5	39	5484	5450	0.029	34.9
Bacillus_GCA_013267295.1_spacer_10	virome_phage_906	81.579	38	7	0	2	39	19769	19732	0.001	39.6
Bacillus_GCA_013267295.1_spacer_10	virome_phage_906	81.579	38	7	0	2	39	19778	19741	0.001	39.6
Bacillus_GCA_013267295.1_spacer_10	virome_phage_906	81.579	38	7	0	2	39	19787	19750	0.001	39.6
Bacillus_GCA_013267295.1_spacer_10	virome_phage_906	81.579	38	7	0	2	39	19796	19759	0.001	39.6
Bacillus_GCA_013267295.1_spacer_10	virome_phage_906	81.579	38	7	0	2	39	19805	19768	0.001	39.6
Bacillus_GCA_013267295.1_spacer_10	virome_phage_906	81.579	38	7	0	2	39	19847	19810	0.001	39.6
Bacillus_GCA_013267295.1_spacer_10	virome_phage_906	81.579	38	7	0	2	39	19856	19819	0.001	39.6
Bacillus_GCA_013267295.1_spacer_10	virome_phage_906	81.579	38	7	0	2	39	19865	19828	0.001	39.6
Bacillus_GCA_013267295.1_spacer_10	virome_phage_906	81.579	38	7	0	2	39	21946	21909	0.001	39.6
Bacillus_GCA_013267295.1_spacer_10	virome_phage_906	81.579	38	7	0	2	39	21955	21918	0.001	39.6
Bacillus_GCA_013267295.1_spacer_10	virome_phage_906	81.579	38	7	0	2	39	21964	21927	0.001	39.6
Bacillus_GCA_013267295.1_spacer_10	virome_phage_906	81.579	38	7	0	2	39	21973	21936	0.001	39.6
Bacillus_GCA_013267295.1_spacer_10	virome_phage_906	78.947	38	8	0	2	39	19874	19837	0.010	36.5
Bacillus_GCA_013267295.1_spacer_10	virome_phage_906	81.818	33	6	0	2	34	19760	19728	0.029	34.9
Bacillus_GCA_013267295.1_spacer_10	virome_phage_906	81.818	33	6	0	2	34	19838	19806	0.029	34.9
Bacillus_GCA_013267295.1_spacer_10	virome_phage_906	81.818	33	6	0	2	34	21937	21905	0.029	34.9
Bacillus_GCA_013267295.1_spacer_10	virome_phage_906	77.778	36	8	0	4	39	19812	19777	0.086	33.3
Bacillus_GCA_013267295.1_spacer_10	virome_phage_906	77.778	36	8	0	4	39	21980	21945	0.086	33.3
Bacillus_GCA_013267295.1_spacer_10	virome_phage_906	75.000	36	9	0	4	39	19881	19846	0.78	30.1
Bacillus_GCA_013267295.1_spacer_10	virome_phage_906	75.000	36	9	0	4	39	21989	21954	0.78	30.1
Bacillus_GCA_013267295.1_spacer_10	virome_phage_824	77.273	44	10	0	26	69	11826	11783	0.001	39.6
Bacillus_GCA_013267295.1_spacer_10	virome_phage_824	69.643	56	17	0	2	57	11787	11732	0.010	36.5
Bacillus_GCA_013267295.1_spacer_10	virome_phage_824	69.231	52	16	0	8	59	11790	11739	0.086	33.3
Bacillus_GCA_013267295.1_spacer_10	virome_phage_824	67.857	56	18	0	2	57	11805	11750	0.086	33.3
Bacillus_GCA_013267295.1_spacer_10	virome_phage_824	80.645	31	6	0	38	68	11913	11883	0.26	31.7
Bacillus_GCA_013267295.1_spacer_10	virome_phage_786	74.468	47	12	0	2	48	35008	34962	0.003	38.0
Bacillus_GCA_013267295.1_spacer_10	virome_phage_786	80.645	31	6	0	9	39	35028	34998	0.26	31.7
Bacillus_GCA_013267295.1_spacer_10	virome_phage_1	68.966	58	18	0	11	68	221385	221442	0.010	36.5
Bacillus_GCA_013267295.1_spacer_10	virome_phage_1	65.672	67	23	0	2	68	221385	221451	0.029	34.9
Bacillus_GCA_013267295.1_spacer_10	virome_phage_1	68.519	54	17	0	15	68	219859	219912	0.086	33.3
Bacillus_GCA_013267295.1_spacer_10	virome_phage_58	66.154	65	22	0	2	66	228	292	0.029	34.9
Bacillus_GCA_013267295.1_spacer_10	virome_phage_5	86.207	29	4	0	20	48	28184	28156	0.029	34.9
Bacillus_GCA_013267295.1_spacer_10	virome_phage_5	76.923	39	9	0	20	58	28787	28749	0.029	34.9
Bacillus_GCA_013267295.1_spacer_10	virome_phage_5	70.833	48	14	0	1	48	29139	29092	0.086	33.3
Bacillus_GCA_013267295.1_spacer_10	virome_phage_5	78.125	32	7	0	38	69	28121	28090	0.78	30.1
Bacillus_GCA_013267295.1_spacer_10	virome_phage_2282	79.412	34	7	0	28	61	37784	37817	0.086	33.3
Bacillus_GCA_013267295.1_spacer_10	virome_phage_818	88.000	25	3	0	10	34	10761	10737	0.26	31.7
Bacillus_GCA_013267295.1_spacer_10	virome_phage_52	70.213	47	14	0	11	57	44111	44065	0.26	31.7
Bacillus_GCA_013267295.1_spacer_10	virome_phage_52	70.455	44	13	0	15	58	44467	44424	0.78	30.1
Bacillus_GCA_013267295.1_spacer_10	virome_phage_2411	76.471	34	8	0	2	35	5821	5854	0.78	30.1
Bacillus_GCA_013267295.1_spacer_10	virome_phage_176	76.471	34	8	0	2	35	5722	5755	0.78	30.1
Bacillus_GCA_013267295.1_spacer_11	virome_phage_145	73.077	52	14	0	1	52	17550	17601	5.76e-04	39.6
Bacillus_GCA_013267295.1_spacer_11	virome_phage_145	73.469	49	13	0	2	50	19495	19543	0.002	38.0
Bacillus_GCA_013267295.1_spacer_11	virome_phage_145	71.429	49	14	0	2	50	19540	19588	0.016	34.9
Bacillus_GCA_013267295.1_spacer_11	virome_phage_145	69.388	49	15	0	1	49	17442	17490	0.14	31.7
Bacillus_GCA_013267295.1_spacer_11	virome_phage_824	75.556	45	11	0	8	52	11826	11782	0.002	38.0
Bacillus_GCA_013267295.1_spacer_11	virome_phage_2368	73.469	49	13	0	2	50	1457	1409	0.002	38.0
Bacillus_GCA_013267295.1_spacer_11	virome_phage_2368	76.190	42	10	0	11	52	3392	3351	0.005	36.5
Bacillus_GCA_013267295.1_spacer_11	virome_phage_2368	69.388	49	15	0	2	50	1412	1364	0.14	31.7
Bacillus_GCA_013267295.1_spacer_11	virome_phage_2368	69.388	49	15	0	1	49	3510	3462	0.14	31.7
Bacillus_GCA_013267295.1_spacer_11	virome_phage_1	72.000	50	14	0	1	50	221402	221451	0.005	36.5
Bacillus_GCA_013267295.1_spacer_11	virome_phage_2282	81.818	33	6	0	11	43	37785	37817	0.016	34.9
Bacillus_GCA_013267295.1_spacer_11	virome_phage_52	83.333	30	5	0	11	40	44453	44424	0.047	33.3
Bacillus_GCA_013267295.1_spacer_11	virome_phage_52	74.359	39	10	0	1	39	44103	44065	0.14	31.7
Bacillus_GCA_013267295.1_spacer_11	virome_phage_876	68.750	48	15	0	1	48	21149	21196	0.42	30.1
Bacillus_GCA_013267295.1_spacer_11	virome_phage_2389	70.455	44	13	0	1	44	6629	6586	0.42	30.1
Bacillus_GCA_013267295.1_spacer_12	virome_phage_2368	80.000	40	8	0	1	40	1458	1419	5.76e-04	39.6
Bacillus_GCA_013267295.1_spacer_12	virome_phage_2368	87.097	31	4	0	11	41	3392	3362	0.002	38.0
Bacillus_GCA_013267295.1_spacer_12	virome_phage_2368	70.833	48	14	0	2	49	3509	3462	0.047	33.3
Bacillus_GCA_013267295.1_spacer_12	virome_phage_2368	72.500	40	11	0	1	40	1494	1455	0.42	30.1
Bacillus_GCA_013267295.1_spacer_12	virome_phage_2368	72.500	40	11	0	1	40	1503	1464	0.42	30.1
Bacillus_GCA_013267295.1_spacer_12	virome_phage_2368	72.500	40	11	0	10	49	2676	2637	0.42	30.1
Bacillus_GCA_013267295.1_spacer_12	virome_phage_145	80.000	40	8	0	2	41	17551	17590	5.76e-04	39.6
Bacillus_GCA_013267295.1_spacer_12	virome_phage_145	80.000	40	8	0	1	40	19494	19533	5.76e-04	39.6
Bacillus_GCA_013267295.1_spacer_12	virome_phage_145	70.833	48	14	0	2	49	17443	17490	0.047	33.3
Bacillus_GCA_013267295.1_spacer_12	virome_phage_145	72.500	40	11	0	10	49	18276	18315	0.42	30.1
Bacillus_GCA_013267295.1_spacer_12	virome_phage_145	72.500	40	11	0	1	40	19449	19488	0.42	30.1
Bacillus_GCA_013267295.1_spacer_12	virome_phage_145	72.500	40	11	0	1	40	19458	19497	0.42	30.1
Bacillus_GCA_013267295.1_spacer_12	virome_phage_145	68.000	50	16	0	1	50	19539	19588	0.42	30.1
Bacillus_GCA_013267295.1_spacer_12	virome_phage_824	72.549	51	14	0	1	51	11833	11783	0.002	38.0
Bacillus_GCA_013267295.1_spacer_12	virome_phage_824	80.645	31	6	0	20	50	11913	11883	0.14	31.7
Bacillus_GCA_013267295.1_spacer_12	virome_phage_2282	81.818	33	6	0	11	43	37785	37817	0.016	34.9
Bacillus_GCA_013267295.1_spacer_12	virome_phage_52	81.250	32	6	0	9	40	44455	44424	0.047	33.3
Bacillus_GCA_013267295.1_spacer_12	virome_phage_52	78.125	32	7	0	8	39	44096	44065	0.42	30.1
Bacillus_GCA_013267295.1_spacer_12	virome_phage_5	75.000	40	10	0	1	40	28788	28749	0.047	33.3
Bacillus_GCA_013267295.1_spacer_12	virome_phage_5	78.125	32	7	0	20	51	28121	28090	0.42	30.1
Bacillus_GCA_013267295.1_spacer_12	virome_phage_5	72.500	40	11	0	11	50	28427	28388	0.42	30.1
Bacillus_GCA_013267295.1_spacer_12	virome_phage_1	69.388	49	15	0	2	50	221403	221451	0.14	31.7
Bacillus_GCA_013267295.1_spacer_12	total_phage_413	72.500	40	11	0	2	41	51162	51201	0.42	30.1
Bacillus_GCA_013267295.1_spacer_13	virome_phage_824	80.851	47	9	0	2	48	11823	11777	2.37e-06	47.5
Bacillus_GCA_013267295.1_spacer_13	virome_phage_145	78.723	47	10	0	2	48	17560	17606	2.13e-05	44.4
Bacillus_GCA_013267295.1_spacer_13	virome_phage_145	74.359	39	10	0	2	40	18277	18315	0.14	31.7
Bacillus_GCA_013267295.1_spacer_13	virome_phage_145	72.093	43	12	0	8	50	19510	19552	0.14	31.7
Bacillus_GCA_013267295.1_spacer_13	virome_phage_145	68.750	48	15	0	2	49	19459	19506	0.42	30.1
Bacillus_GCA_013267295.1_spacer_13	virome_phage_2368	78.723	47	10	0	2	48	3392	3346	2.13e-05	44.4
Bacillus_GCA_013267295.1_spacer_13	virome_phage_2368	74.359	39	10	0	2	40	2675	2637	0.14	31.7
Bacillus_GCA_013267295.1_spacer_13	virome_phage_2368	68.750	48	15	0	2	49	1493	1446	0.42	30.1
Bacillus_GCA_013267295.1_spacer_13	virome_phage_1	72.917	48	13	0	1	48	219872	219919	0.005	36.5
Bacillus_GCA_013267295.1_spacer_13	virome_phage_5	95.455	22	1	0	1	22	28176	28155	0.047	33.3
Bacillus_GCA_013267295.1_spacer_13	virome_phage_803	80.645	31	6	0	1	31	35276	35306	0.14	31.7
Bacillus_GCA_013267295.1_spacer_13	virome_phage_2282	76.471	34	8	0	1	34	37784	37817	0.42	30.1
Bacillus_GCA_013267295.1_spacer_13	virome_phage_14	75.000	36	9	0	16	51	31498	31463	0.42	30.1
Bacillus_GCA_013267295.1_spacer_14	virome_phage_2368	80.000	40	8	0	1	40	1458	1419	5.76e-04	39.6
Bacillus_GCA_013267295.1_spacer_14	virome_phage_2368	87.097	31	4	0	11	41	3392	3362	0.002	38.0
Bacillus_GCA_013267295.1_spacer_14	virome_phage_2368	70.833	48	14	0	2	49	3509	3462	0.047	33.3
Bacillus_GCA_013267295.1_spacer_14	virome_phage_2368	72.500	40	11	0	1	40	1494	1455	0.42	30.1
Bacillus_GCA_013267295.1_spacer_14	virome_phage_2368	72.500	40	11	0	1	40	1503	1464	0.42	30.1
Bacillus_GCA_013267295.1_spacer_14	virome_phage_2368	72.500	40	11	0	10	49	2676	2637	0.42	30.1
Bacillus_GCA_013267295.1_spacer_14	virome_phage_145	80.000	40	8	0	2	41	17551	17590	5.76e-04	39.6
Bacillus_GCA_013267295.1_spacer_14	virome_phage_145	80.000	40	8	0	1	40	19494	19533	5.76e-04	39.6
Bacillus_GCA_013267295.1_spacer_14	virome_phage_145	70.833	48	14	0	2	49	17443	17490	0.047	33.3
Bacillus_GCA_013267295.1_spacer_14	virome_phage_145	72.500	40	11	0	10	49	18276	18315	0.42	30.1
Bacillus_GCA_013267295.1_spacer_14	virome_phage_145	72.500	40	11	0	1	40	19449	19488	0.42	30.1
Bacillus_GCA_013267295.1_spacer_14	virome_phage_145	72.500	40	11	0	1	40	19458	19497	0.42	30.1
Bacillus_GCA_013267295.1_spacer_14	virome_phage_145	68.000	50	16	0	1	50	19539	19588	0.42	30.1
Bacillus_GCA_013267295.1_spacer_14	virome_phage_824	72.549	51	14	0	1	51	11833	11783	0.002	38.0
Bacillus_GCA_013267295.1_spacer_14	virome_phage_824	80.645	31	6	0	20	50	11913	11883	0.14	31.7
Bacillus_GCA_013267295.1_spacer_14	virome_phage_2282	81.818	33	6	0	11	43	37785	37817	0.016	34.9
Bacillus_GCA_013267295.1_spacer_14	virome_phage_52	81.250	32	6	0	9	40	44455	44424	0.047	33.3
Bacillus_GCA_013267295.1_spacer_14	virome_phage_52	78.125	32	7	0	8	39	44096	44065	0.42	30.1
Bacillus_GCA_013267295.1_spacer_14	virome_phage_5	75.000	40	10	0	1	40	28788	28749	0.047	33.3
Bacillus_GCA_013267295.1_spacer_14	virome_phage_5	78.125	32	7	0	20	51	28121	28090	0.42	30.1
Bacillus_GCA_013267295.1_spacer_14	virome_phage_5	72.500	40	11	0	11	50	28427	28388	0.42	30.1
Bacillus_GCA_013267295.1_spacer_14	virome_phage_1	69.388	49	15	0	2	50	221403	221451	0.14	31.7
Bacillus_GCA_013267295.1_spacer_14	total_phage_413	72.500	40	11	0	2	41	51162	51201	0.42	30.1
