Bombella_GCF_014048475.1_spacer_1	virome_phage_781	76.667	30	7	0	3	32	33049	33078	0.76	26.9
Bombella_GCF_014048475.1_spacer_1	total_phage_925	90.000	20	2	0	4	23	5337	5356	0.76	26.9
Bombella_GCF_014048475.1_spacer_3	virome_phage_843	94.737	19	1	0	12	30	14762	14744	0.25	28.5
Bombella_GCF_014048475.1_spacer_3	virome_phage_58	94.737	19	1	0	14	32	31528	31546	0.25	28.5
Bombella_GCF_014048475.1_spacer_3	virome_phage_749	86.364	22	3	0	9	30	71750	71771	0.76	26.9
Bombella_GCF_014048475.1_spacer_3	virome_phage_202	80.769	26	5	0	7	32	10376	10351	0.76	26.9
Bombella_GCF_014048475.1_spacer_3	total_phage_174	80.769	26	5	0	7	32	12580	12555	0.76	26.9
Bombella_GCF_014048475.1_spacer_4	virome_phage_45	84.615	26	4	0	3	28	1447	1422	0.084	30.1
Bombella_GCF_014048475.1_spacer_4	virome_phage_2313	84.000	25	4	0	5	29	18480	18456	0.25	28.5
Bombella_GCF_014048475.1_spacer_4	virome_phage_809	94.444	18	1	0	8	25	27356	27373	0.76	26.9
Bombella_GCF_014048475.1_spacer_5	total_phage_105	79.310	29	6	0	2	30	4913	4885	0.25	28.5
Bombella_GCF_014048475.1_spacer_5	total_phage_299	90.000	20	2	0	5	24	30059	30078	0.76	26.9
Bombella_GCF_014048475.1_spacer_6	total_phage_791	90.476	21	2	0	6	26	24343	24323	0.25	28.5
Bombella_GCF_014048475.1_spacer_6	total_phage_791	90.000	20	2	0	7	26	33943	33924	0.76	26.9
Bombella_GCF_014048475.1_spacer_6	total_phage_446	81.481	27	5	0	2	28	24406	24380	0.25	28.5
Bombella_GCF_014048475.1_spacer_6	total_phage_361	90.476	21	2	0	6	26	17844	17864	0.25	28.5
Bombella_GCF_014048475.1_spacer_6	total_phage_361	90.000	20	2	0	7	26	11960	11979	0.76	26.9
Bombella_GCF_014048475.1_spacer_6	virome_phage_891	80.769	26	5	0	2	27	2681	2656	0.76	26.9
Bombella_GCF_014048475.1_spacer_6	total_phage_796	83.333	24	4	0	1	24	2335	2312	0.76	26.9
Bombella_GCF_014048475.1_spacer_6	virome_phage_88	83.333	24	4	0	1	24	12373	12396	0.76	26.9
Bombella_GCF_014048475.1_spacer_6	virome_phage_800	83.333	24	4	0	1	24	11450	11473	0.76	26.9
Bombella_GCF_014048475.1_spacer_6	total_phage_189	80.769	26	5	0	2	27	21071	21096	0.76	26.9
Bombella_GCF_014048475.1_spacer_7	virome_phage_803	90.000	20	2	0	8	27	12974	12955	0.76	26.9
Bombella_GCF_014048475.1_spacer_8	virome_phage_2272	77.143	35	8	0	1	35	42061	42027	0.042	31.7
Bombella_GCF_014048475.1_spacer_8	virome_phage_735	94.737	19	1	0	17	35	180498	180480	0.38	28.5
Bombella_GCF_014048475.1_spacer_9	virome_phage_790	90.000	20	2	0	8	27	10494	10475	0.76	26.9
Bombella_GCF_014048475.1_spacer_10	total_phage_788	84.000	25	4	0	8	32	30104	30080	0.25	28.5
Bombella_GCF_014048475.1_spacer_10	virome_phage_859	90.000	20	2	0	11	30	4033	4014	0.76	26.9
Bombella_GCF_014048475.1_spacer_10	virome_phage_1	90.000	20	2	0	13	32	125314	125295	0.76	26.9
Bombella_GCF_014048475.1_spacer_11	virome_phage_47	100.000	17	0	0	2	18	39280	39264	0.25	28.5
Bombella_GCF_014048475.1_spacer_12	virome_phage_867	94.444	18	1	0	6	23	10220	10203	0.76	26.9
Bombella_GCF_014048475.1_spacer_12	virome_phage_735	86.364	22	3	0	11	32	173933	173912	0.76	26.9
Bombella_GCF_014048475.1_spacer_12	virome_phage_2269	94.444	18	1	0	10	27	137917	137900	0.76	26.9
Bombella_GCF_014048475.1_spacer_12	virome_phage_2	86.364	22	3	0	11	32	33401	33422	0.76	26.9
Bombella_GCF_014048475.1_spacer_12	virome_phage_112	86.364	22	3	0	7	28	14470	14449	0.76	26.9
Bombella_GCF_014048475.1_spacer_12	total_phage_240	86.364	22	3	0	7	28	17337	17358	0.76	26.9
Bombella_GCF_014048475.1_spacer_13	virome_phage_96	84.000	25	4	0	4	28	20579	20603	0.25	28.5
Bombella_GCF_014048475.1_spacer_13	total_phage_416	100.000	17	0	0	15	31	17754	17770	0.25	28.5
Bombella_GCF_014048475.1_spacer_13	total_phage_413	86.957	23	3	0	6	28	103919	103897	0.25	28.5
Bombella_GCF_014048475.1_spacer_13	total_phage_246	100.000	17	0	0	15	31	18324	18340	0.25	28.5
Bombella_GCF_014048475.1_spacer_13	virome_phage_791	83.333	24	4	0	9	32	32283	32306	0.76	26.9
Bombella_GCF_014048475.1_spacer_13	virome_phage_57	90.000	20	2	0	1	20	31147	31128	0.76	26.9
Bombella_GCF_014048475.1_spacer_13	virome_phage_2281	86.364	22	3	0	6	27	14175	14196	0.76	26.9
Bombella_GCF_014048475.1_spacer_14	virome_phage_884	78.125	32	7	0	1	32	3958	3989	0.084	30.1
Bombella_GCF_014048475.1_spacer_14	virome_phage_810	81.481	27	5	0	2	28	38976	39002	0.25	28.5
Bombella_GCF_014048475.1_spacer_14	virome_phage_935	83.333	24	4	0	8	31	7377	7354	0.76	26.9
Bombella_GCF_014048475.1_spacer_14	virome_phage_911	78.571	28	6	0	1	28	18335	18362	0.76	26.9
Bombella_GCF_014048475.1_spacer_14	virome_phage_818	90.000	20	2	0	2	21	16960	16979	0.76	26.9
Bombella_GCF_014048475.1_spacer_15	virome_phage_78	90.909	22	2	0	1	22	30500	30521	0.084	30.1
Bombella_GCF_014048475.1_spacer_15	virome_phage_802	81.481	27	5	0	1	27	14327	14353	0.25	28.5
Bombella_GCF_014048475.1_spacer_15	virome_phage_818	75.000	32	8	0	1	32	16901	16870	0.76	26.9
Bombella_GCF_014048475.1_spacer_16	total_phage_927	83.333	24	4	0	4	27	175465	175442	0.76	26.9
Bombella_GCF_014048475.1_spacer_17	virome_phage_899	83.333	24	4	0	5	28	12131	12108	0.76	26.9
Bombella_GCF_014048475.1_spacer_17	total_phage_664	86.364	22	3	0	4	25	3959	3938	0.76	26.9
Bombella_GCF_014048475.1_spacer_18	virome_phage_2285	90.909	22	2	0	10	31	19416	19395	0.084	30.1
Bombella_GCF_014048475.1_spacer_18	virome_phage_87	76.667	30	7	0	2	31	12730	12759	0.76	26.9
Bombella_GCF_014048475.1_spacer_18	virome_phage_48	83.333	24	4	0	6	29	25804	25827	0.76	26.9
Bombella_GCF_014048475.1_spacer_18	virome_phage_117	86.364	22	3	0	11	32	126	105	0.76	26.9
Bombella_GCF_014048475.1_spacer_18	total_phage_799	83.333	24	4	0	2	25	22537	22514	0.76	26.9
Bombella_GCF_014048475.1_spacer_19	virome_phage_912	77.419	31	7	0	2	32	17319	17289	0.25	28.5
Bombella_GCF_014048475.1_spacer_19	virome_phage_19	81.481	27	5	0	6	32	21026	21052	0.25	28.5
Bombella_GCF_014048475.1_spacer_21	virome_phage_742	94.444	18	1	0	13	30	79740	79723	0.76	26.9
Bombella_GCF_014048475.1_spacer_21	total_phage_729	100.000	16	0	0	9	24	30129	30144	0.76	26.9
Bombella_GCF_014048475.1_spacer_22	virome_phage_867	86.364	22	3	0	1	22	22864	22885	0.76	26.9
Bombella_GCF_014048475.1_spacer_22	virome_phage_744	80.769	26	5	0	1	26	33531	33556	0.76	26.9
Bombella_GCF_014048475.1_spacer_22	virome_phage_19	76.667	30	7	0	3	32	50775	50746	0.76	26.9
Bombella_GCF_014048475.1_spacer_22	total_phage_927	78.571	28	6	0	4	31	158752	158779	0.76	26.9
Bombella_GCF_014048475.1_spacer_23	virome_phage_815	79.310	29	6	0	4	32	28734	28706	0.25	28.5
Bombella_GCF_014048475.1_spacer_23	total_phage_111	79.310	29	6	0	4	32	31637	31609	0.25	28.5
Bombella_GCF_014048475.1_spacer_23	total_phage_111	79.310	29	6	0	4	32	71879	71851	0.25	28.5
Bombella_GCF_014048475.1_spacer_23	virome_phage_842	76.667	30	7	0	2	31	32227	32256	0.76	26.9
Bombella_GCF_014048475.1_spacer_23	virome_phage_791	80.769	26	5	0	3	28	23678	23653	0.76	26.9
Bombella_GCF_014048475.1_spacer_24	virome_phage_748	86.364	22	3	0	3	24	45011	45032	0.76	26.9
Bombella_GCF_014048475.1_spacer_25	virome_phage_2282	90.000	20	2	0	1	20	10617	10636	0.76	26.9
Bombella_GCF_014048475.1_spacer_25	total_phage_694	90.000	20	2	0	3	22	5965	5984	0.76	26.9
Bombella_GCF_014048475.1_spacer_26	virome_phage_83	84.615	26	4	0	3	28	22945	22970	0.084	30.1
Bombella_GCF_014048475.1_spacer_26	total_phage_925	84.615	26	4	0	3	28	37725	37700	0.084	30.1
Bombella_GCF_014048475.1_spacer_26	virome_phage_79	94.737	19	1	0	7	25	28140	28122	0.25	28.5
Bombella_GCF_014048475.1_spacer_26	virome_phage_2288	94.737	19	1	0	7	25	4161	4179	0.25	28.5
Bombella_GCF_014048475.1_spacer_27	virome_phage_811	79.310	29	6	0	4	32	1056	1084	0.25	28.5
Bombella_GCF_014048475.1_spacer_27	virome_phage_736	100.000	17	0	0	9	25	20893	20909	0.25	28.5
Bombella_GCF_014048475.1_spacer_27	virome_phage_2403	86.957	23	3	0	1	23	6580	6558	0.25	28.5
Bombella_GCF_014048475.1_spacer_27	virome_phage_164	86.957	23	3	0	1	23	6707	6685	0.25	28.5
Bombella_GCF_014048475.1_spacer_27	virome_phage_1032	86.957	23	3	0	1	23	8188	8210	0.25	28.5
Bombella_GCF_014048475.1_spacer_27	total_phage_927	86.957	23	3	0	8	30	123192	123170	0.25	28.5
Bombella_GCF_014048475.1_spacer_27	virome_phage_898	78.571	28	6	0	3	30	18894	18867	0.76	26.9
Bombella_GCF_014048475.1_spacer_27	virome_phage_807	86.364	22	3	0	3	24	35627	35606	0.76	26.9
Bombella_GCF_014048475.1_spacer_27	total_phage_800	76.667	30	7	0	2	31	8401	8372	0.76	26.9
Bombella_GCF_014048475.1_spacer_27	total_phage_800	86.364	22	3	0	3	24	9826	9805	0.76	26.9
Bombella_GCF_014048475.1_spacer_27	total_phage_415	86.364	22	3	0	3	24	23330	23351	0.76	26.9
Bombella_GCF_014048475.1_spacer_27	total_phage_4	86.364	22	3	0	3	24	19038	19059	0.76	26.9
Bombella_GCF_014048475.1_spacer_27	total_phage_4	76.667	30	7	0	2	31	20469	20498	0.76	26.9
Bombella_GCF_014048475.1_spacer_27	total_phage_368	76.667	30	7	0	2	31	18266	18237	0.76	26.9
Bombella_GCF_014048475.1_spacer_27	total_phage_368	86.364	22	3	0	3	24	19691	19670	0.76	26.9
Bombella_GCF_014048475.1_spacer_27	total_phage_305	86.364	22	3	0	3	24	18303	18282	0.76	26.9
Bombella_GCF_014048475.1_spacer_27	total_phage_117	86.364	22	3	0	3	24	18097	18076	0.76	26.9
Bombella_GCF_014048475.1_spacer_27	total_phage_114	86.364	22	3	0	3	24	16143	16122	0.76	26.9
Bombella_GCF_014048475.1_spacer_27	total_phage_11	86.364	22	3	0	3	24	16549	16528	0.76	26.9
Bombella_GCF_014048475.1_spacer_28	virome_phage_769	82.759	29	5	0	3	31	47424	47452	0.028	31.7
Bombella_GCF_014048475.1_spacer_28	virome_phage_2290	82.759	29	5	0	3	31	4298	4326	0.028	31.7
Bombella_GCF_014048475.1_spacer_28	virome_phage_80	90.000	20	2	0	11	30	36948	36967	0.76	26.9
Bombella_GCF_014048475.1_spacer_28	virome_phage_16	94.444	18	1	0	15	32	65979	65962	0.76	26.9
Bombella_GCF_014048475.1_spacer_29	virome_phage_1	94.737	19	1	0	9	27	156757	156775	0.25	28.5
Bombella_GCF_014048475.1_spacer_29	virome_phage_765	100.000	16	0	0	5	20	16533	16518	0.76	26.9
Bombella_GCF_014048475.1_spacer_29	virome_phage_2254	86.364	22	3	0	6	27	65030	65051	0.76	26.9
Bombella_GCF_014048475.1_spacer_29	virome_phage_2238	86.364	22	3	0	6	27	46544	46565	0.76	26.9
Bombella_GCF_014048475.1_spacer_29	virome_phage_16	94.444	18	1	0	13	30	57398	57415	0.76	26.9
Bombella_GCF_014048475.1_spacer_29	total_phage_500	86.364	22	3	0	6	27	61413	61392	0.76	26.9
Bombella_GCF_014048475.1_spacer_30	virome_phage_806	90.476	21	2	0	1	21	8243	8223	0.25	28.5
Bombella_GCF_014048475.1_spacer_30	total_phage_5	90.476	21	2	0	2	22	22811	22831	0.25	28.5
Bombella_GCF_014048475.1_spacer_30	total_phage_479	81.481	27	5	0	3	29	33006	33032	0.25	28.5
Bombella_GCF_014048475.1_spacer_30	total_phage_479	90.000	20	2	0	1	20	30768	30749	0.76	26.9
Bombella_GCF_014048475.1_spacer_31	virome_phage_191	77.419	31	7	0	1	31	11746	11776	0.25	28.5
Bombella_GCF_014048475.1_spacer_31	total_phage_254	77.419	31	7	0	1	31	11662	11692	0.25	28.5
Bombella_GCF_014048475.1_spacer_32	virome_phage_41	94.737	19	1	0	5	23	44231	44213	0.25	28.5
Bombella_GCF_014048475.1_spacer_32	virome_phage_2913	90.476	21	2	0	5	25	30095	30075	0.25	28.5
Bombella_GCF_014048475.1_spacer_32	virome_phage_735	83.333	24	4	0	9	32	89641	89618	0.76	26.9
Bombella_GCF_014048475.1_spacer_33	virome_phage_2313	90.476	21	2	0	11	31	4615	4595	0.25	28.5
Bombella_GCF_014048475.1_spacer_33	total_phage_92	90.476	21	2	0	5	25	482	462	0.25	28.5
Bombella_GCF_014048475.1_spacer_33	virome_phage_736	83.333	24	4	0	1	24	58732	58755	0.76	26.9
Bombella_GCF_014048475.1_spacer_33	total_phage_246	86.364	22	3	0	7	28	23013	23034	0.76	26.9
Bombella_GCF_014048475.1_spacer_35	virome_phage_2343	78.571	28	6	0	1	28	9189	9162	0.76	26.9
Bombella_GCF_014048475.1_spacer_36	virome_phage_78	95.000	20	1	0	13	32	30250	30269	0.084	30.1
Bombella_GCF_014048475.1_spacer_36	virome_phage_17	86.957	23	3	0	7	29	43788	43766	0.25	28.5
Bombella_GCF_014048475.1_spacer_36	virome_phage_2270	94.444	18	1	0	9	26	188607	188624	0.76	26.9
Bombella_GCF_014048475.1_spacer_36	total_phage_104	94.444	18	1	0	12	29	22949	22966	0.76	26.9
Bombella_GCF_014048475.1_spacer_37	virome_phage_83	94.444	18	1	0	15	32	26448	26431	0.76	26.9
Bombella_GCF_014048475.1_spacer_38	virome_phage_833	90.000	20	2	0	13	32	20523	20504	0.76	26.9
Bombella_GCF_014048475.1_spacer_38	virome_phage_50	90.000	20	2	0	6	25	18037	18018	0.76	26.9
Bombella_GCF_014048475.1_spacer_38	virome_phage_41	78.571	28	6	0	3	30	14627	14654	0.76	26.9
Bombella_GCF_014048475.1_spacer_38	virome_phage_2	78.571	28	6	0	1	28	142553	142580	0.76	26.9
Bombella_GCF_014048475.1_spacer_39	virome_phage_866	86.957	23	3	0	3	25	18887	18909	0.25	28.5
Bombella_GCF_014048475.1_spacer_39	virome_phage_756	86.957	23	3	0	8	30	43863	43885	0.25	28.5
Bombella_GCF_014048475.1_spacer_39	total_phage_246	94.444	18	1	0	1	18	1812	1829	0.76	26.9
Bombella_GCF_014048475.1_spacer_39	total_phage_189	80.769	26	5	0	1	26	31382	31407	0.76	26.9
Bombella_GCF_014048475.1_spacer_40	virome_phage_811	83.333	24	4	0	6	29	15139	15162	0.76	26.9
Bombella_GCF_014048475.1_spacer_40	virome_phage_765	94.444	18	1	0	4	21	22629	22612	0.76	26.9
Bombella_GCF_014048475.1_spacer_40	virome_phage_19	86.364	22	3	0	7	28	28897	28876	0.76	26.9
Bombella_GCF_014048475.1_spacer_41	virome_phage_827	95.000	20	1	0	3	22	9875	9856	0.084	30.1
Bombella_GCF_014048475.1_spacer_41	total_phage_790	86.957	23	3	0	9	31	49769	49791	0.25	28.5
Bombella_GCF_014048475.1_spacer_41	total_phage_790	83.333	24	4	0	7	30	7592	7569	0.76	26.9
Bombella_GCF_014048475.1_spacer_42	virome_phage_912	90.476	21	2	0	9	29	17391	17371	0.25	28.5
Bombella_GCF_014048475.1_spacer_42	virome_phage_79	100.000	17	0	0	16	32	13716	13732	0.25	28.5
Bombella_GCF_014048475.1_spacer_42	virome_phage_2304	90.476	21	2	0	9	29	36540	36520	0.25	28.5
Bombella_GCF_014048475.1_spacer_42	virome_phage_749	86.364	22	3	0	5	26	20691	20712	0.76	26.9
Bombella_GCF_014048475.1_spacer_42	total_phage_92	80.769	26	5	0	2	27	7427	7402	0.76	26.9
Bombella_GCF_014048475.1_spacer_42	total_phage_188	94.444	18	1	0	10	27	1094	1111	0.76	26.9
Bombella_GCF_014048475.1_spacer_43	virome_phage_906	84.000	25	4	0	1	25	11317	11293	0.25	28.5
Bombella_GCF_014048475.1_spacer_43	virome_phage_854	84.000	25	4	0	8	32	33341	33317	0.25	28.5
Bombella_GCF_014048475.1_spacer_43	virome_phage_55	81.481	27	5	0	2	28	4461	4435	0.25	28.5
Bombella_GCF_014048475.1_spacer_43	virome_phage_55	90.000	20	2	0	5	24	2311	2330	0.76	26.9
Bombella_GCF_014048475.1_spacer_43	virome_phage_55	83.333	24	4	0	9	32	6866	6843	0.76	26.9
Bombella_GCF_014048475.1_spacer_43	total_phage_927	81.481	27	5	0	2	28	18155	18181	0.25	28.5
Bombella_GCF_014048475.1_spacer_43	virome_phage_2372	86.364	22	3	0	5	26	3753	3774	0.76	26.9
Bombella_GCF_014048475.1_spacer_43	virome_phage_2347	86.364	22	3	0	5	26	23607	23586	0.76	26.9
Bombella_GCF_014048475.1_spacer_44	virome_phage_2286	88.889	27	3	0	5	31	25868	25894	0.003	34.9
Bombella_GCF_014048475.1_spacer_45	virome_phage_770	83.333	24	4	0	7	30	22330	22307	0.76	26.9
Bombella_GCF_014048475.1_spacer_45	total_phage_737	76.667	30	7	0	1	30	19572	19543	0.76	26.9
Bombella_GCF_014048475.1_spacer_45	total_phage_413	76.667	30	7	0	3	32	14390	14419	0.76	26.9
Bombella_GCF_014048475.1_spacer_46	virome_phage_793	94.737	19	1	0	9	27	11653	11671	0.25	28.5
Bombella_GCF_014048475.1_spacer_46	virome_phage_83	86.364	22	3	0	4	25	12024	12003	0.76	26.9
Bombella_GCF_014048475.1_spacer_46	virome_phage_761	83.333	24	4	0	5	28	18360	18383	0.76	26.9
Bombella_GCF_014048475.1_spacer_48	virome_phage_19	87.500	24	3	0	1	24	44688	44711	0.084	30.1
Bombella_GCF_014048475.1_spacer_48	total_phage_663	86.957	23	3	0	10	32	1096	1118	0.25	28.5
Bombella_GCF_014048475.1_spacer_48	virome_phage_60	86.364	22	3	0	4	25	9094	9115	0.76	26.9
Bombella_GCF_014048475.1_spacer_48	virome_phage_2296	94.444	18	1	0	9	26	20969	20986	0.76	26.9
Bombella_GCF_014048475.1_spacer_49	virome_phage_821	90.476	21	2	0	4	24	3816	3796	0.25	28.5
Bombella_GCF_014048475.1_spacer_49	virome_phage_155	84.000	25	4	0	1	25	9331	9307	0.25	28.5
Bombella_GCF_014048475.1_spacer_49	virome_phage_120	86.364	22	3	0	3	24	10884	10863	0.76	26.9
Bombella_GCF_014048475.1_spacer_49	total_phage_115	86.364	22	3	0	3	24	10938	10917	0.76	26.9
Bombella_GCF_014048475.1_spacer_50	total_phage_304	90.476	21	2	0	7	27	29743	29763	0.25	28.5
Bombella_GCF_014048475.1_spacer_50	virome_phage_24	90.000	20	2	0	13	32	19829	19810	0.76	26.9
Bombella_GCF_014048475.1_spacer_51	virome_phage_88	79.310	29	6	0	4	32	6126	6154	0.25	28.5
Bombella_GCF_014048475.1_spacer_51	virome_phage_800	79.310	29	6	0	4	32	5203	5231	0.25	28.5
Bombella_GCF_014048475.1_spacer_51	total_phage_796	79.310	29	6	0	4	32	8582	8554	0.25	28.5
Bombella_GCF_014048475.1_spacer_51	virome_phage_2297	83.333	24	4	0	7	30	16443	16420	0.76	26.9
Bombella_GCF_014048475.1_spacer_52	virome_phage_59	86.364	22	3	0	3	24	5747	5726	0.76	26.9
Bombella_GCF_014048475.1_spacer_52	total_phage_783	94.444	18	1	0	12	29	11915	11898	0.76	26.9
Bombella_GCF_014048475.1_spacer_52	total_phage_745	94.444	18	1	0	12	29	12238	12255	0.76	26.9
Bombella_GCF_014048475.1_spacer_52	total_phage_233	94.444	18	1	0	12	29	14382	14399	0.76	26.9
Bombella_GCF_014048475.1_spacer_53	virome_phage_871	80.769	26	5	0	3	28	6715	6690	0.76	26.9
Bombella_GCF_014048475.1_spacer_54	virome_phage_906	78.125	32	7	0	1	32	11291	11322	0.084	30.1
Bombella_GCF_014048475.1_spacer_54	virome_phage_117	94.444	18	1	0	10	27	21512	21529	0.76	26.9
Bombella_GCF_014048475.1_spacer_55	virome_phage_1063	100.000	18	0	0	10	27	1068	1085	0.084	30.1
Bombella_GCF_014048475.1_spacer_55	total_phage_418	80.769	26	5	0	3	28	3509	3534	0.76	26.9
Bombella_GCF_014048475.1_spacer_56	virome_phage_848	86.957	23	3	0	7	29	167	145	0.25	28.5
Bombella_GCF_014048475.1_spacer_56	virome_phage_11	81.481	27	5	0	3	29	19920	19894	0.25	28.5
Bombella_GCF_014048475.1_spacer_56	virome_phage_2282	76.667	30	7	0	3	32	24487	24516	0.76	26.9
Bombella_GCF_014048475.1_spacer_56	total_phage_233	94.444	18	1	0	1	18	50111	50128	0.76	26.9
