Bombella_GCF_009725845.1_spacer_0	virome_phage_88	94.737	19	1	0	9	27	29789	29771	0.25	28.5
Bombella_GCF_009725845.1_spacer_0	virome_phage_800	94.737	19	1	0	9	27	28866	28848	0.25	28.5
Bombella_GCF_009725845.1_spacer_0	virome_phage_2913	79.310	29	6	0	4	32	1548	1576	0.25	28.5
Bombella_GCF_009725845.1_spacer_0	virome_phage_2360	94.737	19	1	0	9	27	12102	12084	0.25	28.5
Bombella_GCF_009725845.1_spacer_0	total_phage_796	94.737	19	1	0	9	27	25971	25989	0.25	28.5
Bombella_GCF_009725845.1_spacer_0	total_phage_731	79.310	29	6	0	1	29	106520	106492	0.25	28.5
Bombella_GCF_009725845.1_spacer_0	total_phage_248	94.737	19	1	0	9	27	11013	11031	0.25	28.5
Bombella_GCF_009725845.1_spacer_0	total_phage_187	77.419	31	7	0	1	31	37548	37578	0.25	28.5
Bombella_GCF_009725845.1_spacer_0	total_phage_114	94.737	19	1	0	9	27	24401	24419	0.25	28.5
Bombella_GCF_009725845.1_spacer_0	virome_phage_8	78.571	28	6	0	3	30	40939	40912	0.76	26.9
Bombella_GCF_009725845.1_spacer_0	virome_phage_23	80.769	26	5	0	3	28	11389	11364	0.76	26.9
Bombella_GCF_009725845.1_spacer_1	virome_phage_837	86.957	23	3	0	7	29	20557	20579	0.25	28.5
Bombella_GCF_009725845.1_spacer_1	virome_phage_123	86.957	23	3	0	7	29	21526	21548	0.25	28.5
Bombella_GCF_009725845.1_spacer_1	virome_phage_69	83.333	24	4	0	1	24	8457	8480	0.76	26.9
Bombella_GCF_009725845.1_spacer_2	virome_phage_820	83.333	24	4	0	4	27	37171	37148	0.76	26.9
Bombella_GCF_009725845.1_spacer_3	virome_phage_77	94.444	18	1	0	8	25	17545	17562	0.76	26.9
Bombella_GCF_009725845.1_spacer_3	virome_phage_758	83.333	24	4	0	9	32	18854	18877	0.76	26.9
Bombella_GCF_009725845.1_spacer_3	virome_phage_1279	90.000	20	2	0	4	23	7505	7486	0.76	26.9
Bombella_GCF_009725845.1_spacer_4	virome_phage_2270	84.000	25	4	0	8	32	74351	74327	0.25	28.5
Bombella_GCF_009725845.1_spacer_4	total_phage_92	81.481	27	5	0	1	27	33520	33546	0.25	28.5
Bombella_GCF_009725845.1_spacer_4	virome_phage_7	90.000	20	2	0	5	24	76436	76417	0.76	26.9
Bombella_GCF_009725845.1_spacer_5	virome_phage_736	86.364	22	3	0	2	23	106206	106227	0.76	26.9
Bombella_GCF_009725845.1_spacer_6	total_phage_413	91.667	24	2	0	9	32	88690	88667	0.009	33.3
Bombella_GCF_009725845.1_spacer_6	virome_phage_39	80.000	30	6	0	2	31	38090	38119	0.084	30.1
Bombella_GCF_009725845.1_spacer_6	virome_phage_858	84.000	25	4	0	1	25	9631	9655	0.25	28.5
Bombella_GCF_009725845.1_spacer_6	virome_phage_858	81.481	27	5	0	6	32	26843	26817	0.25	28.5
Bombella_GCF_009725845.1_spacer_6	virome_phage_2297	81.481	27	5	0	6	32	32424	32450	0.25	28.5
Bombella_GCF_009725845.1_spacer_6	total_phage_793	84.000	25	4	0	1	25	34662	34638	0.25	28.5
Bombella_GCF_009725845.1_spacer_6	total_phage_793	90.000	20	2	0	8	27	6323	6304	0.76	26.9
Bombella_GCF_009725845.1_spacer_6	total_phage_417	84.000	25	4	0	1	25	29263	29239	0.25	28.5
Bombella_GCF_009725845.1_spacer_6	virome_phage_748	83.333	24	4	0	9	32	26893	26916	0.76	26.9
Bombella_GCF_009725845.1_spacer_6	virome_phage_2353	83.333	24	4	0	6	29	4138	4115	0.76	26.9
Bombella_GCF_009725845.1_spacer_6	virome_phage_2275	86.364	22	3	0	9	30	26400	26421	0.76	26.9
Bombella_GCF_009725845.1_spacer_6	virome_phage_181	86.364	22	3	0	6	27	8480	8501	0.76	26.9
Bombella_GCF_009725845.1_spacer_6	total_phage_730	90.000	20	2	0	8	27	58488	58507	0.76	26.9
Bombella_GCF_009725845.1_spacer_6	total_phage_666	90.000	20	2	0	8	27	5250	5231	0.76	26.9
Bombella_GCF_009725845.1_spacer_6	total_phage_639	90.000	20	2	0	8	27	18771	18790	0.76	26.9
Bombella_GCF_009725845.1_spacer_6	total_phage_638	86.364	22	3	0	6	27	17896	17917	0.76	26.9
Bombella_GCF_009725845.1_spacer_6	total_phage_363	80.769	26	5	0	3	28	14846	14871	0.76	26.9
Bombella_GCF_009725845.1_spacer_6	total_phage_18	86.364	22	3	0	6	27	8582	8603	0.76	26.9
Bombella_GCF_009725845.1_spacer_7	virome_phage_788	90.000	20	2	0	3	22	38923	38904	0.76	26.9
Bombella_GCF_009725845.1_spacer_7	virome_phage_11	94.444	18	1	0	8	25	27811	27828	0.76	26.9
Bombella_GCF_009725845.1_spacer_8	virome_phage_766	84.000	25	4	0	1	25	25497	25521	0.25	28.5
Bombella_GCF_009725845.1_spacer_8	virome_phage_738	94.737	19	1	0	6	24	112301	112283	0.25	28.5
Bombella_GCF_009725845.1_spacer_8	virome_phage_9	83.333	24	4	0	6	29	1355	1378	0.76	26.9
Bombella_GCF_009725845.1_spacer_8	virome_phage_79	86.364	22	3	0	2	23	32242	32263	0.76	26.9
Bombella_GCF_009725845.1_spacer_8	virome_phage_780	94.444	18	1	0	15	32	28697	28680	0.76	26.9
Bombella_GCF_009725845.1_spacer_8	virome_phage_734	83.333	24	4	0	6	29	82404	82381	0.76	26.9
Bombella_GCF_009725845.1_spacer_8	virome_phage_2288	86.364	22	3	0	2	23	59	38	0.76	26.9
Bombella_GCF_009725845.1_spacer_8	virome_phage_11	90.000	20	2	0	8	27	81338	81357	0.76	26.9
Bombella_GCF_009725845.1_spacer_8	virome_phage_1	86.364	22	3	0	9	30	149975	149996	0.76	26.9
Bombella_GCF_009725845.1_spacer_9	total_phage_243	84.000	25	4	0	8	32	18053	18029	0.25	28.5
Bombella_GCF_009725845.1_spacer_9	total_phage_125	84.000	25	4	0	8	32	9790	9814	0.25	28.5
Bombella_GCF_009725845.1_spacer_9	virome_phage_2269	86.364	22	3	0	11	32	190250	190271	0.76	26.9
Bombella_GCF_009725845.1_spacer_10	virome_phage_826	94.444	18	1	0	3	20	8168	8185	0.76	26.9
Bombella_GCF_009725845.1_spacer_10	virome_phage_28	80.769	26	5	0	2	27	52460	52435	0.76	26.9
Bombella_GCF_009725845.1_spacer_10	virome_phage_2530	94.444	18	1	0	1	18	6513	6496	0.76	26.9
Bombella_GCF_009725845.1_spacer_11	virome_phage_2400	90.000	20	2	0	9	28	1273	1254	0.76	26.9
Bombella_GCF_009725845.1_spacer_11	virome_phage_158	90.000	20	2	0	9	28	17436	17455	0.76	26.9
Bombella_GCF_009725845.1_spacer_12	virome_phage_860	82.143	28	5	0	1	28	28701	28674	0.084	30.1
Bombella_GCF_009725845.1_spacer_12	virome_phage_860	86.364	22	3	0	2	23	13641	13662	0.76	26.9
Bombella_GCF_009725845.1_spacer_12	virome_phage_738	84.000	25	4	0	3	27	136096	136120	0.25	28.5
Bombella_GCF_009725845.1_spacer_12	virome_phage_4	84.000	25	4	0	3	27	105834	105810	0.25	28.5
Bombella_GCF_009725845.1_spacer_12	virome_phage_734	86.364	22	3	0	6	27	124404	124383	0.76	26.9
Bombella_GCF_009725845.1_spacer_12	total_phage_927	94.444	18	1	0	13	30	117388	117371	0.76	26.9
Bombella_GCF_009725845.1_spacer_12	total_phage_231	94.444	18	1	0	13	30	87638	87655	0.76	26.9
Bombella_GCF_009725845.1_spacer_13	virome_phage_753	90.909	22	2	0	9	30	18712	18691	0.084	30.1
Bombella_GCF_009725845.1_spacer_13	virome_phage_1286	94.737	19	1	0	9	27	3464	3482	0.25	28.5
Bombella_GCF_009725845.1_spacer_15	virome_phage_745	78.571	28	6	0	3	30	71924	71897	0.76	26.9
Bombella_GCF_009725845.1_spacer_15	virome_phage_744	83.333	24	4	0	2	25	11945	11922	0.76	26.9
Bombella_GCF_009725845.1_spacer_15	virome_phage_735	83.333	24	4	0	3	26	96532	96555	0.76	26.9
Bombella_GCF_009725845.1_spacer_15	virome_phage_2272	90.000	20	2	0	4	23	746	727	0.76	26.9
Bombella_GCF_009725845.1_spacer_15	virome_phage_2270	94.444	18	1	0	1	18	68731	68748	0.76	26.9
Bombella_GCF_009725845.1_spacer_19	virome_phage_86	90.000	20	2	0	8	27	33426	33445	0.76	26.9
Bombella_GCF_009725845.1_spacer_20	virome_phage_738	84.000	25	4	0	5	29	56829	56805	0.25	28.5
Bombella_GCF_009725845.1_spacer_20	virome_phage_4	84.000	25	4	0	5	29	40077	40101	0.25	28.5
Bombella_GCF_009725845.1_spacer_20	total_phage_730	84.000	25	4	0	5	29	26888	26864	0.25	28.5
Bombella_GCF_009725845.1_spacer_20	virome_phage_844	100.000	16	0	0	17	32	13907	13922	0.76	26.9
Bombella_GCF_009725845.1_spacer_20	virome_phage_747	94.444	18	1	0	15	32	2151	2168	0.76	26.9
Bombella_GCF_009725845.1_spacer_20	virome_phage_743	100.000	16	0	0	7	22	41313	41298	0.76	26.9
Bombella_GCF_009725845.1_spacer_20	virome_phage_743	78.571	28	6	0	4	31	85301	85274	0.76	26.9
Bombella_GCF_009725845.1_spacer_20	virome_phage_734	100.000	16	0	0	5	20	330219	330204	0.76	26.9
Bombella_GCF_009725845.1_spacer_21	virome_phage_63	86.957	23	3	0	7	29	40651	40629	0.25	28.5
Bombella_GCF_009725845.1_spacer_21	virome_phage_753	86.364	22	3	0	3	24	16456	16477	0.76	26.9
Bombella_GCF_009725845.1_spacer_21	total_phage_697	83.333	24	4	0	4	27	17369	17346	0.76	26.9
Bombella_GCF_009725845.1_spacer_21	total_phage_497	83.333	24	4	0	4	27	21456	21433	0.76	26.9
Bombella_GCF_009725845.1_spacer_21	total_phage_478	83.333	24	4	0	4	27	16781	16758	0.76	26.9
Bombella_GCF_009725845.1_spacer_22	virome_phage_19	76.667	30	7	0	3	32	24415	24444	0.76	26.9
Bombella_GCF_009725845.1_spacer_23	virome_phage_96	85.185	27	4	0	2	28	15717	15743	0.028	31.7
Bombella_GCF_009725845.1_spacer_23	virome_phage_796	85.185	27	4	0	2	28	25708	25734	0.028	31.7
Bombella_GCF_009725845.1_spacer_23	virome_phage_876	90.476	21	2	0	7	27	17464	17444	0.25	28.5
Bombella_GCF_009725845.1_spacer_23	virome_phage_772	86.957	23	3	0	5	27	19019	19041	0.25	28.5
Bombella_GCF_009725845.1_spacer_23	virome_phage_49	86.957	23	3	0	2	24	30403	30381	0.25	28.5
Bombella_GCF_009725845.1_spacer_23	virome_phage_2281	86.957	23	3	0	5	27	9055	9077	0.25	28.5
Bombella_GCF_009725845.1_spacer_23	virome_phage_48	83.333	24	4	0	1	24	13289	13266	0.76	26.9
Bombella_GCF_009725845.1_spacer_24	virome_phage_144	84.000	25	4	0	2	26	8941	8965	0.25	28.5
Bombella_GCF_009725845.1_spacer_24	total_phage_636	86.957	23	3	0	10	32	27715	27737	0.25	28.5
Bombella_GCF_009725845.1_spacer_24	virome_phage_949	94.444	18	1	0	7	24	19146	19129	0.76	26.9
Bombella_GCF_009725845.1_spacer_24	virome_phage_747	86.364	22	3	0	5	26	5941	5920	0.76	26.9
Bombella_GCF_009725845.1_spacer_24	virome_phage_2300	83.333	24	4	0	1	24	21061	21038	0.76	26.9
Bombella_GCF_009725845.1_spacer_24	total_phage_735	78.571	28	6	0	3	30	30396	30369	0.76	26.9
Bombella_GCF_009725845.1_spacer_24	total_phage_172	90.000	20	2	0	11	30	20183	20202	0.76	26.9
Bombella_GCF_009725845.1_spacer_25	virome_phage_860	90.909	22	2	0	9	30	28995	29016	0.084	30.1
Bombella_GCF_009725845.1_spacer_25	total_phage_783	90.909	22	2	0	7	28	26778	26799	0.084	30.1
Bombella_GCF_009725845.1_spacer_25	virome_phage_764	79.310	29	6	0	3	31	35927	35955	0.25	28.5
Bombella_GCF_009725845.1_spacer_25	virome_phage_739	77.419	31	7	0	2	32	80109	80079	0.25	28.5
Bombella_GCF_009725845.1_spacer_25	virome_phage_734	81.481	27	5	0	4	30	109435	109461	0.25	28.5
Bombella_GCF_009725845.1_spacer_25	virome_phage_3	86.957	23	3	0	9	31	31265	31287	0.25	28.5
Bombella_GCF_009725845.1_spacer_25	total_phage_730	84.000	25	4	0	6	30	67076	67100	0.25	28.5
Bombella_GCF_009725845.1_spacer_25	total_phage_604	84.000	25	4	0	1	25	1821	1797	0.25	28.5
Bombella_GCF_009725845.1_spacer_25	total_phage_524	84.000	25	4	0	1	25	7260	7236	0.25	28.5
Bombella_GCF_009725845.1_spacer_25	virome_phage_8	94.444	18	1	0	12	29	111210	111193	0.76	26.9
Bombella_GCF_009725845.1_spacer_25	virome_phage_776	100.000	16	0	0	12	27	38915	38900	0.76	26.9
Bombella_GCF_009725845.1_spacer_25	virome_phage_7	75.000	32	8	0	1	32	328	297	0.76	26.9
Bombella_GCF_009725845.1_spacer_25	virome_phage_69	80.769	26	5	0	6	31	34828	34853	0.76	26.9
Bombella_GCF_009725845.1_spacer_25	virome_phage_2286	83.333	24	4	0	6	29	22489	22466	0.76	26.9
Bombella_GCF_009725845.1_spacer_25	virome_phage_12	86.364	22	3	0	10	31	6166	6145	0.76	26.9
Bombella_GCF_009725845.1_spacer_25	virome_phage_1117	90.000	20	2	0	5	24	1120	1101	0.76	26.9
Bombella_GCF_009725845.1_spacer_25	total_phage_934	83.333	24	4	0	1	24	774	751	0.76	26.9
Bombella_GCF_009725845.1_spacer_25	total_phage_733	78.571	28	6	0	4	31	32626	32653	0.76	26.9
Bombella_GCF_009725845.1_spacer_25	total_phage_239	100.000	16	0	0	12	27	4955	4940	0.76	26.9
Bombella_GCF_009725845.1_spacer_25	total_phage_189	78.571	28	6	0	4	31	31018	31045	0.76	26.9
Bombella_GCF_009725845.1_spacer_26	virome_phage_810	86.957	23	3	0	8	30	29162	29184	0.25	28.5
Bombella_GCF_009725845.1_spacer_26	virome_phage_19	80.769	26	5	0	3	28	70697	70672	0.76	26.9
Bombella_GCF_009725845.1_spacer_27	virome_phage_899	79.310	29	6	0	1	29	8477	8449	0.25	28.5
Bombella_GCF_009725845.1_spacer_27	virome_phage_2254	86.957	23	3	0	4	26	95790	95768	0.25	28.5
Bombella_GCF_009725845.1_spacer_27	virome_phage_2238	86.957	23	3	0	4	26	77314	77292	0.25	28.5
Bombella_GCF_009725845.1_spacer_27	total_phage_500	86.957	23	3	0	4	26	30643	30665	0.25	28.5
Bombella_GCF_009725845.1_spacer_27	virome_phage_2260	86.364	22	3	0	9	30	7028	7049	0.76	26.9
Bombella_GCF_009725845.1_spacer_28	virome_phage_894	100.000	17	0	0	3	19	23059	23075	0.25	28.5
Bombella_GCF_009725845.1_spacer_28	total_phage_239	100.000	17	0	0	5	21	20500	20484	0.25	28.5
Bombella_GCF_009725845.1_spacer_28	virome_phage_993	86.364	22	3	0	3	24	13198	13219	0.76	26.9
Bombella_GCF_009725845.1_spacer_28	virome_phage_864	76.667	30	7	0	1	30	15337	15366	0.76	26.9
Bombella_GCF_009725845.1_spacer_28	virome_phage_51	78.571	28	6	0	1	28	11161	11188	0.76	26.9
Bombella_GCF_009725845.1_spacer_28	total_phage_437	90.000	20	2	0	4	23	25245	25226	0.76	26.9
Bombella_GCF_009725845.1_spacer_28	total_phage_358	78.571	28	6	0	3	30	38875	38848	0.76	26.9
Bombella_GCF_009725845.1_spacer_29	virome_phage_908	80.769	26	5	0	7	32	10853	10878	0.76	26.9
Bombella_GCF_009725845.1_spacer_29	total_phage_793	90.000	20	2	0	6	25	2530	2511	0.76	26.9
Bombella_GCF_009725845.1_spacer_29	total_phage_362	90.000	20	2	0	6	25	49577	49558	0.76	26.9
Bombella_GCF_009725845.1_spacer_29	total_phage_303	90.000	20	2	0	8	27	27994	27975	0.76	26.9
Bombella_GCF_009725845.1_spacer_30	virome_phage_791	83.333	24	4	0	1	24	39323	39300	0.76	26.9
Bombella_GCF_009725845.1_spacer_31	total_phage_729	95.000	20	1	0	12	31	20713	20694	0.084	30.1
Bombella_GCF_009725845.1_spacer_31	virome_phage_932	80.769	26	5	0	3	28	5950	5975	0.76	26.9
Bombella_GCF_009725845.1_spacer_31	virome_phage_857	76.667	30	7	0	1	30	32098	32069	0.76	26.9
Bombella_GCF_009725845.1_spacer_32	virome_phage_773	78.571	28	6	0	1	28	32064	32091	0.76	26.9
Bombella_GCF_009725845.1_spacer_33	virome_phage_825	90.909	22	2	0	4	25	18814	18835	0.084	30.1
Bombella_GCF_009725845.1_spacer_33	total_phage_293	87.500	24	3	0	9	32	4961	4984	0.084	30.1
Bombella_GCF_009725845.1_spacer_33	total_phage_246	78.125	32	7	0	1	32	27950	27981	0.084	30.1
Bombella_GCF_009725845.1_spacer_33	virome_phage_857	81.481	27	5	0	6	32	20451	20477	0.25	28.5
Bombella_GCF_009725845.1_spacer_33	virome_phage_751	90.476	21	2	0	2	22	31148	31168	0.25	28.5
Bombella_GCF_009725845.1_spacer_33	virome_phage_736	84.000	25	4	0	7	31	122425	122401	0.25	28.5
Bombella_GCF_009725845.1_spacer_33	virome_phage_7	79.310	29	6	0	3	31	10122	10150	0.25	28.5
Bombella_GCF_009725845.1_spacer_33	virome_phage_28	90.476	21	2	0	2	22	51153	51173	0.25	28.5
Bombella_GCF_009725845.1_spacer_33	virome_phage_2269	94.737	19	1	0	3	21	211090	211108	0.25	28.5
Bombella_GCF_009725845.1_spacer_33	virome_phage_1	81.481	27	5	0	3	29	189081	189107	0.25	28.5
Bombella_GCF_009725845.1_spacer_33	total_phage_730	77.419	31	7	0	2	32	41481	41451	0.25	28.5
Bombella_GCF_009725845.1_spacer_33	total_phage_636	90.476	21	2	0	11	31	3513	3533	0.25	28.5
Bombella_GCF_009725845.1_spacer_33	total_phage_231	84.000	25	4	0	3	27	89092	89116	0.25	28.5
Bombella_GCF_009725845.1_spacer_33	virome_phage_839	86.364	22	3	0	9	30	26061	26040	0.76	26.9
Bombella_GCF_009725845.1_spacer_33	virome_phage_834	78.571	28	6	0	3	30	8075	8102	0.76	26.9
Bombella_GCF_009725845.1_spacer_33	virome_phage_782	83.333	24	4	0	4	27	43246	43223	0.76	26.9
Bombella_GCF_009725845.1_spacer_33	virome_phage_776	83.333	24	4	0	6	29	12101	12124	0.76	26.9
Bombella_GCF_009725845.1_spacer_33	virome_phage_755	83.333	24	4	0	5	28	33985	33962	0.76	26.9
Bombella_GCF_009725845.1_spacer_33	virome_phage_47	90.000	20	2	0	6	25	20790	20809	0.76	26.9
Bombella_GCF_009725845.1_spacer_33	virome_phage_32	100.000	16	0	0	12	27	27020	27035	0.76	26.9
Bombella_GCF_009725845.1_spacer_33	virome_phage_3	83.333	24	4	0	9	32	152197	152220	0.76	26.9
Bombella_GCF_009725845.1_spacer_33	virome_phage_2407	86.364	22	3	0	5	26	5888	5909	0.76	26.9
Bombella_GCF_009725845.1_spacer_33	virome_phage_2335	86.364	22	3	0	9	30	7705	7726	0.76	26.9
Bombella_GCF_009725845.1_spacer_33	virome_phage_2314	80.769	26	5	0	3	28	28434	28459	0.76	26.9
Bombella_GCF_009725845.1_spacer_33	virome_phage_2254	90.000	20	2	0	1	20	69195	69214	0.76	26.9
Bombella_GCF_009725845.1_spacer_33	virome_phage_2238	90.000	20	2	0	1	20	50709	50728	0.76	26.9
Bombella_GCF_009725845.1_spacer_33	virome_phage_18	83.333	24	4	0	6	29	22355	22378	0.76	26.9
Bombella_GCF_009725845.1_spacer_33	virome_phage_1109	80.769	26	5	0	6	31	2801	2826	0.76	26.9
Bombella_GCF_009725845.1_spacer_33	total_phage_803	90.000	20	2	0	6	25	28281	28262	0.76	26.9
Bombella_GCF_009725845.1_spacer_33	total_phage_782	90.000	20	2	0	13	32	30266	30247	0.76	26.9
Bombella_GCF_009725845.1_spacer_33	total_phage_500	90.000	20	2	0	1	20	57248	57229	0.76	26.9
Bombella_GCF_009725845.1_spacer_33	total_phage_358	80.769	26	5	0	7	32	16087	16112	0.76	26.9
Bombella_GCF_009725845.1_spacer_33	total_phage_296	90.000	20	2	0	8	27	16942	16923	0.76	26.9
Bombella_GCF_009725845.1_spacer_33	total_phage_294	83.333	24	4	0	8	31	54797	54774	0.76	26.9
Bombella_GCF_009725845.1_spacer_33	total_phage_233	83.333	24	4	0	8	31	79584	79561	0.76	26.9
Bombella_GCF_009725845.1_spacer_34	virome_phage_748	84.000	25	4	0	4	28	3726	3702	0.25	28.5
Bombella_GCF_009725845.1_spacer_34	virome_phage_63	100.000	16	0	0	10	25	19712	19727	0.76	26.9
Bombella_GCF_009725845.1_spacer_34	virome_phage_2254	86.364	22	3	0	5	26	128169	128190	0.76	26.9
Bombella_GCF_009725845.1_spacer_35	virome_phage_2424	81.481	27	5	0	1	27	14741	14715	0.25	28.5
Bombella_GCF_009725845.1_spacer_35	virome_phage_239	81.481	27	5	0	1	27	12817	12791	0.25	28.5
Bombella_GCF_009725845.1_spacer_36	virome_phage_857	91.304	23	2	0	1	23	26676	26654	0.028	31.7
Bombella_GCF_009725845.1_spacer_36	virome_phage_7	79.310	29	6	0	1	29	44689	44661	0.25	28.5
Bombella_GCF_009725845.1_spacer_36	virome_phage_7	83.333	24	4	0	1	24	43852	43829	0.76	26.9
Bombella_GCF_009725845.1_spacer_36	virome_phage_65	90.000	20	2	0	6	25	11515	11496	0.76	26.9
Bombella_GCF_009725845.1_spacer_36	virome_phage_2357	90.000	20	2	0	8	27	12900	12881	0.76	26.9
Bombella_GCF_009725845.1_spacer_36	total_phage_692	94.444	18	1	0	4	21	30202	30219	0.76	26.9
Bombella_GCF_009725845.1_spacer_36	total_phage_658	94.444	18	1	0	4	21	15700	15683	0.76	26.9
Bombella_GCF_009725845.1_spacer_36	total_phage_304	90.000	20	2	0	8	27	12427	12408	0.76	26.9
Bombella_GCF_009725845.1_spacer_36	total_phage_299	86.364	22	3	0	2	23	7837	7816	0.76	26.9
Bombella_GCF_009725845.1_spacer_37	virome_phage_155	84.615	26	4	0	3	28	9305	9330	0.084	30.1
Bombella_GCF_009725845.1_spacer_37	virome_phage_120	90.909	22	2	0	6	27	10863	10884	0.084	30.1
Bombella_GCF_009725845.1_spacer_37	total_phage_115	90.909	22	2	0	6	27	10917	10938	0.084	30.1
Bombella_GCF_009725845.1_spacer_37	virome_phage_86	83.333	24	4	0	9	32	30699	30722	0.76	26.9
Bombella_GCF_009725845.1_spacer_37	virome_phage_782	83.333	24	4	0	2	25	16123	16146	0.76	26.9
Bombella_GCF_009725845.1_spacer_37	virome_phage_60	86.364	22	3	0	7	28	32606	32627	0.76	26.9
Bombella_GCF_009725845.1_spacer_37	virome_phage_2372	83.333	24	4	0	9	32	12146	12123	0.76	26.9
Bombella_GCF_009725845.1_spacer_37	virome_phage_2282	94.444	18	1	0	6	23	37374	37357	0.76	26.9
Bombella_GCF_009725845.1_spacer_37	virome_phage_196	83.333	24	4	0	5	28	6331	6354	0.76	26.9
Bombella_GCF_009725845.1_spacer_37	virome_phage_153	80.769	26	5	0	3	28	9204	9229	0.76	26.9
Bombella_GCF_009725845.1_spacer_38	virome_phage_2350	83.333	24	4	0	8	31	10103	10080	0.76	26.9
Bombella_GCF_009725845.1_spacer_39	virome_phage_38	80.000	30	6	0	1	30	7752	7781	0.084	30.1
Bombella_GCF_009725845.1_spacer_39	virome_phage_19	90.476	21	2	0	3	23	12661	12681	0.25	28.5
Bombella_GCF_009725845.1_spacer_40	total_phage_232	88.000	25	3	0	7	31	23339	23363	0.028	31.7
Bombella_GCF_009725845.1_spacer_40	virome_phage_891	86.957	23	3	0	5	27	18288	18266	0.25	28.5
Bombella_GCF_009725845.1_spacer_40	virome_phage_875	94.737	19	1	0	7	25	30423	30441	0.25	28.5
Bombella_GCF_009725845.1_spacer_40	total_phage_733	86.957	23	3	0	5	27	7491	7513	0.25	28.5
Bombella_GCF_009725845.1_spacer_40	total_phage_364	79.310	29	6	0	2	30	1716	1688	0.25	28.5
Bombella_GCF_009725845.1_spacer_40	total_phage_189	86.957	23	3	0	5	27	5464	5486	0.25	28.5
Bombella_GCF_009725845.1_spacer_40	virome_phage_878	76.667	30	7	0	1	30	14921	14892	0.76	26.9
Bombella_GCF_009725845.1_spacer_40	virome_phage_834	100.000	16	0	0	1	16	7799	7814	0.76	26.9
Bombella_GCF_009725845.1_spacer_40	virome_phage_826	78.571	28	6	0	4	31	23652	23625	0.76	26.9
Bombella_GCF_009725845.1_spacer_40	virome_phage_8	90.000	20	2	0	9	28	105050	105069	0.76	26.9
Bombella_GCF_009725845.1_spacer_40	virome_phage_8	76.667	30	7	0	2	31	120266	120237	0.76	26.9
Bombella_GCF_009725845.1_spacer_40	virome_phage_778	83.333	24	4	0	2	25	45184	45207	0.76	26.9
Bombella_GCF_009725845.1_spacer_40	virome_phage_748	90.000	20	2	0	1	20	34848	34867	0.76	26.9
Bombella_GCF_009725845.1_spacer_40	virome_phage_742	80.769	26	5	0	6	31	81324	81349	0.76	26.9
Bombella_GCF_009725845.1_spacer_40	virome_phage_734	94.444	18	1	0	12	29	183290	183307	0.76	26.9
Bombella_GCF_009725845.1_spacer_40	virome_phage_734	90.000	20	2	0	12	31	223717	223736	0.76	26.9
Bombella_GCF_009725845.1_spacer_40	virome_phage_2254	94.444	18	1	0	9	26	50924	50907	0.76	26.9
Bombella_GCF_009725845.1_spacer_40	virome_phage_2238	94.444	18	1	0	9	26	32438	32421	0.76	26.9
Bombella_GCF_009725845.1_spacer_40	total_phage_729	94.444	18	1	0	4	21	177672	177655	0.76	26.9
Bombella_GCF_009725845.1_spacer_40	total_phage_500	94.444	18	1	0	9	26	75519	75536	0.76	26.9
Bombella_GCF_009725845.1_spacer_40	total_phage_413	94.444	18	1	0	7	24	126192	126209	0.76	26.9
Bombella_GCF_009725845.1_spacer_40	total_phage_123	78.571	28	6	0	1	28	1243	1216	0.76	26.9
Bombella_GCF_009725845.1_spacer_40	total_phage_102	83.333	24	4	0	2	25	8340	8317	0.76	26.9
Bombella_GCF_009725845.1_spacer_40	total_phage_102	83.333	24	4	0	7	30	34921	34898	0.76	26.9
Bombella_GCF_009725845.1_spacer_41	virome_phage_774	90.000	20	2	0	2	21	45632	45651	0.76	26.9
Bombella_GCF_009725845.1_spacer_41	virome_phage_158	94.444	18	1	0	7	24	15812	15829	0.76	26.9
Bombella_GCF_009725845.1_spacer_41	virome_phage_1061	94.444	18	1	0	7	24	3394	3377	0.76	26.9
Bombella_GCF_009725845.1_spacer_42	virome_phage_735	86.957	23	3	0	10	32	197668	197646	0.25	28.5
Bombella_GCF_009725845.1_spacer_42	total_phage_92	79.310	29	6	0	3	31	127334	127306	0.25	28.5
Bombella_GCF_009725845.1_spacer_42	virome_phage_57	94.444	18	1	0	2	19	1569	1586	0.76	26.9
Bombella_GCF_009725845.1_spacer_42	virome_phage_1077	80.769	26	5	0	3	28	2600	2575	0.76	26.9
Bombella_GCF_009725845.1_spacer_43	total_phage_794	86.957	23	3	0	9	31	27423	27401	0.25	28.5
Bombella_GCF_009725845.1_spacer_43	total_phage_189	86.957	23	3	0	9	31	36442	36420	0.25	28.5
Bombella_GCF_009725845.1_spacer_43	virome_phage_882	83.333	24	4	0	4	27	1177	1154	0.76	26.9
Bombella_GCF_009725845.1_spacer_43	virome_phage_88	83.333	24	4	0	4	27	12372	12395	0.76	26.9
Bombella_GCF_009725845.1_spacer_43	virome_phage_800	83.333	24	4	0	4	27	11449	11472	0.76	26.9
Bombella_GCF_009725845.1_spacer_43	virome_phage_789	90.000	20	2	0	3	22	23437	23418	0.76	26.9
Bombella_GCF_009725845.1_spacer_43	virome_phage_18	86.364	22	3	0	9	30	11803	11782	0.76	26.9
Bombella_GCF_009725845.1_spacer_43	virome_phage_1	90.000	20	2	0	3	22	151815	151796	0.76	26.9
Bombella_GCF_009725845.1_spacer_43	total_phage_796	83.333	24	4	0	4	27	2336	2313	0.76	26.9
Bombella_GCF_009725845.1_spacer_43	total_phage_297	83.333	24	4	0	8	31	26757	26734	0.76	26.9
Bombella_GCF_009725845.1_spacer_44	virome_phage_2299	87.500	24	3	0	5	28	10670	10647	0.084	30.1
Bombella_GCF_009725845.1_spacer_44	virome_phage_2913	79.310	29	6	0	1	29	16502	16474	0.25	28.5
Bombella_GCF_009725845.1_spacer_44	virome_phage_2296	86.957	23	3	0	9	31	3645	3623	0.25	28.5
Bombella_GCF_009725845.1_spacer_44	virome_phage_826	80.769	26	5	0	4	29	12086	12061	0.76	26.9
Bombella_GCF_009725845.1_spacer_44	virome_phage_2295	90.000	20	2	0	2	21	42716	42697	0.76	26.9
Bombella_GCF_009725845.1_spacer_46	virome_phage_778	100.000	18	0	0	15	32	6560	6577	0.084	30.1
Bombella_GCF_009725845.1_spacer_46	virome_phage_2353	80.000	30	6	0	1	30	5063	5092	0.084	30.1
Bombella_GCF_009725845.1_spacer_46	virome_phage_2327	100.000	18	0	0	15	32	4957	4940	0.084	30.1
Bombella_GCF_009725845.1_spacer_46	total_phage_307	80.000	30	6	0	1	30	20631	20602	0.084	30.1
Bombella_GCF_009725845.1_spacer_46	total_phage_102	87.500	24	3	0	1	24	32152	32129	0.084	30.1
Bombella_GCF_009725845.1_spacer_46	virome_phage_787	86.957	23	3	0	4	26	12522	12544	0.25	28.5
Bombella_GCF_009725845.1_spacer_46	total_phage_729	77.419	31	7	0	1	31	54321	54351	0.25	28.5
Bombella_GCF_009725845.1_spacer_46	virome_phage_858	76.667	30	7	0	1	30	27768	27797	0.76	26.9
Bombella_GCF_009725845.1_spacer_46	virome_phage_850	100.000	16	0	0	15	30	29768	29783	0.76	26.9
Bombella_GCF_009725845.1_spacer_46	virome_phage_817	86.364	22	3	0	10	31	17616	17595	0.76	26.9
Bombella_GCF_009725845.1_spacer_46	virome_phage_5	78.571	28	6	0	1	28	103174	103147	0.76	26.9
Bombella_GCF_009725845.1_spacer_46	virome_phage_2368	78.571	28	6	0	4	31	19012	18985	0.76	26.9
Bombella_GCF_009725845.1_spacer_46	virome_phage_2357	94.444	18	1	0	13	30	19012	18995	0.76	26.9
Bombella_GCF_009725845.1_spacer_46	virome_phage_2329	90.000	20	2	0	10	29	21319	21338	0.76	26.9
Bombella_GCF_009725845.1_spacer_46	virome_phage_2314	80.769	26	5	0	5	30	20147	20172	0.76	26.9
Bombella_GCF_009725845.1_spacer_46	virome_phage_2297	76.667	30	7	0	1	30	31499	31470	0.76	26.9
Bombella_GCF_009725845.1_spacer_46	virome_phage_2254	94.444	18	1	0	15	32	94580	94563	0.76	26.9
Bombella_GCF_009725845.1_spacer_46	virome_phage_2238	94.444	18	1	0	15	32	76104	76087	0.76	26.9
Bombella_GCF_009725845.1_spacer_46	virome_phage_14	90.000	20	2	0	2	21	464	483	0.76	26.9
Bombella_GCF_009725845.1_spacer_46	total_phage_927	76.667	30	7	0	1	30	117524	117495	0.76	26.9
Bombella_GCF_009725845.1_spacer_46	total_phage_927	76.667	30	7	0	1	30	118504	118475	0.76	26.9
Bombella_GCF_009725845.1_spacer_46	total_phage_791	86.364	22	3	0	10	31	1622	1601	0.76	26.9
Bombella_GCF_009725845.1_spacer_46	total_phage_500	94.444	18	1	0	15	32	31853	31870	0.76	26.9
Bombella_GCF_009725845.1_spacer_46	total_phage_361	86.364	22	3	0	10	31	38062	38083	0.76	26.9
Bombella_GCF_009725845.1_spacer_46	total_phage_308	78.571	28	6	0	4	31	24246	24273	0.76	26.9
Bombella_GCF_009725845.1_spacer_46	total_phage_304	94.444	18	1	0	13	30	17784	17767	0.76	26.9
Bombella_GCF_009725845.1_spacer_46	total_phage_232	94.444	18	1	0	10	27	73108	73125	0.76	26.9
Bombella_GCF_009725845.1_spacer_46	total_phage_231	75.000	32	8	0	1	32	14290	14321	0.76	26.9
Bombella_GCF_009725845.1_spacer_46	total_phage_231	78.571	28	6	0	1	28	107540	107567	0.76	26.9
Bombella_GCF_009725845.1_spacer_46	total_phage_231	90.000	20	2	0	11	30	109444	109463	0.76	26.9
Bombella_GCF_009725845.1_spacer_47	virome_phage_69	86.364	22	3	0	7	28	26788	26767	0.76	26.9
Bombella_GCF_009725845.1_spacer_47	virome_phage_2269	83.333	24	4	0	7	30	133425	133402	0.76	26.9
Bombella_GCF_009725845.1_spacer_48	virome_phage_2259	91.304	23	2	0	9	31	2849	2871	0.028	31.7
Bombella_GCF_009725845.1_spacer_48	virome_phage_742	81.481	27	5	0	5	31	83676	83650	0.25	28.5
Bombella_GCF_009725845.1_spacer_48	virome_phage_742	83.333	24	4	0	6	29	30991	31014	0.76	26.9
Bombella_GCF_009725845.1_spacer_48	virome_phage_734	86.957	23	3	0	7	29	263847	263825	0.25	28.5
Bombella_GCF_009725845.1_spacer_48	virome_phage_734	80.769	26	5	0	6	31	75370	75395	0.76	26.9
Bombella_GCF_009725845.1_spacer_48	virome_phage_734	86.364	22	3	0	6	27	125084	125105	0.76	26.9
Bombella_GCF_009725845.1_spacer_48	virome_phage_52	81.481	27	5	0	4	30	35234	35208	0.25	28.5
Bombella_GCF_009725845.1_spacer_48	total_phage_1	90.476	21	2	0	6	26	32072	32052	0.25	28.5
Bombella_GCF_009725845.1_spacer_48	virome_phage_979	94.444	18	1	0	14	31	4954	4971	0.76	26.9
Bombella_GCF_009725845.1_spacer_48	virome_phage_894	86.364	22	3	0	11	32	4484	4463	0.76	26.9
Bombella_GCF_009725845.1_spacer_48	virome_phage_865	80.769	26	5	0	6	31	7497	7522	0.76	26.9
Bombella_GCF_009725845.1_spacer_48	virome_phage_834	83.333	24	4	0	5	28	7071	7094	0.76	26.9
Bombella_GCF_009725845.1_spacer_48	virome_phage_829	90.000	20	2	0	11	30	21319	21300	0.76	26.9
Bombella_GCF_009725845.1_spacer_48	virome_phage_795	90.000	20	2	0	8	27	39653	39672	0.76	26.9
Bombella_GCF_009725845.1_spacer_48	virome_phage_59	90.000	20	2	0	10	29	17760	17779	0.76	26.9
Bombella_GCF_009725845.1_spacer_48	virome_phage_2368	83.333	24	4	0	6	29	6073	6050	0.76	26.9
Bombella_GCF_009725845.1_spacer_48	virome_phage_2342	76.667	30	7	0	1	30	1181	1152	0.76	26.9
Bombella_GCF_009725845.1_spacer_48	virome_phage_2342	100.000	16	0	0	17	32	27933	27948	0.76	26.9
Bombella_GCF_009725845.1_spacer_48	virome_phage_2270	94.444	18	1	0	7	24	209825	209842	0.76	26.9
Bombella_GCF_009725845.1_spacer_48	virome_phage_2260	80.769	26	5	0	7	32	984	1009	0.76	26.9
Bombella_GCF_009725845.1_spacer_48	total_phage_806	86.364	22	3	0	6	27	369	390	0.76	26.9
Bombella_GCF_009725845.1_spacer_48	total_phage_791	83.333	24	4	0	6	29	14513	14490	0.76	26.9
Bombella_GCF_009725845.1_spacer_48	total_phage_785	76.667	30	7	0	1	30	280	251	0.76	26.9
Bombella_GCF_009725845.1_spacer_48	total_phage_361	83.333	24	4	0	6	29	27216	27239	0.76	26.9
Bombella_GCF_009725845.1_spacer_48	total_phage_231	80.769	26	5	0	6	31	63660	63685	0.76	26.9
Bombella_GCF_009725845.1_spacer_48	total_phage_231	90.000	20	2	0	6	25	86768	86749	0.76	26.9
Bombella_GCF_009725845.1_spacer_50	virome_phage_68	90.000	20	2	0	1	20	30067	30048	0.76	26.9
Bombella_GCF_009725845.1_spacer_50	virome_phage_47	90.000	20	2	0	1	20	30716	30735	0.76	26.9
Bombella_GCF_009725845.1_spacer_51	total_phage_926	81.481	27	5	0	2	28	32329	32355	0.25	28.5
Bombella_GCF_009725845.1_spacer_51	virome_phage_70	90.000	20	2	0	7	26	39131	39150	0.76	26.9
Bombella_GCF_009725845.1_spacer_52	total_phage_413	94.444	18	1	0	1	18	36469	36486	0.76	26.9
Bombella_GCF_009725845.1_spacer_53	virome_phage_62	77.419	31	7	0	1	31	39457	39427	0.25	28.5
Bombella_GCF_009725845.1_spacer_53	virome_phage_32	86.957	23	3	0	1	23	33362	33384	0.25	28.5
Bombella_GCF_009725845.1_spacer_53	total_phage_417	90.476	21	2	0	6	26	7670	7650	0.25	28.5
Bombella_GCF_009725845.1_spacer_53	virome_phage_894	83.333	24	4	0	7	30	9509	9486	0.76	26.9
Bombella_GCF_009725845.1_spacer_53	virome_phage_789	90.000	20	2	0	1	20	32530	32549	0.76	26.9
Bombella_GCF_009725845.1_spacer_53	virome_phage_1	83.333	24	4	0	9	32	124663	124686	0.76	26.9
Bombella_GCF_009725845.1_spacer_53	total_phage_636	86.364	22	3	0	11	32	18792	18813	0.76	26.9
Bombella_GCF_009725845.1_spacer_53	total_phage_362	100.000	16	0	0	6	21	19212	19197	0.76	26.9
Bombella_GCF_009725845.1_spacer_53	total_phage_306	90.000	20	2	0	7	26	15541	15522	0.76	26.9
Bombella_GCF_009725845.1_spacer_53	total_phage_233	83.333	24	4	0	9	32	604	581	0.76	26.9
Bombella_GCF_009725845.1_spacer_53	total_phage_105	90.000	20	2	0	12	31	11360	11379	0.76	26.9
Bombella_GCF_009725845.1_spacer_54	total_phage_727	84.000	25	4	0	4	28	27853	27829	0.25	28.5
Bombella_GCF_009725845.1_spacer_54	total_phage_518	84.000	25	4	0	4	28	40063	40039	0.25	28.5
Bombella_GCF_009725845.1_spacer_55	virome_phage_852	80.769	26	5	0	7	32	5129	5154	0.76	26.9
Bombella_GCF_009725845.1_spacer_55	virome_phage_7	80.769	26	5	0	7	32	111858	111883	0.76	26.9
Bombella_GCF_009725845.1_spacer_56	total_phage_798	87.500	24	3	0	4	27	1761	1784	0.084	30.1
Bombella_GCF_009725845.1_spacer_56	total_phage_360	90.476	21	2	0	7	27	35678	35658	0.25	28.5
Bombella_GCF_009725845.1_spacer_56	total_phage_307	94.737	19	1	0	4	22	38	20	0.25	28.5
Bombella_GCF_009725845.1_spacer_56	total_phage_293	90.476	21	2	0	7	27	36480	36460	0.25	28.5
Bombella_GCF_009725845.1_spacer_56	total_phage_231	100.000	17	0	0	7	23	115855	115871	0.25	28.5
Bombella_GCF_009725845.1_spacer_56	total_phage_113	100.000	17	0	0	15	31	1937	1921	0.25	28.5
Bombella_GCF_009725845.1_spacer_56	virome_phage_33	83.333	24	4	0	3	26	22477	22454	0.76	26.9
Bombella_GCF_009725845.1_spacer_56	total_phage_791	83.333	24	4	0	4	27	32940	32963	0.76	26.9
Bombella_GCF_009725845.1_spacer_56	total_phage_361	83.333	24	4	0	4	27	12963	12940	0.76	26.9
Bombella_GCF_009725845.1_spacer_57	virome_phage_41	86.957	23	3	0	8	30	40745	40767	0.25	28.5
Bombella_GCF_009725845.1_spacer_57	virome_phage_98	78.571	28	6	0	2	29	4481	4454	0.76	26.9
Bombella_GCF_009725845.1_spacer_57	virome_phage_781	90.000	20	2	0	1	20	975	994	0.76	26.9
Bombella_GCF_009725845.1_spacer_58	virome_phage_750	85.185	27	4	0	6	32	66885	66859	0.028	31.7
Bombella_GCF_009725845.1_spacer_58	virome_phage_759	87.500	24	3	0	6	29	38460	38483	0.084	30.1
Bombella_GCF_009725845.1_spacer_58	virome_phage_191	80.000	30	6	0	3	32	9508	9537	0.084	30.1
Bombella_GCF_009725845.1_spacer_58	total_phage_254	80.000	30	6	0	3	32	9424	9453	0.084	30.1
Bombella_GCF_009725845.1_spacer_58	virome_phage_2254	90.476	21	2	0	2	22	127897	127917	0.25	28.5
Bombella_GCF_009725845.1_spacer_58	total_phage_795	86.957	23	3	0	3	25	31705	31727	0.25	28.5
Bombella_GCF_009725845.1_spacer_58	virome_phage_890	90.000	20	2	0	1	20	14075	14094	0.76	26.9
Bombella_GCF_009725845.1_spacer_58	virome_phage_823	76.667	30	7	0	2	31	7560	7589	0.76	26.9
Bombella_GCF_009725845.1_spacer_58	virome_phage_65	90.000	20	2	0	1	20	26387	26368	0.76	26.9
Bombella_GCF_009725845.1_spacer_58	virome_phage_318	83.333	24	4	0	1	24	6200	6177	0.76	26.9
Bombella_GCF_009725845.1_spacer_58	virome_phage_2407	83.333	24	4	0	1	24	13724	13701	0.76	26.9
Bombella_GCF_009725845.1_spacer_58	total_phage_729	94.444	18	1	0	7	24	16852	16869	0.76	26.9
Bombella_GCF_009725845.1_spacer_59	virome_phage_842	87.500	24	3	0	8	31	19574	19551	0.084	30.1
Bombella_GCF_009725845.1_spacer_59	total_phage_3	87.500	24	3	0	8	31	16363	16386	0.084	30.1
Bombella_GCF_009725845.1_spacer_60	virome_phage_1	82.143	28	5	0	5	32	95751	95778	0.084	30.1
Bombella_GCF_009725845.1_spacer_60	virome_phage_890	78.571	28	6	0	1	28	4358	4331	0.76	26.9
Bombella_GCF_009725845.1_spacer_60	virome_phage_752	90.000	20	2	0	8	27	1436	1455	0.76	26.9
Bombella_GCF_009725845.1_spacer_60	virome_phage_65	78.571	28	6	0	1	28	36104	36131	0.76	26.9
Bombella_GCF_009725845.1_spacer_60	virome_phage_2293	94.444	18	1	0	8	25	24328	24345	0.76	26.9
Bombella_GCF_009725845.1_spacer_60	virome_phage_10	100.000	16	0	0	6	21	105289	105274	0.76	26.9
Bombella_GCF_009725845.1_spacer_61	virome_phage_963	85.185	27	4	0	2	28	14205	14231	0.028	31.7
Bombella_GCF_009725845.1_spacer_61	total_phage_800	80.000	30	6	0	1	30	27437	27408	0.084	30.1
Bombella_GCF_009725845.1_spacer_61	virome_phage_779	90.476	21	2	0	12	32	13667	13647	0.25	28.5
Bombella_GCF_009725845.1_spacer_61	virome_phage_2342	81.481	27	5	0	4	30	7875	7849	0.25	28.5
Bombella_GCF_009725845.1_spacer_61	virome_phage_736	83.333	24	4	0	1	24	95944	95921	0.76	26.9
Bombella_GCF_009725845.1_spacer_61	virome_phage_734	76.667	30	7	0	1	30	164971	165000	0.76	26.9
Bombella_GCF_009725845.1_spacer_61	virome_phage_2329	80.769	26	5	0	4	29	24830	24805	0.76	26.9
Bombella_GCF_009725845.1_spacer_61	virome_phage_2254	86.364	22	3	0	11	32	13560	13539	0.76	26.9
Bombella_GCF_009725845.1_spacer_61	virome_phage_2238	80.769	26	5	0	1	26	65734	65709	0.76	26.9
Bombella_GCF_009725845.1_spacer_61	total_phage_794	80.769	26	5	0	4	29	33304	33329	0.76	26.9
Bombella_GCF_009725845.1_spacer_61	total_phage_733	80.769	26	5	0	4	29	44117	44142	0.76	26.9
Bombella_GCF_009725845.1_spacer_61	total_phage_500	80.769	26	5	0	1	26	42223	42248	0.76	26.9
Bombella_GCF_009725845.1_spacer_61	total_phage_308	94.444	18	1	0	2	19	2421	2404	0.76	26.9
Bombella_GCF_009725845.1_spacer_61	total_phage_1	80.769	26	5	0	4	29	44393	44418	0.76	26.9
Bombella_GCF_009725845.1_spacer_62	virome_phage_2239	90.000	20	2	0	9	28	3570	3589	0.76	26.9
Bombella_GCF_009725845.1_spacer_62	total_phage_501	90.000	20	2	0	9	28	24075	24056	0.76	26.9
Bombella_GCF_009725845.1_spacer_62	total_phage_237	90.000	20	2	0	12	31	4848	4829	0.76	26.9
Bombella_GCF_009725845.1_spacer_63	virome_phage_280	95.455	22	1	0	2	23	5067	5088	0.009	33.3
Bombella_GCF_009725845.1_spacer_63	virome_phage_2496	95.455	22	1	0	2	23	5179	5200	0.009	33.3
Bombella_GCF_009725845.1_spacer_63	virome_phage_734	87.500	24	3	0	6	29	311865	311842	0.084	30.1
Bombella_GCF_009725845.1_spacer_63	virome_phage_734	80.769	26	5	0	3	28	288972	288947	0.76	26.9
Bombella_GCF_009725845.1_spacer_63	virome_phage_2263	90.909	22	2	0	2	23	4961	4982	0.084	30.1
Bombella_GCF_009725845.1_spacer_63	total_phage_611	90.909	22	2	0	2	23	5135	5156	0.084	30.1
Bombella_GCF_009725845.1_spacer_63	total_phage_293	82.143	28	5	0	1	28	27023	27050	0.084	30.1
Bombella_GCF_009725845.1_spacer_63	virome_phage_2366	90.476	21	2	0	3	23	745	725	0.25	28.5
Bombella_GCF_009725845.1_spacer_63	total_phage_239	81.481	27	5	0	1	27	11904	11878	0.25	28.5
Bombella_GCF_009725845.1_spacer_63	virome_phage_826	76.667	30	7	0	1	30	6999	6970	0.76	26.9
Bombella_GCF_009725845.1_spacer_63	virome_phage_26	86.364	22	3	0	5	26	29651	29672	0.76	26.9
Bombella_GCF_009725845.1_spacer_63	virome_phage_2254	94.444	18	1	0	5	22	9158	9175	0.76	26.9
Bombella_GCF_009725845.1_spacer_63	total_phage_794	75.000	32	8	0	1	32	14482	14451	0.76	26.9
Bombella_GCF_009725845.1_spacer_63	total_phage_794	86.364	22	3	0	7	28	24529	24550	0.76	26.9
Bombella_GCF_009725845.1_spacer_63	total_phage_730	100.000	16	0	0	7	22	71696	71711	0.76	26.9
Bombella_GCF_009725845.1_spacer_63	total_phage_362	83.333	24	4	0	6	29	45689	45712	0.76	26.9
Bombella_GCF_009725845.1_spacer_63	total_phage_304	86.364	22	3	0	3	24	15127	15106	0.76	26.9
Bombella_GCF_009725845.1_spacer_63	total_phage_242	75.000	32	8	0	1	32	29079	29048	0.76	26.9
Bombella_GCF_009725845.1_spacer_64	virome_phage_2295	81.481	27	5	0	2	28	5665	5639	0.25	28.5
Bombella_GCF_009725845.1_spacer_64	virome_phage_2269	84.000	25	4	0	4	28	159831	159855	0.25	28.5
Bombella_GCF_009725845.1_spacer_64	total_phage_734	90.476	21	2	0	11	31	7112	7092	0.25	28.5
Bombella_GCF_009725845.1_spacer_65	virome_phage_96	80.000	30	6	0	1	30	26236	26265	0.084	30.1
Bombella_GCF_009725845.1_spacer_65	virome_phage_893	94.444	18	1	0	8	25	15856	15873	0.76	26.9
Bombella_GCF_009725845.1_spacer_65	virome_phage_744	90.000	20	2	0	3	22	57374	57355	0.76	26.9
Bombella_GCF_009725845.1_spacer_65	virome_phage_740	90.000	20	2	0	12	31	6154	6135	0.76	26.9
Bombella_GCF_009725845.1_spacer_65	virome_phage_21	90.000	20	2	0	12	31	30171	30190	0.76	26.9
Bombella_GCF_009725845.1_spacer_65	virome_phage_1	86.364	22	3	0	1	22	100829	100808	0.76	26.9
Bombella_GCF_009725845.1_spacer_65	total_phage_730	80.769	26	5	0	5	30	14294	14269	0.76	26.9
Bombella_GCF_009725845.1_spacer_66	virome_phage_62	94.737	19	1	0	1	19	9301	9283	0.25	28.5
Bombella_GCF_009725845.1_spacer_66	virome_phage_275	94.444	18	1	0	14	31	3820	3837	0.76	26.9
Bombella_GCF_009725845.1_spacer_66	virome_phage_2254	86.364	22	3	0	9	30	128066	128045	0.76	26.9
Bombella_GCF_009725845.1_spacer_67	total_phage_11	90.909	22	2	0	1	22	10400	10421	0.084	30.1
Bombella_GCF_009725845.1_spacer_67	virome_phage_83	94.444	18	1	0	6	23	26849	26832	0.76	26.9
Bombella_GCF_009725845.1_spacer_67	virome_phage_782	90.000	20	2	0	13	32	23678	23697	0.76	26.9
Bombella_GCF_009725845.1_spacer_67	virome_phage_14	83.333	24	4	0	2	25	26522	26499	0.76	26.9
Bombella_GCF_009725845.1_spacer_67	total_phage_925	94.444	18	1	0	6	23	35108	35125	0.76	26.9
Bombella_GCF_009725845.1_spacer_68	virome_phage_61	90.000	20	2	0	5	24	22201	22182	0.76	26.9
Bombella_GCF_009725845.1_spacer_69	total_phage_795	83.333	24	4	0	3	26	17206	17229	0.76	26.9
Bombella_GCF_009725845.1_spacer_70	total_phage_187	86.957	23	3	0	5	27	41256	41278	0.25	28.5
Bombella_GCF_009725845.1_spacer_71	virome_phage_8	85.185	27	4	0	6	32	63505	63531	0.028	31.7
Bombella_GCF_009725845.1_spacer_71	virome_phage_734	78.125	32	7	0	1	32	129725	129694	0.084	30.1
Bombella_GCF_009725845.1_spacer_71	total_phage_231	86.957	23	3	0	4	26	107068	107046	0.25	28.5
Bombella_GCF_009725845.1_spacer_71	virome_phage_1	78.571	28	6	0	3	30	124152	124179	0.76	26.9
Bombella_GCF_009725845.1_spacer_72	virome_phage_750	83.333	24	4	0	3	26	38862	38839	0.76	26.9
Bombella_GCF_009725845.1_spacer_72	virome_phage_734	80.769	26	5	0	3	28	31961	31986	0.76	26.9
Bombella_GCF_009725845.1_spacer_72	virome_phage_1092	86.364	22	3	0	4	25	10315	10336	0.76	26.9
Bombella_GCF_009725845.1_spacer_72	virome_phage_1	80.769	26	5	0	4	29	93248	93273	0.76	26.9
Bombella_GCF_009725845.1_spacer_73	virome_phage_73	90.000	20	2	0	13	32	35596	35577	0.76	26.9
Bombella_GCF_009725845.1_spacer_73	total_phage_927	80.769	26	5	0	1	26	241644	241669	0.76	26.9
Bombella_GCF_009725845.1_spacer_74	virome_phage_2282	90.000	20	2	0	9	28	46	65	0.76	26.9
Bombella_GCF_009725845.1_spacer_75	virome_phage_824	90.000	20	2	0	2	21	1234	1215	0.76	26.9
Bombella_GCF_009725845.1_spacer_75	virome_phage_82	76.667	30	7	0	3	32	31164	31135	0.76	26.9
Bombella_GCF_009725845.1_spacer_75	virome_phage_759	76.667	30	7	0	3	32	52965	52994	0.76	26.9
Bombella_GCF_009725845.1_spacer_75	virome_phage_2353	90.000	20	2	0	13	32	13971	13952	0.76	26.9
Bombella_GCF_009725845.1_spacer_75	virome_phage_2350	76.667	30	7	0	3	32	24460	24431	0.76	26.9
Bombella_GCF_009725845.1_spacer_75	virome_phage_10	94.444	18	1	0	4	21	108533	108516	0.76	26.9
Bombella_GCF_009725845.1_spacer_75	total_phage_730	76.667	30	7	0	1	30	72428	72399	0.76	26.9
Bombella_GCF_009725845.1_spacer_75	total_phage_730	94.444	18	1	0	4	21	77757	77774	0.76	26.9
Bombella_GCF_009725845.1_spacer_75	total_phage_518	75.000	32	8	0	1	32	6051	6082	0.76	26.9
Bombella_GCF_009725845.1_spacer_76	total_phage_297	94.737	19	1	0	4	22	35181	35199	0.25	28.5
Bombella_GCF_009725845.1_spacer_76	virome_phage_5	86.364	22	3	0	9	30	107674	107695	0.76	26.9
Bombella_GCF_009725845.1_spacer_77	virome_phage_865	82.143	28	5	0	4	31	24079	24052	0.084	30.1
Bombella_GCF_009725845.1_spacer_77	virome_phage_815	84.000	25	4	0	1	25	8785	8809	0.25	28.5
Bombella_GCF_009725845.1_spacer_77	virome_phage_4	86.957	23	3	0	6	28	14839	14861	0.25	28.5
Bombella_GCF_009725845.1_spacer_77	virome_phage_2322	81.481	27	5	0	3	29	13484	13510	0.25	28.5
Bombella_GCF_009725845.1_spacer_77	total_phage_111	84.000	25	4	0	1	25	11687	11711	0.25	28.5
Bombella_GCF_009725845.1_spacer_77	total_phage_111	84.000	25	4	0	1	25	51929	51953	0.25	28.5
Bombella_GCF_009725845.1_spacer_77	virome_phage_894	78.571	28	6	0	3	30	18260	18233	0.76	26.9
Bombella_GCF_009725845.1_spacer_77	virome_phage_811	90.000	20	2	0	8	27	36527	36546	0.76	26.9
Bombella_GCF_009725845.1_spacer_77	virome_phage_2342	86.364	22	3	0	10	31	13627	13606	0.76	26.9
Bombella_GCF_009725845.1_spacer_77	total_phage_737	78.571	28	6	0	4	31	7526	7499	0.76	26.9
Bombella_GCF_009725845.1_spacer_77	total_phage_416	78.571	28	6	0	4	31	34280	34307	0.76	26.9
Bombella_GCF_009725845.1_spacer_77	total_phage_237	80.769	26	5	0	6	31	10537	10562	0.76	26.9
Bombella_GCF_009725845.1_spacer_77	total_phage_233	80.769	26	5	0	7	32	37943	37968	0.76	26.9
Bombella_GCF_009725845.1_spacer_78	virome_phage_742	95.238	21	1	0	8	28	32214	32194	0.028	31.7
Bombella_GCF_009725845.1_spacer_79	virome_phage_2269	91.304	23	2	0	10	32	169925	169903	0.028	31.7
Bombella_GCF_009725845.1_spacer_79	virome_phage_62	90.909	22	2	0	11	32	33722	33743	0.084	30.1
Bombella_GCF_009725845.1_spacer_79	virome_phage_809	80.769	26	5	0	7	32	29306	29331	0.76	26.9
Bombella_GCF_009725845.1_spacer_79	virome_phage_795	76.667	30	7	0	2	31	10457	10486	0.76	26.9
Bombella_GCF_009725845.1_spacer_79	virome_phage_764	86.364	22	3	0	1	22	26132	26111	0.76	26.9
Bombella_GCF_009725845.1_spacer_79	virome_phage_2409	83.333	24	4	0	9	32	8032	8055	0.76	26.9
Bombella_GCF_009725845.1_spacer_79	virome_phage_172	90.000	20	2	0	10	29	5287	5306	0.76	26.9
Bombella_GCF_009725845.1_spacer_79	virome_phage_1	83.333	24	4	0	1	24	81513	81536	0.76	26.9
Bombella_GCF_009725845.1_spacer_79	total_phage_737	90.000	20	2	0	2	21	17033	17014	0.76	26.9
Bombella_GCF_009725845.1_spacer_80	virome_phage_2285	94.444	18	1	0	3	20	4149	4132	0.76	26.9
Bombella_GCF_009725845.1_spacer_80	virome_phage_16	90.000	20	2	0	8	27	15878	15859	0.76	26.9
Bombella_GCF_009725845.1_spacer_80	total_phage_98	90.000	20	2	0	13	32	13976	13957	0.76	26.9
Bombella_GCF_009725845.1_spacer_81	virome_phage_16	100.000	18	0	0	10	27	75846	75829	0.084	30.1
Bombella_GCF_009725845.1_spacer_81	virome_phage_902	86.957	23	3	0	4	26	18131	18153	0.25	28.5
Bombella_GCF_009725845.1_spacer_81	virome_phage_2270	84.000	25	4	0	8	32	87346	87370	0.25	28.5
Bombella_GCF_009725845.1_spacer_81	total_phage_105	79.310	29	6	0	4	32	6914	6942	0.25	28.5
Bombella_GCF_009725845.1_spacer_81	virome_phage_778	86.364	22	3	0	6	27	10490	10511	0.76	26.9
Bombella_GCF_009725845.1_spacer_81	virome_phage_739	83.333	24	4	0	8	31	13394	13417	0.76	26.9
Bombella_GCF_009725845.1_spacer_81	total_phage_605	94.444	18	1	0	11	28	15111	15094	0.76	26.9
Bombella_GCF_009725845.1_spacer_81	total_phage_526	94.444	18	1	0	11	28	4916	4899	0.76	26.9
Bombella_GCF_009725845.1_spacer_81	total_phage_416	100.000	16	0	0	8	23	6821	6836	0.76	26.9
Bombella_GCF_009725845.1_spacer_82	virome_phage_816	82.143	28	5	0	3	30	27882	27909	0.084	30.1
Bombella_GCF_009725845.1_spacer_82	virome_phage_825	94.444	18	1	0	10	27	29321	29338	0.76	26.9
Bombella_GCF_009725845.1_spacer_82	virome_phage_786	86.364	22	3	0	7	28	41313	41292	0.76	26.9
Bombella_GCF_009725845.1_spacer_83	virome_phage_82	83.333	24	4	0	2	25	26363	26386	0.76	26.9
Bombella_GCF_009725845.1_spacer_83	virome_phage_741	90.000	20	2	0	6	25	14415	14396	0.76	26.9
Bombella_GCF_009725845.1_spacer_83	virome_phage_3	86.364	22	3	0	5	26	82337	82316	0.76	26.9
Bombella_GCF_009725845.1_spacer_83	virome_phage_28	80.769	26	5	0	2	27	51247	51222	0.76	26.9
Bombella_GCF_009725845.1_spacer_83	virome_phage_2270	90.000	20	2	0	11	30	124836	124817	0.76	26.9
Bombella_GCF_009725845.1_spacer_83	virome_phage_1	90.000	20	2	0	11	30	201191	201172	0.76	26.9
Bombella_GCF_009725845.1_spacer_84	virome_phage_28	80.000	30	6	0	3	32	21584	21613	0.084	30.1
Bombella_GCF_009725845.1_spacer_84	virome_phage_2303	90.909	22	2	0	7	28	14565	14586	0.084	30.1
Bombella_GCF_009725845.1_spacer_84	total_phage_294	90.909	22	2	0	7	28	20703	20724	0.084	30.1
Bombella_GCF_009725845.1_spacer_84	total_phage_233	90.909	22	2	0	7	28	34898	34919	0.084	30.1
Bombella_GCF_009725845.1_spacer_84	virome_phage_734	81.481	27	5	0	4	30	109435	109461	0.25	28.5
Bombella_GCF_009725845.1_spacer_84	virome_phage_7	75.000	32	8	0	1	32	328	297	0.76	26.9
Bombella_GCF_009725845.1_spacer_84	virome_phage_2310	83.333	24	4	0	9	32	27183	27160	0.76	26.9
Bombella_GCF_009725845.1_spacer_84	virome_phage_2298	83.333	24	4	0	9	32	17014	17037	0.76	26.9
Bombella_GCF_009725845.1_spacer_84	virome_phage_16	83.333	24	4	0	8	31	9483	9460	0.76	26.9
Bombella_GCF_009725845.1_spacer_84	total_phage_307	86.364	22	3	0	7	28	3487	3508	0.76	26.9
Bombella_GCF_009725845.1_spacer_84	total_phage_293	94.444	18	1	0	7	24	34440	34457	0.76	26.9
Bombella_GCF_009725845.1_spacer_85	virome_phage_743	90.000	20	2	0	9	28	39749	39730	0.76	26.9
Bombella_GCF_009725845.1_spacer_85	virome_phage_2286	86.364	22	3	0	11	32	35454	35475	0.76	26.9
Bombella_GCF_009725845.1_spacer_87	virome_phage_739	83.333	30	5	0	2	31	48755	48726	0.009	33.3
Bombella_GCF_009725845.1_spacer_87	virome_phage_908	81.481	27	5	0	6	32	5174	5200	0.25	28.5
Bombella_GCF_009725845.1_spacer_87	virome_phage_807	80.769	26	5	0	7	32	4318	4293	0.76	26.9
Bombella_GCF_009725845.1_spacer_87	virome_phage_743	90.000	20	2	0	1	20	74414	74433	0.76	26.9
Bombella_GCF_009725845.1_spacer_87	total_phage_798	80.769	26	5	0	7	32	9010	9035	0.76	26.9
Bombella_GCF_009725845.1_spacer_87	total_phage_305	80.769	26	5	0	7	32	26998	26973	0.76	26.9
Bombella_GCF_009725845.1_spacer_87	total_phage_245	75.000	32	8	0	1	32	5387	5418	0.76	26.9
Bombella_GCF_009725845.1_spacer_88	virome_phage_97	84.000	25	4	0	1	25	6621	6597	0.25	28.5
Bombella_GCF_009725845.1_spacer_89	virome_phage_796	81.481	27	5	0	6	32	8937	8963	0.25	28.5
Bombella_GCF_009725845.1_spacer_89	virome_phage_868	78.571	28	6	0	1	28	11003	11030	0.76	26.9
Bombella_GCF_009725845.1_spacer_89	total_phage_414	76.667	30	7	0	1	30	35739	35768	0.76	26.9
Bombella_GCF_009725845.1_spacer_90	virome_phage_739	79.310	29	6	0	1	29	41766	41794	0.25	28.5
Bombella_GCF_009725845.1_spacer_90	total_phage_697	83.333	24	4	0	1	24	16113	16136	0.76	26.9
Bombella_GCF_009725845.1_spacer_90	total_phage_3	90.000	20	2	0	1	20	4119	4100	0.76	26.9
Bombella_GCF_009725845.1_spacer_91	virome_phage_2409	86.364	22	3	0	8	29	10690	10711	0.76	26.9
Bombella_GCF_009725845.1_spacer_92	virome_phage_4	90.000	20	2	0	2	21	96770	96751	0.76	26.9
Bombella_GCF_009725845.1_spacer_92	virome_phage_2270	83.333	24	4	0	2	25	123614	123637	0.76	26.9
Bombella_GCF_009725845.1_spacer_92	total_phage_366	83.333	24	4	0	2	25	22805	22782	0.76	26.9
Bombella_GCF_009725845.1_spacer_93	virome_phage_779	81.481	27	5	0	3	29	10263	10237	0.25	28.5
Bombella_GCF_009725845.1_spacer_93	virome_phage_743	86.957	23	3	0	10	32	51919	51897	0.25	28.5
Bombella_GCF_009725845.1_spacer_93	total_phage_666	100.000	17	0	0	13	29	99	115	0.25	28.5
Bombella_GCF_009725845.1_spacer_93	total_phage_729	100.000	16	0	0	13	28	17910	17925	0.76	26.9
Bombella_GCF_009725845.1_spacer_93	total_phage_415	94.444	18	1	0	8	25	7077	7094	0.76	26.9
Bombella_GCF_009725845.1_spacer_93	total_phage_413	86.364	22	3	0	11	32	127093	127072	0.76	26.9
Bombella_GCF_009725845.1_spacer_94	total_phage_731	78.125	32	7	0	1	32	38939	38908	0.084	30.1
Bombella_GCF_009725845.1_spacer_94	virome_phage_774	90.000	20	2	0	4	23	18647	18628	0.76	26.9
Bombella_GCF_009725845.1_spacer_94	virome_phage_59	83.333	24	4	0	3	26	2833	2856	0.76	26.9
Bombella_GCF_009725845.1_spacer_94	total_phage_92	80.769	26	5	0	7	32	130752	130727	0.76	26.9
Bombella_GCF_009725845.1_spacer_95	virome_phage_960	81.481	27	5	0	5	31	5377	5403	0.25	28.5
Bombella_GCF_009725845.1_spacer_95	virome_phage_303	81.481	27	5	0	5	31	5276	5302	0.25	28.5
Bombella_GCF_009725845.1_spacer_95	virome_phage_779	76.667	30	7	0	2	31	33391	33362	0.76	26.9
Bombella_GCF_009725845.1_spacer_95	virome_phage_752	83.333	24	4	0	8	31	64263	64286	0.76	26.9
Bombella_GCF_009725845.1_spacer_95	virome_phage_750	83.333	24	4	0	4	27	17146	17123	0.76	26.9
Bombella_GCF_009725845.1_spacer_95	total_phage_417	80.769	26	5	0	3	28	4612	4587	0.76	26.9
Bombella_GCF_009725845.1_spacer_96	virome_phage_2278	86.364	22	3	0	11	32	31040	31019	0.76	26.9
Bombella_GCF_009725845.1_spacer_96	total_phage_2	90.000	20	2	0	7	26	18464	18483	0.76	26.9
Bombella_GCF_009725845.1_spacer_97	virome_phage_2235	94.444	18	1	0	11	28	736	753	0.76	26.9
Bombella_GCF_009725845.1_spacer_97	total_phage_791	83.333	24	4	0	7	30	43190	43167	0.76	26.9
Bombella_GCF_009725845.1_spacer_98	total_phage_731	92.000	25	2	0	2	26	94748	94724	0.003	34.9
Bombella_GCF_009725845.1_spacer_98	virome_phage_1541	83.333	30	5	0	1	30	5476	5447	0.009	33.3
Bombella_GCF_009725845.1_spacer_98	virome_phage_812	80.000	30	6	0	1	30	26838	26809	0.084	30.1
Bombella_GCF_009725845.1_spacer_98	virome_phage_797	84.615	26	4	0	5	30	1946	1971	0.084	30.1
Bombella_GCF_009725845.1_spacer_98	virome_phage_797	90.476	21	2	0	9	29	499	519	0.25	28.5
Bombella_GCF_009725845.1_spacer_98	virome_phage_2282	82.143	28	5	0	3	30	22410	22437	0.084	30.1
Bombella_GCF_009725845.1_spacer_98	total_phage_453	90.909	22	2	0	9	30	11261	11240	0.084	30.1
Bombella_GCF_009725845.1_spacer_98	virome_phage_974	77.419	31	7	0	2	32	2633	2663	0.25	28.5
Bombella_GCF_009725845.1_spacer_98	virome_phage_766	84.000	25	4	0	1	25	4862	4838	0.25	28.5
Bombella_GCF_009725845.1_spacer_98	virome_phage_94	83.333	24	4	0	7	30	5356	5379	0.76	26.9
Bombella_GCF_009725845.1_spacer_98	virome_phage_906	94.444	18	1	0	13	30	19797	19814	0.76	26.9
Bombella_GCF_009725845.1_spacer_98	virome_phage_906	94.444	18	1	0	13	30	21965	21982	0.76	26.9
Bombella_GCF_009725845.1_spacer_98	virome_phage_906	80.769	26	5	0	5	30	21975	22000	0.76	26.9
Bombella_GCF_009725845.1_spacer_98	virome_phage_824	76.667	30	7	0	1	30	22490	22461	0.76	26.9
Bombella_GCF_009725845.1_spacer_98	virome_phage_823	90.000	20	2	0	9	28	24834	24853	0.76	26.9
Bombella_GCF_009725845.1_spacer_98	virome_phage_802	80.769	26	5	0	4	29	28286	28311	0.76	26.9
Bombella_GCF_009725845.1_spacer_98	virome_phage_788	90.000	20	2	0	13	32	10867	10848	0.76	26.9
Bombella_GCF_009725845.1_spacer_98	virome_phage_785	78.571	28	6	0	5	32	34805	34832	0.76	26.9
Bombella_GCF_009725845.1_spacer_98	virome_phage_72	94.444	18	1	0	13	30	2456	2439	0.76	26.9
Bombella_GCF_009725845.1_spacer_98	virome_phage_56	86.364	22	3	0	9	30	42111	42090	0.76	26.9
Bombella_GCF_009725845.1_spacer_98	virome_phage_33	83.333	24	4	0	7	30	43897	43920	0.76	26.9
Bombella_GCF_009725845.1_spacer_98	virome_phage_2353	83.333	24	4	0	3	26	10192	10215	0.76	26.9
Bombella_GCF_009725845.1_spacer_98	virome_phage_2329	83.333	24	4	0	8	31	15819	15796	0.76	26.9
Bombella_GCF_009725845.1_spacer_98	virome_phage_17	83.333	24	4	0	4	27	44634	44611	0.76	26.9
Bombella_GCF_009725845.1_spacer_98	virome_phage_151	83.333	24	4	0	2	25	10557	10534	0.76	26.9
Bombella_GCF_009725845.1_spacer_98	virome_phage_142	83.333	24	4	0	8	31	17131	17108	0.76	26.9
Bombella_GCF_009725845.1_spacer_98	total_phage_663	80.769	26	5	0	5	30	29202	29177	0.76	26.9
Bombella_GCF_009725845.1_spacer_98	total_phage_637	80.769	26	5	0	5	30	25936	25911	0.76	26.9
Bombella_GCF_009725845.1_spacer_98	total_phage_360	86.364	22	3	0	1	22	37554	37533	0.76	26.9
Bombella_GCF_009725845.1_spacer_98	total_phage_299	80.769	26	5	0	3	28	14496	14521	0.76	26.9
Bombella_GCF_009725845.1_spacer_98	total_phage_122	86.364	22	3	0	9	30	7271	7250	0.76	26.9
Bombella_GCF_009725845.1_spacer_98	total_phage_0	86.364	22	3	0	5	26	11765	11786	0.76	26.9
Bombella_GCF_009725845.1_spacer_99	virome_phage_878	83.333	24	4	0	4	27	7466	7443	0.76	26.9
Bombella_GCF_009725845.1_spacer_99	virome_phage_844	83.333	24	4	0	2	25	27324	27301	0.76	26.9
Bombella_GCF_009725845.1_spacer_99	total_phage_791	86.364	22	3	0	8	29	40570	40591	0.76	26.9
Bombella_GCF_009725845.1_spacer_99	total_phage_453	94.444	18	1	0	10	27	20538	20521	0.76	26.9
Bombella_GCF_009725845.1_spacer_99	total_phage_361	86.364	22	3	0	8	29	5331	5310	0.76	26.9
Bombella_GCF_009725845.1_spacer_99	total_phage_123	94.444	18	1	0	10	27	14000	13983	0.76	26.9
Bombella_GCF_009725845.1_spacer_100	virome_phage_855	77.419	31	7	0	1	31	31495	31465	0.25	28.5
Bombella_GCF_009725845.1_spacer_100	virome_phage_783	83.333	24	4	0	9	32	5719	5742	0.76	26.9
Bombella_GCF_009725845.1_spacer_101	virome_phage_891	88.000	25	3	0	5	29	18288	18264	0.028	31.7
Bombella_GCF_009725845.1_spacer_101	total_phage_733	88.000	25	3	0	5	29	7491	7515	0.028	31.7
Bombella_GCF_009725845.1_spacer_101	total_phage_189	88.000	25	3	0	5	29	5464	5488	0.028	31.7
Bombella_GCF_009725845.1_spacer_101	virome_phage_878	80.000	30	6	0	1	30	14921	14892	0.084	30.1
Bombella_GCF_009725845.1_spacer_101	total_phage_102	87.500	24	3	0	7	30	34921	34898	0.084	30.1
Bombella_GCF_009725845.1_spacer_101	total_phage_102	83.333	24	4	0	2	25	8340	8317	0.76	26.9
Bombella_GCF_009725845.1_spacer_101	virome_phage_875	94.737	19	1	0	7	25	30423	30441	0.25	28.5
Bombella_GCF_009725845.1_spacer_101	virome_phage_778	81.481	27	5	0	2	28	45184	45210	0.25	28.5
Bombella_GCF_009725845.1_spacer_101	virome_phage_2254	84.000	25	4	0	7	31	81590	81566	0.25	28.5
Bombella_GCF_009725845.1_spacer_101	virome_phage_2254	94.444	18	1	0	9	26	50924	50907	0.76	26.9
Bombella_GCF_009725845.1_spacer_101	virome_phage_2238	84.000	25	4	0	7	31	63106	63082	0.25	28.5
Bombella_GCF_009725845.1_spacer_101	virome_phage_2238	94.444	18	1	0	9	26	32438	32421	0.76	26.9
Bombella_GCF_009725845.1_spacer_101	total_phage_727	84.000	25	4	0	5	29	30858	30834	0.25	28.5
Bombella_GCF_009725845.1_spacer_101	total_phage_518	84.000	25	4	0	5	29	43068	43044	0.25	28.5
Bombella_GCF_009725845.1_spacer_101	total_phage_500	84.000	25	4	0	7	31	44851	44875	0.25	28.5
Bombella_GCF_009725845.1_spacer_101	total_phage_500	94.444	18	1	0	9	26	75519	75536	0.76	26.9
Bombella_GCF_009725845.1_spacer_101	total_phage_231	84.000	25	4	0	7	31	108951	108975	0.25	28.5
Bombella_GCF_009725845.1_spacer_101	total_phage_231	86.957	23	3	0	7	29	114871	114893	0.25	28.5
Bombella_GCF_009725845.1_spacer_101	virome_phage_834	100.000	16	0	0	1	16	7799	7814	0.76	26.9
Bombella_GCF_009725845.1_spacer_101	virome_phage_764	83.333	24	4	0	9	32	3732	3709	0.76	26.9
Bombella_GCF_009725845.1_spacer_101	virome_phage_764	86.364	22	3	0	8	29	46305	46284	0.76	26.9
Bombella_GCF_009725845.1_spacer_101	virome_phage_748	90.000	20	2	0	1	20	34848	34867	0.76	26.9
Bombella_GCF_009725845.1_spacer_101	virome_phage_743	86.364	22	3	0	9	30	72270	72249	0.76	26.9
Bombella_GCF_009725845.1_spacer_101	virome_phage_47	83.333	24	4	0	8	31	18568	18591	0.76	26.9
Bombella_GCF_009725845.1_spacer_101	virome_phage_14	83.333	24	4	0	9	32	27180	27203	0.76	26.9
Bombella_GCF_009725845.1_spacer_101	total_phage_729	94.444	18	1	0	13	30	141264	141247	0.76	26.9
Bombella_GCF_009725845.1_spacer_101	total_phage_729	94.444	18	1	0	4	21	177672	177655	0.76	26.9
Bombella_GCF_009725845.1_spacer_101	total_phage_600	78.571	28	6	0	1	28	8139	8166	0.76	26.9
Bombella_GCF_009725845.1_spacer_101	total_phage_413	94.444	18	1	0	7	24	126192	126209	0.76	26.9
Bombella_GCF_009725845.1_spacer_101	total_phage_232	83.333	24	4	0	7	30	23339	23362	0.76	26.9
Bombella_GCF_009725845.1_spacer_101	total_phage_232	80.769	26	5	0	7	32	64723	64748	0.76	26.9
Bombella_GCF_009725845.1_spacer_102	virome_phage_868	81.481	27	5	0	1	27	19962	19988	0.25	28.5
Bombella_GCF_009725845.1_spacer_102	virome_phage_859	94.737	19	1	0	13	31	9802	9820	0.25	28.5
Bombella_GCF_009725845.1_spacer_102	virome_phage_748	94.737	19	1	0	5	23	25179	25161	0.25	28.5
Bombella_GCF_009725845.1_spacer_102	virome_phage_739	86.957	23	3	0	10	32	108284	108306	0.25	28.5
Bombella_GCF_009725845.1_spacer_102	virome_phage_33	81.481	27	5	0	1	27	42328	42354	0.25	28.5
Bombella_GCF_009725845.1_spacer_102	total_phage_738	86.957	23	3	0	8	30	9946	9968	0.25	28.5
Bombella_GCF_009725845.1_spacer_102	virome_phage_778	94.444	18	1	0	15	32	6560	6577	0.76	26.9
Bombella_GCF_009725845.1_spacer_102	virome_phage_752	83.333	24	4	0	1	24	17113	17136	0.76	26.9
Bombella_GCF_009725845.1_spacer_102	virome_phage_67	80.769	26	5	0	4	29	4660	4635	0.76	26.9
Bombella_GCF_009725845.1_spacer_102	virome_phage_2327	94.444	18	1	0	15	32	4957	4940	0.76	26.9
Bombella_GCF_009725845.1_spacer_103	virome_phage_903	90.000	20	2	0	7	26	15768	15749	0.76	26.9
Bombella_GCF_009725845.1_spacer_103	virome_phage_77	90.000	20	2	0	5	24	29758	29777	0.76	26.9
Bombella_GCF_009725845.1_spacer_104	virome_phage_202	100.000	16	0	0	17	32	8608	8623	0.76	26.9
Bombella_GCF_009725845.1_spacer_104	total_phage_174	100.000	16	0	0	17	32	10812	10827	0.76	26.9
Bombella_GCF_009725845.1_spacer_105	total_phage_734	75.000	32	8	0	1	32	17452	17483	0.76	26.9
Bombella_GCF_009725845.1_spacer_106	virome_phage_878	91.304	23	2	0	3	25	24932	24954	0.028	31.7
Bombella_GCF_009725845.1_spacer_106	virome_phage_752	82.143	28	5	0	4	31	14245	14218	0.084	30.1
Bombella_GCF_009725845.1_spacer_106	virome_phage_884	86.957	23	3	0	3	25	20940	20962	0.25	28.5
Bombella_GCF_009725845.1_spacer_106	virome_phage_844	90.476	21	2	0	5	25	3322	3302	0.25	28.5
Bombella_GCF_009725845.1_spacer_106	virome_phage_82	86.957	23	3	0	3	25	17953	17975	0.25	28.5
Bombella_GCF_009725845.1_spacer_106	virome_phage_8	77.419	31	7	0	1	31	55819	55849	0.25	28.5
Bombella_GCF_009725845.1_spacer_106	virome_phage_759	86.957	23	3	0	3	25	16866	16844	0.25	28.5
Bombella_GCF_009725845.1_spacer_106	virome_phage_2407	79.310	29	6	0	2	30	3972	4000	0.25	28.5
Bombella_GCF_009725845.1_spacer_106	total_phage_437	79.310	29	6	0	3	31	5570	5542	0.25	28.5
Bombella_GCF_009725845.1_spacer_106	virome_phage_974	78.571	28	6	0	3	30	4309	4282	0.76	26.9
Bombella_GCF_009725845.1_spacer_106	virome_phage_894	78.571	28	6	0	5	32	4453	4480	0.76	26.9
Bombella_GCF_009725845.1_spacer_106	virome_phage_834	78.571	28	6	0	2	29	10802	10775	0.76	26.9
Bombella_GCF_009725845.1_spacer_106	virome_phage_826	83.333	24	4	0	8	31	29459	29482	0.76	26.9
Bombella_GCF_009725845.1_spacer_106	virome_phage_807	78.571	28	6	0	5	32	37350	37323	0.76	26.9
Bombella_GCF_009725845.1_spacer_106	virome_phage_792	78.571	28	6	0	5	32	17415	17388	0.76	26.9
Bombella_GCF_009725845.1_spacer_106	virome_phage_734	83.333	24	4	0	1	24	55100	55123	0.76	26.9
Bombella_GCF_009725845.1_spacer_106	virome_phage_734	83.333	24	4	0	3	26	67817	67794	0.76	26.9
Bombella_GCF_009725845.1_spacer_106	virome_phage_734	86.364	22	3	0	3	24	121721	121700	0.76	26.9
Bombella_GCF_009725845.1_spacer_106	virome_phage_7	86.364	22	3	0	4	25	66972	66993	0.76	26.9
Bombella_GCF_009725845.1_spacer_106	virome_phage_2342	90.000	20	2	0	6	25	20865	20884	0.76	26.9
Bombella_GCF_009725845.1_spacer_106	virome_phage_23	94.444	18	1	0	9	26	37445	37462	0.76	26.9
Bombella_GCF_009725845.1_spacer_106	virome_phage_2275	83.333	24	4	0	7	30	28217	28240	0.76	26.9
Bombella_GCF_009725845.1_spacer_106	virome_phage_2254	83.333	24	4	0	7	30	65981	65958	0.76	26.9
Bombella_GCF_009725845.1_spacer_106	virome_phage_2238	83.333	24	4	0	7	30	47495	47472	0.76	26.9
Bombella_GCF_009725845.1_spacer_106	total_phage_806	83.333	24	4	0	3	26	3162	3139	0.76	26.9
Bombella_GCF_009725845.1_spacer_106	total_phage_798	80.769	26	5	0	2	27	33346	33321	0.76	26.9
Bombella_GCF_009725845.1_spacer_106	total_phage_734	86.364	22	3	0	3	24	37664	37643	0.76	26.9
Bombella_GCF_009725845.1_spacer_106	total_phage_500	83.333	24	4	0	7	30	60462	60485	0.76	26.9
Bombella_GCF_009725845.1_spacer_106	total_phage_305	78.571	28	6	0	5	32	20026	19999	0.76	26.9
Bombella_GCF_009725845.1_spacer_106	total_phage_231	78.571	28	6	0	5	32	81492	81465	0.76	26.9
