Bombella_GCA_026385485.1_spacer_0	virome_phage_88	94.737	19	1	0	9	27	29789	29771	0.25	28.5
Bombella_GCA_026385485.1_spacer_0	virome_phage_800	94.737	19	1	0	9	27	28866	28848	0.25	28.5
Bombella_GCA_026385485.1_spacer_0	virome_phage_2913	79.310	29	6	0	4	32	1548	1576	0.25	28.5
Bombella_GCA_026385485.1_spacer_0	virome_phage_2360	94.737	19	1	0	9	27	12102	12084	0.25	28.5
Bombella_GCA_026385485.1_spacer_0	total_phage_796	94.737	19	1	0	9	27	25971	25989	0.25	28.5
Bombella_GCA_026385485.1_spacer_0	total_phage_731	79.310	29	6	0	1	29	106520	106492	0.25	28.5
Bombella_GCA_026385485.1_spacer_0	total_phage_248	94.737	19	1	0	9	27	11013	11031	0.25	28.5
Bombella_GCA_026385485.1_spacer_0	total_phage_187	77.419	31	7	0	1	31	37548	37578	0.25	28.5
Bombella_GCA_026385485.1_spacer_0	total_phage_114	94.737	19	1	0	9	27	24401	24419	0.25	28.5
Bombella_GCA_026385485.1_spacer_0	virome_phage_8	78.571	28	6	0	3	30	40939	40912	0.76	26.9
Bombella_GCA_026385485.1_spacer_0	virome_phage_23	80.769	26	5	0	3	28	11389	11364	0.76	26.9
Bombella_GCA_026385485.1_spacer_1	virome_phage_812	94.444	18	1	0	14	31	27433	27416	0.76	26.9
Bombella_GCA_026385485.1_spacer_1	virome_phage_753	86.364	22	3	0	3	24	63369	63348	0.76	26.9
Bombella_GCA_026385485.1_spacer_2	total_phage_244	84.615	26	4	0	4	29	12292	12267	0.084	30.1
Bombella_GCA_026385485.1_spacer_2	virome_phage_759	84.000	25	4	0	8	32	43005	42981	0.25	28.5
Bombella_GCA_026385485.1_spacer_2	total_phage_524	90.476	21	2	0	11	31	26445	26425	0.25	28.5
Bombella_GCA_026385485.1_spacer_2	virome_phage_939	90.000	20	2	0	13	32	12141	12160	0.76	26.9
Bombella_GCA_026385485.1_spacer_2	virome_phage_781	94.444	18	1	0	2	19	39852	39835	0.76	26.9
Bombella_GCA_026385485.1_spacer_2	total_phage_187	86.364	22	3	0	7	28	5171	5192	0.76	26.9
Bombella_GCA_026385485.1_spacer_3	virome_phage_2385	86.364	22	3	0	8	29	18699	18678	0.76	26.9
Bombella_GCA_026385485.1_spacer_3	virome_phage_2305	100.000	16	0	0	8	23	3406	3421	0.76	26.9
Bombella_GCA_026385485.1_spacer_3	virome_phage_2299	86.364	22	3	0	8	29	9819	9798	0.76	26.9
Bombella_GCA_026385485.1_spacer_3	virome_phage_219	94.444	18	1	0	12	29	5873	5890	0.76	26.9
Bombella_GCA_026385485.1_spacer_3	total_phage_809	86.364	22	3	0	8	29	7320	7341	0.76	26.9
Bombella_GCA_026385485.1_spacer_4	virome_phage_2303	84.000	25	4	0	4	28	40689	40665	0.25	28.5
Bombella_GCA_026385485.1_spacer_4	total_phage_4	75.000	32	8	0	1	32	16450	16419	0.76	26.9
Bombella_GCA_026385485.1_spacer_4	total_phage_368	75.000	32	8	0	1	32	22280	22311	0.76	26.9
Bombella_GCA_026385485.1_spacer_5	virome_phage_747	90.000	20	2	0	2	21	56125	56144	0.76	26.9
Bombella_GCA_026385485.1_spacer_5	virome_phage_2	90.000	20	2	0	5	24	155003	154984	0.76	26.9
Bombella_GCA_026385485.1_spacer_5	virome_phage_18	90.000	20	2	0	2	21	24830	24849	0.76	26.9
Bombella_GCA_026385485.1_spacer_6	virome_phage_851	90.909	22	2	0	11	32	638	659	0.084	30.1
Bombella_GCA_026385485.1_spacer_6	virome_phage_33	84.000	25	4	0	1	25	34833	34809	0.25	28.5
Bombella_GCA_026385485.1_spacer_6	total_phage_737	81.481	27	5	0	3	29	12652	12678	0.25	28.5
Bombella_GCA_026385485.1_spacer_6	virome_phage_8	86.364	22	3	0	11	32	117775	117754	0.76	26.9
Bombella_GCA_026385485.1_spacer_6	virome_phage_2292	78.571	28	6	0	3	30	31217	31244	0.76	26.9
Bombella_GCA_026385485.1_spacer_6	total_phage_934	90.000	20	2	0	2	21	32018	31999	0.76	26.9
Bombella_GCA_026385485.1_spacer_6	total_phage_793	76.667	30	7	0	1	30	37974	37945	0.76	26.9
Bombella_GCA_026385485.1_spacer_6	total_phage_783	78.571	28	6	0	2	29	16169	16196	0.76	26.9
Bombella_GCA_026385485.1_spacer_6	total_phage_730	80.769	26	5	0	5	30	24780	24805	0.76	26.9
Bombella_GCA_026385485.1_spacer_6	total_phage_188	90.000	20	2	0	1	20	37818	37799	0.76	26.9
Bombella_GCA_026385485.1_spacer_6	total_phage_175	76.667	30	7	0	1	30	7203	7232	0.76	26.9
Bombella_GCA_026385485.1_spacer_7	virome_phage_28	82.759	29	5	0	1	29	15008	14980	0.028	31.7
Bombella_GCA_026385485.1_spacer_7	virome_phage_778	90.909	22	2	0	9	30	12247	12268	0.084	30.1
Bombella_GCA_026385485.1_spacer_7	virome_phage_734	95.000	20	1	0	10	29	129403	129422	0.084	30.1
Bombella_GCA_026385485.1_spacer_7	virome_phage_734	83.333	24	4	0	7	30	143867	143844	0.76	26.9
Bombella_GCA_026385485.1_spacer_7	virome_phage_734	80.769	26	5	0	3	28	310524	310499	0.76	26.9
Bombella_GCA_026385485.1_spacer_7	virome_phage_66	84.000	25	4	0	6	30	35936	35912	0.25	28.5
Bombella_GCA_026385485.1_spacer_7	virome_phage_82	83.333	24	4	0	2	25	6288	6265	0.76	26.9
Bombella_GCA_026385485.1_spacer_7	virome_phage_82	83.333	24	4	0	9	32	12942	12919	0.76	26.9
Bombella_GCA_026385485.1_spacer_7	virome_phage_771	83.333	24	4	0	9	32	34372	34395	0.76	26.9
Bombella_GCA_026385485.1_spacer_7	virome_phage_759	83.333	24	4	0	9	32	21877	21900	0.76	26.9
Bombella_GCA_026385485.1_spacer_7	virome_phage_759	83.333	24	4	0	2	25	28699	28722	0.76	26.9
Bombella_GCA_026385485.1_spacer_7	virome_phage_747	83.333	24	4	0	6	29	49022	48999	0.76	26.9
Bombella_GCA_026385485.1_spacer_7	virome_phage_738	86.364	22	3	0	5	26	110638	110659	0.76	26.9
Bombella_GCA_026385485.1_spacer_7	virome_phage_4	86.364	22	3	0	5	26	131803	131782	0.76	26.9
Bombella_GCA_026385485.1_spacer_7	virome_phage_2398	90.000	20	2	0	13	32	4257	4238	0.76	26.9
Bombella_GCA_026385485.1_spacer_7	virome_phage_1849	83.333	24	4	0	1	24	5061	5038	0.76	26.9
Bombella_GCA_026385485.1_spacer_7	virome_phage_116	83.333	24	4	0	9	32	8299	8276	0.76	26.9
Bombella_GCA_026385485.1_spacer_7	virome_phage_115	83.333	24	4	0	9	32	18076	18099	0.76	26.9
Bombella_GCA_026385485.1_spacer_7	virome_phage_10	86.364	22	3	0	5	26	108434	108413	0.76	26.9
Bombella_GCA_026385485.1_spacer_7	total_phage_92	86.364	22	3	0	10	31	150002	150023	0.76	26.9
Bombella_GCA_026385485.1_spacer_7	total_phage_788	100.000	16	0	0	12	27	30802	30817	0.76	26.9
Bombella_GCA_026385485.1_spacer_7	total_phage_730	86.364	22	3	0	5	26	77856	77877	0.76	26.9
Bombella_GCA_026385485.1_spacer_7	total_phage_417	94.444	18	1	0	13	30	4585	4602	0.76	26.9
Bombella_GCA_026385485.1_spacer_7	total_phage_416	86.364	22	3	0	9	30	37550	37529	0.76	26.9
Bombella_GCA_026385485.1_spacer_7	total_phage_232	90.000	20	2	0	11	30	655	636	0.76	26.9
Bombella_GCA_026385485.1_spacer_7	total_phage_179	100.000	16	0	0	12	27	11621	11606	0.76	26.9
Bombella_GCA_026385485.1_spacer_8	virome_phage_825	78.571	28	6	0	1	28	15621	15648	0.76	26.9
Bombella_GCA_026385485.1_spacer_8	total_phage_806	90.000	20	2	0	11	30	669	688	0.76	26.9
Bombella_GCA_026385485.1_spacer_8	total_phage_729	80.769	26	5	0	5	30	22564	22589	0.76	26.9
Bombella_GCA_026385485.1_spacer_9	total_phage_92	86.957	23	3	0	9	31	34917	34895	0.25	28.5
Bombella_GCA_026385485.1_spacer_9	total_phage_231	79.310	29	6	0	4	32	137721	137693	0.25	28.5
Bombella_GCA_026385485.1_spacer_10	virome_phage_855	83.333	24	4	0	3	26	9439	9416	0.76	26.9
Bombella_GCA_026385485.1_spacer_10	virome_phage_14	80.769	26	5	0	6	31	65314	65339	0.76	26.9
Bombella_GCA_026385485.1_spacer_10	virome_phage_1	83.333	24	4	0	9	32	164370	164347	0.76	26.9
Bombella_GCA_026385485.1_spacer_11	virome_phage_845	86.957	23	3	0	8	30	31063	31085	0.25	28.5
Bombella_GCA_026385485.1_spacer_11	virome_phage_826	83.333	24	4	0	4	27	31780	31803	0.76	26.9
Bombella_GCA_026385485.1_spacer_11	virome_phage_62	83.333	24	4	0	2	25	26971	26994	0.76	26.9
Bombella_GCA_026385485.1_spacer_11	virome_phage_2325	86.364	22	3	0	1	22	5170	5149	0.76	26.9
Bombella_GCA_026385485.1_spacer_11	total_phage_245	86.364	22	3	0	11	32	29096	29075	0.76	26.9
Bombella_GCA_026385485.1_spacer_11	total_phage_231	90.000	20	2	0	3	22	12389	12370	0.76	26.9
Bombella_GCA_026385485.1_spacer_12	virome_phage_850	90.476	21	2	0	7	27	30833	30853	0.25	28.5
Bombella_GCA_026385485.1_spacer_12	total_phage_453	90.476	21	2	0	9	29	15493	15473	0.25	28.5
Bombella_GCA_026385485.1_spacer_12	total_phage_416	90.476	21	2	0	7	27	4411	4431	0.25	28.5
Bombella_GCA_026385485.1_spacer_12	virome_phage_834	86.364	22	3	0	9	30	16315	16294	0.76	26.9
Bombella_GCA_026385485.1_spacer_12	virome_phage_747	94.444	18	1	0	13	30	64988	65005	0.76	26.9
Bombella_GCA_026385485.1_spacer_12	virome_phage_5	100.000	16	0	0	12	27	48711	48696	0.76	26.9
Bombella_GCA_026385485.1_spacer_15	virome_phage_742	94.737	19	1	0	7	25	9565	9547	0.25	28.5
Bombella_GCA_026385485.1_spacer_15	virome_phage_742	86.364	22	3	0	11	32	17742	17763	0.76	26.9
Bombella_GCA_026385485.1_spacer_15	virome_phage_2285	84.000	25	4	0	4	28	44880	44904	0.25	28.5
Bombella_GCA_026385485.1_spacer_15	total_phage_797	86.364	22	3	0	7	28	27737	27716	0.76	26.9
Bombella_GCA_026385485.1_spacer_15	total_phage_4	90.000	20	2	0	9	28	3932	3951	0.76	26.9
Bombella_GCA_026385485.1_spacer_15	total_phage_187	86.364	22	3	0	8	29	13869	13890	0.76	26.9
Bombella_GCA_026385485.1_spacer_16	virome_phage_18	86.957	23	3	0	3	25	28320	28342	0.25	28.5
Bombella_GCA_026385485.1_spacer_16	virome_phage_840	83.333	24	4	0	9	32	23221	23198	0.76	26.9
Bombella_GCA_026385485.1_spacer_16	virome_phage_747	90.000	20	2	0	3	22	59615	59634	0.76	26.9
Bombella_GCA_026385485.1_spacer_16	total_phage_92	86.364	22	3	0	11	32	140271	140250	0.76	26.9
Bombella_GCA_026385485.1_spacer_16	total_phage_231	83.333	24	4	0	1	24	2340	2363	0.76	26.9
Bombella_GCA_026385485.1_spacer_17	total_phage_927	87.500	24	3	0	9	32	220230	220253	0.084	30.1
Bombella_GCA_026385485.1_spacer_17	total_phage_725	95.000	20	1	0	13	32	3814	3833	0.084	30.1
Bombella_GCA_026385485.1_spacer_17	total_phage_653	90.000	20	2	0	13	32	38656	38637	0.76	26.9
Bombella_GCA_026385485.1_spacer_18	virome_phage_818	100.000	17	0	0	4	20	27339	27323	0.25	28.5
Bombella_GCA_026385485.1_spacer_18	virome_phage_739	90.476	21	2	0	8	28	104133	104153	0.25	28.5
Bombella_GCA_026385485.1_spacer_18	virome_phage_891	86.364	22	3	0	1	22	25172	25151	0.76	26.9
Bombella_GCA_026385485.1_spacer_18	virome_phage_62	90.000	20	2	0	7	26	11427	11446	0.76	26.9
Bombella_GCA_026385485.1_spacer_18	virome_phage_16	90.000	20	2	0	13	32	52154	52135	0.76	26.9
Bombella_GCA_026385485.1_spacer_18	total_phage_794	86.364	22	3	0	1	22	36897	36918	0.76	26.9
Bombella_GCA_026385485.1_spacer_19	virome_phage_2274	78.125	32	7	0	1	32	42368	42337	0.084	30.1
Bombella_GCA_026385485.1_spacer_19	virome_phage_119	90.476	21	2	0	11	31	8121	8141	0.25	28.5
Bombella_GCA_026385485.1_spacer_19	total_phage_927	81.481	27	5	0	3	29	265958	265932	0.25	28.5
Bombella_GCA_026385485.1_spacer_19	virome_phage_51	86.364	22	3	0	7	28	2112	2133	0.76	26.9
Bombella_GCA_026385485.1_spacer_19	total_phage_95	94.444	18	1	0	3	20	8027	8044	0.76	26.9
Bombella_GCA_026385485.1_spacer_19	total_phage_187	76.667	30	7	0	3	32	7628	7657	0.76	26.9
Bombella_GCA_026385485.1_spacer_20	virome_phage_738	88.000	25	3	0	4	28	70729	70705	0.028	31.7
Bombella_GCA_026385485.1_spacer_20	virome_phage_857	81.481	27	5	0	2	28	15526	15552	0.25	28.5
Bombella_GCA_026385485.1_spacer_20	virome_phage_826	78.571	28	6	0	1	28	17246	17219	0.76	26.9
Bombella_GCA_026385485.1_spacer_20	virome_phage_116	80.769	26	5	0	1	26	2460	2485	0.76	26.9
Bombella_GCA_026385485.1_spacer_20	total_phage_294	80.769	26	5	0	3	28	46705	46680	0.76	26.9
Bombella_GCA_026385485.1_spacer_21	virome_phage_854	80.769	26	5	0	2	27	23723	23698	0.76	26.9
Bombella_GCA_026385485.1_spacer_21	virome_phage_48	90.000	20	2	0	1	20	23629	23610	0.76	26.9
Bombella_GCA_026385485.1_spacer_21	virome_phage_2389	86.364	22	3	0	11	32	9076	9055	0.76	26.9
Bombella_GCA_026385485.1_spacer_22	virome_phage_781	90.909	22	2	0	10	31	994	973	0.084	30.1
Bombella_GCA_026385485.1_spacer_22	virome_phage_788	83.333	24	4	0	9	32	8450	8427	0.76	26.9
Bombella_GCA_026385485.1_spacer_22	virome_phage_68	90.000	20	2	0	3	22	24705	24724	0.76	26.9
Bombella_GCA_026385485.1_spacer_22	total_phage_790	94.444	18	1	0	4	21	27947	27930	0.76	26.9
Bombella_GCA_026385485.1_spacer_24	virome_phage_87	86.957	23	3	0	2	24	20270	20248	0.25	28.5
Bombella_GCA_026385485.1_spacer_24	total_phage_604	90.476	21	2	0	7	27	14471	14451	0.25	28.5
Bombella_GCA_026385485.1_spacer_24	total_phage_525	90.476	21	2	0	7	27	3778	3758	0.25	28.5
Bombella_GCA_026385485.1_spacer_24	virome_phage_771	86.364	22	3	0	11	32	28217	28238	0.76	26.9
Bombella_GCA_026385485.1_spacer_24	virome_phage_115	86.364	22	3	0	11	32	11921	11942	0.76	26.9
Bombella_GCA_026385485.1_spacer_25	virome_phage_52	81.481	27	5	0	5	31	43782	43756	0.25	28.5
Bombella_GCA_026385485.1_spacer_25	virome_phage_3	90.000	20	2	0	13	32	154142	154161	0.76	26.9
Bombella_GCA_026385485.1_spacer_25	virome_phage_2292	90.000	20	2	0	10	29	24343	24362	0.76	26.9
Bombella_GCA_026385485.1_spacer_26	total_phage_786	84.615	26	4	0	6	31	3731	3706	0.084	30.1
Bombella_GCA_026385485.1_spacer_26	virome_phage_803	94.737	19	1	0	7	25	6616	6598	0.25	28.5
Bombella_GCA_026385485.1_spacer_26	virome_phage_2424	84.000	25	4	0	8	32	14240	14216	0.25	28.5
Bombella_GCA_026385485.1_spacer_26	virome_phage_239	84.000	25	4	0	8	32	12316	12292	0.25	28.5
Bombella_GCA_026385485.1_spacer_26	virome_phage_18	79.310	29	6	0	4	32	44890	44918	0.25	28.5
Bombella_GCA_026385485.1_spacer_26	virome_phage_1199	81.481	27	5	0	4	30	2401	2375	0.25	28.5
Bombella_GCA_026385485.1_spacer_26	total_phage_934	90.476	21	2	0	2	22	1936	1916	0.25	28.5
Bombella_GCA_026385485.1_spacer_26	total_phage_520	90.476	21	2	0	5	25	15952	15932	0.25	28.5
Bombella_GCA_026385485.1_spacer_26	virome_phage_898	94.444	18	1	0	10	27	12055	12072	0.76	26.9
Bombella_GCA_026385485.1_spacer_26	virome_phage_88	78.571	28	6	0	5	32	13103	13076	0.76	26.9
Bombella_GCA_026385485.1_spacer_26	virome_phage_800	78.571	28	6	0	5	32	12180	12153	0.76	26.9
Bombella_GCA_026385485.1_spacer_26	virome_phage_28	83.333	24	4	0	9	32	17568	17545	0.76	26.9
Bombella_GCA_026385485.1_spacer_26	virome_phage_2400	90.000	20	2	0	9	28	12417	12398	0.76	26.9
Bombella_GCA_026385485.1_spacer_26	virome_phage_2322	80.769	26	5	0	5	30	23368	23393	0.76	26.9
Bombella_GCA_026385485.1_spacer_26	total_phage_92	75.000	32	8	0	1	32	120635	120666	0.76	26.9
Bombella_GCA_026385485.1_spacer_26	total_phage_796	78.571	28	6	0	5	32	1605	1632	0.76	26.9
Bombella_GCA_026385485.1_spacer_26	total_phage_739	86.364	22	3	0	10	31	16964	16985	0.76	26.9
Bombella_GCA_026385485.1_spacer_26	total_phage_306	83.333	24	4	0	8	31	17181	17158	0.76	26.9
Bombella_GCA_026385485.1_spacer_26	total_phage_293	78.571	28	6	0	1	28	12798	12771	0.76	26.9
Bombella_GCA_026385485.1_spacer_26	total_phage_239	86.364	22	3	0	8	29	29024	29045	0.76	26.9
Bombella_GCA_026385485.1_spacer_26	total_phage_113	86.364	22	3	0	10	31	3302	3281	0.76	26.9
Bombella_GCA_026385485.1_spacer_27	virome_phage_744	94.444	18	1	0	14	31	71581	71598	0.76	26.9
Bombella_GCA_026385485.1_spacer_27	virome_phage_738	90.000	20	2	0	9	28	82328	82347	0.76	26.9
Bombella_GCA_026385485.1_spacer_27	total_phage_800	86.364	22	3	0	6	27	7840	7819	0.76	26.9
Bombella_GCA_026385485.1_spacer_27	total_phage_739	86.364	22	3	0	6	27	26544	26565	0.76	26.9
Bombella_GCA_026385485.1_spacer_27	total_phage_415	86.364	22	3	0	6	27	25322	25343	0.76	26.9
Bombella_GCA_026385485.1_spacer_27	total_phage_4	86.364	22	3	0	6	27	21034	21055	0.76	26.9
Bombella_GCA_026385485.1_spacer_27	total_phage_368	86.364	22	3	0	6	27	17705	17684	0.76	26.9
Bombella_GCA_026385485.1_spacer_28	virome_phage_770	85.185	27	4	0	4	30	24998	25024	0.028	31.7
Bombella_GCA_026385485.1_spacer_28	virome_phage_780	78.125	32	7	0	1	32	41434	41403	0.084	30.1
Bombella_GCA_026385485.1_spacer_28	virome_phage_827	84.000	25	4	0	4	28	6988	7012	0.25	28.5
Bombella_GCA_026385485.1_spacer_28	total_phage_95	90.476	21	2	0	4	24	11465	11485	0.25	28.5
Bombella_GCA_026385485.1_spacer_28	total_phage_115	86.957	23	3	0	1	23	34340	34318	0.25	28.5
Bombella_GCA_026385485.1_spacer_28	virome_phage_67	90.000	20	2	0	2	21	26425	26406	0.76	26.9
Bombella_GCA_026385485.1_spacer_28	virome_phage_63	83.333	24	4	0	1	24	227	250	0.76	26.9
Bombella_GCA_026385485.1_spacer_29	virome_phage_844	87.500	24	3	0	6	29	29551	29574	0.084	30.1
Bombella_GCA_026385485.1_spacer_29	virome_phage_2314	87.500	24	3	0	8	31	8660	8683	0.084	30.1
Bombella_GCA_026385485.1_spacer_29	virome_phage_856	86.957	23	3	0	10	32	1243	1221	0.25	28.5
Bombella_GCA_026385485.1_spacer_29	virome_phage_742	79.310	29	6	0	3	31	59313	59285	0.25	28.5
Bombella_GCA_026385485.1_spacer_29	virome_phage_913	90.000	20	2	0	13	32	10948	10929	0.76	26.9
Bombella_GCA_026385485.1_spacer_29	virome_phage_734	83.333	24	4	0	9	32	215945	215922	0.76	26.9
Bombella_GCA_026385485.1_spacer_29	virome_phage_2260	100.000	16	0	0	17	32	3582	3567	0.76	26.9
Bombella_GCA_026385485.1_spacer_32	virome_phage_2403	82.759	29	5	0	4	32	4901	4873	0.028	31.7
Bombella_GCA_026385485.1_spacer_32	virome_phage_164	82.759	29	5	0	4	32	5028	5000	0.028	31.7
Bombella_GCA_026385485.1_spacer_32	virome_phage_1032	82.759	29	5	0	4	32	9772	9800	0.028	31.7
Bombella_GCA_026385485.1_spacer_32	virome_phage_7	79.310	29	6	0	4	32	65136	65108	0.25	28.5
Bombella_GCA_026385485.1_spacer_32	virome_phage_55	81.481	27	5	0	4	30	35562	35536	0.25	28.5
Bombella_GCA_026385485.1_spacer_32	virome_phage_2314	90.476	21	2	0	7	27	19348	19368	0.25	28.5
Bombella_GCA_026385485.1_spacer_32	virome_phage_2235	81.481	27	5	0	5	31	11475	11501	0.25	28.5
Bombella_GCA_026385485.1_spacer_32	total_phage_935	94.737	19	1	0	5	23	12324	12342	0.25	28.5
Bombella_GCA_026385485.1_spacer_32	total_phage_445	90.476	21	2	0	6	26	1431	1411	0.25	28.5
Bombella_GCA_026385485.1_spacer_32	total_phage_364	94.737	19	1	0	5	23	4661	4643	0.25	28.5
Bombella_GCA_026385485.1_spacer_32	total_phage_306	81.481	27	5	0	3	29	11022	10996	0.25	28.5
Bombella_GCA_026385485.1_spacer_32	total_phage_239	79.310	29	6	0	1	29	21842	21814	0.25	28.5
Bombella_GCA_026385485.1_spacer_32	virome_phage_4	86.364	22	3	0	5	26	5186	5165	0.76	26.9
Bombella_GCA_026385485.1_spacer_32	virome_phage_2272	86.364	22	3	0	7	28	28175	28154	0.76	26.9
Bombella_GCA_026385485.1_spacer_32	virome_phage_160	78.571	28	6	0	5	32	5003	4976	0.76	26.9
Bombella_GCA_026385485.1_spacer_32	virome_phage_15	90.000	20	2	0	3	22	61229	61210	0.76	26.9
Bombella_GCA_026385485.1_spacer_32	virome_phage_11	100.000	16	0	0	10	25	16504	16519	0.76	26.9
Bombella_GCA_026385485.1_spacer_32	total_phage_925	94.444	18	1	0	15	32	23641	23624	0.76	26.9
Bombella_GCA_026385485.1_spacer_33	virome_phage_2	86.364	22	3	0	1	22	29096	29075	0.76	26.9
Bombella_GCA_026385485.1_spacer_35	virome_phage_64	81.481	27	5	0	2	28	1157	1131	0.25	28.5
Bombella_GCA_026385485.1_spacer_35	total_phage_739	81.481	27	5	0	4	30	8896	8922	0.25	28.5
Bombella_GCA_026385485.1_spacer_36	virome_phage_8	78.571	28	6	0	4	31	89303	89276	0.76	26.9
Bombella_GCA_026385485.1_spacer_36	virome_phage_2269	86.364	22	3	0	9	30	284078	284099	0.76	26.9
Bombella_GCA_026385485.1_spacer_36	total_phage_12	94.444	18	1	0	3	20	177	160	0.76	26.9
Bombella_GCA_026385485.1_spacer_36	total_phage_117	94.444	18	1	0	3	20	27122	27139	0.76	26.9
Bombella_GCA_026385485.1_spacer_38	virome_phage_902	90.000	20	2	0	1	20	20548	20529	0.76	26.9
Bombella_GCA_026385485.1_spacer_38	total_phage_445	76.667	30	7	0	1	30	23834	23805	0.76	26.9
Bombella_GCA_026385485.1_spacer_40	total_phage_730	84.615	26	4	0	7	32	35985	35960	0.084	30.1
Bombella_GCA_026385485.1_spacer_40	virome_phage_318	84.000	25	4	0	8	32	9198	9174	0.25	28.5
Bombella_GCA_026385485.1_spacer_40	virome_phage_2407	84.000	25	4	0	8	32	16719	16695	0.25	28.5
Bombella_GCA_026385485.1_spacer_40	virome_phage_812	83.333	24	4	0	6	29	35848	35825	0.76	26.9
Bombella_GCA_026385485.1_spacer_40	virome_phage_776	94.444	18	1	0	11	28	32668	32651	0.76	26.9
Bombella_GCA_026385485.1_spacer_40	virome_phage_56	80.769	26	5	0	5	30	17445	17420	0.76	26.9
Bombella_GCA_026385485.1_spacer_40	virome_phage_2270	86.364	22	3	0	6	27	66048	66027	0.76	26.9
Bombella_GCA_026385485.1_spacer_40	virome_phage_10	80.769	26	5	0	7	32	3221	3246	0.76	26.9
Bombella_GCA_026385485.1_spacer_41	virome_phage_19	80.645	31	6	0	1	31	59694	59664	0.028	31.7
Bombella_GCA_026385485.1_spacer_41	virome_phage_741	79.310	29	6	0	4	32	7767	7795	0.25	28.5
Bombella_GCA_026385485.1_spacer_41	virome_phage_740	77.419	31	7	0	1	31	66298	66268	0.25	28.5
Bombella_GCA_026385485.1_spacer_41	virome_phage_857	86.364	22	3	0	6	27	16654	16675	0.76	26.9
Bombella_GCA_026385485.1_spacer_42	virome_phage_758	100.000	17	0	0	10	26	39932	39948	0.25	28.5
Bombella_GCA_026385485.1_spacer_44	total_phage_9	83.333	30	5	0	3	32	3854	3825	0.009	33.3
Bombella_GCA_026385485.1_spacer_44	total_phage_806	83.333	30	5	0	3	32	21092	21121	0.009	33.3
Bombella_GCA_026385485.1_spacer_44	virome_phage_881	84.615	26	4	0	6	31	27223	27248	0.084	30.1
Bombella_GCA_026385485.1_spacer_44	virome_phage_739	79.310	29	6	0	2	30	24858	24830	0.25	28.5
Bombella_GCA_026385485.1_spacer_44	virome_phage_868	78.571	28	6	0	2	29	3600	3627	0.76	26.9
Bombella_GCA_026385485.1_spacer_44	virome_phage_837	83.333	24	4	0	2	25	6972	6995	0.76	26.9
Bombella_GCA_026385485.1_spacer_44	virome_phage_83	90.000	20	2	0	1	20	18411	18392	0.76	26.9
Bombella_GCA_026385485.1_spacer_44	virome_phage_779	86.364	22	3	0	10	31	27137	27116	0.76	26.9
Bombella_GCA_026385485.1_spacer_44	virome_phage_759	80.769	26	5	0	1	26	40917	40892	0.76	26.9
Bombella_GCA_026385485.1_spacer_44	virome_phage_734	80.769	26	5	0	1	26	87416	87391	0.76	26.9
Bombella_GCA_026385485.1_spacer_44	virome_phage_69	80.769	26	5	0	3	28	1835	1810	0.76	26.9
Bombella_GCA_026385485.1_spacer_44	virome_phage_25	94.444	18	1	0	5	22	6962	6945	0.76	26.9
Bombella_GCA_026385485.1_spacer_44	virome_phage_183	78.571	28	6	0	4	31	130	157	0.76	26.9
Bombella_GCA_026385485.1_spacer_44	virome_phage_123	83.333	24	4	0	2	25	8807	8830	0.76	26.9
Bombella_GCA_026385485.1_spacer_44	virome_phage_118	90.000	20	2	0	10	29	10924	10905	0.76	26.9
Bombella_GCA_026385485.1_spacer_44	virome_phage_1033	78.571	28	6	0	4	31	179	206	0.76	26.9
Bombella_GCA_026385485.1_spacer_44	total_phage_92	76.667	30	7	0	1	30	136272	136301	0.76	26.9
Bombella_GCA_026385485.1_spacer_44	total_phage_729	83.333	24	4	0	3	26	38510	38533	0.76	26.9
Bombella_GCA_026385485.1_spacer_44	total_phage_711	90.000	20	2	0	7	26	1391	1410	0.76	26.9
Bombella_GCA_026385485.1_spacer_44	total_phage_650	90.000	20	2	0	7	26	1414	1433	0.76	26.9
Bombella_GCA_026385485.1_spacer_44	total_phage_488	90.000	20	2	0	7	26	2922	2941	0.76	26.9
Bombella_GCA_026385485.1_spacer_44	total_phage_462	90.000	20	2	0	7	26	1483	1502	0.76	26.9
Bombella_GCA_026385485.1_spacer_44	total_phage_3	80.769	26	5	0	1	26	20277	20302	0.76	26.9
Bombella_GCA_026385485.1_spacer_45	virome_phage_914	86.364	22	3	0	6	27	21461	21482	0.76	26.9
Bombella_GCA_026385485.1_spacer_45	virome_phage_2239	90.000	20	2	0	5	24	18961	18980	0.76	26.9
Bombella_GCA_026385485.1_spacer_45	total_phage_501	90.000	20	2	0	5	24	8684	8665	0.76	26.9
Bombella_GCA_026385485.1_spacer_45	total_phage_454	90.000	20	2	0	5	24	12987	13006	0.76	26.9
Bombella_GCA_026385485.1_spacer_46	virome_phage_760	84.615	26	4	0	2	27	24967	24992	0.084	30.1
Bombella_GCA_026385485.1_spacer_46	total_phage_738	84.000	25	4	0	4	28	18465	18489	0.25	28.5
Bombella_GCA_026385485.1_spacer_46	total_phage_248	84.000	25	4	0	4	28	2930	2906	0.25	28.5
Bombella_GCA_026385485.1_spacer_46	total_phage_11	84.000	25	4	0	4	28	16311	16287	0.25	28.5
Bombella_GCA_026385485.1_spacer_46	total_phage_727	94.444	18	1	0	4	21	18309	18326	0.76	26.9
Bombella_GCA_026385485.1_spacer_46	total_phage_518	94.444	18	1	0	4	21	30519	30536	0.76	26.9
Bombella_GCA_026385485.1_spacer_47	virome_phage_816	95.238	21	1	0	5	25	21533	21553	0.028	31.7
Bombella_GCA_026385485.1_spacer_47	virome_phage_97	94.444	18	1	0	4	21	8855	8872	0.76	26.9
Bombella_GCA_026385485.1_spacer_47	virome_phage_900	94.444	18	1	0	4	21	18911	18894	0.76	26.9
Bombella_GCA_026385485.1_spacer_47	virome_phage_2306	94.444	18	1	0	4	21	9380	9397	0.76	26.9
Bombella_GCA_026385485.1_spacer_48	virome_phage_821	90.476	21	2	0	7	27	3816	3796	0.25	28.5
Bombella_GCA_026385485.1_spacer_48	virome_phage_155	84.000	25	4	0	4	28	9331	9307	0.25	28.5
Bombella_GCA_026385485.1_spacer_48	virome_phage_120	86.364	22	3	0	6	27	10884	10863	0.76	26.9
Bombella_GCA_026385485.1_spacer_48	total_phage_95	78.571	28	6	0	2	29	25678	25705	0.76	26.9
Bombella_GCA_026385485.1_spacer_48	total_phage_927	78.571	28	6	0	1	28	242659	242632	0.76	26.9
Bombella_GCA_026385485.1_spacer_48	total_phage_115	86.364	22	3	0	6	27	10938	10917	0.76	26.9
Bombella_GCA_026385485.1_spacer_50	virome_phage_802	86.957	23	3	0	1	23	3797	3775	0.25	28.5
Bombella_GCA_026385485.1_spacer_50	total_phage_95	90.476	21	2	0	1	21	86376	86356	0.25	28.5
Bombella_GCA_026385485.1_spacer_50	total_phage_730	84.000	25	4	0	8	32	54691	54715	0.25	28.5
Bombella_GCA_026385485.1_spacer_50	virome_phage_734	94.444	18	1	0	8	25	46443	46426	0.76	26.9
Bombella_GCA_026385485.1_spacer_50	virome_phage_7	86.364	22	3	0	10	31	15278	15257	0.76	26.9
Bombella_GCA_026385485.1_spacer_50	virome_phage_5	94.444	18	1	0	8	25	22039	22022	0.76	26.9
Bombella_GCA_026385485.1_spacer_50	virome_phage_1006	86.364	22	3	0	8	29	2219	2240	0.76	26.9
Bombella_GCA_026385485.1_spacer_51	total_phage_98	79.310	29	6	0	4	32	11308	11280	0.25	28.5
Bombella_GCA_026385485.1_spacer_51	virome_phage_868	94.444	18	1	0	10	27	26484	26467	0.76	26.9
Bombella_GCA_026385485.1_spacer_51	virome_phage_795	80.769	26	5	0	4	29	8292	8267	0.76	26.9
Bombella_GCA_026385485.1_spacer_51	virome_phage_783	83.333	24	4	0	1	24	29812	29835	0.76	26.9
Bombella_GCA_026385485.1_spacer_51	virome_phage_751	90.000	20	2	0	11	30	65305	65286	0.76	26.9
Bombella_GCA_026385485.1_spacer_51	virome_phage_60	80.769	26	5	0	2	27	10880	10855	0.76	26.9
Bombella_GCA_026385485.1_spacer_51	virome_phage_2385	100.000	16	0	0	14	29	7212	7197	0.76	26.9
Bombella_GCA_026385485.1_spacer_53	total_phage_666	79.310	29	6	0	3	31	3226	3198	0.25	28.5
Bombella_GCA_026385485.1_spacer_53	total_phage_639	79.310	29	6	0	3	31	20795	20823	0.25	28.5
Bombella_GCA_026385485.1_spacer_53	virome_phage_891	78.571	28	6	0	5	32	11018	11045	0.76	26.9
Bombella_GCA_026385485.1_spacer_53	virome_phage_738	90.000	20	2	0	3	22	100355	100374	0.76	26.9
Bombella_GCA_026385485.1_spacer_53	virome_phage_7	75.000	32	8	0	1	32	130361	130392	0.76	26.9
Bombella_GCA_026385485.1_spacer_53	total_phage_733	78.571	28	6	0	5	32	14761	14734	0.76	26.9
Bombella_GCA_026385485.1_spacer_53	total_phage_731	86.364	22	3	0	5	26	46069	46090	0.76	26.9
Bombella_GCA_026385485.1_spacer_53	total_phage_664	80.769	26	5	0	7	32	28471	28496	0.76	26.9
Bombella_GCA_026385485.1_spacer_53	total_phage_189	78.571	28	6	0	5	32	12734	12707	0.76	26.9
Bombella_GCA_026385485.1_spacer_54	virome_phage_779	84.615	26	4	0	3	28	28296	28271	0.084	30.1
Bombella_GCA_026385485.1_spacer_54	virome_phage_2286	86.364	22	3	0	1	22	35098	35077	0.76	26.9
Bombella_GCA_026385485.1_spacer_54	virome_phage_1	90.000	20	2	0	8	27	187176	187195	0.76	26.9
Bombella_GCA_026385485.1_spacer_54	total_phage_307	90.000	20	2	0	4	23	28061	28080	0.76	26.9
Bombella_GCA_026385485.1_spacer_55	virome_phage_1236	86.364	22	3	0	11	32	755	776	0.76	26.9
Bombella_GCA_026385485.1_spacer_55	total_phage_246	86.364	22	3	0	5	26	15547	15526	0.76	26.9
Bombella_GCA_026385485.1_spacer_56	virome_phage_895	100.000	16	0	0	9	24	6607	6592	0.76	26.9
Bombella_GCA_026385485.1_spacer_56	virome_phage_785	90.000	20	2	0	13	32	31988	32007	0.76	26.9
Bombella_GCA_026385485.1_spacer_56	virome_phage_745	83.333	24	4	0	8	31	2014	1991	0.76	26.9
Bombella_GCA_026385485.1_spacer_56	virome_phage_734	86.364	22	3	0	11	32	336117	336138	0.76	26.9
Bombella_GCA_026385485.1_spacer_56	virome_phage_2298	90.000	20	2	0	13	32	31045	31064	0.76	26.9
Bombella_GCA_026385485.1_spacer_56	virome_phage_2	94.444	18	1	0	7	24	144904	144921	0.76	26.9
Bombella_GCA_026385485.1_spacer_56	total_phage_413	86.364	22	3	0	4	25	134463	134442	0.76	26.9
Bombella_GCA_026385485.1_spacer_57	virome_phage_803	86.957	23	3	0	8	30	26946	26968	0.25	28.5
Bombella_GCA_026385485.1_spacer_57	virome_phage_768	81.481	27	5	0	5	31	9894	9868	0.25	28.5
Bombella_GCA_026385485.1_spacer_57	virome_phage_2300	100.000	17	0	0	6	22	36674	36658	0.25	28.5
Bombella_GCA_026385485.1_spacer_57	virome_phage_818	94.444	18	1	0	13	30	11868	11851	0.76	26.9
Bombella_GCA_026385485.1_spacer_57	virome_phage_52	90.000	20	2	0	4	23	36948	36929	0.76	26.9
Bombella_GCA_026385485.1_spacer_57	virome_phage_2278	86.364	22	3	0	2	23	23357	23378	0.76	26.9
Bombella_GCA_026385485.1_spacer_58	virome_phage_2303	84.000	25	4	0	5	29	599	575	0.25	28.5
Bombella_GCA_026385485.1_spacer_58	virome_phage_902	80.769	26	5	0	6	31	13703	13678	0.76	26.9
Bombella_GCA_026385485.1_spacer_58	virome_phage_760	86.364	22	3	0	8	29	1460	1481	0.76	26.9
Bombella_GCA_026385485.1_spacer_58	virome_phage_2389	80.769	26	5	0	1	26	12554	12529	0.76	26.9
Bombella_GCA_026385485.1_spacer_58	virome_phage_2382	80.769	26	5	0	1	26	12984	12959	0.76	26.9
Bombella_GCA_026385485.1_spacer_58	virome_phage_2380	80.769	26	5	0	6	31	2386	2361	0.76	26.9
Bombella_GCA_026385485.1_spacer_58	virome_phage_2359	90.000	20	2	0	7	26	8517	8498	0.76	26.9
Bombella_GCA_026385485.1_spacer_58	total_phage_729	83.333	24	4	0	5	28	189115	189138	0.76	26.9
Bombella_GCA_026385485.1_spacer_59	total_phage_231	88.000	25	3	0	2	26	63191	63215	0.028	31.7
Bombella_GCA_026385485.1_spacer_59	total_phage_231	94.444	18	1	0	3	20	93302	93319	0.76	26.9
Bombella_GCA_026385485.1_spacer_59	total_phage_231	83.333	24	4	0	6	29	128801	128778	0.76	26.9
Bombella_GCA_026385485.1_spacer_59	virome_phage_744	80.000	30	6	0	1	30	40773	40744	0.084	30.1
Bombella_GCA_026385485.1_spacer_59	virome_phage_743	90.909	22	2	0	7	28	22101	22080	0.084	30.1
Bombella_GCA_026385485.1_spacer_59	virome_phage_7	82.143	28	5	0	4	31	48488	48515	0.084	30.1
Bombella_GCA_026385485.1_spacer_59	virome_phage_2275	87.500	24	3	0	4	27	25761	25784	0.084	30.1
Bombella_GCA_026385485.1_spacer_59	virome_phage_2275	94.737	19	1	0	10	28	31985	31967	0.25	28.5
Bombella_GCA_026385485.1_spacer_59	virome_phage_1004	80.000	30	6	0	3	32	15576	15547	0.084	30.1
Bombella_GCA_026385485.1_spacer_59	virome_phage_935	86.957	23	3	0	1	23	19078	19056	0.25	28.5
Bombella_GCA_026385485.1_spacer_59	virome_phage_747	94.737	19	1	0	10	28	15411	15429	0.25	28.5
Bombella_GCA_026385485.1_spacer_59	virome_phage_738	84.000	25	4	0	5	29	102761	102785	0.25	28.5
Bombella_GCA_026385485.1_spacer_59	virome_phage_4	84.000	25	4	0	5	29	138767	138743	0.25	28.5
Bombella_GCA_026385485.1_spacer_59	virome_phage_18	94.737	19	1	0	10	28	57230	57248	0.25	28.5
Bombella_GCA_026385485.1_spacer_59	virome_phage_18	90.476	21	2	0	8	28	59532	59512	0.25	28.5
Bombella_GCA_026385485.1_spacer_59	total_phage_929	84.000	25	4	0	3	27	5744	5768	0.25	28.5
Bombella_GCA_026385485.1_spacer_59	total_phage_731	81.481	27	5	0	3	29	45356	45330	0.25	28.5
Bombella_GCA_026385485.1_spacer_59	total_phage_368	100.000	17	0	0	6	22	3426	3410	0.25	28.5
Bombella_GCA_026385485.1_spacer_59	virome_phage_955	83.333	24	4	0	3	26	4711	4734	0.76	26.9
Bombella_GCA_026385485.1_spacer_59	virome_phage_949	83.333	24	4	0	3	26	5124	5147	0.76	26.9
Bombella_GCA_026385485.1_spacer_59	virome_phage_850	83.333	24	4	0	4	27	22940	22963	0.76	26.9
Bombella_GCA_026385485.1_spacer_59	virome_phage_844	100.000	16	0	0	14	29	12473	12458	0.76	26.9
Bombella_GCA_026385485.1_spacer_59	virome_phage_823	80.769	26	5	0	2	27	8255	8230	0.76	26.9
Bombella_GCA_026385485.1_spacer_59	virome_phage_785	94.444	18	1	0	14	31	16481	16498	0.76	26.9
Bombella_GCA_026385485.1_spacer_59	virome_phage_764	86.364	22	3	0	6	27	22580	22559	0.76	26.9
Bombella_GCA_026385485.1_spacer_59	virome_phage_764	78.571	28	6	0	1	28	46423	46396	0.76	26.9
Bombella_GCA_026385485.1_spacer_59	virome_phage_749	86.364	22	3	0	6	27	68245	68224	0.76	26.9
Bombella_GCA_026385485.1_spacer_59	virome_phage_748	83.333	24	4	0	8	31	27621	27598	0.76	26.9
Bombella_GCA_026385485.1_spacer_59	virome_phage_742	90.000	20	2	0	3	22	24427	24446	0.76	26.9
Bombella_GCA_026385485.1_spacer_59	virome_phage_739	100.000	16	0	0	11	26	116848	116833	0.76	26.9
Bombella_GCA_026385485.1_spacer_59	virome_phage_734	94.444	18	1	0	1	18	66220	66237	0.76	26.9
Bombella_GCA_026385485.1_spacer_59	virome_phage_734	83.333	24	4	0	8	31	83713	83690	0.76	26.9
Bombella_GCA_026385485.1_spacer_59	virome_phage_734	83.333	24	4	0	3	26	91749	91772	0.76	26.9
Bombella_GCA_026385485.1_spacer_59	virome_phage_69	90.000	20	2	0	10	29	11359	11340	0.76	26.9
Bombella_GCA_026385485.1_spacer_59	virome_phage_318	83.333	24	4	0	4	27	4859	4882	0.76	26.9
Bombella_GCA_026385485.1_spacer_59	virome_phage_2398	83.333	24	4	0	3	26	4660	4683	0.76	26.9
Bombella_GCA_026385485.1_spacer_59	virome_phage_2388	83.333	24	4	0	3	26	4989	5012	0.76	26.9
Bombella_GCA_026385485.1_spacer_59	virome_phage_2335	94.444	18	1	0	14	31	8759	8776	0.76	26.9
Bombella_GCA_026385485.1_spacer_59	virome_phage_2280	86.364	22	3	0	6	27	293	314	0.76	26.9
Bombella_GCA_026385485.1_spacer_59	virome_phage_154	83.333	24	4	0	3	26	4897	4920	0.76	26.9
Bombella_GCA_026385485.1_spacer_59	virome_phage_142	83.333	24	4	0	4	27	6061	6084	0.76	26.9
Bombella_GCA_026385485.1_spacer_59	virome_phage_14	83.333	24	4	0	5	28	45192	45169	0.76	26.9
Bombella_GCA_026385485.1_spacer_59	virome_phage_10	90.000	20	2	0	6	25	107796	107777	0.76	26.9
Bombella_GCA_026385485.1_spacer_59	virome_phage_1	90.000	20	2	0	8	27	95054	95035	0.76	26.9
Bombella_GCA_026385485.1_spacer_59	total_phage_729	100.000	16	0	0	2	17	68582	68597	0.76	26.9
Bombella_GCA_026385485.1_spacer_59	total_phage_175	90.000	20	2	0	12	31	21070	21051	0.76	26.9
Bombella_GCA_026385485.1_spacer_59	total_phage_172	78.571	28	6	0	4	31	1991	2018	0.76	26.9
Bombella_GCA_026385485.1_spacer_60	virome_phage_81	95.000	20	1	0	13	32	24625	24644	0.084	30.1
Bombella_GCA_026385485.1_spacer_60	virome_phage_782	90.476	21	2	0	5	25	14601	14621	0.25	28.5
Bombella_GCA_026385485.1_spacer_60	virome_phage_819	90.000	20	2	0	13	32	12766	12747	0.76	26.9
Bombella_GCA_026385485.1_spacer_60	virome_phage_52	90.000	20	2	0	1	20	23839	23820	0.76	26.9
Bombella_GCA_026385485.1_spacer_60	virome_phage_2274	90.000	20	2	0	13	32	12803	12784	0.76	26.9
Bombella_GCA_026385485.1_spacer_61	virome_phage_742	94.737	19	1	0	6	24	15395	15377	0.25	28.5
Bombella_GCA_026385485.1_spacer_61	virome_phage_738	90.476	21	2	0	4	24	36722	36742	0.25	28.5
Bombella_GCA_026385485.1_spacer_61	virome_phage_738	90.000	20	2	0	5	24	99735	99716	0.76	26.9
Bombella_GCA_026385485.1_spacer_61	virome_phage_738	90.000	20	2	0	5	24	99992	99973	0.76	26.9
Bombella_GCA_026385485.1_spacer_61	virome_phage_4	90.476	21	2	0	4	24	59993	59973	0.25	28.5
Bombella_GCA_026385485.1_spacer_61	virome_phage_2	86.957	23	3	0	9	31	109689	109711	0.25	28.5
Bombella_GCA_026385485.1_spacer_61	virome_phage_747	78.571	28	6	0	1	28	45508	45535	0.76	26.9
Bombella_GCA_026385485.1_spacer_62	virome_phage_9	88.889	27	3	0	3	29	25837	25811	0.003	34.9
Bombella_GCA_026385485.1_spacer_62	virome_phage_2	86.957	23	3	0	8	30	148565	148543	0.25	28.5
Bombella_GCA_026385485.1_spacer_62	virome_phage_847	100.000	16	0	0	3	18	5093	5108	0.76	26.9
Bombella_GCA_026385485.1_spacer_63	virome_phage_47	86.957	23	3	0	9	31	22481	22459	0.25	28.5
Bombella_GCA_026385485.1_spacer_64	virome_phage_51	90.000	20	2	0	7	26	1189	1170	0.76	26.9
Bombella_GCA_026385485.1_spacer_65	virome_phage_829	86.364	22	3	0	1	22	8979	8958	0.76	26.9
Bombella_GCA_026385485.1_spacer_65	virome_phage_2345	86.364	22	3	0	1	22	7806	7827	0.76	26.9
Bombella_GCA_026385485.1_spacer_66	virome_phage_749	88.889	27	3	0	6	32	66612	66586	0.003	34.9
Bombella_GCA_026385485.1_spacer_66	virome_phage_735	92.000	25	2	0	8	32	202468	202444	0.003	34.9
Bombella_GCA_026385485.1_spacer_66	virome_phage_735	88.462	26	3	0	6	31	22580	22605	0.009	33.3
Bombella_GCA_026385485.1_spacer_66	virome_phage_735	88.462	26	3	0	6	31	166663	166638	0.009	33.3
Bombella_GCA_026385485.1_spacer_66	virome_phage_735	85.185	27	4	0	2	28	22489	22515	0.028	31.7
Bombella_GCA_026385485.1_spacer_66	virome_phage_735	80.645	31	6	0	1	31	22587	22617	0.028	31.7
Bombella_GCA_026385485.1_spacer_66	virome_phage_735	85.185	27	4	0	5	31	166337	166311	0.028	31.7
Bombella_GCA_026385485.1_spacer_66	virome_phage_735	85.185	27	4	0	5	31	166544	166518	0.028	31.7
Bombella_GCA_026385485.1_spacer_66	virome_phage_735	85.185	27	4	0	2	28	202468	202442	0.028	31.7
Bombella_GCA_026385485.1_spacer_66	virome_phage_735	78.125	32	7	0	1	32	22506	22537	0.084	30.1
Bombella_GCA_026385485.1_spacer_66	virome_phage_735	82.143	28	5	0	5	32	22585	22612	0.084	30.1
Bombella_GCA_026385485.1_spacer_66	virome_phage_735	82.143	28	5	0	5	32	22600	22627	0.084	30.1
Bombella_GCA_026385485.1_spacer_66	virome_phage_735	87.500	24	3	0	8	31	165998	165975	0.084	30.1
Bombella_GCA_026385485.1_spacer_66	virome_phage_735	77.419	31	7	0	1	31	91800	91830	0.25	28.5
Bombella_GCA_026385485.1_spacer_66	virome_phage_735	81.481	27	5	0	5	31	166298	166272	0.25	28.5
Bombella_GCA_026385485.1_spacer_66	virome_phage_735	77.419	31	7	0	1	31	166335	166305	0.25	28.5
Bombella_GCA_026385485.1_spacer_66	virome_phage_735	81.481	27	5	0	6	32	166342	166316	0.25	28.5
Bombella_GCA_026385485.1_spacer_66	virome_phage_735	81.481	27	5	0	5	31	166349	166323	0.25	28.5
Bombella_GCA_026385485.1_spacer_66	virome_phage_735	81.481	27	5	0	5	31	166403	166377	0.25	28.5
Bombella_GCA_026385485.1_spacer_66	virome_phage_735	83.333	24	4	0	9	32	14658	14681	0.76	26.9
Bombella_GCA_026385485.1_spacer_66	virome_phage_735	80.769	26	5	0	6	31	22439	22464	0.76	26.9
Bombella_GCA_026385485.1_spacer_66	virome_phage_735	83.333	24	4	0	1	24	22443	22466	0.76	26.9
Bombella_GCA_026385485.1_spacer_66	virome_phage_735	83.333	24	4	0	8	31	22519	22542	0.76	26.9
Bombella_GCA_026385485.1_spacer_66	virome_phage_735	80.769	26	5	0	2	27	88340	88365	0.76	26.9
Bombella_GCA_026385485.1_spacer_66	virome_phage_735	86.364	22	3	0	9	30	88344	88365	0.76	26.9
Bombella_GCA_026385485.1_spacer_66	virome_phage_735	80.769	26	5	0	6	31	165994	165969	0.76	26.9
Bombella_GCA_026385485.1_spacer_66	virome_phage_735	86.364	22	3	0	6	27	166141	166120	0.76	26.9
Bombella_GCA_026385485.1_spacer_66	virome_phage_735	78.571	28	6	0	1	28	166182	166155	0.76	26.9
Bombella_GCA_026385485.1_spacer_66	virome_phage_735	80.769	26	5	0	6	31	166291	166266	0.76	26.9
Bombella_GCA_026385485.1_spacer_66	virome_phage_735	80.769	26	5	0	6	31	166300	166275	0.76	26.9
Bombella_GCA_026385485.1_spacer_66	virome_phage_735	80.769	26	5	0	6	31	166315	166290	0.76	26.9
Bombella_GCA_026385485.1_spacer_66	virome_phage_735	80.769	26	5	0	6	31	166321	166296	0.76	26.9
Bombella_GCA_026385485.1_spacer_66	virome_phage_735	80.769	26	5	0	6	31	166351	166326	0.76	26.9
Bombella_GCA_026385485.1_spacer_66	virome_phage_735	80.769	26	5	0	6	31	166366	166341	0.76	26.9
Bombella_GCA_026385485.1_spacer_66	virome_phage_735	80.769	26	5	0	6	31	166372	166347	0.76	26.9
Bombella_GCA_026385485.1_spacer_66	virome_phage_735	80.769	26	5	0	6	31	166381	166356	0.76	26.9
Bombella_GCA_026385485.1_spacer_66	virome_phage_735	80.769	26	5	0	6	31	166387	166362	0.76	26.9
Bombella_GCA_026385485.1_spacer_66	virome_phage_735	80.769	26	5	0	6	31	166396	166371	0.76	26.9
Bombella_GCA_026385485.1_spacer_66	virome_phage_735	80.769	26	5	0	6	31	166507	166482	0.76	26.9
Bombella_GCA_026385485.1_spacer_66	virome_phage_735	83.333	24	4	0	8	31	166553	166530	0.76	26.9
Bombella_GCA_026385485.1_spacer_66	virome_phage_2270	83.333	30	5	0	2	31	134828	134857	0.009	33.3
Bombella_GCA_026385485.1_spacer_66	virome_phage_2270	85.185	27	4	0	6	32	134838	134864	0.028	31.7
Bombella_GCA_026385485.1_spacer_66	virome_phage_2270	82.143	28	5	0	1	28	134839	134866	0.084	30.1
Bombella_GCA_026385485.1_spacer_66	virome_phage_2319	82.759	29	5	0	4	32	4146	4118	0.028	31.7
Bombella_GCA_026385485.1_spacer_66	virome_phage_2319	83.333	24	4	0	5	28	4139	4116	0.76	26.9
Bombella_GCA_026385485.1_spacer_66	total_phage_927	91.304	23	2	0	8	30	251901	251923	0.028	31.7
Bombella_GCA_026385485.1_spacer_66	total_phage_927	90.476	21	2	0	6	26	169272	169292	0.25	28.5
Bombella_GCA_026385485.1_spacer_66	total_phage_927	77.419	31	7	0	1	31	169273	169303	0.25	28.5
Bombella_GCA_026385485.1_spacer_66	total_phage_927	90.476	21	2	0	5	25	261044	261064	0.25	28.5
Bombella_GCA_026385485.1_spacer_66	total_phage_927	90.476	21	2	0	11	31	261044	261064	0.25	28.5
Bombella_GCA_026385485.1_spacer_66	total_phage_927	90.476	21	2	0	9	29	261075	261095	0.25	28.5
Bombella_GCA_026385485.1_spacer_66	total_phage_927	76.667	30	7	0	2	31	251901	251930	0.76	26.9
Bombella_GCA_026385485.1_spacer_66	total_phage_927	83.333	24	4	0	5	28	260993	261016	0.76	26.9
Bombella_GCA_026385485.1_spacer_66	total_phage_927	90.000	20	2	0	6	25	261435	261454	0.76	26.9
Bombella_GCA_026385485.1_spacer_66	total_phage_179	88.000	25	3	0	5	29	31258	31282	0.028	31.7
Bombella_GCA_026385485.1_spacer_66	total_phage_179	78.125	32	7	0	1	32	31248	31279	0.084	30.1
Bombella_GCA_026385485.1_spacer_66	virome_phage_854	95.000	20	1	0	5	24	28954	28935	0.084	30.1
Bombella_GCA_026385485.1_spacer_66	virome_phage_802	87.500	24	3	0	6	29	32993	33016	0.084	30.1
Bombella_GCA_026385485.1_spacer_66	virome_phage_802	84.000	25	4	0	8	32	32992	33016	0.25	28.5
Bombella_GCA_026385485.1_spacer_66	virome_phage_794	87.500	24	3	0	2	25	40291	40314	0.084	30.1
Bombella_GCA_026385485.1_spacer_66	virome_phage_794	83.333	24	4	0	8	31	40291	40314	0.76	26.9
Bombella_GCA_026385485.1_spacer_66	virome_phage_779	90.909	22	2	0	9	30	276	297	0.084	30.1
Bombella_GCA_026385485.1_spacer_66	virome_phage_762	100.000	18	0	0	9	26	20792	20775	0.084	30.1
Bombella_GCA_026385485.1_spacer_66	virome_phage_762	79.310	29	6	0	3	31	19417	19389	0.25	28.5
Bombella_GCA_026385485.1_spacer_66	virome_phage_26	90.909	22	2	0	11	32	24416	24395	0.084	30.1
Bombella_GCA_026385485.1_spacer_66	virome_phage_26	84.000	25	4	0	7	31	24282	24258	0.25	28.5
Bombella_GCA_026385485.1_spacer_66	virome_phage_96	84.000	25	4	0	7	31	20762	20738	0.25	28.5
Bombella_GCA_026385485.1_spacer_66	virome_phage_871	90.476	21	2	0	5	25	19663	19643	0.25	28.5
Bombella_GCA_026385485.1_spacer_66	virome_phage_84	86.957	23	3	0	2	24	7683	7661	0.25	28.5
Bombella_GCA_026385485.1_spacer_66	virome_phage_84	86.957	23	3	0	9	31	33340	33318	0.25	28.5
Bombella_GCA_026385485.1_spacer_66	virome_phage_821	86.957	23	3	0	2	24	30909	30887	0.25	28.5
Bombella_GCA_026385485.1_spacer_66	virome_phage_808	86.957	23	3	0	6	28	20813	20835	0.25	28.5
Bombella_GCA_026385485.1_spacer_66	virome_phage_796	81.481	27	5	0	5	31	31161	31135	0.25	28.5
Bombella_GCA_026385485.1_spacer_66	virome_phage_793	77.419	31	7	0	1	31	25004	25034	0.25	28.5
Bombella_GCA_026385485.1_spacer_66	virome_phage_57	90.476	21	2	0	5	25	29492	29512	0.25	28.5
Bombella_GCA_026385485.1_spacer_66	virome_phage_45	86.957	23	3	0	3	25	18935	18913	0.25	28.5
Bombella_GCA_026385485.1_spacer_66	virome_phage_2306	90.476	21	2	0	9	29	9585	9565	0.25	28.5
Bombella_GCA_026385485.1_spacer_66	virome_phage_107	86.957	23	3	0	2	24	4066	4044	0.25	28.5
Bombella_GCA_026385485.1_spacer_66	virome_phage_1063	90.476	21	2	0	5	25	7090	7070	0.25	28.5
Bombella_GCA_026385485.1_spacer_66	total_phage_790	86.957	23	3	0	2	24	22632	22654	0.25	28.5
Bombella_GCA_026385485.1_spacer_66	total_phage_790	81.481	27	5	0	4	30	33611	33637	0.25	28.5
Bombella_GCA_026385485.1_spacer_66	total_phage_790	86.364	22	3	0	3	24	22513	22534	0.76	26.9
Bombella_GCA_026385485.1_spacer_66	total_phage_497	94.737	19	1	0	4	22	25955	25937	0.25	28.5
Bombella_GCA_026385485.1_spacer_66	total_phage_478	94.737	19	1	0	4	22	21280	21262	0.25	28.5
Bombella_GCA_026385485.1_spacer_66	total_phage_369	86.957	23	3	0	2	24	21669	21647	0.25	28.5
Bombella_GCA_026385485.1_spacer_66	total_phage_243	79.310	29	6	0	2	30	7114	7086	0.25	28.5
Bombella_GCA_026385485.1_spacer_66	virome_phage_860	83.333	24	4	0	9	32	5598	5621	0.76	26.9
Bombella_GCA_026385485.1_spacer_66	virome_phage_786	94.444	18	1	0	1	18	25767	25784	0.76	26.9
Bombella_GCA_026385485.1_spacer_66	virome_phage_740	90.000	20	2	0	11	30	60864	60883	0.76	26.9
Bombella_GCA_026385485.1_spacer_66	virome_phage_736	80.769	26	5	0	6	31	13264	13239	0.76	26.9
Bombella_GCA_026385485.1_spacer_66	virome_phage_72	76.667	30	7	0	2	31	37916	37887	0.76	26.9
Bombella_GCA_026385485.1_spacer_66	virome_phage_71	90.000	20	2	0	6	25	13344	13363	0.76	26.9
Bombella_GCA_026385485.1_spacer_66	virome_phage_56	86.364	22	3	0	7	28	18827	18848	0.76	26.9
Bombella_GCA_026385485.1_spacer_66	virome_phage_31	83.333	24	4	0	3	26	22914	22891	0.76	26.9
Bombella_GCA_026385485.1_spacer_66	virome_phage_2372	86.364	22	3	0	2	23	2180	2201	0.76	26.9
Bombella_GCA_026385485.1_spacer_66	virome_phage_2305	90.000	20	2	0	9	28	33927	33908	0.76	26.9
Bombella_GCA_026385485.1_spacer_66	virome_phage_2300	86.364	22	3	0	9	30	33063	33084	0.76	26.9
Bombella_GCA_026385485.1_spacer_66	virome_phage_2278	80.769	26	5	0	6	31	4782	4807	0.76	26.9
Bombella_GCA_026385485.1_spacer_66	virome_phage_22	83.333	24	4	0	8	31	55174	55151	0.76	26.9
Bombella_GCA_026385485.1_spacer_66	virome_phage_2	83.333	24	4	0	9	32	139292	139315	0.76	26.9
Bombella_GCA_026385485.1_spacer_66	virome_phage_1286	90.000	20	2	0	12	31	4087	4068	0.76	26.9
Bombella_GCA_026385485.1_spacer_66	total_phage_95	90.000	20	2	0	5	24	13274	13293	0.76	26.9
Bombella_GCA_026385485.1_spacer_66	total_phage_92	83.333	24	4	0	9	32	13100	13123	0.76	26.9
Bombella_GCA_026385485.1_spacer_66	total_phage_298	86.364	22	3	0	3	24	17682	17661	0.76	26.9
Bombella_GCA_026385485.1_spacer_66	total_phage_252	80.769	26	5	0	5	30	6775	6750	0.76	26.9
Bombella_GCA_026385485.1_spacer_66	total_phage_178	76.667	30	7	0	3	32	33191	33220	0.76	26.9
Bombella_GCA_026385485.1_spacer_66	total_phage_104	86.364	22	3	0	3	24	29580	29601	0.76	26.9
Bombella_GCA_026385485.1_spacer_67	virome_phage_859	76.667	30	7	0	3	32	16913	16884	0.76	26.9
Bombella_GCA_026385485.1_spacer_68	virome_phage_2304	84.615	26	4	0	7	32	16218	16243	0.084	30.1
Bombella_GCA_026385485.1_spacer_68	virome_phage_814	90.476	21	2	0	5	25	11205	11225	0.25	28.5
Bombella_GCA_026385485.1_spacer_68	virome_phage_761	84.000	25	4	0	8	32	14554	14578	0.25	28.5
Bombella_GCA_026385485.1_spacer_68	virome_phage_2269	90.476	21	2	0	1	21	188439	188459	0.25	28.5
Bombella_GCA_026385485.1_spacer_68	virome_phage_177	94.737	19	1	0	1	19	12792	12774	0.25	28.5
Bombella_GCA_026385485.1_spacer_68	virome_phage_177	100.000	16	0	0	4	19	12795	12780	0.76	26.9
Bombella_GCA_026385485.1_spacer_68	virome_phage_756	94.444	18	1	0	7	24	35250	35233	0.76	26.9
Bombella_GCA_026385485.1_spacer_68	virome_phage_751	100.000	16	0	0	10	25	14327	14312	0.76	26.9
Bombella_GCA_026385485.1_spacer_68	virome_phage_741	90.000	20	2	0	1	20	68330	68349	0.76	26.9
Bombella_GCA_026385485.1_spacer_68	virome_phage_2239	86.364	22	3	0	8	29	25816	25795	0.76	26.9
Bombella_GCA_026385485.1_spacer_68	total_phage_501	86.364	22	3	0	8	29	1829	1850	0.76	26.9
Bombella_GCA_026385485.1_spacer_68	total_phage_454	86.364	22	3	0	8	29	19842	19821	0.76	26.9
Bombella_GCA_026385485.1_spacer_69	virome_phage_833	83.333	24	4	0	7	30	5462	5485	0.76	26.9
Bombella_GCA_026385485.1_spacer_69	virome_phage_804	100.000	16	0	0	15	30	35004	35019	0.76	26.9
Bombella_GCA_026385485.1_spacer_69	virome_phage_753	83.333	24	4	0	5	28	31199	31222	0.76	26.9
Bombella_GCA_026385485.1_spacer_69	virome_phage_2346	94.444	18	1	0	6	23	19893	19876	0.76	26.9
Bombella_GCA_026385485.1_spacer_70	virome_phage_796	95.455	22	1	0	1	22	38860	38839	0.009	33.3
Bombella_GCA_026385485.1_spacer_70	virome_phage_788	84.000	25	4	0	1	25	28343	28367	0.25	28.5
Bombella_GCA_026385485.1_spacer_70	virome_phage_785	90.476	21	2	0	3	23	26370	26390	0.25	28.5
Bombella_GCA_026385485.1_spacer_70	virome_phage_2310	90.476	21	2	0	3	23	18806	18786	0.25	28.5
Bombella_GCA_026385485.1_spacer_70	virome_phage_822	94.444	18	1	0	4	21	12140	12157	0.76	26.9
Bombella_GCA_026385485.1_spacer_70	virome_phage_77	90.000	20	2	0	12	31	33249	33230	0.76	26.9
Bombella_GCA_026385485.1_spacer_70	virome_phage_2356	94.444	18	1	0	4	21	12551	12534	0.76	26.9
Bombella_GCA_026385485.1_spacer_70	total_phage_304	94.444	18	1	0	7	24	18458	18475	0.76	26.9
Bombella_GCA_026385485.1_spacer_70	total_phage_231	94.444	18	1	0	3	20	60003	60020	0.76	26.9
Bombella_GCA_026385485.1_spacer_71	virome_phage_54	81.481	27	5	0	2	28	39013	39039	0.25	28.5
Bombella_GCA_026385485.1_spacer_71	virome_phage_2355	77.419	31	7	0	1	31	4229	4259	0.25	28.5
Bombella_GCA_026385485.1_spacer_71	virome_phage_2347	77.419	31	7	0	1	31	23032	23002	0.25	28.5
Bombella_GCA_026385485.1_spacer_71	total_phage_808	77.419	31	7	0	1	31	14557	14527	0.25	28.5
Bombella_GCA_026385485.1_spacer_71	virome_phage_790	100.000	16	0	0	8	23	19084	19069	0.76	26.9
Bombella_GCA_026385485.1_spacer_71	virome_phage_740	100.000	16	0	0	3	18	107075	107090	0.76	26.9
Bombella_GCA_026385485.1_spacer_71	virome_phage_21	100.000	16	0	0	3	18	43891	43876	0.76	26.9
Bombella_GCA_026385485.1_spacer_73	virome_phage_1117	86.957	23	3	0	1	23	12146	12168	0.25	28.5
Bombella_GCA_026385485.1_spacer_73	total_phage_297	80.769	26	5	0	5	30	1580	1555	0.76	26.9
Bombella_GCA_026385485.1_spacer_74	virome_phage_855	94.444	18	1	0	1	18	12358	12341	0.76	26.9
Bombella_GCA_026385485.1_spacer_75	total_phage_927	100.000	16	0	0	3	18	2906	2921	0.76	26.9
Bombella_GCA_026385485.1_spacer_76	virome_phage_747	84.000	25	4	0	7	31	25722	25746	0.25	28.5
Bombella_GCA_026385485.1_spacer_76	virome_phage_823	100.000	16	0	0	13	28	3635	3620	0.76	26.9
Bombella_GCA_026385485.1_spacer_76	virome_phage_5	94.444	18	1	0	5	22	107591	107574	0.76	26.9
Bombella_GCA_026385485.1_spacer_76	virome_phage_2328	100.000	16	0	0	13	28	25825	25810	0.76	26.9
Bombella_GCA_026385485.1_spacer_76	virome_phage_23	100.000	16	0	0	13	28	62045	62060	0.76	26.9
Bombella_GCA_026385485.1_spacer_76	virome_phage_15	86.364	22	3	0	6	27	44435	44456	0.76	26.9
Bombella_GCA_026385485.1_spacer_76	total_phage_416	83.333	24	4	0	9	32	15176	15153	0.76	26.9
Bombella_GCA_026385485.1_spacer_77	virome_phage_912	82.759	29	5	0	4	32	19663	19635	0.028	31.7
Bombella_GCA_026385485.1_spacer_77	total_phage_453	91.304	23	2	0	10	32	11033	11055	0.028	31.7
Bombella_GCA_026385485.1_spacer_77	virome_phage_738	86.957	23	3	0	10	32	38905	38883	0.25	28.5
Bombella_GCA_026385485.1_spacer_77	virome_phage_2304	84.000	25	4	0	4	28	38812	38788	0.25	28.5
Bombella_GCA_026385485.1_spacer_77	virome_phage_2254	94.737	19	1	0	13	31	69503	69521	0.25	28.5
Bombella_GCA_026385485.1_spacer_77	virome_phage_2238	94.737	19	1	0	13	31	51017	51035	0.25	28.5
Bombella_GCA_026385485.1_spacer_77	virome_phage_10	81.481	27	5	0	6	32	37877	37903	0.25	28.5
Bombella_GCA_026385485.1_spacer_77	total_phage_500	94.737	19	1	0	13	31	56940	56922	0.25	28.5
Bombella_GCA_026385485.1_spacer_77	virome_phage_778	86.364	22	3	0	7	28	32349	32328	0.76	26.9
Bombella_GCA_026385485.1_spacer_77	total_phage_299	86.364	22	3	0	1	22	24651	24672	0.76	26.9
Bombella_GCA_026385485.1_spacer_78	virome_phage_778	100.000	18	0	0	1	18	6577	6560	0.084	30.1
Bombella_GCA_026385485.1_spacer_78	virome_phage_2327	100.000	18	0	0	1	18	4940	4957	0.084	30.1
Bombella_GCA_026385485.1_spacer_78	virome_phage_963	81.481	27	5	0	4	30	2665	2691	0.25	28.5
Bombella_GCA_026385485.1_spacer_78	virome_phage_850	100.000	16	0	0	3	18	29783	29768	0.76	26.9
Bombella_GCA_026385485.1_spacer_78	virome_phage_817	86.364	22	3	0	2	23	17595	17616	0.76	26.9
Bombella_GCA_026385485.1_spacer_78	virome_phage_787	90.000	20	2	0	7	26	12544	12525	0.76	26.9
Bombella_GCA_026385485.1_spacer_78	virome_phage_2357	94.444	18	1	0	3	20	18995	19012	0.76	26.9
Bombella_GCA_026385485.1_spacer_78	virome_phage_2329	90.000	20	2	0	4	23	21338	21319	0.76	26.9
Bombella_GCA_026385485.1_spacer_78	virome_phage_2314	80.769	26	5	0	3	28	20172	20147	0.76	26.9
Bombella_GCA_026385485.1_spacer_78	virome_phage_2254	94.444	18	1	0	1	18	94563	94580	0.76	26.9
Bombella_GCA_026385485.1_spacer_78	virome_phage_2238	94.444	18	1	0	1	18	76087	76104	0.76	26.9
Bombella_GCA_026385485.1_spacer_78	total_phage_791	86.364	22	3	0	2	23	1601	1622	0.76	26.9
Bombella_GCA_026385485.1_spacer_78	total_phage_500	94.444	18	1	0	1	18	31870	31853	0.76	26.9
Bombella_GCA_026385485.1_spacer_78	total_phage_361	86.364	22	3	0	2	23	38083	38062	0.76	26.9
Bombella_GCA_026385485.1_spacer_78	total_phage_304	94.444	18	1	0	3	20	17767	17784	0.76	26.9
Bombella_GCA_026385485.1_spacer_78	total_phage_232	94.444	18	1	0	6	23	73125	73108	0.76	26.9
Bombella_GCA_026385485.1_spacer_78	total_phage_231	90.000	20	2	0	3	22	109463	109444	0.76	26.9
Bombella_GCA_026385485.1_spacer_78	total_phage_102	90.000	20	2	0	9	28	32129	32148	0.76	26.9
Bombella_GCA_026385485.1_spacer_79	total_phage_696	91.304	23	2	0	3	25	16390	16412	0.028	31.7
Bombella_GCA_026385485.1_spacer_79	total_phage_655	91.304	23	2	0	3	25	28825	28847	0.028	31.7
Bombella_GCA_026385485.1_spacer_79	total_phage_600	91.304	23	2	0	3	25	21155	21177	0.028	31.7
Bombella_GCA_026385485.1_spacer_79	total_phage_520	91.304	23	2	0	3	25	4279	4257	0.028	31.7
Bombella_GCA_026385485.1_spacer_79	virome_phage_925	90.909	22	2	0	8	29	1564	1543	0.084	30.1
Bombella_GCA_026385485.1_spacer_79	virome_phage_828	82.143	28	5	0	1	28	32018	31991	0.084	30.1
Bombella_GCA_026385485.1_spacer_79	virome_phage_850	84.000	25	4	0	8	32	25614	25590	0.25	28.5
Bombella_GCA_026385485.1_spacer_79	virome_phage_826	77.419	31	7	0	1	31	24316	24346	0.25	28.5
Bombella_GCA_026385485.1_spacer_79	virome_phage_739	90.476	21	2	0	12	32	100328	100308	0.25	28.5
Bombella_GCA_026385485.1_spacer_79	virome_phage_739	83.333	24	4	0	9	32	4948	4925	0.76	26.9
Bombella_GCA_026385485.1_spacer_79	virome_phage_734	84.000	25	4	0	1	25	270311	270287	0.25	28.5
Bombella_GCA_026385485.1_spacer_79	virome_phage_734	78.571	28	6	0	3	30	124866	124839	0.76	26.9
Bombella_GCA_026385485.1_spacer_79	virome_phage_2275	84.000	25	4	0	1	25	27724	27748	0.25	28.5
Bombella_GCA_026385485.1_spacer_79	virome_phage_865	83.333	24	4	0	9	32	2058	2035	0.76	26.9
Bombella_GCA_026385485.1_spacer_79	virome_phage_839	78.571	28	6	0	1	28	11062	11089	0.76	26.9
Bombella_GCA_026385485.1_spacer_79	virome_phage_750	90.000	20	2	0	9	28	52177	52196	0.76	26.9
Bombella_GCA_026385485.1_spacer_79	virome_phage_750	86.364	22	3	0	8	29	63554	63533	0.76	26.9
Bombella_GCA_026385485.1_spacer_79	virome_phage_738	83.333	24	4	0	9	32	126953	126976	0.76	26.9
Bombella_GCA_026385485.1_spacer_79	virome_phage_33	83.333	24	4	0	1	24	30452	30429	0.76	26.9
Bombella_GCA_026385485.1_spacer_79	virome_phage_2330	100.000	16	0	0	16	31	5259	5274	0.76	26.9
Bombella_GCA_026385485.1_spacer_79	virome_phage_2314	78.571	28	6	0	3	30	23251	23224	0.76	26.9
Bombella_GCA_026385485.1_spacer_79	virome_phage_2297	86.364	22	3	0	9	30	22048	22027	0.76	26.9
Bombella_GCA_026385485.1_spacer_79	virome_phage_1	75.000	32	8	0	1	32	123721	123752	0.76	26.9
Bombella_GCA_026385485.1_spacer_79	total_phage_9	76.667	30	7	0	3	32	8169	8198	0.76	26.9
Bombella_GCA_026385485.1_spacer_79	total_phage_787	80.769	26	5	0	4	29	17339	17314	0.76	26.9
Bombella_GCA_026385485.1_spacer_79	total_phage_729	86.364	22	3	0	9	30	103235	103256	0.76	26.9
Bombella_GCA_026385485.1_spacer_79	total_phage_729	78.571	28	6	0	2	29	156358	156331	0.76	26.9
Bombella_GCA_026385485.1_spacer_79	total_phage_4	86.364	22	3	0	2	23	12295	12274	0.76	26.9
Bombella_GCA_026385485.1_spacer_79	total_phage_357	80.769	26	5	0	4	29	6493	6518	0.76	26.9
Bombella_GCA_026385485.1_spacer_79	total_phage_2	80.769	26	5	0	3	28	35924	35949	0.76	26.9
Bombella_GCA_026385485.1_spacer_79	total_phage_117	83.333	24	4	0	8	31	25806	25783	0.76	26.9
Bombella_GCA_026385485.1_spacer_79	total_phage_102	76.667	30	7	0	3	32	40053	40024	0.76	26.9
Bombella_GCA_026385485.1_spacer_80	virome_phage_83	86.957	23	3	0	8	30	5187	5209	0.25	28.5
Bombella_GCA_026385485.1_spacer_80	virome_phage_31	83.333	24	4	0	5	28	21846	21823	0.76	26.9
Bombella_GCA_026385485.1_spacer_80	total_phage_418	90.000	20	2	0	13	32	3938	3919	0.76	26.9
Bombella_GCA_026385485.1_spacer_81	virome_phage_2272	86.957	23	3	0	6	28	72427	72405	0.25	28.5
Bombella_GCA_026385485.1_spacer_81	virome_phage_2424	86.364	22	3	0	5	26	8544	8565	0.76	26.9
Bombella_GCA_026385485.1_spacer_81	virome_phage_239	86.364	22	3	0	5	26	6656	6677	0.76	26.9
Bombella_GCA_026385485.1_spacer_81	total_phage_413	90.000	20	2	0	7	26	126677	126658	0.76	26.9
Bombella_GCA_026385485.1_spacer_82	virome_phage_16	90.476	21	2	0	2	22	80575	80555	0.25	28.5
Bombella_GCA_026385485.1_spacer_82	virome_phage_845	94.444	18	1	0	13	30	29383	29400	0.76	26.9
Bombella_GCA_026385485.1_spacer_83	virome_phage_753	80.769	26	5	0	2	27	45980	46005	0.76	26.9
