Bombella_GCF_948193425.1_spacer_0	virome_phage_10	94.444	18	1	0	14	31	104306	104289	0.76	26.9
Bombella_GCF_948193425.1_spacer_0	total_phage_730	94.444	18	1	0	14	31	81962	81979	0.76	26.9
Bombella_GCF_948193425.1_spacer_1	virome_phage_63	78.571	28	6	0	1	28	9284	9311	0.76	26.9
Bombella_GCF_948193425.1_spacer_2	virome_phage_2353	78.571	28	6	0	3	30	21397	21424	0.76	26.9
Bombella_GCF_948193425.1_spacer_2	virome_phage_2329	90.000	20	2	0	8	27	30210	30191	0.76	26.9
Bombella_GCF_948193425.1_spacer_3	virome_phage_863	81.481	27	5	0	2	28	12417	12391	0.25	28.5
Bombella_GCF_948193425.1_spacer_3	virome_phage_833	81.481	27	5	0	5	31	9744	9718	0.25	28.5
Bombella_GCF_948193425.1_spacer_3	virome_phage_2324	77.419	31	7	0	2	32	1382	1352	0.25	28.5
Bombella_GCF_948193425.1_spacer_3	virome_phage_955	80.769	26	5	0	2	27	13125	13100	0.76	26.9
Bombella_GCF_948193425.1_spacer_3	virome_phage_76	86.364	22	3	0	11	32	21395	21416	0.76	26.9
Bombella_GCF_948193425.1_spacer_3	virome_phage_73	80.769	26	5	0	5	30	28590	28615	0.76	26.9
Bombella_GCF_948193425.1_spacer_4	virome_phage_747	84.000	25	4	0	1	25	70470	70446	0.25	28.5
Bombella_GCF_948193425.1_spacer_4	virome_phage_747	90.000	20	2	0	8	27	42300	42319	0.76	26.9
Bombella_GCF_948193425.1_spacer_4	virome_phage_18	84.000	25	4	0	1	25	39165	39141	0.25	28.5
Bombella_GCF_948193425.1_spacer_6	virome_phage_762	86.957	23	3	0	8	30	19930	19952	0.25	28.5
Bombella_GCF_948193425.1_spacer_6	virome_phage_67	94.444	18	1	0	5	22	18899	18916	0.76	26.9
Bombella_GCF_948193425.1_spacer_6	virome_phage_67	86.364	22	3	0	9	30	26354	26333	0.76	26.9
Bombella_GCF_948193425.1_spacer_6	virome_phage_31	80.769	26	5	0	7	32	33012	33037	0.76	26.9
Bombella_GCF_948193425.1_spacer_6	virome_phage_2285	94.444	18	1	0	15	32	34317	34300	0.76	26.9
Bombella_GCF_948193425.1_spacer_7	virome_phage_740	84.000	25	4	0	7	31	16052	16076	0.25	28.5
Bombella_GCF_948193425.1_spacer_7	virome_phage_2327	80.769	26	5	0	1	26	4730	4705	0.76	26.9
Bombella_GCF_948193425.1_spacer_8	virome_phage_768	86.364	22	3	0	11	32	18502	18481	0.76	26.9
Bombella_GCF_948193425.1_spacer_8	virome_phage_2285	94.444	18	1	0	12	29	11169	11152	0.76	26.9
Bombella_GCF_948193425.1_spacer_8	virome_phage_2235	90.000	20	2	0	3	22	18199	18218	0.76	26.9
Bombella_GCF_948193425.1_spacer_8	total_phage_299	86.364	22	3	0	4	25	8292	8271	0.76	26.9
Bombella_GCF_948193425.1_spacer_9	virome_phage_822	86.364	22	3	0	1	22	3668	3647	0.76	26.9
Bombella_GCF_948193425.1_spacer_9	virome_phage_2320	86.364	22	3	0	1	22	3112	3091	0.76	26.9
Bombella_GCF_948193425.1_spacer_9	virome_phage_120	90.000	20	2	0	13	32	7987	7968	0.76	26.9
Bombella_GCF_948193425.1_spacer_10	virome_phage_2372	94.737	19	1	0	1	19	9645	9627	0.25	28.5
Bombella_GCF_948193425.1_spacer_10	virome_phage_2347	94.737	19	1	0	1	19	17715	17733	0.25	28.5
Bombella_GCF_948193425.1_spacer_10	virome_phage_107	94.737	19	1	0	1	19	25187	25205	0.25	28.5
Bombella_GCF_948193425.1_spacer_10	virome_phage_31	80.769	26	5	0	3	28	17224	17199	0.76	26.9
Bombella_GCF_948193425.1_spacer_10	virome_phage_2278	83.333	24	4	0	1	24	25269	25246	0.76	26.9
Bombella_GCF_948193425.1_spacer_10	virome_phage_19	90.000	20	2	0	5	24	13598	13617	0.76	26.9
Bombella_GCF_948193425.1_spacer_10	total_phage_240	78.571	28	6	0	1	28	16297	16324	0.76	26.9
Bombella_GCF_948193425.1_spacer_11	virome_phage_61	86.364	22	3	0	11	32	19183	19204	0.76	26.9
Bombella_GCF_948193425.1_spacer_11	total_phage_369	80.769	26	5	0	1	26	6549	6574	0.76	26.9
Bombella_GCF_948193425.1_spacer_13	total_phage_413	90.000	20	2	0	11	30	87108	87089	0.76	26.9
Bombella_GCF_948193425.1_spacer_14	virome_phage_2	82.759	29	5	0	4	32	40111	40083	0.028	31.7
Bombella_GCF_948193425.1_spacer_14	virome_phage_804	79.310	29	6	0	1	29	4147	4175	0.25	28.5
Bombella_GCF_948193425.1_spacer_14	virome_phage_750	90.000	20	2	0	6	25	21684	21703	0.76	26.9
Bombella_GCF_948193425.1_spacer_14	total_phage_445	90.000	20	2	0	7	26	22174	22155	0.76	26.9
Bombella_GCF_948193425.1_spacer_15	virome_phage_5	88.000	25	3	0	3	27	31702	31726	0.028	31.7
Bombella_GCF_948193425.1_spacer_15	virome_phage_5	80.769	26	5	0	7	32	124457	124482	0.76	26.9
Bombella_GCF_948193425.1_spacer_15	virome_phage_878	86.957	23	3	0	3	25	11661	11639	0.25	28.5
Bombella_GCF_948193425.1_spacer_15	virome_phage_25	86.957	23	3	0	8	30	26332	26354	0.25	28.5
Bombella_GCF_948193425.1_spacer_15	virome_phage_92	86.364	22	3	0	2	23	8990	8969	0.76	26.9
Bombella_GCF_948193425.1_spacer_15	virome_phage_914	94.444	18	1	0	1	18	4211	4194	0.76	26.9
Bombella_GCF_948193425.1_spacer_15	virome_phage_790	80.769	26	5	0	6	31	24087	24112	0.76	26.9
Bombella_GCF_948193425.1_spacer_15	virome_phage_4	90.000	20	2	0	2	21	20809	20828	0.76	26.9
Bombella_GCF_948193425.1_spacer_15	virome_phage_2327	90.000	20	2	0	5	24	23488	23507	0.76	26.9
Bombella_GCF_948193425.1_spacer_15	virome_phage_2294	86.364	22	3	0	2	23	16317	16338	0.76	26.9
Bombella_GCF_948193425.1_spacer_15	virome_phage_2286	94.444	18	1	0	7	24	17273	17256	0.76	26.9
Bombella_GCF_948193425.1_spacer_16	virome_phage_87	86.957	23	3	0	9	31	34594	34616	0.25	28.5
Bombella_GCF_948193425.1_spacer_16	virome_phage_770	90.476	21	2	0	9	29	40199	40179	0.25	28.5
Bombella_GCF_948193425.1_spacer_16	virome_phage_94	78.571	28	6	0	4	31	17665	17638	0.76	26.9
Bombella_GCF_948193425.1_spacer_16	virome_phage_845	86.364	22	3	0	9	30	29367	29388	0.76	26.9
Bombella_GCF_948193425.1_spacer_16	virome_phage_819	76.667	30	7	0	1	30	30650	30621	0.76	26.9
Bombella_GCF_948193425.1_spacer_16	virome_phage_806	78.571	28	6	0	5	32	14038	14011	0.76	26.9
Bombella_GCF_948193425.1_spacer_16	virome_phage_2255	100.000	16	0	0	7	22	9520	9535	0.76	26.9
Bombella_GCF_948193425.1_spacer_16	virome_phage_152	94.444	18	1	0	11	28	5961	5944	0.76	26.9
Bombella_GCF_948193425.1_spacer_17	virome_phage_797	86.364	22	3	0	11	32	11416	11437	0.76	26.9
Bombella_GCF_948193425.1_spacer_17	virome_phage_751	94.444	18	1	0	8	25	63961	63944	0.76	26.9
Bombella_GCF_948193425.1_spacer_18	virome_phage_79	86.957	23	3	0	7	29	6638	6616	0.25	28.5
Bombella_GCF_948193425.1_spacer_18	total_phage_294	86.957	23	3	0	7	29	18656	18634	0.25	28.5
Bombella_GCF_948193425.1_spacer_18	virome_phage_780	90.000	20	2	0	12	31	35801	35782	0.76	26.9
Bombella_GCF_948193425.1_spacer_18	virome_phage_55	90.000	20	2	0	12	31	32664	32645	0.76	26.9
Bombella_GCF_948193425.1_spacer_18	virome_phage_2	83.333	24	4	0	5	28	52799	52822	0.76	26.9
Bombella_GCF_948193425.1_spacer_18	total_phage_98	94.444	18	1	0	2	19	32272	32255	0.76	26.9
Bombella_GCF_948193425.1_spacer_19	total_phage_803	86.957	23	3	0	6	28	14488	14510	0.25	28.5
Bombella_GCF_948193425.1_spacer_20	virome_phage_811	90.000	20	2	0	1	20	39070	39089	0.76	26.9
Bombella_GCF_948193425.1_spacer_20	virome_phage_740	94.444	18	1	0	9	26	100142	100125	0.76	26.9
Bombella_GCF_948193425.1_spacer_20	virome_phage_2357	83.333	24	4	0	4	27	5829	5852	0.76	26.9
Bombella_GCF_948193425.1_spacer_20	virome_phage_21	94.444	18	1	0	9	26	50183	50200	0.76	26.9
Bombella_GCF_948193425.1_spacer_21	virome_phage_825	83.333	24	4	0	7	30	8104	8081	0.76	26.9
Bombella_GCF_948193425.1_spacer_22	virome_phage_2320	90.000	20	2	0	12	31	1506	1525	0.76	26.9
Bombella_GCF_948193425.1_spacer_22	total_phage_731	83.333	24	4	0	7	30	9958	9981	0.76	26.9
Bombella_GCF_948193425.1_spacer_23	virome_phage_43	87.500	24	3	0	5	28	13358	13335	0.084	30.1
Bombella_GCF_948193425.1_spacer_23	virome_phage_31	94.737	19	1	0	4	22	45563	45581	0.25	28.5
Bombella_GCF_948193425.1_spacer_23	virome_phage_2291	94.444	18	1	0	10	27	2030	2013	0.76	26.9
Bombella_GCF_948193425.1_spacer_24	virome_phage_7	86.957	23	3	0	5	27	25467	25445	0.25	28.5
Bombella_GCF_948193425.1_spacer_24	virome_phage_882	76.667	30	7	0	2	31	2828	2799	0.76	26.9
Bombella_GCF_948193425.1_spacer_24	virome_phage_850	80.769	26	5	0	6	31	31039	31014	0.76	26.9
Bombella_GCF_948193425.1_spacer_24	virome_phage_808	94.444	18	1	0	1	18	1954	1971	0.76	26.9
Bombella_GCF_948193425.1_spacer_24	virome_phage_8	76.667	30	7	0	3	32	16672	16643	0.76	26.9
Bombella_GCF_948193425.1_spacer_24	virome_phage_272	80.769	26	5	0	4	29	10666	10641	0.76	26.9
Bombella_GCF_948193425.1_spacer_24	virome_phage_2315	83.333	24	4	0	7	30	22487	22464	0.76	26.9
Bombella_GCF_948193425.1_spacer_24	total_phage_794	83.333	24	4	0	6	29	18955	18978	0.76	26.9
Bombella_GCF_948193425.1_spacer_24	total_phage_416	80.769	26	5	0	6	31	4617	4592	0.76	26.9
Bombella_GCF_948193425.1_spacer_24	total_phage_297	94.444	18	1	0	11	28	25006	25023	0.76	26.9
Bombella_GCF_948193425.1_spacer_24	total_phage_188	90.000	20	2	0	1	20	4403	4384	0.76	26.9
Bombella_GCF_948193425.1_spacer_25	virome_phage_848	86.364	22	3	0	11	32	20319	20298	0.76	26.9
Bombella_GCF_948193425.1_spacer_26	virome_phage_902	94.444	18	1	0	12	29	20656	20639	0.76	26.9
Bombella_GCF_948193425.1_spacer_26	virome_phage_60	86.364	22	3	0	1	22	13161	13140	0.76	26.9
Bombella_GCF_948193425.1_spacer_27	virome_phage_107	90.000	20	2	0	9	28	16036	16017	0.76	26.9
Bombella_GCF_948193425.1_spacer_27	total_phage_927	80.769	26	5	0	5	30	34836	34861	0.76	26.9
Bombella_GCF_948193425.1_spacer_27	total_phage_820	86.364	22	3	0	8	29	11061	11040	0.76	26.9
Bombella_GCF_948193425.1_spacer_28	virome_phage_2285	88.462	26	3	0	3	28	34980	35005	0.009	33.3
Bombella_GCF_948193425.1_spacer_28	virome_phage_2285	94.444	18	1	0	4	21	1810	1827	0.76	26.9
Bombella_GCF_948193425.1_spacer_28	virome_phage_48	80.645	31	6	0	1	31	10509	10479	0.028	31.7
Bombella_GCF_948193425.1_spacer_28	virome_phage_2313	84.615	26	4	0	2	27	24629	24604	0.084	30.1
Bombella_GCF_948193425.1_spacer_28	virome_phage_808	94.444	18	1	0	4	21	24640	24623	0.76	26.9
Bombella_GCF_948193425.1_spacer_28	virome_phage_806	80.769	26	5	0	5	30	36555	36530	0.76	26.9
Bombella_GCF_948193425.1_spacer_28	virome_phage_768	86.364	22	3	0	5	26	48229	48250	0.76	26.9
Bombella_GCF_948193425.1_spacer_28	total_phage_927	80.769	26	5	0	6	31	217089	217064	0.76	26.9
Bombella_GCF_948193425.1_spacer_28	total_phage_231	94.444	18	1	0	12	29	91333	91316	0.76	26.9
Bombella_GCF_948193425.1_spacer_28	total_phage_104	83.333	24	4	0	5	28	29262	29239	0.76	26.9
Bombella_GCF_948193425.1_spacer_29	virome_phage_760	86.957	23	3	0	5	27	48075	48053	0.25	28.5
Bombella_GCF_948193425.1_spacer_30	total_phage_694	84.615	26	4	0	2	27	13484	13459	0.084	30.1
Bombella_GCF_948193425.1_spacer_30	virome_phage_736	90.476	21	2	0	6	26	141919	141899	0.25	28.5
Bombella_GCF_948193425.1_spacer_30	virome_phage_915	76.667	30	7	0	3	32	20152	20123	0.76	26.9
Bombella_GCF_948193425.1_spacer_30	virome_phage_765	86.364	22	3	0	1	22	20274	20253	0.76	26.9
Bombella_GCF_948193425.1_spacer_30	virome_phage_76	86.364	22	3	0	11	32	36125	36104	0.76	26.9
Bombella_GCF_948193425.1_spacer_30	virome_phage_68	86.364	22	3	0	11	32	23834	23813	0.76	26.9
Bombella_GCF_948193425.1_spacer_31	virome_phage_1446	84.000	25	4	0	7	31	6925	6901	0.25	28.5
Bombella_GCF_948193425.1_spacer_31	virome_phage_50	83.333	24	4	0	9	32	39845	39868	0.76	26.9
Bombella_GCF_948193425.1_spacer_31	total_phage_247	86.364	22	3	0	1	22	3121	3100	0.76	26.9
Bombella_GCF_948193425.1_spacer_32	virome_phage_795	81.818	33	6	0	6	38	2034	2002	0.006	34.9
Bombella_GCF_948193425.1_spacer_32	virome_phage_795	81.818	33	6	0	6	38	2040	2008	0.006	34.9
Bombella_GCF_948193425.1_spacer_32	virome_phage_795	81.818	33	6	0	6	38	2046	2014	0.006	34.9
Bombella_GCF_948193425.1_spacer_32	virome_phage_795	81.818	33	6	0	6	38	2052	2020	0.006	34.9
Bombella_GCF_948193425.1_spacer_32	virome_phage_795	81.818	33	6	0	6	38	2058	2026	0.006	34.9
Bombella_GCF_948193425.1_spacer_32	virome_phage_795	81.818	33	6	0	6	38	2064	2032	0.006	34.9
Bombella_GCF_948193425.1_spacer_32	virome_phage_795	81.818	33	6	0	6	38	2070	2038	0.006	34.9
Bombella_GCF_948193425.1_spacer_32	virome_phage_795	81.818	33	6	0	6	38	2076	2044	0.006	34.9
Bombella_GCF_948193425.1_spacer_32	virome_phage_795	81.818	33	6	0	6	38	2082	2050	0.006	34.9
Bombella_GCF_948193425.1_spacer_32	virome_phage_795	81.818	33	6	0	6	38	2088	2056	0.006	34.9
Bombella_GCF_948193425.1_spacer_32	virome_phage_795	81.818	33	6	0	6	38	2094	2062	0.006	34.9
Bombella_GCF_948193425.1_spacer_32	virome_phage_795	81.818	33	6	0	6	38	2100	2068	0.006	34.9
Bombella_GCF_948193425.1_spacer_32	virome_phage_795	81.818	33	6	0	6	38	2106	2074	0.006	34.9
Bombella_GCF_948193425.1_spacer_32	virome_phage_795	81.818	33	6	0	6	38	2112	2080	0.006	34.9
Bombella_GCF_948193425.1_spacer_32	virome_phage_795	85.714	28	4	0	6	33	2028	2001	0.019	33.3
Bombella_GCF_948193425.1_spacer_32	virome_phage_795	79.310	29	6	0	10	38	2114	2086	0.50	28.5
Bombella_GCF_948193425.1_spacer_32	virome_phage_71	80.000	35	7	0	4	38	18104	18138	0.006	34.9
Bombella_GCF_948193425.1_spacer_32	virome_phage_9	85.714	28	4	0	4	31	90750	90723	0.019	33.3
Bombella_GCF_948193425.1_spacer_32	virome_phage_789	81.250	32	6	0	7	38	26032	26063	0.019	33.3
Bombella_GCF_948193425.1_spacer_32	virome_phage_789	77.143	35	8	0	1	35	26044	26078	0.056	31.7
Bombella_GCF_948193425.1_spacer_32	virome_phage_789	75.000	36	9	0	1	36	26056	26091	0.17	30.1
Bombella_GCF_948193425.1_spacer_32	virome_phage_177	91.304	23	2	0	13	35	12795	12773	0.056	31.7
Bombella_GCF_948193425.1_spacer_32	virome_phage_864	82.143	28	5	0	1	28	25475	25448	0.17	30.1
Bombella_GCF_948193425.1_spacer_32	virome_phage_735	73.684	38	10	0	1	38	22562	22599	0.17	30.1
Bombella_GCF_948193425.1_spacer_32	virome_phage_2293	87.500	24	3	0	13	36	34945	34922	0.17	30.1
Bombella_GCF_948193425.1_spacer_32	virome_phage_1142	87.500	24	3	0	14	37	10216	10239	0.17	30.1
Bombella_GCF_948193425.1_spacer_32	virome_phage_770	81.481	27	5	0	2	28	36920	36894	0.50	28.5
Bombella_GCF_948193425.1_spacer_32	virome_phage_741	86.957	23	3	0	12	34	68326	68348	0.50	28.5
Bombella_GCF_948193425.1_spacer_32	virome_phage_16	77.419	31	7	0	8	38	27139	27169	0.50	28.5
Bombella_GCF_948193425.1_spacer_33	virome_phage_797	86.364	22	3	0	1	22	40189	40210	0.76	26.9
Bombella_GCF_948193425.1_spacer_33	virome_phage_2319	90.000	20	2	0	3	22	10675	10656	0.76	26.9
Bombella_GCF_948193425.1_spacer_33	total_phage_790	86.364	22	3	0	1	22	50368	50347	0.76	26.9
Bombella_GCF_948193425.1_spacer_34	virome_phage_741	83.333	24	4	0	8	31	54077	54054	0.76	26.9
Bombella_GCF_948193425.1_spacer_34	virome_phage_2312	80.769	26	5	0	1	26	30132	30107	0.76	26.9
Bombella_GCF_948193425.1_spacer_34	virome_phage_2	86.364	22	3	0	11	32	84569	84590	0.76	26.9
Bombella_GCF_948193425.1_spacer_34	total_phage_788	86.364	22	3	0	5	26	11106	11085	0.76	26.9
Bombella_GCF_948193425.1_spacer_34	total_phage_179	86.364	22	3	0	5	26	31674	31695	0.76	26.9
Bombella_GCF_948193425.1_spacer_35	total_phage_820	81.481	27	5	0	2	28	622	596	0.25	28.5
Bombella_GCF_948193425.1_spacer_35	virome_phage_39	83.333	24	4	0	1	24	30178	30201	0.76	26.9
Bombella_GCF_948193425.1_spacer_35	total_phage_927	80.769	26	5	0	4	29	165208	165233	0.76	26.9
Bombella_GCF_948193425.1_spacer_35	virome_phage_826	94.444	18	1	0	3	20	19823	19806	0.76	26.9
Bombella_GCF_948193425.1_spacer_35	total_phage_2	83.333	24	4	0	1	24	11934	11911	0.76	26.9
Bombella_GCF_948193425.1_spacer_36	virome_phage_2301	80.769	26	5	0	4	29	22217	22242	0.76	26.9
Bombella_GCF_948193425.1_spacer_36	virome_phage_2346	83.333	24	4	0	4	27	20472	20449	0.76	26.9
Bombella_GCF_948193425.1_spacer_36	total_phage_363	86.364	22	3	0	4	25	17595	17574	0.76	26.9
Bombella_GCF_948193425.1_spacer_37	virome_phage_2310	81.481	27	5	0	2	28	8373	8347	0.25	28.5
Bombella_GCF_948193425.1_spacer_38	virome_phage_2291	94.444	18	1	0	5	22	2281	2298	0.76	26.9
Bombella_GCF_948193425.1_spacer_38	total_phage_99	78.571	28	6	0	2	29	12427	12400	0.76	26.9
Bombella_GCF_948193425.1_spacer_39	virome_phage_862	83.333	24	4	0	8	31	14686	14709	0.76	26.9
Bombella_GCF_948193425.1_spacer_39	virome_phage_41	80.769	26	5	0	7	32	10512	10487	0.76	26.9
Bombella_GCF_948193425.1_spacer_42	virome_phage_2320	85.714	28	4	0	4	31	1498	1525	0.009	33.3
Bombella_GCF_948193425.1_spacer_42	virome_phage_2323	80.769	26	5	0	3	28	35145	35170	0.76	26.9
Bombella_GCF_948193425.1_spacer_43	total_phage_803	81.481	27	5	0	1	27	1010	1036	0.25	28.5
Bombella_GCF_948193425.1_spacer_43	virome_phage_826	94.444	18	1	0	4	21	14923	14940	0.76	26.9
Bombella_GCF_948193425.1_spacer_43	virome_phage_2270	83.333	24	4	0	3	26	89471	89494	0.76	26.9
Bombella_GCF_948193425.1_spacer_43	total_phage_98	86.364	22	3	0	7	28	4190	4169	0.76	26.9
Bombella_GCF_948193425.1_spacer_43	total_phage_930	86.364	22	3	0	7	28	24017	24038	0.76	26.9
Bombella_GCF_948193425.1_spacer_44	virome_phage_829	86.957	23	3	0	3	25	8746	8768	0.25	28.5
Bombella_GCF_948193425.1_spacer_44	virome_phage_2345	86.957	23	3	0	3	25	8039	8017	0.25	28.5
Bombella_GCF_948193425.1_spacer_44	total_phage_803	94.444	18	1	0	11	28	17911	17928	0.76	26.9
Bombella_GCF_948193425.1_spacer_45	virome_phage_2270	81.481	27	5	0	2	28	173344	173370	0.25	28.5
Bombella_GCF_948193425.1_spacer_45	virome_phage_797	86.364	22	3	0	5	26	19914	19935	0.76	26.9
Bombella_GCF_948193425.1_spacer_45	virome_phage_748	86.364	22	3	0	2	23	34561	34540	0.76	26.9
Bombella_GCF_948193425.1_spacer_45	virome_phage_744	78.571	28	6	0	5	32	5853	5880	0.76	26.9
Bombella_GCF_948193425.1_spacer_45	virome_phage_70	90.000	20	2	0	2	21	38523	38542	0.76	26.9
Bombella_GCF_948193425.1_spacer_45	virome_phage_36	94.444	18	1	0	4	21	24398	24415	0.76	26.9
Bombella_GCF_948193425.1_spacer_45	total_phage_788	83.333	24	4	0	7	30	15448	15425	0.76	26.9
Bombella_GCF_948193425.1_spacer_45	total_phage_368	80.769	26	5	0	2	27	42982	42957	0.76	26.9
Bombella_GCF_948193425.1_spacer_46	virome_phage_51	81.481	27	5	0	5	31	4830	4856	0.25	28.5
Bombella_GCF_948193425.1_spacer_47	virome_phage_2269	90.000	20	2	0	13	32	5667	5648	0.76	26.9
Bombella_GCF_948193425.1_spacer_48	total_phage_804	78.571	28	6	0	5	32	17466	17493	0.76	26.9
Bombella_GCF_948193425.1_spacer_50	virome_phage_740	82.143	28	5	0	1	28	108518	108545	0.084	30.1
Bombella_GCF_948193425.1_spacer_50	total_phage_245	90.476	21	2	0	11	31	13799	13819	0.25	28.5
Bombella_GCF_948193425.1_spacer_50	virome_phage_86	86.364	22	3	0	12	33	20526	20505	0.76	26.9
Bombella_GCF_948193425.1_spacer_50	virome_phage_855	83.333	24	4	0	7	30	16317	16294	0.76	26.9
Bombella_GCF_948193425.1_spacer_50	virome_phage_781	86.364	22	3	0	12	33	26231	26210	0.76	26.9
Bombella_GCF_948193425.1_spacer_50	virome_phage_758	86.364	22	3	0	9	30	44341	44362	0.76	26.9
Bombella_GCF_948193425.1_spacer_50	virome_phage_2914	90.000	20	2	0	14	33	12531	12512	0.76	26.9
Bombella_GCF_948193425.1_spacer_50	virome_phage_21	78.571	28	6	0	1	28	42449	42422	0.76	26.9
Bombella_GCF_948193425.1_spacer_50	total_phage_371	94.444	18	1	0	14	31	10349	10366	0.76	26.9
Bombella_GCF_948193425.1_spacer_50	total_phage_360	94.444	18	1	0	14	31	20813	20796	0.76	26.9
Bombella_GCF_948193425.1_spacer_51	virome_phage_2295	83.333	24	4	0	1	24	2381	2358	0.76	26.9
Bombella_GCF_948193425.1_spacer_51	virome_phage_1446	90.000	20	2	0	11	30	3457	3476	0.76	26.9
Bombella_GCF_948193425.1_spacer_51	total_phage_497	86.364	22	3	0	11	32	7750	7729	0.76	26.9
Bombella_GCF_948193425.1_spacer_51	total_phage_478	86.364	22	3	0	11	32	3075	3054	0.76	26.9
Bombella_GCF_948193425.1_spacer_52	virome_phage_84	94.444	18	1	0	9	26	22358	22341	0.76	26.9
Bombella_GCF_948193425.1_spacer_52	virome_phage_49	100.000	16	0	0	9	24	25912	25897	0.76	26.9
Bombella_GCF_948193425.1_spacer_52	total_phage_297	78.571	28	6	0	3	30	30915	30888	0.76	26.9
Bombella_GCF_948193425.1_spacer_53	virome_phage_2270	90.909	22	2	0	11	32	33744	33723	0.084	30.1
Bombella_GCF_948193425.1_spacer_53	virome_phage_856	77.419	31	7	0	2	32	32372	32342	0.25	28.5
Bombella_GCF_948193425.1_spacer_54	virome_phage_803	90.476	21	2	0	5	25	26846	26866	0.25	28.5
Bombella_GCF_948193425.1_spacer_54	virome_phage_43	81.481	27	5	0	4	30	46220	46194	0.25	28.5
Bombella_GCF_948193425.1_spacer_54	virome_phage_219	79.310	29	6	0	4	32	8502	8530	0.25	28.5
Bombella_GCF_948193425.1_spacer_54	total_phage_927	84.000	25	4	0	4	28	255904	255928	0.25	28.5
Bombella_GCF_948193425.1_spacer_54	virome_phage_2296	78.571	28	6	0	4	31	35223	35250	0.76	26.9
Bombella_GCF_948193425.1_spacer_54	virome_phage_19	83.333	24	4	0	5	28	38597	38574	0.76	26.9
Bombella_GCF_948193425.1_spacer_54	virome_phage_11	86.364	22	3	0	3	24	26868	26847	0.76	26.9
Bombella_GCF_948193425.1_spacer_54	virome_phage_1	100.000	16	0	0	5	20	186010	185995	0.76	26.9
Bombella_GCF_948193425.1_spacer_55	virome_phage_859	94.737	19	1	0	8	26	14421	14403	0.25	28.5
Bombella_GCF_948193425.1_spacer_55	total_phage_99	90.476	21	2	0	1	21	12119	12099	0.25	28.5
Bombella_GCF_948193425.1_spacer_55	total_phage_98	90.476	21	2	0	1	21	22601	22621	0.25	28.5
Bombella_GCF_948193425.1_spacer_55	total_phage_782	90.476	21	2	0	1	21	20271	20291	0.25	28.5
Bombella_GCF_948193425.1_spacer_55	virome_phage_80	86.364	22	3	0	5	26	19782	19803	0.76	26.9
Bombella_GCF_948193425.1_spacer_55	virome_phage_2330	86.364	22	3	0	2	23	16946	16967	0.76	26.9
Bombella_GCF_948193425.1_spacer_56	virome_phage_783	88.000	25	3	0	1	25	4001	3977	0.028	31.7
Bombella_GCF_948193425.1_spacer_56	virome_phage_932	90.476	21	2	0	11	31	11561	11541	0.25	28.5
Bombella_GCF_948193425.1_spacer_56	virome_phage_17	90.476	21	2	0	12	32	73937	73917	0.25	28.5
Bombella_GCF_948193425.1_spacer_56	virome_phage_2288	90.000	20	2	0	11	30	36399	36380	0.76	26.9
Bombella_GCF_948193425.1_spacer_56	virome_phage_2286	90.000	20	2	0	8	27	27309	27290	0.76	26.9
Bombella_GCF_948193425.1_spacer_56	total_phage_927	94.444	18	1	0	11	28	228931	228914	0.76	26.9
Bombella_GCF_948193425.1_spacer_57	total_phage_360	86.957	23	3	0	7	29	37544	37566	0.25	28.5
Bombella_GCF_948193425.1_spacer_57	virome_phage_787	90.000	20	2	0	13	32	30276	30295	0.76	26.9
Bombella_GCF_948193425.1_spacer_59	virome_phage_908	95.000	20	1	0	1	20	518	537	0.084	30.1
Bombella_GCF_948193425.1_spacer_60	virome_phage_94	94.737	19	1	0	12	30	16396	16414	0.25	28.5
Bombella_GCF_948193425.1_spacer_60	total_phage_926	86.364	22	3	0	1	22	19150	19171	0.76	26.9
Bombella_GCF_948193425.1_spacer_62	virome_phage_2254	90.000	20	2	0	4	23	24709	24690	0.76	26.9
Bombella_GCF_948193425.1_spacer_62	virome_phage_2238	90.000	20	2	0	4	23	6224	6205	0.76	26.9
Bombella_GCF_948193425.1_spacer_63	virome_phage_747	84.615	26	4	0	6	31	25551	25526	0.084	30.1
Bombella_GCF_948193425.1_spacer_63	virome_phage_79	81.481	27	5	0	1	27	19137	19111	0.25	28.5
Bombella_GCF_948193425.1_spacer_63	virome_phage_2288	81.481	27	5	0	1	27	13040	13066	0.25	28.5
Bombella_GCF_948193425.1_spacer_63	virome_phage_17	81.481	27	5	0	3	29	35435	35409	0.25	28.5
Bombella_GCF_948193425.1_spacer_63	virome_phage_997	94.444	18	1	0	1	18	5278	5295	0.76	26.9
Bombella_GCF_948193425.1_spacer_63	virome_phage_8	76.667	30	7	0	1	30	88503	88474	0.76	26.9
Bombella_GCF_948193425.1_spacer_63	virome_phage_7	83.333	24	4	0	2	25	100478	100455	0.76	26.9
Bombella_GCF_948193425.1_spacer_63	virome_phage_47	83.333	24	4	0	9	32	17793	17816	0.76	26.9
Bombella_GCF_948193425.1_spacer_63	virome_phage_2270	78.571	28	6	0	1	28	90163	90190	0.76	26.9
Bombella_GCF_948193425.1_spacer_63	virome_phage_10	75.000	32	8	0	1	32	87231	87262	0.76	26.9
Bombella_GCF_948193425.1_spacer_63	total_phage_730	75.000	32	8	0	1	32	99369	99338	0.76	26.9
Bombella_GCF_948193425.1_spacer_63	total_phage_243	94.444	18	1	0	2	19	12806	12789	0.76	26.9
Bombella_GCF_948193425.1_spacer_63	total_phage_125	94.444	18	1	0	2	19	15037	15054	0.76	26.9
Bombella_GCF_948193425.1_spacer_64	virome_phage_2398	87.500	24	3	0	9	32	6252	6275	0.084	30.1
Bombella_GCF_948193425.1_spacer_64	virome_phage_1117	90.000	20	2	0	5	24	12150	12169	0.76	26.9
Bombella_GCF_948193425.1_spacer_65	virome_phage_14	82.759	29	5	0	4	32	78165	78137	0.028	31.7
Bombella_GCF_948193425.1_spacer_65	virome_phage_798	100.000	18	0	0	12	29	3250	3233	0.084	30.1
Bombella_GCF_948193425.1_spacer_65	total_phage_113	100.000	18	0	0	12	29	37807	37790	0.084	30.1
Bombella_GCF_948193425.1_spacer_65	virome_phage_739	81.481	27	5	0	2	28	31440	31414	0.25	28.5
Bombella_GCF_948193425.1_spacer_65	virome_phage_183	84.000	25	4	0	1	25	9467	9491	0.25	28.5
Bombella_GCF_948193425.1_spacer_65	virome_phage_1033	84.000	25	4	0	1	25	9316	9340	0.25	28.5
Bombella_GCF_948193425.1_spacer_65	total_phage_739	86.957	23	3	0	10	32	733	755	0.25	28.5
Bombella_GCF_948193425.1_spacer_65	total_phage_636	86.957	23	3	0	2	24	37850	37828	0.25	28.5
Bombella_GCF_948193425.1_spacer_65	virome_phage_912	83.333	24	4	0	2	25	17363	17340	0.76	26.9
Bombella_GCF_948193425.1_spacer_65	virome_phage_850	80.769	26	5	0	5	30	18788	18813	0.76	26.9
Bombella_GCF_948193425.1_spacer_65	virome_phage_46	86.364	22	3	0	2	23	36958	36937	0.76	26.9
Bombella_GCF_948193425.1_spacer_65	virome_phage_3	80.769	26	5	0	5	30	35770	35745	0.76	26.9
Bombella_GCF_948193425.1_spacer_65	virome_phage_25	83.333	24	4	0	1	24	42269	42246	0.76	26.9
Bombella_GCF_948193425.1_spacer_65	virome_phage_2329	90.000	20	2	0	6	25	16816	16835	0.76	26.9
Bombella_GCF_948193425.1_spacer_65	virome_phage_2304	83.333	24	4	0	2	25	36512	36489	0.76	26.9
Bombella_GCF_948193425.1_spacer_65	virome_phage_2254	86.364	22	3	0	1	22	21956	21935	0.76	26.9
Bombella_GCF_948193425.1_spacer_65	virome_phage_142	90.000	20	2	0	6	25	18128	18147	0.76	26.9
Bombella_GCF_948193425.1_spacer_65	virome_phage_1142	80.769	26	5	0	7	32	651	676	0.76	26.9
Bombella_GCF_948193425.1_spacer_65	virome_phage_1	83.333	24	4	0	9	32	27450	27427	0.76	26.9
Bombella_GCF_948193425.1_spacer_65	total_phage_730	76.667	30	7	0	1	30	17535	17564	0.76	26.9
Bombella_GCF_948193425.1_spacer_65	total_phage_245	78.571	28	6	0	2	29	11081	11108	0.76	26.9
Bombella_GCF_948193425.1_spacer_66	virome_phage_753	82.759	29	5	0	4	32	37206	37234	0.028	31.7
Bombella_GCF_948193425.1_spacer_66	virome_phage_803	82.143	28	5	0	4	31	12901	12874	0.084	30.1
Bombella_GCF_948193425.1_spacer_66	virome_phage_78	84.000	25	4	0	2	26	4751	4727	0.25	28.5
Bombella_GCF_948193425.1_spacer_66	virome_phage_2	78.571	28	6	0	2	29	153312	153285	0.76	26.9
Bombella_GCF_948193425.1_spacer_66	total_phage_790	86.364	22	3	0	5	26	27808	27829	0.76	26.9
Bombella_GCF_948193425.1_spacer_67	virome_phage_817	81.481	27	5	0	2	28	2400	2426	0.25	28.5
Bombella_GCF_948193425.1_spacer_67	virome_phage_2275	90.000	20	2	0	13	32	24401	24382	0.76	26.9
Bombella_GCF_948193425.1_spacer_68	virome_phage_2382	84.000	25	4	0	8	32	4799	4823	0.25	28.5
Bombella_GCF_948193425.1_spacer_68	virome_phage_744	80.769	26	5	0	4	29	57586	57611	0.76	26.9
Bombella_GCF_948193425.1_spacer_68	total_phage_293	90.000	20	2	0	5	24	35894	35875	0.76	26.9
Bombella_GCF_948193425.1_spacer_69	virome_phage_2254	90.909	22	2	0	7	28	105739	105718	0.084	30.1
Bombella_GCF_948193425.1_spacer_69	virome_phage_2254	90.000	20	2	0	12	31	125901	125920	0.76	26.9
Bombella_GCF_948193425.1_spacer_69	total_phage_500	90.909	22	2	0	7	28	20699	20720	0.084	30.1
Bombella_GCF_948193425.1_spacer_69	total_phage_500	90.000	20	2	0	12	31	928	909	0.76	26.9
Bombella_GCF_948193425.1_spacer_69	total_phage_413	84.615	26	4	0	2	27	60230	60255	0.084	30.1
Bombella_GCF_948193425.1_spacer_69	total_phage_413	76.667	30	7	0	1	30	58417	58446	0.76	26.9
Bombella_GCF_948193425.1_spacer_69	virome_phage_828	81.481	27	5	0	2	28	33756	33782	0.25	28.5
Bombella_GCF_948193425.1_spacer_69	virome_phage_750	90.476	21	2	0	2	22	8493	8513	0.25	28.5
Bombella_GCF_948193425.1_spacer_69	virome_phage_743	79.310	29	6	0	4	32	60820	60848	0.25	28.5
Bombella_GCF_948193425.1_spacer_69	virome_phage_742	86.957	23	3	0	6	28	30795	30773	0.25	28.5
Bombella_GCF_948193425.1_spacer_69	virome_phage_742	100.000	17	0	0	5	21	96415	96431	0.25	28.5
Bombella_GCF_948193425.1_spacer_69	total_phage_798	81.481	27	5	0	1	27	30502	30528	0.25	28.5
Bombella_GCF_948193425.1_spacer_69	total_phage_788	90.476	21	2	0	2	22	5719	5739	0.25	28.5
Bombella_GCF_948193425.1_spacer_69	total_phage_306	86.957	23	3	0	3	25	5332	5354	0.25	28.5
Bombella_GCF_948193425.1_spacer_69	total_phage_246	81.481	27	5	0	1	27	253	227	0.25	28.5
Bombella_GCF_948193425.1_spacer_69	total_phage_105	94.737	19	1	0	13	31	6314	6332	0.25	28.5
Bombella_GCF_948193425.1_spacer_69	virome_phage_738	86.364	22	3	0	11	32	77560	77581	0.76	26.9
Bombella_GCF_948193425.1_spacer_69	virome_phage_4	86.364	22	3	0	11	32	20783	20762	0.76	26.9
Bombella_GCF_948193425.1_spacer_69	virome_phage_4	78.571	28	6	0	1	28	71480	71453	0.76	26.9
Bombella_GCF_948193425.1_spacer_69	virome_phage_2407	83.333	24	4	0	5	28	4851	4828	0.76	26.9
Bombella_GCF_948193425.1_spacer_69	virome_phage_2280	78.571	28	6	0	1	28	59848	59821	0.76	26.9
Bombella_GCF_948193425.1_spacer_69	virome_phage_14	78.571	28	6	0	1	28	66940	66967	0.76	26.9
Bombella_GCF_948193425.1_spacer_69	virome_phage_10	86.364	22	3	0	7	28	27535	27514	0.76	26.9
Bombella_GCF_948193425.1_spacer_69	total_phage_9	90.000	20	2	0	13	32	28891	28910	0.76	26.9
Bombella_GCF_948193425.1_spacer_69	total_phage_806	94.444	18	1	0	3	20	13101	13084	0.76	26.9
Bombella_GCF_948193425.1_spacer_69	total_phage_791	90.000	20	2	0	13	32	35340	35359	0.76	26.9
Bombella_GCF_948193425.1_spacer_69	total_phage_730	86.364	22	3	0	7	28	11329	11350	0.76	26.9
Bombella_GCF_948193425.1_spacer_69	total_phage_730	86.364	22	3	0	11	32	47732	47753	0.76	26.9
Bombella_GCF_948193425.1_spacer_69	total_phage_361	90.000	20	2	0	13	32	10562	10543	0.76	26.9
Bombella_GCF_948193425.1_spacer_70	virome_phage_755	83.333	24	4	0	2	25	28559	28536	0.76	26.9
Bombella_GCF_948193425.1_spacer_70	total_phage_95	86.364	22	3	0	4	25	55756	55777	0.76	26.9
Bombella_GCF_948193425.1_spacer_70	total_phage_0	100.000	16	0	0	14	29	34492	34507	0.76	26.9
Bombella_GCF_948193425.1_spacer_71	virome_phage_2270	81.481	27	5	0	2	28	173344	173370	0.25	28.5
Bombella_GCF_948193425.1_spacer_71	virome_phage_797	86.364	22	3	0	5	26	19914	19935	0.76	26.9
Bombella_GCF_948193425.1_spacer_71	virome_phage_748	86.364	22	3	0	2	23	34561	34540	0.76	26.9
Bombella_GCF_948193425.1_spacer_71	virome_phage_744	78.571	28	6	0	5	32	5853	5880	0.76	26.9
Bombella_GCF_948193425.1_spacer_71	virome_phage_70	90.000	20	2	0	2	21	38523	38542	0.76	26.9
Bombella_GCF_948193425.1_spacer_71	virome_phage_36	94.444	18	1	0	4	21	24398	24415	0.76	26.9
Bombella_GCF_948193425.1_spacer_71	total_phage_788	83.333	24	4	0	7	30	15448	15425	0.76	26.9
Bombella_GCF_948193425.1_spacer_71	total_phage_368	80.769	26	5	0	2	27	42982	42957	0.76	26.9
Bombella_GCF_948193425.1_spacer_72	virome_phage_854	94.444	18	1	0	10	27	2098	2115	0.76	26.9
Bombella_GCF_948193425.1_spacer_72	virome_phage_754	83.333	24	4	0	4	27	38826	38849	0.76	26.9
Bombella_GCF_948193425.1_spacer_72	virome_phage_28	78.571	28	6	0	1	28	34645	34618	0.76	26.9
Bombella_GCF_948193425.1_spacer_73	virome_phage_60	80.000	30	6	0	3	32	7274	7245	0.084	30.1
Bombella_GCF_948193425.1_spacer_73	virome_phage_794	90.000	20	2	0	5	24	13947	13928	0.76	26.9
Bombella_GCF_948193425.1_spacer_74	total_phage_729	90.909	22	2	0	11	32	28416	28437	0.084	30.1
Bombella_GCF_948193425.1_spacer_75	virome_phage_77	94.737	19	1	0	7	25	20107	20125	0.25	28.5
Bombella_GCF_948193425.1_spacer_75	virome_phage_2914	83.333	24	4	0	3	26	492	515	0.76	26.9
Bombella_GCF_948193425.1_spacer_75	virome_phage_2270	83.333	24	4	0	9	32	228851	228874	0.76	26.9
Bombella_GCF_948193425.1_spacer_76	total_phage_729	90.476	21	2	0	10	30	171075	171095	0.25	28.5
Bombella_GCF_948193425.1_spacer_76	total_phage_697	90.000	20	2	0	7	26	25895	25876	0.76	26.9
Bombella_GCF_948193425.1_spacer_77	virome_phage_773	94.444	18	1	0	5	22	12417	12434	0.76	26.9
Bombella_GCF_948193425.1_spacer_78	virome_phage_177	86.957	23	3	0	5	27	7931	7953	0.25	28.5
Bombella_GCF_948193425.1_spacer_78	virome_phage_786	86.364	22	3	0	2	23	18993	19014	0.76	26.9
Bombella_GCF_948193425.1_spacer_79	virome_phage_2	94.737	19	1	0	12	30	33731	33713	0.25	28.5
Bombella_GCF_948193425.1_spacer_79	virome_phage_2402	86.364	22	3	0	6	27	904	883	0.76	26.9
Bombella_GCF_948193425.1_spacer_79	virome_phage_2270	83.333	24	4	0	2	25	161510	161533	0.76	26.9
Bombella_GCF_948193425.1_spacer_80	virome_phage_846	81.481	27	5	0	3	29	16417	16443	0.25	28.5
Bombella_GCF_948193425.1_spacer_80	virome_phage_2339	81.481	27	5	0	3	29	14353	14379	0.25	28.5
Bombella_GCF_948193425.1_spacer_80	virome_phage_2315	81.481	27	5	0	3	29	14351	14377	0.25	28.5
Bombella_GCF_948193425.1_spacer_80	total_phage_100	81.481	27	5	0	3	29	5023	4997	0.25	28.5
Bombella_GCF_948193425.1_spacer_80	virome_phage_787	100.000	16	0	0	6	21	27947	27962	0.76	26.9
Bombella_GCF_948193425.1_spacer_80	virome_phage_786	86.364	22	3	0	6	27	41819	41798	0.76	26.9
Bombella_GCF_948193425.1_spacer_82	virome_phage_57	90.476	21	2	0	12	32	26055	26075	0.25	28.5
Bombella_GCF_948193425.1_spacer_82	virome_phage_2269	79.310	29	6	0	1	29	232464	232492	0.25	28.5
Bombella_GCF_948193425.1_spacer_83	virome_phage_898	90.000	20	2	0	3	22	10157	10138	0.76	26.9
Bombella_GCF_948193425.1_spacer_83	virome_phage_762	78.571	28	6	0	1	28	44189	44216	0.76	26.9
Bombella_GCF_948193425.1_spacer_83	virome_phage_735	75.000	32	8	0	1	32	166167	166136	0.76	26.9
Bombella_GCF_948193425.1_spacer_83	virome_phage_51	83.333	24	4	0	1	24	3407	3384	0.76	26.9
Bombella_GCF_948193425.1_spacer_83	virome_phage_2308	90.000	20	2	0	9	28	11189	11208	0.76	26.9
Bombella_GCF_948193425.1_spacer_83	virome_phage_17	86.364	22	3	0	8	29	44232	44211	0.76	26.9
Bombella_GCF_948193425.1_spacer_83	total_phage_497	78.571	28	6	0	3	30	29527	29500	0.76	26.9
Bombella_GCF_948193425.1_spacer_83	total_phage_478	78.571	28	6	0	3	30	24852	24825	0.76	26.9
Bombella_GCF_948193425.1_spacer_83	total_phage_299	90.000	20	2	0	9	28	16867	16848	0.76	26.9
Bombella_GCF_948193425.1_spacer_84	virome_phage_740	84.615	26	4	0	5	30	34915	34940	0.084	30.1
Bombella_GCF_948193425.1_spacer_84	virome_phage_21	84.615	26	4	0	5	30	1744	1719	0.084	30.1
