Bombella_GCF_026385475.1_spacer_0	virome_phage_41	83.333	24	4	0	1	24	41873	41896	0.76	26.9
Bombella_GCF_026385475.1_spacer_0	virome_phage_2389	100.000	16	0	0	15	30	3300	3285	0.76	26.9
Bombella_GCF_026385475.1_spacer_1	total_phage_92	90.476	21	2	0	5	25	96693	96673	0.25	28.5
Bombella_GCF_026385475.1_spacer_1	virome_phage_817	100.000	16	0	0	6	21	25550	25565	0.76	26.9
Bombella_GCF_026385475.1_spacer_1	virome_phage_734	90.000	20	2	0	7	26	27075	27056	0.76	26.9
Bombella_GCF_026385475.1_spacer_1	virome_phage_734	76.667	30	7	0	3	32	67498	67469	0.76	26.9
Bombella_GCF_026385475.1_spacer_1	virome_phage_734	94.444	18	1	0	5	22	221238	221221	0.76	26.9
Bombella_GCF_026385475.1_spacer_1	virome_phage_62	83.333	24	4	0	3	26	35887	35910	0.76	26.9
Bombella_GCF_026385475.1_spacer_1	virome_phage_2286	90.000	20	2	0	7	26	4949	4968	0.76	26.9
Bombella_GCF_026385475.1_spacer_1	virome_phage_2275	100.000	16	0	0	3	18	19704	19719	0.76	26.9
Bombella_GCF_026385475.1_spacer_1	total_phage_9	90.000	20	2	0	3	22	28019	28000	0.76	26.9
Bombella_GCF_026385475.1_spacer_1	total_phage_730	80.769	26	5	0	1	26	41776	41801	0.76	26.9
Bombella_GCF_026385475.1_spacer_1	total_phage_664	90.000	20	2	0	9	28	9825	9806	0.76	26.9
Bombella_GCF_026385475.1_spacer_1	total_phage_413	80.769	26	5	0	7	32	42147	42122	0.76	26.9
Bombella_GCF_026385475.1_spacer_1	total_phage_368	83.333	24	4	0	2	25	36258	36281	0.76	26.9
Bombella_GCF_026385475.1_spacer_1	total_phage_299	83.333	24	4	0	6	29	8488	8465	0.76	26.9
Bombella_GCF_026385475.1_spacer_1	total_phage_187	83.333	24	4	0	6	29	17955	17932	0.76	26.9
Bombella_GCF_026385475.1_spacer_2	virome_phage_2270	86.957	23	3	0	10	32	14881	14903	0.25	28.5
Bombella_GCF_026385475.1_spacer_2	virome_phage_756	80.769	26	5	0	5	30	38745	38720	0.76	26.9
Bombella_GCF_026385475.1_spacer_2	virome_phage_2275	83.333	24	4	0	2	25	54652	54675	0.76	26.9
Bombella_GCF_026385475.1_spacer_3	virome_phage_152	100.000	16	0	0	1	16	7884	7869	0.76	26.9
Bombella_GCF_026385475.1_spacer_4	total_phage_102	94.737	19	1	0	14	32	14818	14836	0.25	28.5
Bombella_GCF_026385475.1_spacer_4	virome_phage_77	76.667	30	7	0	2	31	15505	15534	0.76	26.9
Bombella_GCF_026385475.1_spacer_4	virome_phage_39	90.000	20	2	0	11	30	22342	22361	0.76	26.9
Bombella_GCF_026385475.1_spacer_4	total_phage_730	80.769	26	5	0	2	27	33533	33508	0.76	26.9
Bombella_GCF_026385475.1_spacer_4	total_phage_416	90.000	20	2	0	8	27	26899	26880	0.76	26.9
Bombella_GCF_026385475.1_spacer_4	total_phage_246	90.000	20	2	0	8	27	28669	28650	0.76	26.9
Bombella_GCF_026385475.1_spacer_4	total_phage_2	90.000	20	2	0	11	30	18300	18281	0.76	26.9
Bombella_GCF_026385475.1_spacer_4	total_phage_188	90.000	20	2	0	8	27	13646	13665	0.76	26.9
Bombella_GCF_026385475.1_spacer_5	virome_phage_738	83.333	24	4	0	3	26	141661	141684	0.76	26.9
Bombella_GCF_026385475.1_spacer_5	virome_phage_4	83.333	24	4	0	3	26	99903	99880	0.76	26.9
Bombella_GCF_026385475.1_spacer_6	total_phage_791	82.143	28	5	0	3	30	37989	38016	0.084	30.1
Bombella_GCF_026385475.1_spacer_6	total_phage_446	82.143	28	5	0	3	30	20436	20463	0.084	30.1
Bombella_GCF_026385475.1_spacer_6	total_phage_361	82.143	28	5	0	3	30	7913	7886	0.084	30.1
Bombella_GCF_026385475.1_spacer_7	virome_phage_24	84.000	25	4	0	1	25	50414	50390	0.25	28.5
Bombella_GCF_026385475.1_spacer_7	virome_phage_813	78.571	28	6	0	5	32	33721	33748	0.76	26.9
Bombella_GCF_026385475.1_spacer_7	virome_phage_2313	80.769	26	5	0	1	26	1411	1386	0.76	26.9
Bombella_GCF_026385475.1_spacer_8	virome_phage_87	87.500	24	3	0	2	25	14688	14711	0.084	30.1
Bombella_GCF_026385475.1_spacer_9	virome_phage_2235	83.333	24	4	0	8	31	28307	28330	0.76	26.9
Bombella_GCF_026385475.1_spacer_10	virome_phage_78	94.737	19	1	0	8	26	18589	18607	0.25	28.5
Bombella_GCF_026385475.1_spacer_10	virome_phage_735	100.000	17	0	0	12	28	32208	32192	0.25	28.5
Bombella_GCF_026385475.1_spacer_10	virome_phage_23	78.571	28	6	0	2	29	21472	21445	0.76	26.9
Bombella_GCF_026385475.1_spacer_10	virome_phage_2270	83.333	24	4	0	5	28	94251	94228	0.76	26.9
Bombella_GCF_026385475.1_spacer_11	virome_phage_82	83.333	24	4	0	2	25	13278	13301	0.76	26.9
Bombella_GCF_026385475.1_spacer_11	virome_phage_759	83.333	24	4	0	2	25	21541	21518	0.76	26.9
Bombella_GCF_026385475.1_spacer_11	virome_phage_2308	76.667	30	7	0	1	30	2971	3000	0.76	26.9
Bombella_GCF_026385475.1_spacer_11	virome_phage_2303	80.769	26	5	0	2	27	40112	40087	0.76	26.9
Bombella_GCF_026385475.1_spacer_11	total_phage_418	76.667	30	7	0	1	30	24220	24191	0.76	26.9
Bombella_GCF_026385475.1_spacer_11	total_phage_358	76.667	30	7	0	1	30	30260	30231	0.76	26.9
Bombella_GCF_026385475.1_spacer_11	total_phage_299	76.667	30	7	0	1	30	27925	27896	0.76	26.9
Bombella_GCF_026385475.1_spacer_11	total_phage_187	76.667	30	7	0	1	30	32832	32803	0.76	26.9
Bombella_GCF_026385475.1_spacer_11	total_phage_175	80.769	26	5	0	2	27	12929	12954	0.76	26.9
Bombella_GCF_026385475.1_spacer_12	virome_phage_756	87.500	24	3	0	6	29	52531	52554	0.084	30.1
Bombella_GCF_026385475.1_spacer_12	virome_phage_2281	100.000	16	0	0	1	16	58093	58078	0.76	26.9
Bombella_GCF_026385475.1_spacer_12	total_phage_95	80.769	26	5	0	2	27	92122	92147	0.76	26.9
Bombella_GCF_026385475.1_spacer_13	virome_phage_45	83.333	24	4	0	1	24	20619	20642	0.76	26.9
Bombella_GCF_026385475.1_spacer_13	virome_phage_2325	86.364	22	3	0	2	23	2580	2559	0.76	26.9
Bombella_GCF_026385475.1_spacer_15	virome_phage_2239	90.000	20	2	0	7	26	12397	12416	0.76	26.9
Bombella_GCF_026385475.1_spacer_15	total_phage_501	90.000	20	2	0	7	26	15248	15229	0.76	26.9
Bombella_GCF_026385475.1_spacer_16	virome_phage_2260	79.310	29	6	0	4	32	10513	10541	0.25	28.5
Bombella_GCF_026385475.1_spacer_16	virome_phage_1	90.476	21	2	0	1	21	60121	60141	0.25	28.5
Bombella_GCF_026385475.1_spacer_16	total_phage_92	94.737	19	1	0	2	20	124992	125010	0.25	28.5
Bombella_GCF_026385475.1_spacer_16	total_phage_788	86.957	23	3	0	5	27	15521	15543	0.25	28.5
Bombella_GCF_026385475.1_spacer_16	virome_phage_2359	86.364	22	3	0	3	24	3040	3061	0.76	26.9
Bombella_GCF_026385475.1_spacer_16	virome_phage_2238	86.364	22	3	0	4	25	64098	64077	0.76	26.9
Bombella_GCF_026385475.1_spacer_16	total_phage_799	86.364	22	3	0	5	26	9907	9886	0.76	26.9
Bombella_GCF_026385475.1_spacer_16	total_phage_729	100.000	16	0	0	4	19	149232	149247	0.76	26.9
Bombella_GCF_026385475.1_spacer_16	total_phage_500	86.364	22	3	0	4	25	43859	43880	0.76	26.9
Bombella_GCF_026385475.1_spacer_16	total_phage_106	94.444	18	1	0	6	23	20047	20064	0.76	26.9
Bombella_GCF_026385475.1_spacer_17	virome_phage_914	83.333	24	4	0	7	30	22807	22830	0.76	26.9
Bombella_GCF_026385475.1_spacer_17	virome_phage_795	90.000	20	2	0	2	21	11966	11947	0.76	26.9
Bombella_GCF_026385475.1_spacer_17	virome_phage_2286	83.333	24	4	0	1	24	21558	21535	0.76	26.9
Bombella_GCF_026385475.1_spacer_18	virome_phage_939	81.481	27	5	0	6	32	19985	20011	0.25	28.5
Bombella_GCF_026385475.1_spacer_18	virome_phage_73	80.769	26	5	0	6	31	20526	20501	0.76	26.9
Bombella_GCF_026385475.1_spacer_18	virome_phage_24	90.000	20	2	0	1	20	21666	21647	0.76	26.9
Bombella_GCF_026385475.1_spacer_19	virome_phage_117	90.909	22	2	0	3	24	7144	7123	0.084	30.1
Bombella_GCF_026385475.1_spacer_19	virome_phage_859	94.444	18	1	0	13	30	24416	24433	0.76	26.9
Bombella_GCF_026385475.1_spacer_19	virome_phage_741	83.333	24	4	0	2	25	70325	70302	0.76	26.9
Bombella_GCF_026385475.1_spacer_20	virome_phage_94	86.957	23	3	0	4	26	13530	13552	0.25	28.5
Bombella_GCF_026385475.1_spacer_20	virome_phage_60	86.957	23	3	0	5	27	32020	32042	0.25	28.5
Bombella_GCF_026385475.1_spacer_20	virome_phage_49	90.476	21	2	0	1	21	2088	2108	0.25	28.5
Bombella_GCF_026385475.1_spacer_20	virome_phage_831	90.000	20	2	0	3	22	35062	35081	0.76	26.9
Bombella_GCF_026385475.1_spacer_20	total_phage_927	94.444	18	1	0	2	19	58070	58087	0.76	26.9
Bombella_GCF_026385475.1_spacer_21	virome_phage_67	78.571	28	6	0	4	31	7277	7250	0.76	26.9
Bombella_GCF_026385475.1_spacer_21	virome_phage_219	80.769	26	5	0	1	26	13113	13088	0.76	26.9
Bombella_GCF_026385475.1_spacer_21	virome_phage_16	90.000	20	2	0	5	24	51817	51798	0.76	26.9
Bombella_GCF_026385475.1_spacer_23	virome_phage_57	86.364	22	3	0	6	27	43168	43147	0.76	26.9
Bombella_GCF_026385475.1_spacer_23	virome_phage_49	86.364	22	3	0	11	32	29997	30018	0.76	26.9
Bombella_GCF_026385475.1_spacer_23	virome_phage_2	76.667	30	7	0	1	30	157549	157520	0.76	26.9
Bombella_GCF_026385475.1_spacer_24	virome_phage_11	94.444	18	1	0	14	31	17980	17963	0.76	26.9
Bombella_GCF_026385475.1_spacer_24	total_phage_178	90.000	20	2	0	2	21	285	266	0.76	26.9
Bombella_GCF_026385475.1_spacer_25	virome_phage_127	84.000	25	4	0	8	32	4918	4942	0.25	28.5
Bombella_GCF_026385475.1_spacer_25	total_phage_804	84.000	25	4	0	8	32	20774	20798	0.25	28.5
Bombella_GCF_026385475.1_spacer_26	virome_phage_2278	75.000	32	8	0	1	32	61028	61059	0.76	26.9
Bombella_GCF_026385475.1_spacer_26	virome_phage_124	76.667	30	7	0	1	30	18674	18645	0.76	26.9
Bombella_GCF_026385475.1_spacer_26	total_phage_789	76.667	30	7	0	1	30	17767	17738	0.76	26.9
Bombella_GCF_026385475.1_spacer_26	total_phage_178	76.667	30	7	0	1	30	5945	5974	0.76	26.9
Bombella_GCF_026385475.1_spacer_27	virome_phage_748	85.185	27	4	0	5	31	62237	62263	0.028	31.7
Bombella_GCF_026385475.1_spacer_27	total_phage_663	80.000	30	6	0	1	30	1489	1460	0.084	30.1
Bombella_GCF_026385475.1_spacer_27	virome_phage_9	86.957	23	3	0	1	23	2591	2613	0.25	28.5
Bombella_GCF_026385475.1_spacer_27	virome_phage_9	81.481	27	5	0	6	32	59076	59102	0.25	28.5
Bombella_GCF_026385475.1_spacer_27	virome_phage_807	90.476	21	2	0	1	21	22058	22038	0.25	28.5
Bombella_GCF_026385475.1_spacer_27	virome_phage_742	84.000	25	4	0	5	29	61170	61146	0.25	28.5
Bombella_GCF_026385475.1_spacer_27	virome_phage_738	81.481	27	5	0	3	29	18438	18464	0.25	28.5
Bombella_GCF_026385475.1_spacer_27	virome_phage_5	86.957	23	3	0	10	32	97805	97783	0.25	28.5
Bombella_GCF_026385475.1_spacer_27	total_phage_730	79.310	29	6	0	2	30	32593	32621	0.25	28.5
Bombella_GCF_026385475.1_spacer_27	total_phage_653	84.000	25	4	0	2	26	507	483	0.25	28.5
Bombella_GCF_026385475.1_spacer_27	total_phage_4	84.000	25	4	0	4	28	32837	32861	0.25	28.5
Bombella_GCF_026385475.1_spacer_27	total_phage_305	90.476	21	2	0	1	21	4734	4714	0.25	28.5
Bombella_GCF_026385475.1_spacer_27	total_phage_104	84.000	25	4	0	7	31	43487	43511	0.25	28.5
Bombella_GCF_026385475.1_spacer_27	virome_phage_935	90.000	20	2	0	2	21	17997	18016	0.76	26.9
Bombella_GCF_026385475.1_spacer_27	virome_phage_875	75.000	32	8	0	1	32	128	97	0.76	26.9
Bombella_GCF_026385475.1_spacer_27	virome_phage_834	100.000	16	0	0	17	32	19786	19771	0.76	26.9
Bombella_GCF_026385475.1_spacer_27	virome_phage_824	94.444	18	1	0	2	19	35533	35516	0.76	26.9
Bombella_GCF_026385475.1_spacer_27	virome_phage_8	80.769	26	5	0	5	30	23187	23212	0.76	26.9
Bombella_GCF_026385475.1_spacer_27	virome_phage_792	83.333	24	4	0	5	28	35864	35887	0.76	26.9
Bombella_GCF_026385475.1_spacer_27	virome_phage_755	94.444	18	1	0	5	22	39873	39890	0.76	26.9
Bombella_GCF_026385475.1_spacer_27	virome_phage_743	94.444	18	1	0	12	29	65879	65896	0.76	26.9
Bombella_GCF_026385475.1_spacer_27	virome_phage_736	83.333	24	4	0	1	24	3310	3333	0.76	26.9
Bombella_GCF_026385475.1_spacer_27	virome_phage_734	75.000	32	8	0	1	32	101654	101623	0.76	26.9
Bombella_GCF_026385475.1_spacer_27	virome_phage_7	90.000	20	2	0	12	31	80051	80070	0.76	26.9
Bombella_GCF_026385475.1_spacer_27	virome_phage_2368	86.364	22	3	0	11	32	682	661	0.76	26.9
Bombella_GCF_026385475.1_spacer_27	virome_phage_2342	78.571	28	6	0	1	28	375	402	0.76	26.9
Bombella_GCF_026385475.1_spacer_27	virome_phage_2342	78.571	28	6	0	5	32	9985	10012	0.76	26.9
Bombella_GCF_026385475.1_spacer_27	virome_phage_2335	90.000	20	2	0	2	21	24415	24396	0.76	26.9
Bombella_GCF_026385475.1_spacer_27	virome_phage_2281	83.333	24	4	0	7	30	52739	52716	0.76	26.9
Bombella_GCF_026385475.1_spacer_27	virome_phage_2254	78.571	28	6	0	5	32	114720	114747	0.76	26.9
Bombella_GCF_026385475.1_spacer_27	virome_phage_201	94.444	18	1	0	6	23	13034	13017	0.76	26.9
Bombella_GCF_026385475.1_spacer_27	virome_phage_144	90.000	20	2	0	2	21	10002	10021	0.76	26.9
Bombella_GCF_026385475.1_spacer_27	virome_phage_123	83.333	24	4	0	6	29	15674	15697	0.76	26.9
Bombella_GCF_026385475.1_spacer_27	total_phage_934	80.769	26	5	0	2	27	6877	6852	0.76	26.9
Bombella_GCF_026385475.1_spacer_27	total_phage_795	83.333	24	4	0	2	25	17168	17145	0.76	26.9
Bombella_GCF_026385475.1_spacer_27	total_phage_791	83.333	24	4	0	7	30	42967	42990	0.76	26.9
Bombella_GCF_026385475.1_spacer_27	total_phage_524	76.667	30	7	0	2	31	13042	13013	0.76	26.9
Bombella_GCF_026385475.1_spacer_27	total_phage_417	78.571	28	6	0	1	28	18844	18871	0.76	26.9
Bombella_GCF_026385475.1_spacer_27	total_phage_414	78.571	28	6	0	3	30	8527	8554	0.76	26.9
Bombella_GCF_026385475.1_spacer_27	total_phage_414	76.667	30	7	0	1	30	50548	50577	0.76	26.9
Bombella_GCF_026385475.1_spacer_27	total_phage_413	76.667	30	7	0	3	32	56026	56055	0.76	26.9
Bombella_GCF_026385475.1_spacer_27	total_phage_413	94.444	18	1	0	2	19	118293	118310	0.76	26.9
