Bombella_GCF_948234755.1_spacer_0	virome_phage_893	79.310	29	6	0	2	30	1604	1576	0.25	28.5
Bombella_GCF_948234755.1_spacer_0	virome_phage_50	83.333	24	4	0	1	24	18133	18156	0.76	26.9
Bombella_GCF_948234755.1_spacer_1	virome_phage_735	84.000	25	4	0	8	32	80522	80498	0.25	28.5
Bombella_GCF_948234755.1_spacer_1	virome_phage_788	86.364	22	3	0	5	26	28875	28896	0.76	26.9
Bombella_GCF_948234755.1_spacer_2	virome_phage_832	79.310	29	6	0	2	30	35775	35803	0.25	28.5
Bombella_GCF_948234755.1_spacer_2	total_phage_116	84.000	25	4	0	3	27	8900	8876	0.25	28.5
Bombella_GCF_948234755.1_spacer_2	virome_phage_915	86.364	22	3	0	6	27	13972	13993	0.76	26.9
Bombella_GCF_948234755.1_spacer_2	virome_phage_827	94.444	18	1	0	12	29	12097	12080	0.76	26.9
Bombella_GCF_948234755.1_spacer_2	virome_phage_812	83.333	24	4	0	9	32	30230	30253	0.76	26.9
Bombella_GCF_948234755.1_spacer_2	virome_phage_799	78.571	28	6	0	5	32	19131	19158	0.76	26.9
Bombella_GCF_948234755.1_spacer_2	virome_phage_794	90.000	20	2	0	13	32	29338	29319	0.76	26.9
Bombella_GCF_948234755.1_spacer_2	virome_phage_781	90.000	20	2	0	10	29	40007	40026	0.76	26.9
Bombella_GCF_948234755.1_spacer_2	virome_phage_740	80.769	26	5	0	4	29	24775	24750	0.76	26.9
Bombella_GCF_948234755.1_spacer_2	virome_phage_73	83.333	24	4	0	4	27	27080	27103	0.76	26.9
Bombella_GCF_948234755.1_spacer_2	virome_phage_68	90.000	20	2	0	6	25	13829	13848	0.76	26.9
Bombella_GCF_948234755.1_spacer_2	virome_phage_43	75.000	32	8	0	1	32	29748	29779	0.76	26.9
Bombella_GCF_948234755.1_spacer_2	virome_phage_43	80.769	26	5	0	7	32	36463	36488	0.76	26.9
Bombella_GCF_948234755.1_spacer_2	virome_phage_2339	86.364	22	3	0	6	27	17672	17651	0.76	26.9
Bombella_GCF_948234755.1_spacer_2	virome_phage_21	80.769	26	5	0	4	29	11884	11909	0.76	26.9
Bombella_GCF_948234755.1_spacer_2	total_phage_95	94.444	18	1	0	3	20	47289	47306	0.76	26.9
Bombella_GCF_948234755.1_spacer_2	total_phage_783	90.000	20	2	0	9	28	25401	25382	0.76	26.9
Bombella_GCF_948234755.1_spacer_2	total_phage_479	78.571	28	6	0	1	28	12780	12807	0.76	26.9
Bombella_GCF_948234755.1_spacer_2	total_phage_303	86.364	22	3	0	6	27	34612	34633	0.76	26.9
Bombella_GCF_948234755.1_spacer_2	total_phage_178	86.364	22	3	0	6	27	22824	22803	0.76	26.9
Bombella_GCF_948234755.1_spacer_2	total_phage_100	86.364	22	3	0	6	27	1704	1725	0.76	26.9
Bombella_GCF_948234755.1_spacer_3	virome_phage_803	82.143	28	5	0	2	29	32946	32973	0.084	30.1
Bombella_GCF_948234755.1_spacer_3	virome_phage_772	94.444	18	1	0	7	24	31510	31527	0.76	26.9
Bombella_GCF_948234755.1_spacer_4	virome_phage_235	90.476	21	2	0	3	23	3244	3264	0.25	28.5
Bombella_GCF_948234755.1_spacer_4	virome_phage_1077	90.476	21	2	0	3	23	4656	4676	0.25	28.5
Bombella_GCF_948234755.1_spacer_4	virome_phage_35	86.364	22	3	0	7	28	15392	15371	0.76	26.9
Bombella_GCF_948234755.1_spacer_5	virome_phage_741	90.000	20	2	0	11	30	12450	12431	0.76	26.9
Bombella_GCF_948234755.1_spacer_6	virome_phage_1	80.000	30	6	0	3	32	141412	141441	0.084	30.1
Bombella_GCF_948234755.1_spacer_6	total_phage_231	80.000	30	6	0	3	32	90563	90534	0.084	30.1
Bombella_GCF_948234755.1_spacer_6	virome_phage_747	81.481	27	5	0	3	29	29996	30022	0.25	28.5
Bombella_GCF_948234755.1_spacer_6	virome_phage_18	81.481	27	5	0	3	29	73735	73761	0.25	28.5
Bombella_GCF_948234755.1_spacer_7	virome_phage_753	78.571	28	6	0	4	31	18154	18181	0.76	26.9
Bombella_GCF_948234755.1_spacer_9	virome_phage_86	86.364	22	3	0	6	27	29413	29392	0.76	26.9
Bombella_GCF_948234755.1_spacer_9	virome_phage_772	100.000	16	0	0	11	26	14095	14080	0.76	26.9
Bombella_GCF_948234755.1_spacer_9	virome_phage_2372	86.364	22	3	0	6	27	13432	13453	0.76	26.9
Bombella_GCF_948234755.1_spacer_9	virome_phage_2355	86.364	22	3	0	6	27	13334	13355	0.76	26.9
Bombella_GCF_948234755.1_spacer_9	virome_phage_2347	86.364	22	3	0	6	27	13931	13910	0.76	26.9
Bombella_GCF_948234755.1_spacer_9	virome_phage_107	86.364	22	3	0	6	27	21403	21382	0.76	26.9
Bombella_GCF_948234755.1_spacer_9	total_phage_808	86.364	22	3	0	6	27	5452	5431	0.76	26.9
Bombella_GCF_948234755.1_spacer_10	virome_phage_803	80.000	30	6	0	1	30	8159	8130	0.084	30.1
Bombella_GCF_948234755.1_spacer_10	virome_phage_809	94.444	18	1	0	8	25	15220	15203	0.76	26.9
Bombella_GCF_948234755.1_spacer_10	virome_phage_75	78.571	28	6	0	3	30	25254	25281	0.76	26.9
Bombella_GCF_948234755.1_spacer_10	total_phage_790	83.333	24	4	0	9	32	238	215	0.76	26.9
Bombella_GCF_948234755.1_spacer_10	total_phage_240	94.444	18	1	0	11	28	7985	8002	0.76	26.9
Bombella_GCF_948234755.1_spacer_11	virome_phage_52	90.000	20	2	0	10	29	15283	15264	0.76	26.9
Bombella_GCF_948234755.1_spacer_11	virome_phage_899	86.364	22	3	0	3	24	6244	6265	0.76	26.9
Bombella_GCF_948234755.1_spacer_11	virome_phage_745	83.333	24	4	0	2	25	64413	64436	0.76	26.9
Bombella_GCF_948234755.1_spacer_13	virome_phage_849	91.667	24	2	0	3	26	21583	21560	0.009	33.3
Bombella_GCF_948234755.1_spacer_13	virome_phage_769	94.737	19	1	0	9	27	30260	30242	0.25	28.5
Bombella_GCF_948234755.1_spacer_13	virome_phage_753	81.481	27	5	0	4	30	2823	2797	0.25	28.5
Bombella_GCF_948234755.1_spacer_13	virome_phage_2290	94.737	19	1	0	9	27	36697	36679	0.25	28.5
Bombella_GCF_948234755.1_spacer_13	virome_phage_809	90.000	20	2	0	9	28	26006	26025	0.76	26.9
Bombella_GCF_948234755.1_spacer_14	virome_phage_803	86.364	22	3	0	8	29	18008	18029	0.76	26.9
Bombella_GCF_948234755.1_spacer_14	virome_phage_2296	86.364	22	3	0	4	25	17282	17261	0.76	26.9
Bombella_GCF_948234755.1_spacer_15	virome_phage_86	86.957	23	3	0	1	23	11450	11428	0.25	28.5
Bombella_GCF_948234755.1_spacer_15	virome_phage_81	78.571	28	6	0	5	32	36100	36127	0.76	26.9
Bombella_GCF_948234755.1_spacer_15	total_phage_95	94.444	18	1	0	12	29	20904	20887	0.76	26.9
Bombella_GCF_948234755.1_spacer_15	total_phage_927	90.000	20	2	0	5	24	275701	275720	0.76	26.9
Bombella_GCF_948234755.1_spacer_16	virome_phage_811	94.737	19	1	0	1	19	7182	7164	0.25	28.5
Bombella_GCF_948234755.1_spacer_16	virome_phage_806	79.310	29	6	0	2	30	24304	24332	0.25	28.5
Bombella_GCF_948234755.1_spacer_16	virome_phage_754	83.333	24	4	0	7	30	35417	35440	0.76	26.9
Bombella_GCF_948234755.1_spacer_16	virome_phage_5	86.364	22	3	0	9	30	74028	74049	0.76	26.9
Bombella_GCF_948234755.1_spacer_17	virome_phage_768	75.000	32	8	0	1	32	38624	38655	0.76	26.9
Bombella_GCF_948234755.1_spacer_17	virome_phage_71	80.769	26	5	0	1	26	24369	24394	0.76	26.9
Bombella_GCF_948234755.1_spacer_18	virome_phage_49	80.000	30	6	0	3	32	15565	15536	0.084	30.1
Bombella_GCF_948234755.1_spacer_18	virome_phage_2403	90.000	20	2	0	12	31	14084	14103	0.76	26.9
Bombella_GCF_948234755.1_spacer_18	virome_phage_2398	90.000	20	2	0	12	31	4194	4175	0.76	26.9
Bombella_GCF_948234755.1_spacer_18	virome_phage_164	90.000	20	2	0	12	31	14211	14230	0.76	26.9
Bombella_GCF_948234755.1_spacer_18	virome_phage_160	90.000	20	2	0	12	31	14032	14051	0.76	26.9
Bombella_GCF_948234755.1_spacer_18	virome_phage_154	90.000	20	2	0	12	31	4430	4411	0.76	26.9
Bombella_GCF_948234755.1_spacer_18	virome_phage_151	90.000	20	2	0	12	31	5127	5108	0.76	26.9
Bombella_GCF_948234755.1_spacer_18	virome_phage_1032	90.000	20	2	0	12	31	712	693	0.76	26.9
Bombella_GCF_948234755.1_spacer_18	total_phage_368	86.364	22	3	0	9	30	32440	32461	0.76	26.9
Bombella_GCF_948234755.1_spacer_18	total_phage_111	86.364	22	3	0	9	30	9689	9710	0.76	26.9
Bombella_GCF_948234755.1_spacer_18	total_phage_111	86.364	22	3	0	9	30	49931	49952	0.76	26.9
Bombella_GCF_948234755.1_spacer_19	total_phage_95	81.481	27	5	0	5	31	71102	71128	0.25	28.5
Bombella_GCF_948234755.1_spacer_21	virome_phage_72	91.304	23	2	0	6	28	22482	22504	0.028	31.7
Bombella_GCF_948234755.1_spacer_21	virome_phage_751	78.571	28	6	0	4	31	66497	66470	0.76	26.9
Bombella_GCF_948234755.1_spacer_21	total_phage_117	83.333	24	4	0	2	25	2577	2554	0.76	26.9
Bombella_GCF_948234755.1_spacer_22	virome_phage_3	87.500	24	3	0	9	32	152990	153013	0.084	30.1
Bombella_GCF_948234755.1_spacer_22	virome_phage_5	90.000	20	2	0	7	26	96797	96816	0.76	26.9
Bombella_GCF_948234755.1_spacer_23	virome_phage_118	94.737	19	1	0	7	25	4597	4579	0.25	28.5
Bombella_GCF_948234755.1_spacer_23	virome_phage_882	83.333	24	4	0	1	24	21449	21426	0.76	26.9
Bombella_GCF_948234755.1_spacer_23	virome_phage_88	83.333	24	4	0	1	24	33808	33831	0.76	26.9
Bombella_GCF_948234755.1_spacer_23	virome_phage_813	86.364	22	3	0	4	25	3978	3957	0.76	26.9
Bombella_GCF_948234755.1_spacer_23	virome_phage_807	83.333	24	4	0	1	24	39509	39486	0.76	26.9
Bombella_GCF_948234755.1_spacer_23	virome_phage_800	83.333	24	4	0	1	24	32885	32908	0.76	26.9
Bombella_GCF_948234755.1_spacer_23	virome_phage_2360	83.333	24	4	0	1	24	16121	16144	0.76	26.9
Bombella_GCF_948234755.1_spacer_23	virome_phage_2343	86.364	22	3	0	4	25	25462	25441	0.76	26.9
Bombella_GCF_948234755.1_spacer_23	total_phage_796	83.333	24	4	0	1	24	21952	21929	0.76	26.9
Bombella_GCF_948234755.1_spacer_23	total_phage_738	83.333	24	4	0	1	24	13901	13924	0.76	26.9
Bombella_GCF_948234755.1_spacer_23	total_phage_497	90.000	20	2	0	8	27	3960	3979	0.76	26.9
Bombella_GCF_948234755.1_spacer_23	total_phage_305	83.333	24	4	0	1	24	22185	22162	0.76	26.9
Bombella_GCF_948234755.1_spacer_24	virome_phage_768	92.308	26	2	0	5	30	47316	47341	0.001	36.5
Bombella_GCF_948234755.1_spacer_24	total_phage_95	90.476	21	2	0	2	22	19656	19676	0.25	28.5
Bombella_GCF_948234755.1_spacer_24	virome_phage_50	94.444	18	1	0	8	25	11194	11211	0.76	26.9
Bombella_GCF_948234755.1_spacer_24	virome_phage_152	80.769	26	5	0	3	28	2124	2099	0.76	26.9
Bombella_GCF_948234755.1_spacer_25	virome_phage_2	90.000	20	2	0	5	24	45913	45932	0.76	26.9
Bombella_GCF_948234755.1_spacer_26	virome_phage_855	94.444	18	1	0	3	20	12702	12685	0.76	26.9
Bombella_GCF_948234755.1_spacer_27	virome_phage_915	82.143	28	5	0	5	32	7578	7551	0.084	30.1
Bombella_GCF_948234755.1_spacer_27	virome_phage_86	95.000	20	1	0	1	20	26454	26473	0.084	30.1
Bombella_GCF_948234755.1_spacer_27	virome_phage_2372	95.000	20	1	0	1	20	16334	16315	0.084	30.1
Bombella_GCF_948234755.1_spacer_27	virome_phage_2355	95.000	20	1	0	1	20	16300	16281	0.084	30.1
Bombella_GCF_948234755.1_spacer_27	virome_phage_107	95.000	20	1	0	1	20	18438	18457	0.084	30.1
Bombella_GCF_948234755.1_spacer_27	total_phage_808	95.000	20	1	0	1	20	2486	2505	0.084	30.1
Bombella_GCF_948234755.1_spacer_27	virome_phage_1199	90.476	21	2	0	5	25	7791	7771	0.25	28.5
Bombella_GCF_948234755.1_spacer_27	virome_phage_2347	90.000	20	2	0	1	20	10966	10985	0.76	26.9
Bombella_GCF_948234755.1_spacer_27	virome_phage_2330	90.000	20	2	0	10	29	16967	16948	0.76	26.9
Bombella_GCF_948234755.1_spacer_27	virome_phage_2315	78.571	28	6	0	5	32	25936	25963	0.76	26.9
Bombella_GCF_948234755.1_spacer_27	total_phage_303	78.571	28	6	0	5	32	27761	27734	0.76	26.9
Bombella_GCF_948234755.1_spacer_27	total_phage_252	94.444	18	1	0	9	26	2110	2093	0.76	26.9
Bombella_GCF_948234755.1_spacer_28	total_phage_95	87.500	24	3	0	9	32	81375	81398	0.084	30.1
Bombella_GCF_948234755.1_spacer_28	virome_phage_16	78.571	28	6	0	1	28	71039	71012	0.76	26.9
Bombella_GCF_948234755.1_spacer_29	virome_phage_2347	94.737	19	1	0	8	26	5249	5231	0.25	28.5
Bombella_GCF_948234755.1_spacer_29	virome_phage_790	86.364	22	3	0	10	31	4365	4386	0.76	26.9
Bombella_GCF_948234755.1_spacer_30	virome_phage_815	95.000	20	1	0	3	22	36408	36427	0.084	30.1
Bombella_GCF_948234755.1_spacer_30	total_phage_111	95.000	20	1	0	3	22	39311	39330	0.084	30.1
Bombella_GCF_948234755.1_spacer_30	total_phage_111	95.000	20	1	0	3	22	79553	79572	0.084	30.1
Bombella_GCF_948234755.1_spacer_30	virome_phage_752	80.769	26	5	0	4	29	19865	19890	0.76	26.9
Bombella_GCF_948234755.1_spacer_30	virome_phage_736	80.769	26	5	0	2	27	92029	92054	0.76	26.9
Bombella_GCF_948234755.1_spacer_30	virome_phage_2403	94.444	18	1	0	12	29	13376	13393	0.76	26.9
Bombella_GCF_948234755.1_spacer_30	virome_phage_2292	94.444	18	1	0	4	21	3107	3090	0.76	26.9
Bombella_GCF_948234755.1_spacer_30	virome_phage_164	94.444	18	1	0	12	29	13503	13520	0.76	26.9
Bombella_GCF_948234755.1_spacer_30	virome_phage_160	94.444	18	1	0	12	29	13324	13341	0.76	26.9
Bombella_GCF_948234755.1_spacer_30	virome_phage_154	94.444	18	1	0	12	29	5138	5121	0.76	26.9
Bombella_GCF_948234755.1_spacer_30	virome_phage_1032	94.444	18	1	0	12	29	1420	1403	0.76	26.9
Bombella_GCF_948234755.1_spacer_30	total_phage_729	80.769	26	5	0	5	30	25404	25429	0.76	26.9
Bombella_GCF_948234755.1_spacer_31	virome_phage_45	94.737	19	1	0	11	29	28617	28635	0.25	28.5
Bombella_GCF_948234755.1_spacer_31	virome_phage_810	78.571	28	6	0	5	32	37114	37141	0.76	26.9
Bombella_GCF_948234755.1_spacer_31	virome_phage_2278	83.333	24	4	0	1	24	19914	19937	0.76	26.9
Bombella_GCF_948234755.1_spacer_33	virome_phage_854	86.957	23	3	0	6	28	31284	31306	0.25	28.5
Bombella_GCF_948234755.1_spacer_33	virome_phage_31	79.310	29	6	0	2	30	11349	11321	0.25	28.5
Bombella_GCF_948234755.1_spacer_33	virome_phage_11	77.419	31	7	0	2	32	57850	57820	0.25	28.5
Bombella_GCF_948234755.1_spacer_33	virome_phage_819	86.364	22	3	0	5	26	22702	22681	0.76	26.9
Bombella_GCF_948234755.1_spacer_33	virome_phage_2329	94.444	18	1	0	14	31	27286	27303	0.76	26.9
Bombella_GCF_948234755.1_spacer_33	total_phage_1	94.444	18	1	0	14	31	40145	40128	0.76	26.9
Bombella_GCF_948234755.1_spacer_34	virome_phage_843	90.476	21	2	0	4	24	14639	14659	0.25	28.5
Bombella_GCF_948234755.1_spacer_34	total_phage_3	81.481	27	5	0	5	31	25049	25023	0.25	28.5
Bombella_GCF_948234755.1_spacer_34	total_phage_232	84.000	25	4	0	3	27	29360	29336	0.25	28.5
Bombella_GCF_948234755.1_spacer_34	virome_phage_842	90.000	20	2	0	12	31	11677	11696	0.76	26.9
Bombella_GCF_948234755.1_spacer_34	virome_phage_2300	90.000	20	2	0	11	30	2404	2385	0.76	26.9
Bombella_GCF_948234755.1_spacer_34	total_phage_106	90.000	20	2	0	7	26	4066	4047	0.76	26.9
Bombella_GCF_948234755.1_spacer_34	total_phage_102	80.769	26	5	0	2	27	40186	40211	0.76	26.9
Bombella_GCF_948234755.1_spacer_36	virome_phage_98	90.476	21	2	0	11	31	24433	24413	0.25	28.5
Bombella_GCF_948234755.1_spacer_36	virome_phage_28	90.000	20	2	0	9	28	12276	12295	0.76	26.9
Bombella_GCF_948234755.1_spacer_37	virome_phage_806	81.481	27	5	0	6	32	34669	34695	0.25	28.5
Bombella_GCF_948234755.1_spacer_37	virome_phage_806	76.667	30	7	0	3	32	31850	31879	0.76	26.9
Bombella_GCF_948234755.1_spacer_37	virome_phage_866	94.444	18	1	0	13	30	20971	20988	0.76	26.9
Bombella_GCF_948234755.1_spacer_37	virome_phage_112	83.333	24	4	0	9	32	16991	17014	0.76	26.9
Bombella_GCF_948234755.1_spacer_37	total_phage_298	83.333	24	4	0	9	32	12856	12879	0.76	26.9
Bombella_GCF_948234755.1_spacer_37	total_phage_240	83.333	24	4	0	9	32	14816	14793	0.76	26.9
Bombella_GCF_948234755.1_spacer_38	virome_phage_60	84.000	25	4	0	1	25	39966	39990	0.25	28.5
Bombella_GCF_948234755.1_spacer_38	virome_phage_762	75.000	32	8	0	1	32	40521	40490	0.76	26.9
Bombella_GCF_948234755.1_spacer_40	virome_phage_791	90.476	21	2	0	4	24	38476	38456	0.25	28.5
Bombella_GCF_948234755.1_spacer_41	total_phage_793	84.615	26	4	0	7	32	13519	13544	0.084	30.1
Bombella_GCF_948234755.1_spacer_41	virome_phage_2281	81.481	27	5	0	1	27	52501	52527	0.25	28.5
Bombella_GCF_948234755.1_spacer_41	virome_phage_935	90.000	20	2	0	9	28	20028	20047	0.76	26.9
Bombella_GCF_948234755.1_spacer_41	virome_phage_735	83.333	24	4	0	9	32	83024	83047	0.76	26.9
Bombella_GCF_948234755.1_spacer_41	total_phage_369	86.364	22	3	0	1	22	23148	23127	0.76	26.9
Bombella_GCF_948234755.1_spacer_41	total_phage_175	83.333	24	4	0	7	30	31840	31817	0.76	26.9
Bombella_GCF_948234755.1_spacer_43	virome_phage_60	94.444	18	1	0	5	22	26691	26708	0.76	26.9
Bombella_GCF_948234755.1_spacer_45	virome_phage_794	80.769	26	5	0	3	28	23787	23762	0.76	26.9
Bombella_GCF_948234755.1_spacer_45	total_phage_927	94.444	18	1	0	9	26	60728	60711	0.76	26.9
Bombella_GCF_948234755.1_spacer_46	virome_phage_78	95.238	21	1	0	2	22	32648	32668	0.028	31.7
Bombella_GCF_948234755.1_spacer_47	virome_phage_861	86.957	23	3	0	1	23	6303	6325	0.25	28.5
Bombella_GCF_948234755.1_spacer_47	virome_phage_734	86.957	23	3	0	2	24	29694	29716	0.25	28.5
Bombella_GCF_948234755.1_spacer_47	total_phage_793	86.957	23	3	0	2	24	36210	36232	0.25	28.5
Bombella_GCF_948234755.1_spacer_47	total_phage_729	81.481	27	5	0	2	28	137211	137185	0.25	28.5
Bombella_GCF_948234755.1_spacer_47	total_phage_362	86.957	23	3	0	2	24	39977	39999	0.25	28.5
Bombella_GCF_948234755.1_spacer_47	virome_phage_839	80.769	26	5	0	5	30	28648	28623	0.76	26.9
Bombella_GCF_948234755.1_spacer_47	virome_phage_746	86.364	22	3	0	6	27	75527	75506	0.76	26.9
Bombella_GCF_948234755.1_spacer_47	virome_phage_26	94.444	18	1	0	3	20	31165	31148	0.76	26.9
Bombella_GCF_948234755.1_spacer_47	total_phage_696	86.364	22	3	0	5	26	364	385	0.76	26.9
Bombella_GCF_948234755.1_spacer_47	total_phage_696	86.364	22	3	0	5	26	5680	5701	0.76	26.9
Bombella_GCF_948234755.1_spacer_47	total_phage_655	86.364	22	3	0	5	26	12112	12133	0.76	26.9
Bombella_GCF_948234755.1_spacer_47	total_phage_655	86.364	22	3	0	5	26	18115	18136	0.76	26.9
Bombella_GCF_948234755.1_spacer_47	total_phage_600	86.364	22	3	0	5	26	11131	11152	0.76	26.9
Bombella_GCF_948234755.1_spacer_48	total_phage_713	83.333	24	4	0	8	31	3894	3871	0.76	26.9
Bombella_GCF_948234755.1_spacer_48	total_phage_616	83.333	24	4	0	8	31	6200	6223	0.76	26.9
Bombella_GCF_948234755.1_spacer_49	virome_phage_778	77.419	31	7	0	1	31	9630	9600	0.25	28.5
Bombella_GCF_948234755.1_spacer_49	virome_phage_78	83.333	24	4	0	7	30	24324	24347	0.76	26.9
Bombella_GCF_948234755.1_spacer_50	virome_phage_863	83.333	24	4	0	4	27	3944	3967	0.76	26.9
Bombella_GCF_948234755.1_spacer_50	virome_phage_790	86.364	22	3	0	11	32	2401	2422	0.76	26.9
Bombella_GCF_948234755.1_spacer_50	virome_phage_76	90.000	20	2	0	13	32	16606	16625	0.76	26.9
Bombella_GCF_948234755.1_spacer_51	virome_phage_735	81.250	32	6	0	1	32	91820	91851	0.009	33.3
Bombella_GCF_948234755.1_spacer_51	virome_phage_735	78.125	32	7	0	1	32	88326	88357	0.084	30.1
Bombella_GCF_948234755.1_spacer_51	virome_phage_735	75.000	32	8	0	1	32	22595	22626	0.76	26.9
Bombella_GCF_948234755.1_spacer_51	total_phage_926	91.304	23	2	0	4	26	61682	61660	0.028	31.7
Bombella_GCF_948234755.1_spacer_51	virome_phage_740	77.419	31	7	0	2	32	96611	96641	0.25	28.5
Bombella_GCF_948234755.1_spacer_51	virome_phage_740	84.000	25	4	0	3	27	97510	97534	0.25	28.5
Bombella_GCF_948234755.1_spacer_51	virome_phage_2281	94.737	19	1	0	1	19	32120	32102	0.25	28.5
Bombella_GCF_948234755.1_spacer_51	virome_phage_21	84.000	25	4	0	3	27	52815	52791	0.25	28.5
Bombella_GCF_948234755.1_spacer_51	virome_phage_21	77.419	31	7	0	2	32	53714	53684	0.25	28.5
Bombella_GCF_948234755.1_spacer_51	virome_phage_96	100.000	16	0	0	3	18	27437	27422	0.76	26.9
Bombella_GCF_948234755.1_spacer_51	virome_phage_768	83.333	24	4	0	3	26	18996	19019	0.76	26.9
Bombella_GCF_948234755.1_spacer_51	virome_phage_76	90.000	20	2	0	3	22	5941	5960	0.76	26.9
Bombella_GCF_948234755.1_spacer_51	total_phage_790	86.364	22	3	0	1	22	4415	4394	0.76	26.9
Bombella_GCF_948234755.1_spacer_51	total_phage_790	80.769	26	5	0	1	26	33628	33653	0.76	26.9
Bombella_GCF_948234755.1_spacer_51	total_phage_0	83.333	24	4	0	2	25	21504	21481	0.76	26.9
Bombella_GCF_948234755.1_spacer_52	virome_phage_2255	94.444	18	1	0	5	22	10151	10134	0.76	26.9
Bombella_GCF_948234755.1_spacer_53	virome_phage_2298	88.000	25	3	0	8	32	31607	31583	0.028	31.7
Bombella_GCF_948234755.1_spacer_53	virome_phage_83	80.769	26	5	0	4	29	12097	12072	0.76	26.9
Bombella_GCF_948234755.1_spacer_53	virome_phage_735	78.571	28	6	0	1	28	83122	83095	0.76	26.9
Bombella_GCF_948234755.1_spacer_53	virome_phage_734	100.000	16	0	0	11	26	238732	238717	0.76	26.9
Bombella_GCF_948234755.1_spacer_53	total_phage_925	80.769	26	5	0	4	29	9651	9676	0.76	26.9
Bombella_GCF_948234755.1_spacer_53	total_phage_638	90.000	20	2	0	13	32	278	297	0.76	26.9
