Bombella_GCF_014878255.1_spacer_0	virome_phage_5	90.000	20	2	0	7	26	124967	124986	0.76	26.9
Bombella_GCF_014878255.1_spacer_0	total_phage_605	78.571	28	6	0	3	30	11102	11129	0.76	26.9
Bombella_GCF_014878255.1_spacer_0	total_phage_526	78.571	28	6	0	3	30	907	934	0.76	26.9
Bombella_GCF_014878255.1_spacer_1	virome_phage_2255	83.333	24	4	0	9	32	41192	41215	0.76	26.9
Bombella_GCF_014878255.1_spacer_2	virome_phage_56	82.143	28	5	0	5	32	27092	27065	0.084	30.1
Bombella_GCF_014878255.1_spacer_2	virome_phage_79	80.769	26	5	0	5	30	5098	5123	0.76	26.9
Bombella_GCF_014878255.1_spacer_2	virome_phage_743	75.000	32	8	0	1	32	39117	39086	0.76	26.9
Bombella_GCF_014878255.1_spacer_2	virome_phage_735	100.000	16	0	0	12	27	65503	65518	0.76	26.9
Bombella_GCF_014878255.1_spacer_2	total_phage_294	80.769	26	5	0	5	30	17116	17141	0.76	26.9
Bombella_GCF_014878255.1_spacer_2	total_phage_294	100.000	16	0	0	12	27	53625	53610	0.76	26.9
Bombella_GCF_014878255.1_spacer_3	virome_phage_780	94.444	18	1	0	7	24	36549	36566	0.76	26.9
Bombella_GCF_014878255.1_spacer_5	virome_phage_2281	86.957	23	3	0	3	25	38676	38654	0.25	28.5
Bombella_GCF_014878255.1_spacer_5	virome_phage_2295	94.444	18	1	0	14	31	6269	6252	0.76	26.9
Bombella_GCF_014878255.1_spacer_5	total_phage_413	94.444	18	1	0	12	29	38425	38408	0.76	26.9
Bombella_GCF_014878255.1_spacer_5	total_phage_104	83.333	24	4	0	6	29	33079	33102	0.76	26.9
Bombella_GCF_014878255.1_spacer_6	virome_phage_55	90.476	21	2	0	6	26	5045	5025	0.25	28.5
Bombella_GCF_014878255.1_spacer_6	virome_phage_794	80.769	26	5	0	7	32	36061	36086	0.76	26.9
Bombella_GCF_014878255.1_spacer_6	virome_phage_43	100.000	16	0	0	8	23	41128	41113	0.76	26.9
Bombella_GCF_014878255.1_spacer_6	virome_phage_2274	86.364	22	3	0	5	26	35033	35054	0.76	26.9
Bombella_GCF_014878255.1_spacer_6	virome_phage_2	80.769	26	5	0	6	31	69170	69145	0.76	26.9
Bombella_GCF_014878255.1_spacer_7	virome_phage_909	78.571	28	6	0	5	32	6057	6030	0.76	26.9
Bombella_GCF_014878255.1_spacer_7	virome_phage_84	78.571	28	6	0	5	32	35207	35180	0.76	26.9
Bombella_GCF_014878255.1_spacer_7	virome_phage_80	80.769	26	5	0	3	28	1414	1389	0.76	26.9
Bombella_GCF_014878255.1_spacer_7	virome_phage_735	83.333	24	4	0	1	24	32580	32557	0.76	26.9
Bombella_GCF_014878255.1_spacer_7	virome_phage_2372	78.571	28	6	0	5	32	6837	6810	0.76	26.9
Bombella_GCF_014878255.1_spacer_7	virome_phage_2355	78.571	28	6	0	5	32	6744	6717	0.76	26.9
Bombella_GCF_014878255.1_spacer_7	virome_phage_2350	78.571	28	6	0	5	32	2773	2800	0.76	26.9
Bombella_GCF_014878255.1_spacer_7	virome_phage_2347	78.571	28	6	0	5	32	20523	20550	0.76	26.9
Bombella_GCF_014878255.1_spacer_7	virome_phage_2320	83.333	24	4	0	7	30	17771	17748	0.76	26.9
Bombella_GCF_014878255.1_spacer_7	total_phage_808	78.571	28	6	0	5	32	12042	12069	0.76	26.9
Bombella_GCF_014878255.1_spacer_8	virome_phage_741	94.444	18	1	0	15	32	34012	33995	0.76	26.9
Bombella_GCF_014878255.1_spacer_8	total_phage_927	100.000	16	0	0	5	20	229869	229854	0.76	26.9
Bombella_GCF_014878255.1_spacer_10	virome_phage_67	83.333	24	4	0	2	25	10029	10006	0.76	26.9
Bombella_GCF_014878255.1_spacer_10	virome_phage_2291	83.333	24	4	0	1	24	39244	39267	0.76	26.9
Bombella_GCF_014878255.1_spacer_11	virome_phage_772	76.667	30	7	0	3	32	8725	8696	0.76	26.9
Bombella_GCF_014878255.1_spacer_11	virome_phage_65	94.444	18	1	0	8	25	10114	10131	0.76	26.9
Bombella_GCF_014878255.1_spacer_11	virome_phage_25	83.333	24	4	0	7	30	55555	55532	0.76	26.9
Bombella_GCF_014878255.1_spacer_11	virome_phage_11	90.000	20	2	0	2	21	98807	98788	0.76	26.9
Bombella_GCF_014878255.1_spacer_11	total_phage_299	94.444	18	1	0	9	26	32246	32263	0.76	26.9
Bombella_GCF_014878255.1_spacer_11	total_phage_0	100.000	16	0	0	6	21	2139	2154	0.76	26.9
Bombella_GCF_014878255.1_spacer_14	virome_phage_817	80.000	30	6	0	3	32	25340	25369	0.084	30.1
Bombella_GCF_014878255.1_spacer_14	virome_phage_778	90.909	22	2	0	5	26	41358	41337	0.084	30.1
Bombella_GCF_014878255.1_spacer_14	virome_phage_745	95.000	20	1	0	11	30	66844	66825	0.084	30.1
Bombella_GCF_014878255.1_spacer_14	virome_phage_66	95.000	20	1	0	8	27	24828	24847	0.084	30.1
Bombella_GCF_014878255.1_spacer_14	virome_phage_82	84.000	25	4	0	5	29	20954	20930	0.25	28.5
Bombella_GCF_014878255.1_spacer_14	virome_phage_759	94.737	19	1	0	7	25	4862	4844	0.25	28.5
Bombella_GCF_014878255.1_spacer_14	virome_phage_749	81.481	27	5	0	1	27	5172	5146	0.25	28.5
Bombella_GCF_014878255.1_spacer_14	total_phage_807	84.000	25	4	0	8	32	3184	3160	0.25	28.5
Bombella_GCF_014878255.1_spacer_14	total_phage_793	81.481	27	5	0	6	32	5754	5780	0.25	28.5
Bombella_GCF_014878255.1_spacer_14	total_phage_734	84.000	25	4	0	5	29	41091	41115	0.25	28.5
Bombella_GCF_014878255.1_spacer_14	total_phage_451	84.000	25	4	0	8	32	22040	22064	0.25	28.5
Bombella_GCF_014878255.1_spacer_14	total_phage_237	84.000	25	4	0	8	32	14768	14792	0.25	28.5
Bombella_GCF_014878255.1_spacer_14	total_phage_233	84.000	25	4	0	8	32	6396	6372	0.25	28.5
Bombella_GCF_014878255.1_spacer_14	virome_phage_997	86.364	22	3	0	8	29	8464	8443	0.76	26.9
Bombella_GCF_014878255.1_spacer_14	virome_phage_902	86.364	22	3	0	1	22	17501	17522	0.76	26.9
Bombella_GCF_014878255.1_spacer_14	virome_phage_841	86.364	22	3	0	3	24	17217	17238	0.76	26.9
Bombella_GCF_014878255.1_spacer_14	virome_phage_771	86.364	22	3	0	10	31	4815	4836	0.76	26.9
Bombella_GCF_014878255.1_spacer_14	virome_phage_750	86.364	22	3	0	2	23	59066	59087	0.76	26.9
Bombella_GCF_014878255.1_spacer_14	virome_phage_750	86.364	22	3	0	4	25	59284	59305	0.76	26.9
Bombella_GCF_014878255.1_spacer_14	virome_phage_742	90.000	20	2	0	9	28	69877	69896	0.76	26.9
Bombella_GCF_014878255.1_spacer_14	virome_phage_739	94.444	18	1	0	7	24	2372	2389	0.76	26.9
Bombella_GCF_014878255.1_spacer_14	virome_phage_734	86.364	22	3	0	4	25	251726	251705	0.76	26.9
Bombella_GCF_014878255.1_spacer_14	virome_phage_734	86.364	22	3	0	1	22	253907	253886	0.76	26.9
Bombella_GCF_014878255.1_spacer_14	virome_phage_2366	86.364	22	3	0	1	22	13895	13916	0.76	26.9
Bombella_GCF_014878255.1_spacer_14	virome_phage_2327	86.364	22	3	0	5	26	13726	13747	0.76	26.9
Bombella_GCF_014878255.1_spacer_14	virome_phage_15	83.333	24	4	0	6	29	31942	31965	0.76	26.9
Bombella_GCF_014878255.1_spacer_14	virome_phage_1	78.571	28	6	0	1	28	124699	124672	0.76	26.9
Bombella_GCF_014878255.1_spacer_14	total_phage_930	86.364	22	3	0	8	29	15498	15477	0.76	26.9
Bombella_GCF_014878255.1_spacer_14	total_phage_794	86.364	22	3	0	6	27	21861	21882	0.76	26.9
Bombella_GCF_014878255.1_spacer_14	total_phage_692	86.364	22	3	0	7	28	28413	28392	0.76	26.9
Bombella_GCF_014878255.1_spacer_14	total_phage_658	86.364	22	3	0	7	28	17489	17510	0.76	26.9
Bombella_GCF_014878255.1_spacer_14	total_phage_446	80.769	26	5	0	1	26	2704	2679	0.76	26.9
Bombella_GCF_014878255.1_spacer_14	total_phage_413	90.000	20	2	0	13	32	116234	116253	0.76	26.9
Bombella_GCF_014878255.1_spacer_14	total_phage_362	94.444	18	1	0	13	30	18462	18479	0.76	26.9
Bombella_GCF_014878255.1_spacer_14	total_phage_299	86.364	22	3	0	2	23	31296	31317	0.76	26.9
Bombella_GCF_014878255.1_spacer_14	total_phage_299	86.364	22	3	0	4	25	31514	31535	0.76	26.9
Bombella_GCF_014878255.1_spacer_14	total_phage_242	86.364	22	3	0	6	27	36436	36457	0.76	26.9
Bombella_GCF_014878255.1_spacer_14	total_phage_189	86.364	22	3	0	6	27	27908	27929	0.76	26.9
Bombella_GCF_014878255.1_spacer_14	total_phage_1	86.364	22	3	0	6	27	28877	28898	0.76	26.9
Bombella_GCF_014878255.1_spacer_15	virome_phage_755	83.333	30	5	0	1	30	31227	31256	0.009	33.3
Bombella_GCF_014878255.1_spacer_15	total_phage_95	85.185	27	4	0	1	27	114283	114257	0.028	31.7
Bombella_GCF_014878255.1_spacer_15	virome_phage_963	83.333	24	4	0	7	30	8151	8128	0.76	26.9
Bombella_GCF_014878255.1_spacer_15	virome_phage_816	100.000	16	0	0	15	30	10293	10308	0.76	26.9
Bombella_GCF_014878255.1_spacer_15	virome_phage_738	83.333	24	4	0	5	28	65982	65959	0.76	26.9
Bombella_GCF_014878255.1_spacer_15	virome_phage_4	83.333	24	4	0	5	28	30924	30947	0.76	26.9
Bombella_GCF_014878255.1_spacer_15	virome_phage_17	76.667	30	7	0	3	32	36611	36640	0.76	26.9
Bombella_GCF_014878255.1_spacer_16	virome_phage_790	90.000	20	2	0	9	28	26018	26037	0.76	26.9
Bombella_GCF_014878255.1_spacer_17	virome_phage_42	90.476	21	2	0	4	24	15191	15211	0.25	28.5
Bombella_GCF_014878255.1_spacer_17	total_phage_790	76.667	30	7	0	2	31	14616	14587	0.76	26.9
Bombella_GCF_014878255.1_spacer_17	total_phage_790	94.444	18	1	0	6	23	83592	83609	0.76	26.9
Bombella_GCF_014878255.1_spacer_20	virome_phage_2280	83.333	24	4	0	9	32	55998	56021	0.76	26.9
Bombella_GCF_014878255.1_spacer_21	virome_phage_808	94.444	18	1	0	15	32	14748	14731	0.76	26.9
Bombella_GCF_014878255.1_spacer_21	total_phage_95	94.444	18	1	0	12	29	16119	16102	0.76	26.9
Bombella_GCF_014878255.1_spacer_22	virome_phage_41	86.364	22	3	0	3	24	22372	22351	0.76	26.9
Bombella_GCF_014878255.1_spacer_22	virome_phage_2346	80.769	26	5	0	7	32	20296	20271	0.76	26.9
Bombella_GCF_014878255.1_spacer_22	total_phage_115	90.000	20	2	0	3	22	15289	15308	0.76	26.9
Bombella_GCF_014878255.1_spacer_23	virome_phage_2339	86.957	23	3	0	7	29	26188	26166	0.25	28.5
Bombella_GCF_014878255.1_spacer_23	total_phage_100	86.957	23	3	0	7	29	29640	29662	0.25	28.5
Bombella_GCF_014878255.1_spacer_23	virome_phage_854	83.333	24	4	0	8	31	21199	21222	0.76	26.9
Bombella_GCF_014878255.1_spacer_23	virome_phage_57	76.667	30	7	0	3	32	33443	33472	0.76	26.9
Bombella_GCF_014878255.1_spacer_23	total_phage_737	90.000	20	2	0	5	24	34259	34240	0.76	26.9
Bombella_GCF_014878255.1_spacer_24	virome_phage_740	84.000	25	4	0	8	32	65610	65634	0.25	28.5
Bombella_GCF_014878255.1_spacer_24	virome_phage_804	76.667	30	7	0	1	30	16133	16104	0.76	26.9
Bombella_GCF_014878255.1_spacer_24	virome_phage_799	80.769	26	5	0	1	26	24196	24221	0.76	26.9
Bombella_GCF_014878255.1_spacer_25	virome_phage_55	79.310	29	6	0	3	31	33386	33358	0.25	28.5
Bombella_GCF_014878255.1_spacer_25	virome_phage_799	100.000	16	0	0	2	17	11129	11144	0.76	26.9
Bombella_GCF_014878255.1_spacer_25	virome_phage_154	83.333	24	4	0	1	24	17808	17831	0.76	26.9
Bombella_GCF_014878255.1_spacer_26	total_phage_927	83.333	24	4	0	5	28	150613	150590	0.76	26.9
