Bombella_GCF_018221685.1_spacer_0	total_phage_927	83.333	24	4	0	5	28	150590	150613	0.76	26.9
Bombella_GCF_018221685.1_spacer_1	virome_phage_55	79.310	29	6	0	2	30	33358	33386	0.25	28.5
Bombella_GCF_018221685.1_spacer_1	virome_phage_799	100.000	16	0	0	16	31	11144	11129	0.76	26.9
Bombella_GCF_018221685.1_spacer_1	virome_phage_154	83.333	24	4	0	9	32	17831	17808	0.76	26.9
Bombella_GCF_018221685.1_spacer_2	virome_phage_740	84.000	25	4	0	1	25	65634	65610	0.25	28.5
Bombella_GCF_018221685.1_spacer_2	virome_phage_804	76.667	30	7	0	3	32	16104	16133	0.76	26.9
Bombella_GCF_018221685.1_spacer_2	virome_phage_799	80.769	26	5	0	7	32	24221	24196	0.76	26.9
Bombella_GCF_018221685.1_spacer_3	virome_phage_2339	86.957	23	3	0	4	26	26166	26188	0.25	28.5
Bombella_GCF_018221685.1_spacer_3	total_phage_100	86.957	23	3	0	4	26	29662	29640	0.25	28.5
Bombella_GCF_018221685.1_spacer_3	virome_phage_854	83.333	24	4	0	2	25	21222	21199	0.76	26.9
Bombella_GCF_018221685.1_spacer_3	virome_phage_57	76.667	30	7	0	1	30	33472	33443	0.76	26.9
Bombella_GCF_018221685.1_spacer_3	total_phage_737	90.000	20	2	0	9	28	34240	34259	0.76	26.9
Bombella_GCF_018221685.1_spacer_4	virome_phage_41	86.364	22	3	0	9	30	22351	22372	0.76	26.9
Bombella_GCF_018221685.1_spacer_4	virome_phage_2346	80.769	26	5	0	1	26	20271	20296	0.76	26.9
Bombella_GCF_018221685.1_spacer_4	total_phage_115	90.000	20	2	0	11	30	15308	15289	0.76	26.9
Bombella_GCF_018221685.1_spacer_5	virome_phage_808	94.444	18	1	0	1	18	14731	14748	0.76	26.9
Bombella_GCF_018221685.1_spacer_5	total_phage_95	94.444	18	1	0	4	21	16102	16119	0.76	26.9
Bombella_GCF_018221685.1_spacer_6	virome_phage_2280	83.333	24	4	0	1	24	56021	55998	0.76	26.9
Bombella_GCF_018221685.1_spacer_9	virome_phage_42	90.476	21	2	0	9	29	15211	15191	0.25	28.5
Bombella_GCF_018221685.1_spacer_9	total_phage_790	76.667	30	7	0	2	31	14587	14616	0.76	26.9
Bombella_GCF_018221685.1_spacer_9	total_phage_790	94.444	18	1	0	10	27	83609	83592	0.76	26.9
Bombella_GCF_018221685.1_spacer_10	virome_phage_790	90.000	20	2	0	5	24	26037	26018	0.76	26.9
Bombella_GCF_018221685.1_spacer_11	virome_phage_755	83.333	30	5	0	3	32	31256	31227	0.009	33.3
Bombella_GCF_018221685.1_spacer_11	total_phage_95	85.185	27	4	0	6	32	114257	114283	0.028	31.7
Bombella_GCF_018221685.1_spacer_11	virome_phage_963	83.333	24	4	0	3	26	8128	8151	0.76	26.9
Bombella_GCF_018221685.1_spacer_11	virome_phage_816	100.000	16	0	0	3	18	10308	10293	0.76	26.9
Bombella_GCF_018221685.1_spacer_11	virome_phage_738	83.333	24	4	0	5	28	65959	65982	0.76	26.9
Bombella_GCF_018221685.1_spacer_11	virome_phage_4	83.333	24	4	0	5	28	30947	30924	0.76	26.9
Bombella_GCF_018221685.1_spacer_11	virome_phage_17	76.667	30	7	0	1	30	36640	36611	0.76	26.9
Bombella_GCF_018221685.1_spacer_12	virome_phage_817	80.000	30	6	0	1	30	25369	25340	0.084	30.1
Bombella_GCF_018221685.1_spacer_12	virome_phage_778	90.909	22	2	0	7	28	41337	41358	0.084	30.1
Bombella_GCF_018221685.1_spacer_12	virome_phage_745	95.000	20	1	0	3	22	66825	66844	0.084	30.1
Bombella_GCF_018221685.1_spacer_12	virome_phage_66	95.000	20	1	0	6	25	24847	24828	0.084	30.1
Bombella_GCF_018221685.1_spacer_12	virome_phage_82	84.000	25	4	0	4	28	20930	20954	0.25	28.5
Bombella_GCF_018221685.1_spacer_12	virome_phage_759	94.737	19	1	0	8	26	4844	4862	0.25	28.5
Bombella_GCF_018221685.1_spacer_12	virome_phage_749	81.481	27	5	0	6	32	5146	5172	0.25	28.5
Bombella_GCF_018221685.1_spacer_12	total_phage_807	84.000	25	4	0	1	25	3160	3184	0.25	28.5
Bombella_GCF_018221685.1_spacer_12	total_phage_793	81.481	27	5	0	1	27	5780	5754	0.25	28.5
Bombella_GCF_018221685.1_spacer_12	total_phage_734	84.000	25	4	0	4	28	41115	41091	0.25	28.5
Bombella_GCF_018221685.1_spacer_12	total_phage_451	84.000	25	4	0	1	25	22064	22040	0.25	28.5
Bombella_GCF_018221685.1_spacer_12	total_phage_237	84.000	25	4	0	1	25	14792	14768	0.25	28.5
Bombella_GCF_018221685.1_spacer_12	total_phage_233	84.000	25	4	0	1	25	6372	6396	0.25	28.5
Bombella_GCF_018221685.1_spacer_12	virome_phage_997	86.364	22	3	0	4	25	8443	8464	0.76	26.9
Bombella_GCF_018221685.1_spacer_12	virome_phage_902	86.364	22	3	0	11	32	17522	17501	0.76	26.9
Bombella_GCF_018221685.1_spacer_12	virome_phage_841	86.364	22	3	0	9	30	17238	17217	0.76	26.9
Bombella_GCF_018221685.1_spacer_12	virome_phage_771	86.364	22	3	0	2	23	4836	4815	0.76	26.9
Bombella_GCF_018221685.1_spacer_12	virome_phage_750	86.364	22	3	0	10	31	59087	59066	0.76	26.9
Bombella_GCF_018221685.1_spacer_12	virome_phage_750	86.364	22	3	0	8	29	59305	59284	0.76	26.9
Bombella_GCF_018221685.1_spacer_12	virome_phage_742	90.000	20	2	0	5	24	69896	69877	0.76	26.9
Bombella_GCF_018221685.1_spacer_12	virome_phage_739	94.444	18	1	0	9	26	2389	2372	0.76	26.9
Bombella_GCF_018221685.1_spacer_12	virome_phage_734	86.364	22	3	0	8	29	251705	251726	0.76	26.9
Bombella_GCF_018221685.1_spacer_12	virome_phage_734	86.364	22	3	0	11	32	253886	253907	0.76	26.9
Bombella_GCF_018221685.1_spacer_12	virome_phage_2366	86.364	22	3	0	11	32	13916	13895	0.76	26.9
Bombella_GCF_018221685.1_spacer_12	virome_phage_2327	86.364	22	3	0	7	28	13747	13726	0.76	26.9
Bombella_GCF_018221685.1_spacer_12	virome_phage_15	83.333	24	4	0	4	27	31965	31942	0.76	26.9
Bombella_GCF_018221685.1_spacer_12	virome_phage_1	78.571	28	6	0	5	32	124672	124699	0.76	26.9
Bombella_GCF_018221685.1_spacer_12	total_phage_930	86.364	22	3	0	4	25	15477	15498	0.76	26.9
Bombella_GCF_018221685.1_spacer_12	total_phage_794	86.364	22	3	0	6	27	21882	21861	0.76	26.9
Bombella_GCF_018221685.1_spacer_12	total_phage_692	86.364	22	3	0	5	26	28392	28413	0.76	26.9
Bombella_GCF_018221685.1_spacer_12	total_phage_658	86.364	22	3	0	5	26	17510	17489	0.76	26.9
Bombella_GCF_018221685.1_spacer_12	total_phage_446	80.769	26	5	0	7	32	2679	2704	0.76	26.9
Bombella_GCF_018221685.1_spacer_12	total_phage_413	90.000	20	2	0	1	20	116253	116234	0.76	26.9
Bombella_GCF_018221685.1_spacer_12	total_phage_362	94.444	18	1	0	3	20	18479	18462	0.76	26.9
Bombella_GCF_018221685.1_spacer_12	total_phage_299	86.364	22	3	0	10	31	31317	31296	0.76	26.9
Bombella_GCF_018221685.1_spacer_12	total_phage_299	86.364	22	3	0	8	29	31535	31514	0.76	26.9
Bombella_GCF_018221685.1_spacer_12	total_phage_242	86.364	22	3	0	6	27	36457	36436	0.76	26.9
Bombella_GCF_018221685.1_spacer_12	total_phage_189	86.364	22	3	0	6	27	27929	27908	0.76	26.9
Bombella_GCF_018221685.1_spacer_12	total_phage_1	86.364	22	3	0	6	27	28898	28877	0.76	26.9
Bombella_GCF_018221685.1_spacer_15	virome_phage_772	76.667	30	7	0	1	30	8696	8725	0.76	26.9
Bombella_GCF_018221685.1_spacer_15	virome_phage_65	94.444	18	1	0	8	25	10131	10114	0.76	26.9
Bombella_GCF_018221685.1_spacer_15	virome_phage_25	83.333	24	4	0	3	26	55532	55555	0.76	26.9
Bombella_GCF_018221685.1_spacer_15	virome_phage_11	90.000	20	2	0	12	31	98788	98807	0.76	26.9
Bombella_GCF_018221685.1_spacer_15	total_phage_299	94.444	18	1	0	7	24	32263	32246	0.76	26.9
Bombella_GCF_018221685.1_spacer_15	total_phage_0	100.000	16	0	0	12	27	2154	2139	0.76	26.9
Bombella_GCF_018221685.1_spacer_16	virome_phage_67	83.333	24	4	0	8	31	10006	10029	0.76	26.9
Bombella_GCF_018221685.1_spacer_16	virome_phage_2291	83.333	24	4	0	9	32	39267	39244	0.76	26.9
Bombella_GCF_018221685.1_spacer_18	virome_phage_741	94.444	18	1	0	1	18	33995	34012	0.76	26.9
Bombella_GCF_018221685.1_spacer_18	total_phage_927	100.000	16	0	0	13	28	229854	229869	0.76	26.9
Bombella_GCF_018221685.1_spacer_19	virome_phage_909	78.571	28	6	0	1	28	6030	6057	0.76	26.9
Bombella_GCF_018221685.1_spacer_19	virome_phage_84	78.571	28	6	0	1	28	35180	35207	0.76	26.9
Bombella_GCF_018221685.1_spacer_19	virome_phage_80	80.769	26	5	0	5	30	1389	1414	0.76	26.9
Bombella_GCF_018221685.1_spacer_19	virome_phage_735	83.333	24	4	0	9	32	32557	32580	0.76	26.9
Bombella_GCF_018221685.1_spacer_19	virome_phage_2372	78.571	28	6	0	1	28	6810	6837	0.76	26.9
Bombella_GCF_018221685.1_spacer_19	virome_phage_2355	78.571	28	6	0	1	28	6717	6744	0.76	26.9
Bombella_GCF_018221685.1_spacer_19	virome_phage_2350	78.571	28	6	0	1	28	2800	2773	0.76	26.9
Bombella_GCF_018221685.1_spacer_19	virome_phage_2347	78.571	28	6	0	1	28	20550	20523	0.76	26.9
Bombella_GCF_018221685.1_spacer_19	virome_phage_2320	83.333	24	4	0	3	26	17748	17771	0.76	26.9
Bombella_GCF_018221685.1_spacer_19	total_phage_808	78.571	28	6	0	1	28	12069	12042	0.76	26.9
Bombella_GCF_018221685.1_spacer_20	virome_phage_55	90.476	21	2	0	7	27	5025	5045	0.25	28.5
Bombella_GCF_018221685.1_spacer_20	virome_phage_794	80.769	26	5	0	1	26	36086	36061	0.76	26.9
Bombella_GCF_018221685.1_spacer_20	virome_phage_43	100.000	16	0	0	10	25	41113	41128	0.76	26.9
Bombella_GCF_018221685.1_spacer_20	virome_phage_2274	86.364	22	3	0	7	28	35054	35033	0.76	26.9
Bombella_GCF_018221685.1_spacer_20	virome_phage_2	80.769	26	5	0	2	27	69145	69170	0.76	26.9
Bombella_GCF_018221685.1_spacer_21	virome_phage_2281	86.957	23	3	0	8	30	38654	38676	0.25	28.5
Bombella_GCF_018221685.1_spacer_21	virome_phage_2295	94.444	18	1	0	2	19	6252	6269	0.76	26.9
Bombella_GCF_018221685.1_spacer_21	total_phage_413	94.444	18	1	0	4	21	38408	38425	0.76	26.9
Bombella_GCF_018221685.1_spacer_21	total_phage_104	83.333	24	4	0	4	27	33102	33079	0.76	26.9
Bombella_GCF_018221685.1_spacer_23	virome_phage_780	94.444	18	1	0	9	26	36566	36549	0.76	26.9
Bombella_GCF_018221685.1_spacer_24	virome_phage_56	82.143	28	5	0	1	28	27065	27092	0.084	30.1
Bombella_GCF_018221685.1_spacer_24	virome_phage_79	80.769	26	5	0	3	28	5123	5098	0.76	26.9
Bombella_GCF_018221685.1_spacer_24	virome_phage_743	75.000	32	8	0	1	32	39086	39117	0.76	26.9
Bombella_GCF_018221685.1_spacer_24	virome_phage_735	100.000	16	0	0	6	21	65518	65503	0.76	26.9
Bombella_GCF_018221685.1_spacer_24	total_phage_294	80.769	26	5	0	3	28	17141	17116	0.76	26.9
Bombella_GCF_018221685.1_spacer_24	total_phage_294	100.000	16	0	0	6	21	53610	53625	0.76	26.9
Bombella_GCF_018221685.1_spacer_25	virome_phage_2255	83.333	24	4	0	1	24	41215	41192	0.76	26.9
Bombella_GCF_018221685.1_spacer_26	virome_phage_5	90.000	20	2	0	7	26	124986	124967	0.76	26.9
Bombella_GCF_018221685.1_spacer_26	total_phage_605	78.571	28	6	0	3	30	11129	11102	0.76	26.9
Bombella_GCF_018221685.1_spacer_26	total_phage_526	78.571	28	6	0	3	30	934	907	0.76	26.9
