Bombella_GCF_002003665.1_spacer_0	virome_phage_2306	83.333	24	4	0	6	29	19056	19033	0.76	26.9
Bombella_GCF_002003665.1_spacer_1	virome_phage_55	87.500	24	3	0	4	27	37718	37695	0.084	30.1
Bombella_GCF_002003665.1_spacer_1	virome_phage_796	90.000	20	2	0	2	21	14490	14471	0.76	26.9
Bombella_GCF_002003665.1_spacer_2	virome_phage_979	87.500	24	3	0	9	32	6258	6235	0.084	30.1
Bombella_GCF_002003665.1_spacer_2	virome_phage_78	90.476	21	2	0	11	31	17416	17396	0.25	28.5
Bombella_GCF_002003665.1_spacer_2	virome_phage_2359	86.957	23	3	0	9	31	17885	17863	0.25	28.5
Bombella_GCF_002003665.1_spacer_2	virome_phage_963	90.000	20	2	0	10	29	9988	10007	0.76	26.9
Bombella_GCF_002003665.1_spacer_2	virome_phage_878	83.333	24	4	0	2	25	9279	9256	0.76	26.9
Bombella_GCF_002003665.1_spacer_2	virome_phage_2400	90.000	20	2	0	10	29	8342	8323	0.76	26.9
Bombella_GCF_002003665.1_spacer_2	virome_phage_2342	86.364	22	3	0	8	29	3626	3647	0.76	26.9
Bombella_GCF_002003665.1_spacer_2	total_phage_92	90.000	20	2	0	10	29	65625	65606	0.76	26.9
Bombella_GCF_002003665.1_spacer_2	total_phage_664	90.000	20	2	0	12	31	19852	19833	0.76	26.9
Bombella_GCF_002003665.1_spacer_2	total_phage_663	90.000	20	2	0	8	27	17933	17952	0.76	26.9
Bombella_GCF_002003665.1_spacer_2	total_phage_637	90.000	20	2	0	8	27	14667	14686	0.76	26.9
Bombella_GCF_002003665.1_spacer_3	virome_phage_2333	94.737	19	1	0	8	26	19247	19265	0.25	28.5
Bombella_GCF_002003665.1_spacer_4	virome_phage_2298	90.000	20	2	0	12	31	44258	44277	0.76	26.9
Bombella_GCF_002003665.1_spacer_5	virome_phage_191	100.000	17	0	0	1	17	14175	14159	0.25	28.5
Bombella_GCF_002003665.1_spacer_5	virome_phage_1006	100.000	17	0	0	1	17	1659	1675	0.25	28.5
Bombella_GCF_002003665.1_spacer_5	total_phage_254	100.000	17	0	0	1	17	14091	14075	0.25	28.5
Bombella_GCF_002003665.1_spacer_5	virome_phage_2298	78.571	28	6	0	1	28	34824	34851	0.76	26.9
Bombella_GCF_002003665.1_spacer_6	virome_phage_769	90.000	20	2	0	1	20	19177	19158	0.76	26.9
Bombella_GCF_002003665.1_spacer_6	virome_phage_2290	90.000	20	2	0	1	20	25410	25391	0.76	26.9
Bombella_GCF_002003665.1_spacer_6	virome_phage_2270	94.444	18	1	0	5	22	28957	28974	0.76	26.9
Bombella_GCF_002003665.1_spacer_9	virome_phage_871	90.476	21	2	0	6	26	26964	26944	0.25	28.5
Bombella_GCF_002003665.1_spacer_9	virome_phage_1	80.769	26	5	0	2	27	221106	221081	0.76	26.9
Bombella_GCF_002003665.1_spacer_10	virome_phage_55	80.000	30	6	0	2	31	27438	27467	0.084	30.1
Bombella_GCF_002003665.1_spacer_10	virome_phage_808	79.310	29	6	0	1	29	20999	21027	0.25	28.5
Bombella_GCF_002003665.1_spacer_10	virome_phage_769	86.957	23	3	0	8	30	26981	27003	0.25	28.5
Bombella_GCF_002003665.1_spacer_10	virome_phage_885	76.667	30	7	0	3	32	314	343	0.76	26.9
Bombella_GCF_002003665.1_spacer_10	virome_phage_740	100.000	16	0	0	8	23	57340	57355	0.76	26.9
Bombella_GCF_002003665.1_spacer_10	virome_phage_2382	80.769	26	5	0	6	31	7976	8001	0.76	26.9
Bombella_GCF_002003665.1_spacer_11	virome_phage_822	90.000	20	2	0	12	31	28407	28426	0.76	26.9
Bombella_GCF_002003665.1_spacer_11	virome_phage_786	86.364	22	3	0	9	30	3222	3243	0.76	26.9
Bombella_GCF_002003665.1_spacer_12	virome_phage_786	94.737	19	1	0	4	22	28212	28194	0.25	28.5
Bombella_GCF_002003665.1_spacer_12	total_phage_737	90.476	21	2	0	7	27	35739	35719	0.25	28.5
Bombella_GCF_002003665.1_spacer_12	total_phage_121	90.476	21	2	0	7	27	8875	8895	0.25	28.5
Bombella_GCF_002003665.1_spacer_12	total_phage_114	90.476	21	2	0	7	27	5759	5779	0.25	28.5
Bombella_GCF_002003665.1_spacer_12	virome_phage_83	94.444	18	1	0	5	22	18524	18507	0.76	26.9
Bombella_GCF_002003665.1_spacer_12	total_phage_362	80.769	26	5	0	6	31	40380	40405	0.76	26.9
Bombella_GCF_002003665.1_spacer_13	virome_phage_79	86.957	23	3	0	6	28	22264	22242	0.25	28.5
Bombella_GCF_002003665.1_spacer_13	virome_phage_2288	86.957	23	3	0	6	28	9915	9937	0.25	28.5
Bombella_GCF_002003665.1_spacer_13	virome_phage_837	94.444	18	1	0	1	18	18739	18756	0.76	26.9
Bombella_GCF_002003665.1_spacer_13	virome_phage_778	80.769	26	5	0	1	26	8703	8728	0.76	26.9
Bombella_GCF_002003665.1_spacer_13	virome_phage_62	83.333	24	4	0	9	32	38406	38383	0.76	26.9
Bombella_GCF_002003665.1_spacer_13	virome_phage_2327	80.769	26	5	0	1	26	2814	2789	0.76	26.9
Bombella_GCF_002003665.1_spacer_13	virome_phage_123	94.444	18	1	0	1	18	19708	19725	0.76	26.9
Bombella_GCF_002003665.1_spacer_13	total_phage_99	83.333	24	4	0	7	30	3396	3419	0.76	26.9
Bombella_GCF_002003665.1_spacer_13	total_phage_692	83.333	24	4	0	5	28	35856	35833	0.76	26.9
Bombella_GCF_002003665.1_spacer_13	total_phage_658	83.333	24	4	0	5	28	10046	10069	0.76	26.9
Bombella_GCF_002003665.1_spacer_15	virome_phage_935	94.444	18	1	0	4	21	14194	14211	0.76	26.9
Bombella_GCF_002003665.1_spacer_15	virome_phage_868	83.333	24	4	0	1	24	8580	8557	0.76	26.9
Bombella_GCF_002003665.1_spacer_16	virome_phage_885	78.571	28	6	0	5	32	20322	20295	0.76	26.9
Bombella_GCF_002003665.1_spacer_16	virome_phage_81	83.333	24	4	0	4	27	1954	1977	0.76	26.9
Bombella_GCF_002003665.1_spacer_16	virome_phage_734	90.000	20	2	0	10	29	163891	163872	0.76	26.9
Bombella_GCF_002003665.1_spacer_16	total_phage_927	83.333	24	4	0	9	32	187204	187227	0.76	26.9
Bombella_GCF_002003665.1_spacer_17	virome_phage_894	84.615	26	4	0	1	26	21178	21153	0.084	30.1
Bombella_GCF_002003665.1_spacer_18	total_phage_927	84.000	25	4	0	5	29	205632	205656	0.25	28.5
Bombella_GCF_002003665.1_spacer_18	virome_phage_1117	94.444	18	1	0	5	22	1614	1631	0.76	26.9
Bombella_GCF_002003665.1_spacer_18	total_phage_445	76.667	30	7	0	1	30	23362	23333	0.76	26.9
Bombella_GCF_002003665.1_spacer_19	total_phage_239	85.185	27	4	0	1	27	10334	10360	0.028	31.7
Bombella_GCF_002003665.1_spacer_19	virome_phage_914	94.444	18	1	0	2	19	925	908	0.76	26.9
Bombella_GCF_002003665.1_spacer_19	virome_phage_894	94.444	18	1	0	1	18	14318	14335	0.76	26.9
Bombella_GCF_002003665.1_spacer_19	total_phage_935	100.000	16	0	0	5	20	5793	5808	0.76	26.9
Bombella_GCF_002003665.1_spacer_19	total_phage_731	90.000	20	2	0	1	20	26309	26328	0.76	26.9
Bombella_GCF_002003665.1_spacer_20	virome_phage_9	80.769	26	5	0	5	30	98066	98091	0.76	26.9
Bombella_GCF_002003665.1_spacer_20	virome_phage_10	90.000	20	2	0	9	28	59428	59447	0.76	26.9
Bombella_GCF_002003665.1_spacer_20	total_phage_730	90.000	20	2	0	9	28	127300	127281	0.76	26.9
Bombella_GCF_002003665.1_spacer_20	total_phage_729	83.333	24	4	0	5	28	153065	153042	0.76	26.9
Bombella_GCF_002003665.1_spacer_21	virome_phage_765	94.444	18	1	0	1	18	46503	46520	0.76	26.9
Bombella_GCF_002003665.1_spacer_22	virome_phage_795	84.615	26	4	0	7	32	25954	25979	0.084	30.1
Bombella_GCF_002003665.1_spacer_22	virome_phage_751	86.364	22	3	0	11	32	7266	7245	0.76	26.9
Bombella_GCF_002003665.1_spacer_22	total_phage_416	90.000	20	2	0	12	31	23475	23456	0.76	26.9
Bombella_GCF_002003665.1_spacer_23	virome_phage_34	90.476	21	2	0	12	32	27025	27045	0.25	28.5
Bombella_GCF_002003665.1_spacer_23	virome_phage_2290	83.333	24	4	0	3	26	32033	32010	0.76	26.9
Bombella_GCF_002003665.1_spacer_24	virome_phage_765	87.500	24	3	0	2	25	20253	20276	0.084	30.1
Bombella_GCF_002003665.1_spacer_24	total_phage_243	83.333	24	4	0	9	32	19348	19371	0.76	26.9
Bombella_GCF_002003665.1_spacer_24	total_phage_125	83.333	24	4	0	9	32	8495	8472	0.76	26.9
Bombella_GCF_002003665.1_spacer_25	virome_phage_821	80.769	26	5	0	1	26	1020	995	0.76	26.9
Bombella_GCF_002003665.1_spacer_25	virome_phage_75	83.333	24	4	0	5	28	17697	17720	0.76	26.9
Bombella_GCF_002003665.1_spacer_25	virome_phage_67	86.364	22	3	0	2	23	25218	25197	0.76	26.9
Bombella_GCF_002003665.1_spacer_25	virome_phage_5	80.769	26	5	0	5	30	102054	102079	0.76	26.9
Bombella_GCF_002003665.1_spacer_25	virome_phage_303	76.667	30	7	0	1	30	10137	10166	0.76	26.9
Bombella_GCF_002003665.1_spacer_25	virome_phage_2401	76.667	30	7	0	1	30	10104	10133	0.76	26.9
Bombella_GCF_002003665.1_spacer_25	virome_phage_107	80.769	26	5	0	1	26	16364	16339	0.76	26.9
Bombella_GCF_002003665.1_spacer_26	virome_phage_196	84.000	25	4	0	1	25	6889	6865	0.25	28.5
Bombella_GCF_002003665.1_spacer_26	virome_phage_736	90.000	20	2	0	7	26	146574	146555	0.76	26.9
Bombella_GCF_002003665.1_spacer_26	virome_phage_7	80.769	26	5	0	7	32	118889	118914	0.76	26.9
Bombella_GCF_002003665.1_spacer_26	virome_phage_181	86.364	22	3	0	7	28	10669	10690	0.76	26.9
Bombella_GCF_002003665.1_spacer_26	total_phage_18	86.364	22	3	0	7	28	10771	10792	0.76	26.9
Bombella_GCF_002003665.1_spacer_27	virome_phage_51	80.000	30	6	0	3	32	33326	33297	0.084	30.1
Bombella_GCF_002003665.1_spacer_27	virome_phage_63	90.476	21	2	0	1	21	35274	35294	0.25	28.5
Bombella_GCF_002003665.1_spacer_27	virome_phage_847	100.000	16	0	0	3	18	13814	13829	0.76	26.9
Bombella_GCF_002003665.1_spacer_27	virome_phage_56	76.667	30	7	0	1	30	23833	23804	0.76	26.9
Bombella_GCF_002003665.1_spacer_28	virome_phage_31	90.000	20	2	0	10	29	20270	20289	0.76	26.9
Bombella_GCF_002003665.1_spacer_29	total_phage_370	90.000	20	2	0	10	29	19789	19808	0.76	26.9
Bombella_GCF_002003665.1_spacer_30	total_phage_927	80.769	26	5	0	7	32	203803	203778	0.76	26.9
Bombella_GCF_002003665.1_spacer_32	virome_phage_783	80.000	30	6	0	2	31	18479	18450	0.084	30.1
Bombella_GCF_002003665.1_spacer_32	virome_phage_7	95.000	20	1	0	9	28	105552	105533	0.084	30.1
Bombella_GCF_002003665.1_spacer_32	virome_phage_7	94.444	18	1	0	3	20	98782	98799	0.76	26.9
Bombella_GCF_002003665.1_spacer_32	total_phage_735	82.143	28	5	0	2	29	7547	7520	0.084	30.1
Bombella_GCF_002003665.1_spacer_32	total_phage_735	86.364	22	3	0	8	29	3645	3624	0.76	26.9
Bombella_GCF_002003665.1_spacer_32	virome_phage_738	84.000	25	4	0	3	27	107698	107674	0.25	28.5
Bombella_GCF_002003665.1_spacer_32	virome_phage_66	84.000	25	4	0	4	28	23235	23211	0.25	28.5
Bombella_GCF_002003665.1_spacer_32	virome_phage_2353	86.957	23	3	0	5	27	18894	18916	0.25	28.5
Bombella_GCF_002003665.1_spacer_32	virome_phage_2329	86.957	23	3	0	10	32	29378	29356	0.25	28.5
Bombella_GCF_002003665.1_spacer_32	total_phage_729	81.481	27	5	0	6	32	58406	58380	0.25	28.5
Bombella_GCF_002003665.1_spacer_32	virome_phage_997	90.000	20	2	0	13	32	14710	14729	0.76	26.9
Bombella_GCF_002003665.1_spacer_32	virome_phage_911	100.000	16	0	0	7	22	15475	15460	0.76	26.9
Bombella_GCF_002003665.1_spacer_32	virome_phage_878	86.364	22	3	0	8	29	13130	13109	0.76	26.9
Bombella_GCF_002003665.1_spacer_32	virome_phage_875	78.571	28	6	0	2	29	6553	6580	0.76	26.9
Bombella_GCF_002003665.1_spacer_32	virome_phage_858	100.000	16	0	0	9	24	6524	6509	0.76	26.9
Bombella_GCF_002003665.1_spacer_32	virome_phage_839	86.364	22	3	0	7	28	3108	3129	0.76	26.9
Bombella_GCF_002003665.1_spacer_32	virome_phage_823	90.000	20	2	0	9	28	173	154	0.76	26.9
Bombella_GCF_002003665.1_spacer_32	virome_phage_785	86.364	22	3	0	7	28	39790	39769	0.76	26.9
Bombella_GCF_002003665.1_spacer_32	virome_phage_778	86.364	22	3	0	8	29	29217	29196	0.76	26.9
Bombella_GCF_002003665.1_spacer_32	virome_phage_760	80.769	26	5	0	7	32	41775	41800	0.76	26.9
Bombella_GCF_002003665.1_spacer_32	virome_phage_748	90.000	20	2	0	2	21	27012	26993	0.76	26.9
Bombella_GCF_002003665.1_spacer_32	virome_phage_745	90.000	20	2	0	6	25	61945	61964	0.76	26.9
Bombella_GCF_002003665.1_spacer_32	virome_phage_32	94.444	18	1	0	8	25	9476	9459	0.76	26.9
Bombella_GCF_002003665.1_spacer_32	virome_phage_32	78.571	28	6	0	5	32	47744	47771	0.76	26.9
Bombella_GCF_002003665.1_spacer_32	virome_phage_2297	100.000	16	0	0	9	24	7733	7748	0.76	26.9
Bombella_GCF_002003665.1_spacer_32	virome_phage_15	86.364	22	3	0	2	23	54299	54320	0.76	26.9
Bombella_GCF_002003665.1_spacer_32	total_phage_935	78.571	28	6	0	2	29	12508	12481	0.76	26.9
Bombella_GCF_002003665.1_spacer_32	total_phage_794	94.444	18	1	0	12	29	12446	12429	0.76	26.9
Bombella_GCF_002003665.1_spacer_32	total_phage_730	90.000	20	2	0	7	26	71335	71316	0.76	26.9
Bombella_GCF_002003665.1_spacer_32	total_phage_692	80.769	26	5	0	4	29	39211	39236	0.76	26.9
Bombella_GCF_002003665.1_spacer_32	total_phage_658	80.769	26	5	0	4	29	6691	6666	0.76	26.9
Bombella_GCF_002003665.1_spacer_32	total_phage_604	83.333	24	4	0	8	31	6989	6966	0.76	26.9
Bombella_GCF_002003665.1_spacer_32	total_phage_416	86.364	22	3	0	8	29	26001	25980	0.76	26.9
Bombella_GCF_002003665.1_spacer_32	total_phage_368	86.364	22	3	0	2	23	21630	21609	0.76	26.9
Bombella_GCF_002003665.1_spacer_32	total_phage_364	78.571	28	6	0	2	29	4477	4504	0.76	26.9
Bombella_GCF_002003665.1_spacer_32	total_phage_304	86.364	22	3	0	6	27	6351	6330	0.76	26.9
Bombella_GCF_002003665.1_spacer_32	total_phage_293	90.000	20	2	0	8	27	4958	4939	0.76	26.9
Bombella_GCF_002003665.1_spacer_32	total_phage_242	94.444	18	1	0	12	29	27043	27026	0.76	26.9
Bombella_GCF_002003665.1_spacer_32	total_phage_239	90.000	20	2	0	8	27	9661	9642	0.76	26.9
Bombella_GCF_002003665.1_spacer_33	virome_phage_845	83.333	24	4	0	5	28	1090	1067	0.76	26.9
Bombella_GCF_002003665.1_spacer_33	virome_phage_820	86.364	22	3	0	5	26	14067	14046	0.76	26.9
Bombella_GCF_002003665.1_spacer_34	total_phage_927	94.444	18	1	0	7	24	261641	261658	0.76	26.9
Bombella_GCF_002003665.1_spacer_35	virome_phage_893	86.364	22	3	0	6	27	20041	20020	0.76	26.9
Bombella_GCF_002003665.1_spacer_35	virome_phage_803	90.000	20	2	0	1	20	37509	37528	0.76	26.9
Bombella_GCF_002003665.1_spacer_35	virome_phage_736	94.444	18	1	0	7	24	12849	12866	0.76	26.9
Bombella_GCF_002003665.1_spacer_35	virome_phage_2255	100.000	16	0	0	9	24	3559	3574	0.76	26.9
Bombella_GCF_002003665.1_spacer_36	total_phage_231	79.310	29	6	0	1	29	48135	48107	0.25	28.5
Bombella_GCF_002003665.1_spacer_36	virome_phage_14	78.571	28	6	0	4	31	49992	50019	0.76	26.9
Bombella_GCF_002003665.1_spacer_36	total_phage_927	76.667	30	7	0	3	32	132029	132000	0.76	26.9
Bombella_GCF_002003665.1_spacer_37	virome_phage_854	80.769	26	5	0	5	30	18626	18651	0.76	26.9
Bombella_GCF_002003665.1_spacer_37	virome_phage_41	86.364	22	3	0	11	32	27320	27341	0.76	26.9
Bombella_GCF_002003665.1_spacer_38	virome_phage_2274	90.000	20	2	0	1	20	29358	29377	0.76	26.9
Bombella_GCF_002003665.1_spacer_38	virome_phage_2	83.333	24	4	0	9	32	109888	109865	0.76	26.9
Bombella_GCF_002003665.1_spacer_39	virome_phage_939	83.333	24	4	0	4	27	10298	10321	0.76	26.9
Bombella_GCF_002003665.1_spacer_39	virome_phage_2286	78.571	28	6	0	2	29	3664	3691	0.76	26.9
Bombella_GCF_002003665.1_spacer_39	total_phage_727	78.571	28	6	0	2	29	16996	16969	0.76	26.9
Bombella_GCF_002003665.1_spacer_39	total_phage_518	78.571	28	6	0	2	29	29206	29179	0.76	26.9
Bombella_GCF_002003665.1_spacer_39	total_phage_413	100.000	16	0	0	11	26	49070	49055	0.76	26.9
Bombella_GCF_002003665.1_spacer_40	total_phage_731	95.000	20	1	0	8	27	135859	135840	0.084	30.1
Bombella_GCF_002003665.1_spacer_40	virome_phage_2270	81.481	27	5	0	5	31	117880	117854	0.25	28.5
Bombella_GCF_002003665.1_spacer_40	total_phage_800	94.737	19	1	0	2	20	29136	29118	0.25	28.5
Bombella_GCF_002003665.1_spacer_40	total_phage_735	84.000	25	4	0	3	27	39031	39007	0.25	28.5
Bombella_GCF_002003665.1_spacer_40	total_phage_368	94.737	19	1	0	2	20	37109	37091	0.25	28.5
Bombella_GCF_002003665.1_spacer_40	virome_phage_91	86.364	22	3	0	2	23	25219	25198	0.76	26.9
Bombella_GCF_002003665.1_spacer_40	virome_phage_903	83.333	24	4	0	3	26	12407	12384	0.76	26.9
Bombella_GCF_002003665.1_spacer_40	virome_phage_894	80.769	26	5	0	1	26	16412	16387	0.76	26.9
Bombella_GCF_002003665.1_spacer_40	virome_phage_868	76.667	30	7	0	3	32	16867	16838	0.76	26.9
Bombella_GCF_002003665.1_spacer_40	virome_phage_746	86.364	22	3	0	8	29	12459	12438	0.76	26.9
Bombella_GCF_002003665.1_spacer_40	virome_phage_743	94.444	18	1	0	6	23	4891	4874	0.76	26.9
Bombella_GCF_002003665.1_spacer_40	virome_phage_7	94.444	18	1	0	2	19	59662	59645	0.76	26.9
Bombella_GCF_002003665.1_spacer_40	total_phage_799	86.364	22	3	0	2	23	8327	8306	0.76	26.9
Bombella_GCF_002003665.1_spacer_41	virome_phage_738	90.000	20	2	0	1	20	46088	46069	0.76	26.9
Bombella_GCF_002003665.1_spacer_41	virome_phage_4	90.000	20	2	0	1	20	50489	50508	0.76	26.9
Bombella_GCF_002003665.1_spacer_41	virome_phage_38	90.000	20	2	0	13	32	38267	38286	0.76	26.9
Bombella_GCF_002003665.1_spacer_41	virome_phage_2293	86.364	22	3	0	5	26	21656	21677	0.76	26.9
Bombella_GCF_002003665.1_spacer_42	virome_phage_2301	94.444	18	1	0	14	31	27180	27163	0.76	26.9
Bombella_GCF_002003665.1_spacer_43	virome_phage_32	84.000	25	4	0	8	32	9960	9936	0.25	28.5
Bombella_GCF_002003665.1_spacer_43	virome_phage_756	90.000	20	2	0	9	28	45299	45318	0.76	26.9
Bombella_GCF_002003665.1_spacer_43	virome_phage_2292	78.571	28	6	0	2	29	19265	19238	0.76	26.9
Bombella_GCF_002003665.1_spacer_44	virome_phage_1	81.250	32	6	0	1	32	46931	46962	0.009	33.3
Bombella_GCF_002003665.1_spacer_44	virome_phage_1	91.667	24	2	0	9	32	46965	46942	0.009	33.3
Bombella_GCF_002003665.1_spacer_44	virome_phage_2269	86.957	23	3	0	8	30	97501	97523	0.25	28.5
Bombella_GCF_002003665.1_spacer_44	virome_phage_781	83.333	24	4	0	9	32	27011	26988	0.76	26.9
Bombella_GCF_002003665.1_spacer_44	virome_phage_755	83.333	24	4	0	9	32	44216	44239	0.76	26.9
Bombella_GCF_002003665.1_spacer_44	virome_phage_172	94.444	18	1	0	14	31	9222	9239	0.76	26.9
Bombella_GCF_002003665.1_spacer_45	total_phage_731	83.333	24	4	0	2	25	100407	100430	0.76	26.9
Bombella_GCF_002003665.1_spacer_46	total_phage_413	91.667	24	2	0	9	32	88690	88667	0.009	33.3
Bombella_GCF_002003665.1_spacer_46	virome_phage_2327	91.304	23	2	0	3	25	8018	8040	0.028	31.7
Bombella_GCF_002003665.1_spacer_46	virome_phage_2278	95.000	20	1	0	8	27	3863	3844	0.084	30.1
Bombella_GCF_002003665.1_spacer_46	virome_phage_7	86.957	23	3	0	5	27	123725	123747	0.25	28.5
Bombella_GCF_002003665.1_spacer_46	virome_phage_2522	86.957	23	3	0	5	27	5592	5570	0.25	28.5
Bombella_GCF_002003665.1_spacer_46	total_phage_518	100.000	17	0	0	11	27	7376	7392	0.25	28.5
Bombella_GCF_002003665.1_spacer_46	virome_phage_88	100.000	16	0	0	2	17	10443	10428	0.76	26.9
Bombella_GCF_002003665.1_spacer_46	virome_phage_800	100.000	16	0	0	2	17	9520	9505	0.76	26.9
Bombella_GCF_002003665.1_spacer_46	virome_phage_754	90.000	20	2	0	4	23	60350	60369	0.76	26.9
Bombella_GCF_002003665.1_spacer_46	virome_phage_742	78.571	28	6	0	1	28	96162	96189	0.76	26.9
Bombella_GCF_002003665.1_spacer_46	virome_phage_47	86.364	22	3	0	10	31	17773	17752	0.76	26.9
Bombella_GCF_002003665.1_spacer_46	virome_phage_2342	83.333	24	4	0	4	27	14162	14185	0.76	26.9
Bombella_GCF_002003665.1_spacer_46	total_phage_796	100.000	16	0	0	2	17	4265	4280	0.76	26.9
Bombella_GCF_002003665.1_spacer_46	total_phage_729	90.000	20	2	0	9	28	55111	55092	0.76	26.9
Bombella_GCF_002003665.1_spacer_46	total_phage_666	90.000	20	2	0	8	27	5250	5231	0.76	26.9
Bombella_GCF_002003665.1_spacer_46	total_phage_639	90.000	20	2	0	8	27	18771	18790	0.76	26.9
Bombella_GCF_002003665.1_spacer_46	total_phage_605	94.444	18	1	0	3	20	1930	1947	0.76	26.9
Bombella_GCF_002003665.1_spacer_46	total_phage_231	83.333	24	4	0	8	31	40067	40044	0.76	26.9
Bombella_GCF_002003665.1_spacer_47	virome_phage_734	87.500	24	3	0	8	31	56328	56305	0.084	30.1
Bombella_GCF_002003665.1_spacer_47	virome_phage_734	81.481	27	5	0	4	30	229042	229068	0.25	28.5
Bombella_GCF_002003665.1_spacer_47	virome_phage_974	79.310	29	6	0	3	31	15112	15084	0.25	28.5
Bombella_GCF_002003665.1_spacer_47	virome_phage_824	79.310	29	6	0	2	30	21923	21895	0.25	28.5
Bombella_GCF_002003665.1_spacer_47	virome_phage_28	86.957	23	3	0	3	25	54111	54133	0.25	28.5
Bombella_GCF_002003665.1_spacer_47	virome_phage_2388	90.476	21	2	0	2	22	14574	14594	0.25	28.5
Bombella_GCF_002003665.1_spacer_47	virome_phage_160	86.957	23	3	0	1	23	4500	4478	0.25	28.5
Bombella_GCF_002003665.1_spacer_47	total_phage_803	90.476	21	2	0	6	26	16751	16771	0.25	28.5
Bombella_GCF_002003665.1_spacer_47	total_phage_731	79.310	29	6	0	4	32	77615	77587	0.25	28.5
Bombella_GCF_002003665.1_spacer_47	virome_phage_925	78.571	28	6	0	3	30	13431	13404	0.76	26.9
Bombella_GCF_002003665.1_spacer_47	virome_phage_858	90.000	20	2	0	7	26	1116	1097	0.76	26.9
Bombella_GCF_002003665.1_spacer_47	virome_phage_79	100.000	16	0	0	13	28	226	211	0.76	26.9
Bombella_GCF_002003665.1_spacer_47	virome_phage_778	78.571	28	6	0	2	29	16043	16016	0.76	26.9
Bombella_GCF_002003665.1_spacer_47	virome_phage_2496	83.333	24	4	0	9	32	2232	2209	0.76	26.9
Bombella_GCF_002003665.1_spacer_47	virome_phage_2297	90.000	20	2	0	7	26	11900	11919	0.76	26.9
Bombella_GCF_002003665.1_spacer_47	virome_phage_2288	100.000	16	0	0	13	28	31957	31972	0.76	26.9
Bombella_GCF_002003665.1_spacer_47	virome_phage_2269	86.364	22	3	0	10	31	37071	37092	0.76	26.9
Bombella_GCF_002003665.1_spacer_47	virome_phage_127	100.000	16	0	0	13	28	14247	14262	0.76	26.9
Bombella_GCF_002003665.1_spacer_47	virome_phage_1	80.769	26	5	0	5	30	30036	30011	0.76	26.9
Bombella_GCF_002003665.1_spacer_47	virome_phage_1	90.000	20	2	0	3	22	130095	130114	0.76	26.9
Bombella_GCF_002003665.1_spacer_47	total_phage_604	83.333	24	4	0	6	29	5396	5373	0.76	26.9
Bombella_GCF_002003665.1_spacer_47	total_phage_233	100.000	16	0	0	13	28	78736	78721	0.76	26.9
Bombella_GCF_002003665.1_spacer_47	total_phage_105	90.000	20	2	0	6	25	8844	8825	0.76	26.9
Bombella_GCF_002003665.1_spacer_48	virome_phage_736	94.444	18	1	0	4	21	154335	154318	0.76	26.9
Bombella_GCF_002003665.1_spacer_48	virome_phage_2312	90.000	20	2	0	8	27	35592	35611	0.76	26.9
Bombella_GCF_002003665.1_spacer_49	virome_phage_43	90.000	20	2	0	13	32	18197	18216	0.76	26.9
Bombella_GCF_002003665.1_spacer_49	virome_phage_2281	94.444	18	1	0	11	28	1053	1070	0.76	26.9
Bombella_GCF_002003665.1_spacer_50	virome_phage_1063	90.476	21	2	0	12	32	11185	11205	0.25	28.5
Bombella_GCF_002003665.1_spacer_51	virome_phage_734	94.737	19	1	0	1	19	12531	12549	0.25	28.5
Bombella_GCF_002003665.1_spacer_51	virome_phage_734	94.737	19	1	0	9	27	236813	236831	0.25	28.5
Bombella_GCF_002003665.1_spacer_51	virome_phage_734	90.000	20	2	0	4	23	190169	190150	0.76	26.9
Bombella_GCF_002003665.1_spacer_51	virome_phage_5	86.364	22	3	0	1	22	120925	120946	0.76	26.9
Bombella_GCF_002003665.1_spacer_51	total_phage_734	83.333	24	4	0	2	25	32422	32445	0.76	26.9
Bombella_GCF_002003665.1_spacer_51	total_phage_418	94.444	18	1	0	2	19	27853	27870	0.76	26.9
Bombella_GCF_002003665.1_spacer_52	virome_phage_9	86.364	22	3	0	1	22	118007	118028	0.76	26.9
Bombella_GCF_002003665.1_spacer_52	virome_phage_884	86.364	22	3	0	1	22	24294	24315	0.76	26.9
Bombella_GCF_002003665.1_spacer_52	virome_phage_49	80.769	26	5	0	3	28	29476	29451	0.76	26.9
Bombella_GCF_002003665.1_spacer_52	virome_phage_2359	83.333	24	4	0	1	24	21218	21241	0.76	26.9
Bombella_GCF_002003665.1_spacer_52	virome_phage_2357	78.571	28	6	0	2	29	3148	3121	0.76	26.9
Bombella_GCF_002003665.1_spacer_52	total_phage_927	83.333	24	4	0	7	30	193233	193256	0.76	26.9
Bombella_GCF_002003665.1_spacer_52	total_phage_797	86.364	22	3	0	4	25	4850	4829	0.76	26.9
Bombella_GCF_002003665.1_spacer_52	total_phage_371	86.364	22	3	0	4	25	20877	20898	0.76	26.9
Bombella_GCF_002003665.1_spacer_52	total_phage_360	86.364	22	3	0	4	25	10290	10269	0.76	26.9
Bombella_GCF_002003665.1_spacer_52	total_phage_245	86.364	22	3	0	4	25	24218	24239	0.76	26.9
Bombella_GCF_002003665.1_spacer_53	virome_phage_23	78.571	28	6	0	4	31	46547	46520	0.76	26.9
Bombella_GCF_002003665.1_spacer_54	virome_phage_1	94.737	19	1	0	1	19	209367	209349	0.25	28.5
Bombella_GCF_002003665.1_spacer_54	virome_phage_8	90.000	20	2	0	11	30	66006	65987	0.76	26.9
Bombella_GCF_002003665.1_spacer_54	virome_phage_2914	94.444	18	1	0	15	32	3929	3912	0.76	26.9
Bombella_GCF_002003665.1_spacer_55	virome_phage_770	85.185	27	4	0	3	29	28801	28775	0.028	31.7
Bombella_GCF_002003665.1_spacer_55	virome_phage_96	86.364	22	3	0	1	22	5593	5572	0.76	26.9
Bombella_GCF_002003665.1_spacer_55	total_phage_926	76.667	30	7	0	1	30	19374	19403	0.76	26.9
Bombella_GCF_002003665.1_spacer_57	virome_phage_2385	90.000	20	2	0	2	21	3266	3285	0.76	26.9
Bombella_GCF_002003665.1_spacer_58	virome_phage_81	86.364	22	3	0	6	27	24151	24172	0.76	26.9
Bombella_GCF_002003665.1_spacer_58	virome_phage_2320	86.364	22	3	0	6	27	23935	23956	0.76	26.9
Bombella_GCF_002003665.1_spacer_58	virome_phage_2306	100.000	16	0	0	5	20	33048	33063	0.76	26.9
Bombella_GCF_002003665.1_spacer_59	total_phage_927	80.769	26	5	0	2	27	236232	236257	0.76	26.9
