Bombella_GCF_009362775.1_spacer_0	virome_phage_56	75.000	32	8	0	1	32	42030	42061	0.76	26.9
Bombella_GCF_009362775.1_spacer_1	total_phage_116	95.000	20	1	0	13	32	13700	13681	0.084	30.1
Bombella_GCF_009362775.1_spacer_1	virome_phage_2	86.957	23	3	0	1	23	156960	156982	0.25	28.5
Bombella_GCF_009362775.1_spacer_1	virome_phage_86	90.000	20	2	0	13	32	28367	28386	0.76	26.9
Bombella_GCF_009362775.1_spacer_1	virome_phage_769	86.364	22	3	0	10	31	29776	29755	0.76	26.9
Bombella_GCF_009362775.1_spacer_1	virome_phage_158	90.000	20	2	0	2	21	5091	5072	0.76	26.9
Bombella_GCF_009362775.1_spacer_3	virome_phage_68	90.909	22	2	0	1	22	22143	22122	0.084	30.1
Bombella_GCF_009362775.1_spacer_3	virome_phage_838	80.769	26	5	0	1	26	5570	5545	0.76	26.9
Bombella_GCF_009362775.1_spacer_3	virome_phage_12	90.000	20	2	0	4	23	80577	80558	0.76	26.9
Bombella_GCF_009362775.1_spacer_3	virome_phage_11	94.444	18	1	0	8	25	39010	38993	0.76	26.9
Bombella_GCF_009362775.1_spacer_4	virome_phage_104	81.481	27	5	0	2	28	5509	5483	0.25	28.5
Bombella_GCF_009362775.1_spacer_4	virome_phage_814	100.000	16	0	0	16	31	4617	4632	0.76	26.9
Bombella_GCF_009362775.1_spacer_4	virome_phage_2912	100.000	16	0	0	14	29	20248	20233	0.76	26.9
Bombella_GCF_009362775.1_spacer_5	virome_phage_895	83.333	24	4	0	4	27	20802	20779	0.76	26.9
Bombella_GCF_009362775.1_spacer_5	total_phage_95	90.000	20	2	0	13	32	98119	98138	0.76	26.9
Bombella_GCF_009362775.1_spacer_5	total_phage_926	100.000	16	0	0	10	25	9661	9646	0.76	26.9
Bombella_GCF_009362775.1_spacer_6	virome_phage_827	80.000	30	6	0	1	30	9042	9071	0.084	30.1
Bombella_GCF_009362775.1_spacer_6	virome_phage_794	90.000	20	2	0	3	22	4954	4935	0.76	26.9
Bombella_GCF_009362775.1_spacer_6	virome_phage_765	86.364	22	3	0	3	24	23478	23457	0.76	26.9
Bombella_GCF_009362775.1_spacer_7	virome_phage_86	86.364	22	3	0	2	23	1513	1492	0.76	26.9
Bombella_GCF_009362775.1_spacer_7	virome_phage_84	86.364	22	3	0	2	23	1863	1842	0.76	26.9
Bombella_GCF_009362775.1_spacer_7	total_phage_95	83.333	24	4	0	9	32	54202	54179	0.76	26.9
Bombella_GCF_009362775.1_spacer_8	virome_phage_55	87.500	24	3	0	5	28	42941	42964	0.084	30.1
Bombella_GCF_009362775.1_spacer_8	virome_phage_849	100.000	17	0	0	16	32	15259	15243	0.25	28.5
Bombella_GCF_009362775.1_spacer_8	virome_phage_795	86.957	23	3	0	9	31	3992	4014	0.25	28.5
Bombella_GCF_009362775.1_spacer_8	virome_phage_812	83.333	24	4	0	5	28	32420	32443	0.76	26.9
Bombella_GCF_009362775.1_spacer_8	virome_phage_740	83.333	24	4	0	9	32	25918	25895	0.76	26.9
Bombella_GCF_009362775.1_spacer_8	virome_phage_736	86.364	22	3	0	6	27	151061	151040	0.76	26.9
Bombella_GCF_009362775.1_spacer_8	virome_phage_2274	90.000	20	2	0	8	27	13317	13336	0.76	26.9
Bombella_GCF_009362775.1_spacer_8	total_phage_2	86.364	22	3	0	4	25	6314	6293	0.76	26.9
Bombella_GCF_009362775.1_spacer_9	virome_phage_86	91.304	23	2	0	8	30	8908	8886	0.028	31.7
Bombella_GCF_009362775.1_spacer_9	total_phage_790	87.500	24	3	0	8	31	19610	19633	0.084	30.1
Bombella_GCF_009362775.1_spacer_9	total_phage_790	78.571	28	6	0	5	32	7845	7872	0.76	26.9
Bombella_GCF_009362775.1_spacer_9	virome_phage_2382	77.419	31	7	0	1	31	4647	4617	0.25	28.5
Bombella_GCF_009362775.1_spacer_9	virome_phage_816	86.364	22	3	0	2	23	14378	14357	0.76	26.9
Bombella_GCF_009362775.1_spacer_9	virome_phage_753	83.333	24	4	0	2	25	9009	9032	0.76	26.9
Bombella_GCF_009362775.1_spacer_9	virome_phage_68	100.000	16	0	0	4	19	26479	26464	0.76	26.9
Bombella_GCF_009362775.1_spacer_9	virome_phage_26	86.364	22	3	0	2	23	24326	24305	0.76	26.9
Bombella_GCF_009362775.1_spacer_9	virome_phage_2389	86.364	22	3	0	11	32	10643	10622	0.76	26.9
Bombella_GCF_009362775.1_spacer_9	virome_phage_2281	94.444	18	1	0	3	20	9802	9819	0.76	26.9
Bombella_GCF_009362775.1_spacer_11	virome_phage_46	100.000	16	0	0	11	26	39097	39082	0.76	26.9
Bombella_GCF_009362775.1_spacer_11	total_phage_793	94.444	18	1	0	13	30	7399	7416	0.76	26.9
Bombella_GCF_009362775.1_spacer_12	virome_phage_2275	84.615	26	4	0	4	29	2124	2149	0.084	30.1
Bombella_GCF_009362775.1_spacer_12	virome_phage_2235	80.000	30	6	0	1	30	31388	31359	0.084	30.1
Bombella_GCF_009362775.1_spacer_12	virome_phage_862	94.444	18	1	0	10	27	699	716	0.76	26.9
Bombella_GCF_009362775.1_spacer_12	virome_phage_734	100.000	16	0	0	1	16	252482	252467	0.76	26.9
Bombella_GCF_009362775.1_spacer_12	virome_phage_193	94.444	18	1	0	10	27	2786	2803	0.76	26.9
Bombella_GCF_009362775.1_spacer_13	virome_phage_2270	100.000	16	0	0	6	21	92747	92732	0.76	26.9
Bombella_GCF_009362775.1_spacer_14	virome_phage_2913	77.419	31	7	0	1	31	19755	19725	0.25	28.5
Bombella_GCF_009362775.1_spacer_14	virome_phage_782	86.364	22	3	0	5	26	42410	42389	0.76	26.9
Bombella_GCF_009362775.1_spacer_14	total_phage_803	80.769	26	5	0	3	28	10958	10933	0.76	26.9
Bombella_GCF_009362775.1_spacer_15	virome_phage_741	79.310	29	6	0	4	32	26737	26765	0.25	28.5
Bombella_GCF_009362775.1_spacer_16	virome_phage_824	83.333	24	4	0	2	25	25955	25978	0.76	26.9
Bombella_GCF_009362775.1_spacer_17	virome_phage_109	84.615	26	4	0	3	28	2421	2396	0.084	30.1
Bombella_GCF_009362775.1_spacer_17	virome_phage_788	84.000	25	4	0	4	28	8563	8539	0.25	28.5
Bombella_GCF_009362775.1_spacer_17	virome_phage_909	100.000	16	0	0	1	16	10963	10948	0.76	26.9
Bombella_GCF_009362775.1_spacer_17	virome_phage_2346	80.769	26	5	0	6	31	8812	8787	0.76	26.9
Bombella_GCF_009362775.1_spacer_18	virome_phage_856	90.476	21	2	0	5	25	5382	5362	0.25	28.5
Bombella_GCF_009362775.1_spacer_18	virome_phage_2325	80.769	26	5	0	4	29	4778	4803	0.76	26.9
Bombella_GCF_009362775.1_spacer_18	virome_phage_16	86.364	22	3	0	6	27	82759	82738	0.76	26.9
Bombella_GCF_009362775.1_spacer_18	total_phage_368	90.000	20	2	0	1	20	15219	15238	0.76	26.9
Bombella_GCF_009362775.1_spacer_20	virome_phage_817	94.737	19	1	0	3	21	38163	38145	0.25	28.5
Bombella_GCF_009362775.1_spacer_20	virome_phage_21	86.957	23	3	0	5	27	57225	57247	0.25	28.5
Bombella_GCF_009362775.1_spacer_20	virome_phage_843	83.333	24	4	0	5	28	31563	31586	0.76	26.9
Bombella_GCF_009362775.1_spacer_20	virome_phage_792	90.000	20	2	0	3	22	38059	38040	0.76	26.9
Bombella_GCF_009362775.1_spacer_20	virome_phage_776	90.000	20	2	0	3	22	23139	23158	0.76	26.9
Bombella_GCF_009362775.1_spacer_20	virome_phage_745	86.364	22	3	0	1	22	6570	6591	0.76	26.9
Bombella_GCF_009362775.1_spacer_20	virome_phage_59	90.000	20	2	0	11	30	19397	19378	0.76	26.9
Bombella_GCF_009362775.1_spacer_20	total_phage_803	90.000	20	2	0	3	22	24112	24093	0.76	26.9
Bombella_GCF_009362775.1_spacer_20	total_phage_418	94.444	18	1	0	4	21	11395	11378	0.76	26.9
Bombella_GCF_009362775.1_spacer_20	total_phage_414	90.000	20	2	0	2	21	49851	49870	0.76	26.9
Bombella_GCF_009362775.1_spacer_21	virome_phage_818	90.000	20	2	0	13	32	34699	34680	0.76	26.9
Bombella_GCF_009362775.1_spacer_21	virome_phage_774	86.364	22	3	0	2	23	27320	27341	0.76	26.9
Bombella_GCF_009362775.1_spacer_21	virome_phage_72	94.444	18	1	0	9	26	18699	18716	0.76	26.9
Bombella_GCF_009362775.1_spacer_21	virome_phage_55	83.333	24	4	0	2	25	24900	24923	0.76	26.9
Bombella_GCF_009362775.1_spacer_21	virome_phage_2270	90.000	20	2	0	12	31	110070	110089	0.76	26.9
Bombella_GCF_009362775.1_spacer_22	virome_phage_772	77.419	31	7	0	1	31	20151	20121	0.25	28.5
Bombella_GCF_009362775.1_spacer_22	virome_phage_2295	90.476	21	2	0	3	23	31789	31809	0.25	28.5
Bombella_GCF_009362775.1_spacer_22	virome_phage_22	76.667	30	7	0	3	32	27589	27618	0.76	26.9
Bombella_GCF_009362775.1_spacer_23	virome_phage_855	80.769	26	5	0	3	28	15943	15918	0.76	26.9
Bombella_GCF_009362775.1_spacer_25	virome_phage_773	81.481	27	5	0	1	27	4835	4809	0.25	28.5
Bombella_GCF_009362775.1_spacer_25	virome_phage_2914	90.000	20	2	0	5	24	18979	18998	0.76	26.9
Bombella_GCF_009362775.1_spacer_25	total_phage_95	80.769	26	5	0	4	29	51115	51140	0.76	26.9
Bombella_GCF_009362775.1_spacer_26	virome_phage_854	84.000	25	4	0	8	32	15429	15453	0.25	28.5
Bombella_GCF_009362775.1_spacer_26	virome_phage_747	78.571	28	6	0	5	32	38465	38438	0.76	26.9
Bombella_GCF_009362775.1_spacer_26	virome_phage_2254	94.444	18	1	0	6	23	35864	35847	0.76	26.9
Bombella_GCF_009362775.1_spacer_26	virome_phage_2238	94.444	18	1	0	6	23	17378	17361	0.76	26.9
Bombella_GCF_009362775.1_spacer_26	virome_phage_18	78.571	28	6	0	5	32	7232	7205	0.76	26.9
Bombella_GCF_009362775.1_spacer_27	virome_phage_762	86.957	23	3	0	9	31	4834	4812	0.25	28.5
Bombella_GCF_009362775.1_spacer_27	virome_phage_51	90.476	21	2	0	1	21	30975	30995	0.25	28.5
Bombella_GCF_009362775.1_spacer_27	virome_phage_808	80.769	26	5	0	2	27	1900	1925	0.76	26.9
Bombella_GCF_009362775.1_spacer_27	virome_phage_2339	100.000	16	0	0	15	30	18186	18171	0.76	26.9
Bombella_GCF_009362775.1_spacer_27	virome_phage_2	76.667	30	7	0	1	30	99622	99593	0.76	26.9
Bombella_GCF_009362775.1_spacer_27	total_phage_100	100.000	16	0	0	15	30	1190	1205	0.76	26.9
Bombella_GCF_009362775.1_spacer_28	virome_phage_2913	84.000	25	4	0	3	27	30690	30666	0.25	28.5
Bombella_GCF_009362775.1_spacer_28	virome_phage_2313	76.667	30	7	0	1	30	3995	3966	0.76	26.9
Bombella_GCF_009362775.1_spacer_28	total_phage_95	90.000	20	2	0	6	25	67010	67029	0.76	26.9
Bombella_GCF_009362775.1_spacer_29	virome_phage_758	79.310	29	6	0	3	31	48945	48917	0.25	28.5
Bombella_GCF_009362775.1_spacer_29	total_phage_790	90.476	21	2	0	5	25	94	114	0.25	28.5
Bombella_GCF_009362775.1_spacer_29	total_phage_790	86.364	22	3	0	3	24	85782	85803	0.76	26.9
Bombella_GCF_009362775.1_spacer_29	virome_phage_871	94.444	18	1	0	6	23	19627	19644	0.76	26.9
Bombella_GCF_009362775.1_spacer_29	virome_phage_2274	75.000	32	8	0	1	32	17957	17988	0.76	26.9
Bombella_GCF_009362775.1_spacer_29	total_phage_297	86.364	22	3	0	1	22	21998	22019	0.76	26.9
Bombella_GCF_009362775.1_spacer_29	total_phage_240	75.000	32	8	0	1	32	21602	21633	0.76	26.9
Bombella_GCF_009362775.1_spacer_30	total_phage_729	82.759	29	5	0	2	30	98989	98961	0.028	31.7
Bombella_GCF_009362775.1_spacer_30	total_phage_99	84.615	26	4	0	7	32	19638	19663	0.084	30.1
Bombella_GCF_009362775.1_spacer_30	virome_phage_2254	94.737	19	1	0	5	23	33048	33066	0.25	28.5
Bombella_GCF_009362775.1_spacer_30	virome_phage_2238	94.737	19	1	0	5	23	14563	14581	0.25	28.5
Bombella_GCF_009362775.1_spacer_30	virome_phage_15	94.737	19	1	0	1	19	130	148	0.25	28.5
Bombella_GCF_009362775.1_spacer_30	total_phage_788	84.000	25	4	0	6	30	32812	32836	0.25	28.5
Bombella_GCF_009362775.1_spacer_30	total_phage_437	81.481	27	5	0	3	29	22437	22463	0.25	28.5
Bombella_GCF_009362775.1_spacer_30	virome_phage_913	80.769	26	5	0	2	27	1817	1792	0.76	26.9
Bombella_GCF_009362775.1_spacer_30	virome_phage_866	80.769	26	5	0	5	30	18391	18416	0.76	26.9
Bombella_GCF_009362775.1_spacer_30	virome_phage_865	76.667	30	7	0	3	32	27025	26996	0.76	26.9
Bombella_GCF_009362775.1_spacer_30	virome_phage_815	86.364	22	3	0	3	24	34369	34390	0.76	26.9
Bombella_GCF_009362775.1_spacer_30	virome_phage_778	75.000	32	8	0	1	32	42236	42267	0.76	26.9
Bombella_GCF_009362775.1_spacer_30	virome_phage_2407	80.769	26	5	0	5	30	3118	3143	0.76	26.9
Bombella_GCF_009362775.1_spacer_30	virome_phage_2270	78.571	28	6	0	1	28	208773	208746	0.76	26.9
Bombella_GCF_009362775.1_spacer_30	virome_phage_2260	86.364	22	3	0	8	29	3856	3835	0.76	26.9
Bombella_GCF_009362775.1_spacer_30	virome_phage_2255	100.000	16	0	0	2	17	18975	18960	0.76	26.9
Bombella_GCF_009362775.1_spacer_30	virome_phage_191	90.000	20	2	0	13	32	8672	8691	0.76	26.9
Bombella_GCF_009362775.1_spacer_30	virome_phage_116	86.364	22	3	0	2	23	14853	14832	0.76	26.9
Bombella_GCF_009362775.1_spacer_30	total_phage_92	86.364	22	3	0	9	30	102672	102693	0.76	26.9
Bombella_GCF_009362775.1_spacer_30	total_phage_696	90.000	20	2	0	2	21	16680	16661	0.76	26.9
Bombella_GCF_009362775.1_spacer_30	total_phage_655	90.000	20	2	0	2	21	29115	29096	0.76	26.9
Bombella_GCF_009362775.1_spacer_30	total_phage_636	78.571	28	6	0	2	29	29756	29729	0.76	26.9
Bombella_GCF_009362775.1_spacer_30	total_phage_600	90.000	20	2	0	2	21	21445	21426	0.76	26.9
Bombella_GCF_009362775.1_spacer_30	total_phage_520	90.000	20	2	0	2	21	3989	4008	0.76	26.9
Bombella_GCF_009362775.1_spacer_30	total_phage_415	83.333	24	4	0	4	27	22887	22910	0.76	26.9
Bombella_GCF_009362775.1_spacer_30	total_phage_254	90.000	20	2	0	13	32	8588	8607	0.76	26.9
Bombella_GCF_009362775.1_spacer_30	total_phage_231	86.364	22	3	0	9	30	68346	68325	0.76	26.9
Bombella_GCF_009362775.1_spacer_30	total_phage_111	86.364	22	3	0	3	24	37272	37293	0.76	26.9
Bombella_GCF_009362775.1_spacer_30	total_phage_111	86.364	22	3	0	3	24	77514	77535	0.76	26.9
Bombella_GCF_009362775.1_spacer_31	virome_phage_833	90.909	22	2	0	11	32	10389	10368	0.084	30.1
Bombella_GCF_009362775.1_spacer_31	virome_phage_67	78.125	32	7	0	1	32	535	504	0.084	30.1
Bombella_GCF_009362775.1_spacer_31	virome_phage_2313	78.571	28	6	0	1	28	34687	34714	0.76	26.9
Bombella_GCF_009362775.1_spacer_32	virome_phage_819	87.500	24	3	0	9	32	1935	1958	0.084	30.1
Bombella_GCF_009362775.1_spacer_32	virome_phage_81	87.500	24	3	0	9	32	35441	35418	0.084	30.1
Bombella_GCF_009362775.1_spacer_32	virome_phage_2320	87.500	24	3	0	9	32	35239	35216	0.084	30.1
Bombella_GCF_009362775.1_spacer_32	virome_phage_909	81.481	27	5	0	1	27	8899	8925	0.25	28.5
Bombella_GCF_009362775.1_spacer_32	virome_phage_831	86.957	23	3	0	9	31	1764	1786	0.25	28.5
Bombella_GCF_009362775.1_spacer_32	virome_phage_822	86.957	23	3	0	9	31	35272	35250	0.25	28.5
Bombella_GCF_009362775.1_spacer_32	virome_phage_2402	84.000	25	4	0	5	29	4397	4373	0.25	28.5
Bombella_GCF_009362775.1_spacer_32	virome_phage_2296	79.310	29	6	0	2	30	10714	10742	0.25	28.5
Bombella_GCF_009362775.1_spacer_32	virome_phage_2274	86.957	23	3	0	9	31	39729	39751	0.25	28.5
Bombella_GCF_009362775.1_spacer_32	virome_phage_2274	83.333	24	4	0	9	32	1986	2009	0.76	26.9
Bombella_GCF_009362775.1_spacer_32	virome_phage_786	78.571	28	6	0	3	30	16973	16946	0.76	26.9
Bombella_GCF_009362775.1_spacer_32	virome_phage_771	86.364	22	3	0	3	24	3828	3807	0.76	26.9
Bombella_GCF_009362775.1_spacer_32	virome_phage_151	86.364	22	3	0	6	27	15868	15889	0.76	26.9
Bombella_GCF_009362775.1_spacer_32	total_phage_95	83.333	24	4	0	1	24	76148	76171	0.76	26.9
Bombella_GCF_009362775.1_spacer_33	virome_phage_34	100.000	18	0	0	1	18	21371	21388	0.084	30.1
Bombella_GCF_009362775.1_spacer_33	total_phage_524	77.419	31	7	0	2	32	16482	16452	0.25	28.5
Bombella_GCF_009362775.1_spacer_33	virome_phage_2285	94.444	18	1	0	1	18	39279	39262	0.76	26.9
Bombella_GCF_009362775.1_spacer_33	total_phage_790	78.571	28	6	0	4	31	4979	5006	0.76	26.9
Bombella_GCF_009362775.1_spacer_34	virome_phage_63	78.571	28	6	0	4	31	25910	25937	0.76	26.9
Bombella_GCF_009362775.1_spacer_34	virome_phage_38	86.364	22	3	0	1	22	9437	9458	0.76	26.9
Bombella_GCF_009362775.1_spacer_35	virome_phage_827	78.571	28	6	0	4	31	15580	15607	0.76	26.9
Bombella_GCF_009362775.1_spacer_35	virome_phage_52	86.364	22	3	0	11	32	27955	27934	0.76	26.9
Bombella_GCF_009362775.1_spacer_35	total_phage_369	94.444	18	1	0	15	32	10809	10792	0.76	26.9
Bombella_GCF_009362775.1_spacer_35	total_phage_246	90.000	20	2	0	10	29	9383	9364	0.76	26.9
Bombella_GCF_009362775.1_spacer_35	total_phage_116	94.444	18	1	0	15	32	1285	1302	0.76	26.9
Bombella_GCF_009362775.1_spacer_35	total_phage_115	94.444	18	1	0	15	32	25093	25076	0.76	26.9
Bombella_GCF_009362775.1_spacer_36	virome_phage_2333	90.000	20	2	0	4	23	2805	2786	0.76	26.9
Bombella_GCF_009362775.1_spacer_37	virome_phage_787	90.909	22	2	0	7	28	26283	26304	0.084	30.1
Bombella_GCF_009362775.1_spacer_37	virome_phage_799	86.957	23	3	0	1	23	24546	24524	0.25	28.5
Bombella_GCF_009362775.1_spacer_38	virome_phage_806	82.143	28	5	0	4	31	18738	18711	0.084	30.1
Bombella_GCF_009362775.1_spacer_38	virome_phage_846	86.957	23	3	0	3	25	9604	9626	0.25	28.5
Bombella_GCF_009362775.1_spacer_38	virome_phage_2339	86.957	23	3	0	3	25	7540	7562	0.25	28.5
Bombella_GCF_009362775.1_spacer_38	virome_phage_2315	86.957	23	3	0	3	25	7538	7560	0.25	28.5
Bombella_GCF_009362775.1_spacer_38	total_phage_100	86.957	23	3	0	3	25	11836	11814	0.25	28.5
Bombella_GCF_009362775.1_spacer_38	virome_phage_814	90.000	20	2	0	6	25	37997	37978	0.76	26.9
Bombella_GCF_009362775.1_spacer_38	virome_phage_813	80.769	26	5	0	5	30	6907	6932	0.76	26.9
Bombella_GCF_009362775.1_spacer_38	virome_phage_780	94.444	18	1	0	14	31	13099	13082	0.76	26.9
Bombella_GCF_009362775.1_spacer_38	virome_phage_758	78.571	28	6	0	5	32	47747	47720	0.76	26.9
Bombella_GCF_009362775.1_spacer_39	virome_phage_734	76.667	30	7	0	2	31	327012	327041	0.76	26.9
Bombella_GCF_009362775.1_spacer_40	virome_phage_735	86.957	23	3	0	2	24	81498	81520	0.25	28.5
Bombella_GCF_009362775.1_spacer_40	virome_phage_151	84.000	25	4	0	2	26	16266	16242	0.25	28.5
Bombella_GCF_009362775.1_spacer_40	virome_phage_821	90.000	20	2	0	2	21	23519	23538	0.76	26.9
Bombella_GCF_009362775.1_spacer_40	virome_phage_758	94.444	18	1	0	1	18	1505	1522	0.76	26.9
Bombella_GCF_009362775.1_spacer_40	virome_phage_60	86.364	22	3	0	1	22	21375	21396	0.76	26.9
Bombella_GCF_009362775.1_spacer_40	virome_phage_60	94.444	18	1	0	6	23	21693	21676	0.76	26.9
Bombella_GCF_009362775.1_spacer_41	total_phage_245	81.481	27	5	0	5	31	11289	11315	0.25	28.5
Bombella_GCF_009362775.1_spacer_41	virome_phage_746	94.444	18	1	0	7	24	73404	73421	0.76	26.9
Bombella_GCF_009362775.1_spacer_41	virome_phage_734	90.000	20	2	0	5	24	302589	302570	0.76	26.9
Bombella_GCF_009362775.1_spacer_41	total_phage_727	83.333	24	4	0	9	32	24895	24918	0.76	26.9
Bombella_GCF_009362775.1_spacer_41	total_phage_518	83.333	24	4	0	9	32	37105	37128	0.76	26.9
Bombella_GCF_009362775.1_spacer_42	virome_phage_2269	100.000	18	0	0	1	18	29836	29853	0.084	30.1
Bombella_GCF_009362775.1_spacer_42	virome_phage_901	83.333	24	4	0	8	31	11062	11039	0.76	26.9
Bombella_GCF_009362775.1_spacer_42	virome_phage_70	90.000	20	2	0	5	24	5578	5597	0.76	26.9
Bombella_GCF_009362775.1_spacer_42	virome_phage_1	90.000	20	2	0	2	21	102870	102889	0.76	26.9
Bombella_GCF_009362775.1_spacer_42	total_phage_790	90.000	20	2	0	13	32	108961	108980	0.76	26.9
Bombella_GCF_009362775.1_spacer_43	total_phage_725	94.444	18	1	0	8	25	17725	17742	0.76	26.9
Bombella_GCF_009362775.1_spacer_43	total_phage_653	94.444	18	1	0	8	25	25983	25966	0.76	26.9
Bombella_GCF_009362775.1_spacer_43	total_phage_483	94.444	18	1	0	8	25	5300	5317	0.76	26.9
Bombella_GCF_009362775.1_spacer_45	virome_phage_774	90.909	22	2	0	4	25	24451	24430	0.084	30.1
Bombella_GCF_009362775.1_spacer_45	virome_phage_2282	94.444	18	1	0	7	24	26946	26929	0.76	26.9
Bombella_GCF_009362775.1_spacer_46	virome_phage_28	87.500	24	3	0	5	28	15528	15505	0.084	30.1
Bombella_GCF_009362775.1_spacer_46	virome_phage_63	78.571	28	6	0	2	29	14433	14460	0.76	26.9
Bombella_GCF_009362775.1_spacer_46	virome_phage_11	78.571	28	6	0	2	29	5374	5401	0.76	26.9
Bombella_GCF_009362775.1_spacer_47	virome_phage_770	86.957	23	3	0	9	31	12609	12631	0.25	28.5
Bombella_GCF_009362775.1_spacer_47	total_phage_725	86.364	22	3	0	10	31	16819	16798	0.76	26.9
Bombella_GCF_009362775.1_spacer_47	total_phage_483	86.364	22	3	0	10	31	4394	4373	0.76	26.9
Bombella_GCF_009362775.1_spacer_47	total_phage_653	86.364	22	3	0	10	31	26889	26910	0.76	26.9
