Bombella_GCF_014048465.1_spacer_0	virome_phage_765	94.737	19	1	0	3	21	14663	14681	0.25	28.5
Bombella_GCF_014048465.1_spacer_0	virome_phage_219	90.476	21	2	0	3	23	6711	6691	0.25	28.5
Bombella_GCF_014048465.1_spacer_1	virome_phage_1784	94.737	19	1	0	2	20	303	321	0.25	28.5
Bombella_GCF_014048465.1_spacer_1	total_phage_294	94.737	19	1	0	2	20	350	368	0.25	28.5
Bombella_GCF_014048465.1_spacer_1	virome_phage_735	84.000	25	4	0	5	29	173825	173801	0.25	28.5
Bombella_GCF_014048465.1_spacer_2	virome_phage_734	82.143	28	5	0	1	28	322126	322099	0.084	30.1
Bombella_GCF_014048465.1_spacer_3	virome_phage_25	90.000	20	2	0	2	21	36626	36607	0.76	26.9
Bombella_GCF_014048465.1_spacer_4	virome_phage_107	100.000	18	0	0	6	23	27864	27881	0.084	30.1
Bombella_GCF_014048465.1_spacer_4	virome_phage_762	94.737	19	1	0	9	27	26567	26585	0.25	28.5
Bombella_GCF_014048465.1_spacer_4	virome_phage_909	94.444	18	1	0	6	23	6191	6174	0.76	26.9
Bombella_GCF_014048465.1_spacer_4	virome_phage_2372	94.444	18	1	0	6	23	6971	6954	0.76	26.9
Bombella_GCF_014048465.1_spacer_4	virome_phage_2355	94.444	18	1	0	6	23	6878	6861	0.76	26.9
Bombella_GCF_014048465.1_spacer_4	virome_phage_2346	86.364	22	3	0	5	26	4019	3998	0.76	26.9
Bombella_GCF_014048465.1_spacer_4	virome_phage_86	94.444	18	1	0	6	23	35891	35908	0.76	26.9
Bombella_GCF_014048465.1_spacer_4	virome_phage_2347	94.444	18	1	0	6	23	20389	20406	0.76	26.9
Bombella_GCF_014048465.1_spacer_4	total_phage_808	94.444	18	1	0	6	23	11908	11925	0.76	26.9
Bombella_GCF_014048465.1_spacer_4	total_phage_697	83.333	24	4	0	7	30	4852	4875	0.76	26.9
Bombella_GCF_014048465.1_spacer_6	virome_phage_753	80.769	26	5	0	4	29	49445	49470	0.76	26.9
Bombella_GCF_014048465.1_spacer_6	virome_phage_11	86.364	22	3	0	7	28	39597	39576	0.76	26.9
Bombella_GCF_014048465.1_spacer_8	virome_phage_807	90.000	20	2	0	3	22	25867	25886	0.76	26.9
Bombella_GCF_014048465.1_spacer_8	virome_phage_38	86.364	22	3	0	3	24	20377	20398	0.76	26.9
Bombella_GCF_014048465.1_spacer_8	total_phage_786	90.000	20	2	0	3	22	21201	21220	0.76	26.9
Bombella_GCF_014048465.1_spacer_8	total_phage_305	90.000	20	2	0	3	22	8543	8562	0.76	26.9
Bombella_GCF_014048465.1_spacer_10	total_phage_820	80.769	26	5	0	2	27	16138	16113	0.76	26.9
Bombella_GCF_014048465.1_spacer_11	virome_phage_2270	86.364	22	3	0	5	26	32793	32772	0.76	26.9
Bombella_GCF_014048465.1_spacer_12	virome_phage_127	86.364	22	3	0	1	22	24097	24118	0.76	26.9
Bombella_GCF_014048465.1_spacer_13	virome_phage_41	78.571	28	6	0	5	32	36115	36088	0.76	26.9
Bombella_GCF_014048465.1_spacer_13	virome_phage_22	94.444	18	1	0	9	26	23648	23665	0.76	26.9
Bombella_GCF_014048465.1_spacer_14	virome_phage_936	86.957	23	3	0	5	27	4505	4527	0.25	28.5
Bombella_GCF_014048465.1_spacer_15	virome_phage_768	83.333	24	4	0	6	29	24608	24631	0.76	26.9
Bombella_GCF_014048465.1_spacer_15	virome_phage_51	80.769	26	5	0	3	28	23560	23585	0.76	26.9
Bombella_GCF_014048465.1_spacer_15	virome_phage_11	80.769	26	5	0	7	32	70787	70762	0.76	26.9
Bombella_GCF_014048465.1_spacer_15	total_phage_790	75.000	32	8	0	1	32	67006	67037	0.76	26.9
Bombella_GCF_014048465.1_spacer_15	total_phage_413	90.000	20	2	0	3	22	82090	82109	0.76	26.9
Bombella_GCF_014048465.1_spacer_16	virome_phage_831	81.481	27	5	0	3	29	14782	14756	0.25	28.5
Bombella_GCF_014048465.1_spacer_16	virome_phage_2274	81.481	27	5	0	3	29	52749	52723	0.25	28.5
Bombella_GCF_014048465.1_spacer_16	virome_phage_781	86.364	22	3	0	2	23	12583	12604	0.76	26.9
Bombella_GCF_014048465.1_spacer_17	virome_phage_2308	86.364	22	3	0	7	28	8962	8983	0.76	26.9
Bombella_GCF_014048465.1_spacer_18	total_phage_790	79.310	29	6	0	2	30	36341	36369	0.25	28.5
Bombella_GCF_014048465.1_spacer_18	virome_phage_51	94.444	18	1	0	4	21	19764	19781	0.76	26.9
Bombella_GCF_014048465.1_spacer_18	virome_phage_2346	83.333	24	4	0	9	32	18099	18076	0.76	26.9
Bombella_GCF_014048465.1_spacer_18	virome_phage_2	80.769	26	5	0	5	30	121215	121190	0.76	26.9
Bombella_GCF_014048465.1_spacer_19	virome_phage_939	81.481	27	5	0	2	28	17197	17223	0.25	28.5
Bombella_GCF_014048465.1_spacer_19	virome_phage_2380	86.957	23	3	0	8	30	18783	18805	0.25	28.5
Bombella_GCF_014048465.1_spacer_20	virome_phage_45	95.238	21	1	0	2	22	32376	32396	0.028	31.7
Bombella_GCF_014048465.1_spacer_21	virome_phage_764	83.333	24	4	0	1	24	33764	33787	0.76	26.9
Bombella_GCF_014048465.1_spacer_21	virome_phage_747	80.769	26	5	0	5	30	33895	33920	0.76	26.9
Bombella_GCF_014048465.1_spacer_21	virome_phage_18	80.769	26	5	0	5	30	2662	2687	0.76	26.9
Bombella_GCF_014048465.1_spacer_21	total_phage_92	86.364	22	3	0	7	28	26872	26893	0.76	26.9
Bombella_GCF_014048465.1_spacer_21	total_phage_731	90.000	20	2	0	1	20	11143	11124	0.76	26.9
Bombella_GCF_014048465.1_spacer_21	total_phage_231	90.000	20	2	0	1	20	116165	116146	0.76	26.9
Bombella_GCF_014048465.1_spacer_22	virome_phage_860	86.957	23	3	0	5	27	7205	7227	0.25	28.5
Bombella_GCF_014048465.1_spacer_22	virome_phage_881	80.769	26	5	0	6	31	19437	19412	0.76	26.9
Bombella_GCF_014048465.1_spacer_22	virome_phage_70	90.000	20	2	0	6	25	12151	12170	0.76	26.9
Bombella_GCF_014048465.1_spacer_22	virome_phage_32	80.769	26	5	0	5	30	6482	6457	0.76	26.9
Bombella_GCF_014048465.1_spacer_23	virome_phage_77	76.667	30	7	0	3	32	17336	17307	0.76	26.9
Bombella_GCF_014048465.1_spacer_24	virome_phage_832	84.000	25	4	0	8	32	10589	10613	0.25	28.5
Bombella_GCF_014048465.1_spacer_24	virome_phage_871	80.769	26	5	0	1	26	27771	27746	0.76	26.9
Bombella_GCF_014048465.1_spacer_24	virome_phage_793	94.444	18	1	0	15	32	6934	6951	0.76	26.9
Bombella_GCF_014048465.1_spacer_24	virome_phage_153	83.333	24	4	0	4	27	6123	6100	0.76	26.9
Bombella_GCF_014048465.1_spacer_24	total_phage_790	80.769	26	5	0	1	26	41204	41229	0.76	26.9
Bombella_GCF_014048465.1_spacer_25	total_phage_104	86.364	22	3	0	5	26	20072	20093	0.76	26.9
Bombella_GCF_014048465.1_spacer_26	virome_phage_45	84.615	26	4	0	7	32	33409	33434	0.084	30.1
Bombella_GCF_014048465.1_spacer_26	virome_phage_22	90.909	22	2	0	9	30	34802	34781	0.084	30.1
Bombella_GCF_014048465.1_spacer_26	virome_phage_80	90.476	21	2	0	10	30	8086	8106	0.25	28.5
Bombella_GCF_014048465.1_spacer_26	virome_phage_806	78.571	28	6	0	3	30	20760	20787	0.76	26.9
Bombella_GCF_014048465.1_spacer_26	virome_phage_19	90.000	20	2	0	3	22	43834	43853	0.76	26.9
Bombella_GCF_014048465.1_spacer_27	virome_phage_43	88.000	25	3	0	4	28	29706	29730	0.028	31.7
Bombella_GCF_014048465.1_spacer_27	virome_phage_769	84.000	25	4	0	6	30	14297	14273	0.25	28.5
Bombella_GCF_014048465.1_spacer_27	virome_phage_86	83.333	24	4	0	8	31	26853	26830	0.76	26.9
Bombella_GCF_014048465.1_spacer_27	virome_phage_770	90.000	20	2	0	7	26	22229	22248	0.76	26.9
Bombella_GCF_014048465.1_spacer_27	virome_phage_2355	83.333	24	4	0	8	31	15901	15924	0.76	26.9
Bombella_GCF_014048465.1_spacer_27	total_phage_808	83.333	24	4	0	8	31	2885	2862	0.76	26.9
Bombella_GCF_014048465.1_spacer_29	virome_phage_840	86.957	23	3	0	7	29	9458	9436	0.25	28.5
Bombella_GCF_014048465.1_spacer_29	total_phage_731	84.000	25	4	0	5	29	103548	103524	0.25	28.5
Bombella_GCF_014048465.1_spacer_29	virome_phage_875	94.444	18	1	0	13	30	184	201	0.76	26.9
Bombella_GCF_014048465.1_spacer_29	virome_phage_8	90.000	20	2	0	10	29	51010	50991	0.76	26.9
Bombella_GCF_014048465.1_spacer_29	virome_phage_2280	80.769	26	5	0	5	30	48243	48218	0.76	26.9
Bombella_GCF_014048465.1_spacer_30	virome_phage_69	94.737	19	1	0	6	24	29969	29951	0.25	28.5
Bombella_GCF_014048465.1_spacer_30	virome_phage_2270	84.000	25	4	0	8	32	129356	129332	0.25	28.5
Bombella_GCF_014048465.1_spacer_30	virome_phage_87	83.333	24	4	0	7	30	20302	20279	0.76	26.9
Bombella_GCF_014048465.1_spacer_31	virome_phage_890	94.444	18	1	0	12	29	1472	1455	0.76	26.9
Bombella_GCF_014048465.1_spacer_31	virome_phage_824	86.364	22	3	0	7	28	27287	27308	0.76	26.9
Bombella_GCF_014048465.1_spacer_31	virome_phage_749	78.571	28	6	0	1	28	4188	4161	0.76	26.9
Bombella_GCF_014048465.1_spacer_31	virome_phage_65	94.444	18	1	0	12	29	38990	39007	0.76	26.9
Bombella_GCF_014048465.1_spacer_31	virome_phage_1199	94.444	18	1	0	15	32	2081	2098	0.76	26.9
Bombella_GCF_014048465.1_spacer_32	virome_phage_854	84.000	25	4	0	7	31	11194	11218	0.25	28.5
Bombella_GCF_014048465.1_spacer_32	virome_phage_820	94.444	18	1	0	12	29	14605	14622	0.76	26.9
Bombella_GCF_014048465.1_spacer_32	virome_phage_744	90.000	20	2	0	11	30	62214	62233	0.76	26.9
Bombella_GCF_014048465.1_spacer_32	virome_phage_2313	80.769	26	5	0	4	29	26456	26431	0.76	26.9
Bombella_GCF_014048465.1_spacer_33	virome_phage_191	79.310	29	6	0	2	30	8724	8752	0.25	28.5
Bombella_GCF_014048465.1_spacer_33	total_phage_254	79.310	29	6	0	2	30	8640	8668	0.25	28.5
Bombella_GCF_014048465.1_spacer_33	virome_phage_825	94.444	18	1	0	13	30	12266	12249	0.76	26.9
Bombella_GCF_014048465.1_spacer_34	virome_phage_827	94.444	18	1	0	7	24	16811	16794	0.76	26.9
Bombella_GCF_014048465.1_spacer_34	virome_phage_791	80.769	26	5	0	1	26	7416	7441	0.76	26.9
Bombella_GCF_014048465.1_spacer_35	virome_phage_827	94.444	18	1	0	7	24	16811	16794	0.76	26.9
Bombella_GCF_014048465.1_spacer_35	virome_phage_791	80.769	26	5	0	1	26	7416	7441	0.76	26.9
Bombella_GCF_014048465.1_spacer_36	virome_phage_2300	86.957	23	3	0	10	32	32588	32566	0.25	28.5
Bombella_GCF_014048465.1_spacer_36	total_phage_306	84.000	25	4	0	6	30	18450	18426	0.25	28.5
Bombella_GCF_014048465.1_spacer_37	virome_phage_780	100.000	16	0	0	4	19	784	799	0.76	26.9
Bombella_GCF_014048465.1_spacer_38	virome_phage_23	90.476	21	2	0	1	21	11656	11636	0.25	28.5
Bombella_GCF_014048465.1_spacer_38	virome_phage_858	83.333	24	4	0	1	24	26941	26918	0.76	26.9
Bombella_GCF_014048465.1_spacer_38	virome_phage_2353	83.333	24	4	0	1	24	4236	4213	0.76	26.9
Bombella_GCF_014048465.1_spacer_38	virome_phage_2297	83.333	24	4	0	1	24	32326	32349	0.76	26.9
Bombella_GCF_014048465.1_spacer_38	virome_phage_219	94.444	18	1	0	7	24	1540	1557	0.76	26.9
Bombella_GCF_014048465.1_spacer_38	total_phage_809	94.444	18	1	0	7	24	2991	3008	0.76	26.9
Bombella_GCF_014048465.1_spacer_38	total_phage_307	83.333	24	4	0	1	24	21455	21478	0.76	26.9
Bombella_GCF_014048465.1_spacer_39	virome_phage_740	75.000	32	8	0	1	32	28257	28226	0.76	26.9
Bombella_GCF_014048465.1_spacer_39	virome_phage_26	94.444	18	1	0	13	30	39747	39764	0.76	26.9
Bombella_GCF_014048465.1_spacer_39	virome_phage_21	75.000	32	8	0	1	32	8402	8433	0.76	26.9
Bombella_GCF_014048465.1_spacer_40	virome_phage_748	81.481	27	5	0	2	28	57720	57694	0.25	28.5
Bombella_GCF_014048465.1_spacer_40	virome_phage_2411	90.000	20	2	0	13	32	6337	6318	0.76	26.9
Bombella_GCF_014048465.1_spacer_40	virome_phage_176	90.000	20	2	0	13	32	6238	6219	0.76	26.9
Bombella_GCF_014048465.1_spacer_40	virome_phage_1	90.000	20	2	0	3	22	220669	220688	0.76	26.9
Bombella_GCF_014048465.1_spacer_41	virome_phage_841	86.364	22	3	0	1	22	30856	30835	0.76	26.9
Bombella_GCF_014048465.1_spacer_42	virome_phage_780	81.481	27	5	0	1	27	12813	12787	0.25	28.5
Bombella_GCF_014048465.1_spacer_42	virome_phage_2270	86.957	23	3	0	3	25	43170	43148	0.25	28.5
Bombella_GCF_014048465.1_spacer_43	total_phage_926	91.667	24	2	0	7	30	9574	9597	0.009	33.3
Bombella_GCF_014048465.1_spacer_43	virome_phage_91	79.310	29	6	0	4	32	20736	20764	0.25	28.5
Bombella_GCF_014048465.1_spacer_43	virome_phage_813	86.957	23	3	0	5	27	25081	25059	0.25	28.5
Bombella_GCF_014048465.1_spacer_43	virome_phage_2310	79.310	29	6	0	4	32	25698	25726	0.25	28.5
Bombella_GCF_014048465.1_spacer_43	virome_phage_22	78.571	28	6	0	3	30	31059	31086	0.76	26.9
Bombella_GCF_014048465.1_spacer_43	virome_phage_11	90.000	20	2	0	3	22	103777	103796	0.76	26.9
Bombella_GCF_014048465.1_spacer_43	total_phage_790	86.364	22	3	0	1	22	25253	25274	0.76	26.9
Bombella_GCF_014048465.1_spacer_44	virome_phage_24	80.769	26	5	0	6	31	14455	14430	0.76	26.9
Bombella_GCF_014048465.1_spacer_45	virome_phage_2315	86.957	23	3	0	2	24	26857	26835	0.25	28.5
Bombella_GCF_014048465.1_spacer_45	virome_phage_124	86.957	23	3	0	2	24	18917	18939	0.25	28.5
Bombella_GCF_014048465.1_spacer_45	virome_phage_904	90.000	20	2	0	5	24	17616	17597	0.76	26.9
Bombella_GCF_014048465.1_spacer_45	virome_phage_793	83.333	24	4	0	5	28	14740	14717	0.76	26.9
Bombella_GCF_014048465.1_spacer_45	virome_phage_36	94.444	18	1	0	3	20	7793	7776	0.76	26.9
Bombella_GCF_014048465.1_spacer_45	virome_phage_2343	86.364	22	3	0	6	27	9676	9697	0.76	26.9
Bombella_GCF_014048465.1_spacer_45	total_phage_95	76.667	30	7	0	1	30	65790	65819	0.76	26.9
Bombella_GCF_014048465.1_spacer_45	total_phage_697	80.769	26	5	0	7	32	8437	8462	0.76	26.9
Bombella_GCF_014048465.1_spacer_46	virome_phage_9	94.444	18	1	0	11	28	46458	46441	0.76	26.9
Bombella_GCF_014048465.1_spacer_46	virome_phage_823	90.000	20	2	0	3	22	19020	19039	0.76	26.9
Bombella_GCF_014048465.1_spacer_46	total_phage_524	80.769	26	5	0	6	31	31584	31609	0.76	26.9
Bombella_GCF_014048465.1_spacer_47	virome_phage_22	94.444	18	1	0	12	29	56561	56578	0.76	26.9
Bombella_GCF_014048465.1_spacer_48	virome_phage_2282	90.909	22	2	0	8	29	26288	26267	0.084	30.1
Bombella_GCF_014048465.1_spacer_48	virome_phage_73	90.000	20	2	0	9	28	12932	12951	0.76	26.9
Bombella_GCF_014048465.1_spacer_48	virome_phage_1	90.000	20	2	0	13	32	81025	81006	0.76	26.9
Bombella_GCF_014048465.1_spacer_49	virome_phage_760	86.364	22	3	0	7	28	19593	19614	0.76	26.9
Bombella_GCF_014048465.1_spacer_49	virome_phage_56	80.769	26	5	0	1	26	26105	26080	0.76	26.9
Bombella_GCF_014048465.1_spacer_50	virome_phage_915	100.000	17	0	0	2	18	8138	8154	0.25	28.5
Bombella_GCF_014048465.1_spacer_51	total_phage_92	95.000	20	1	0	5	24	60788	60769	0.084	30.1
Bombella_GCF_014048465.1_spacer_51	virome_phage_52	76.667	30	7	0	3	32	4564	4535	0.76	26.9
Bombella_GCF_014048465.1_spacer_51	total_phage_104	78.571	28	6	0	2	29	39913	39886	0.76	26.9
Bombella_GCF_014048465.1_spacer_52	virome_phage_764	84.000	25	4	0	7	31	24400	24376	0.25	28.5
Bombella_GCF_014048465.1_spacer_52	total_phage_413	86.957	23	3	0	3	25	29311	29289	0.25	28.5
Bombella_GCF_014048465.1_spacer_52	total_phage_636	90.000	20	2	0	9	28	7939	7958	0.76	26.9
Bombella_GCF_014048465.1_spacer_53	virome_phage_813	83.333	24	4	0	6	29	12366	12389	0.76	26.9
Bombella_GCF_014048465.1_spacer_53	virome_phage_762	94.444	18	1	0	9	26	38175	38158	0.76	26.9
Bombella_GCF_014048465.1_spacer_53	virome_phage_112	90.000	20	2	0	7	26	21154	21173	0.76	26.9
Bombella_GCF_014048465.1_spacer_53	total_phage_298	90.000	20	2	0	7	26	17015	17034	0.76	26.9
Bombella_GCF_014048465.1_spacer_53	total_phage_240	90.000	20	2	0	7	26	10675	10656	0.76	26.9
Bombella_GCF_014048465.1_spacer_55	total_phage_370	86.364	22	3	0	8	29	1022	1043	0.76	26.9
Bombella_GCF_014048465.1_spacer_56	total_phage_95	83.333	24	4	0	10	33	64976	64953	0.76	26.9
Bombella_GCF_014048465.1_spacer_57	virome_phage_884	76.667	30	7	0	1	30	8837	8866	0.76	26.9
Bombella_GCF_014048465.1_spacer_59	total_phage_5	90.909	22	2	0	6	27	4509	4530	0.084	30.1
Bombella_GCF_014048465.1_spacer_59	virome_phage_770	86.957	23	3	0	1	23	38899	38921	0.25	28.5
Bombella_GCF_014048465.1_spacer_59	virome_phage_766	79.310	29	6	0	5	33	38787	38759	0.25	28.5
Bombella_GCF_014048465.1_spacer_59	virome_phage_1109	86.957	23	3	0	9	31	11984	11962	0.25	28.5
Bombella_GCF_014048465.1_spacer_59	virome_phage_4	83.333	24	4	0	3	26	39799	39776	0.76	26.9
Bombella_GCF_014048465.1_spacer_60	virome_phage_846	81.481	27	5	0	4	30	598	624	0.25	28.5
Bombella_GCF_014048465.1_spacer_60	total_phage_786	86.364	22	3	0	11	32	6934	6913	0.76	26.9
Bombella_GCF_014048465.1_spacer_61	virome_phage_831	94.444	18	1	0	12	29	17500	17517	0.76	26.9
Bombella_GCF_014048465.1_spacer_61	virome_phage_43	76.667	30	7	0	2	31	18140	18169	0.76	26.9
Bombella_GCF_014048465.1_spacer_61	virome_phage_2274	94.444	18	1	0	12	29	55467	55484	0.76	26.9
Bombella_GCF_014048465.1_spacer_61	virome_phage_17	86.364	22	3	0	11	32	7084	7105	0.76	26.9
Bombella_GCF_014048465.1_spacer_61	virome_phage_799	80.769	26	5	0	5	30	34959	34934	0.76	26.9
Bombella_GCF_014048465.1_spacer_61	virome_phage_67	86.364	22	3	0	1	22	26651	26630	0.76	26.9
Bombella_GCF_014048465.1_spacer_61	total_phage_303	76.667	30	7	0	1	30	3278	3249	0.76	26.9
Bombella_GCF_014048465.1_spacer_61	total_phage_118	76.667	30	7	0	1	30	3130	3101	0.76	26.9
Bombella_GCF_014048465.1_spacer_62	virome_phage_796	88.000	25	3	0	3	27	31021	31045	0.028	31.7
Bombella_GCF_014048465.1_spacer_62	virome_phage_38	90.476	21	2	0	6	26	23012	22992	0.25	28.5
Bombella_GCF_014048465.1_spacer_62	virome_phage_761	78.571	28	6	0	6	33	35896	35869	0.76	26.9
Bombella_GCF_014048465.1_spacer_62	virome_phage_43	80.769	26	5	0	2	27	22456	22481	0.76	26.9
Bombella_GCF_014048465.1_spacer_62	total_phage_178	78.571	28	6	0	1	28	10987	10960	0.76	26.9
Bombella_GCF_014048465.1_spacer_66	virome_phage_2295	78.571	28	6	0	2	29	18937	18964	0.76	26.9
Bombella_GCF_014048465.1_spacer_66	virome_phage_816	100.000	16	0	0	11	26	50	35	0.76	26.9
Bombella_GCF_014048465.1_spacer_66	virome_phage_816	100.000	16	0	0	11	26	38519	38504	0.76	26.9
Bombella_GCF_014048465.1_spacer_67	total_phage_95	78.571	28	6	0	6	33	54905	54878	0.76	26.9
Bombella_GCF_014048465.1_spacer_68	virome_phage_2308	82.759	29	5	0	5	33	17980	18008	0.028	31.7
Bombella_GCF_014048465.1_spacer_68	total_phage_187	82.759	29	5	0	5	33	19604	19576	0.028	31.7
Bombella_GCF_014048465.1_spacer_68	total_phage_299	82.143	28	5	0	6	33	10136	10109	0.084	30.1
Bombella_GCF_014048465.1_spacer_68	virome_phage_936	86.364	22	3	0	1	22	3363	3342	0.76	26.9
Bombella_GCF_014048465.1_spacer_68	virome_phage_821	83.333	24	4	0	10	33	34928	34951	0.76	26.9
Bombella_GCF_014048465.1_spacer_68	virome_phage_802	83.333	24	4	0	8	31	767	790	0.76	26.9
Bombella_GCF_014048465.1_spacer_68	virome_phage_2347	83.333	24	4	0	10	33	817	840	0.76	26.9
Bombella_GCF_014048465.1_spacer_68	virome_phage_107	83.333	24	4	0	10	33	7681	7704	0.76	26.9
Bombella_GCF_014048465.1_spacer_68	total_phage_98	86.364	22	3	0	12	33	38976	38997	0.76	26.9
Bombella_GCF_014048465.1_spacer_68	total_phage_790	94.444	18	1	0	5	22	29129	29146	0.76	26.9
Bombella_GCF_014048465.1_spacer_68	total_phage_115	83.333	24	4	0	10	33	39575	39598	0.76	26.9
