Bombella_GCF_026385525.1_spacer_0	virome_phage_765	76.667	30	7	0	3	32	31336	31307	0.76	26.9
Bombella_GCF_026385525.1_spacer_1	virome_phage_745	94.737	19	1	0	2	20	42302	42284	0.25	28.5
Bombella_GCF_026385525.1_spacer_2	total_phage_231	80.000	30	6	0	2	31	1433	1404	0.084	30.1
Bombella_GCF_026385525.1_spacer_2	virome_phage_791	94.737	19	1	0	4	22	17001	16983	0.25	28.5
Bombella_GCF_026385525.1_spacer_2	total_phage_927	81.481	27	5	0	6	32	262970	262944	0.25	28.5
Bombella_GCF_026385525.1_spacer_2	total_phage_366	90.476	21	2	0	1	21	13311	13331	0.25	28.5
Bombella_GCF_026385525.1_spacer_2	virome_phage_861	83.333	24	4	0	8	31	19088	19065	0.76	26.9
Bombella_GCF_026385525.1_spacer_3	virome_phage_2325	76.667	30	7	0	3	32	3715	3686	0.76	26.9
Bombella_GCF_026385525.1_spacer_4	virome_phage_939	82.759	29	5	0	2	30	1079	1051	0.028	31.7
Bombella_GCF_026385525.1_spacer_4	virome_phage_2329	100.000	16	0	0	13	28	15986	15971	0.76	26.9
Bombella_GCF_026385525.1_spacer_4	virome_phage_2	90.000	20	2	0	3	22	141556	141575	0.76	26.9
Bombella_GCF_026385525.1_spacer_4	total_phage_729	83.333	24	4	0	3	26	42459	42482	0.76	26.9
Bombella_GCF_026385525.1_spacer_5	virome_phage_768	80.000	30	6	0	3	32	7253	7224	0.084	30.1
Bombella_GCF_026385525.1_spacer_5	virome_phage_932	94.444	18	1	0	3	20	13047	13064	0.76	26.9
Bombella_GCF_026385525.1_spacer_5	virome_phage_864	80.769	26	5	0	2	27	14556	14581	0.76	26.9
Bombella_GCF_026385525.1_spacer_5	virome_phage_841	86.364	22	3	0	11	32	29876	29897	0.76	26.9
Bombella_GCF_026385525.1_spacer_5	virome_phage_837	80.769	26	5	0	6	31	6988	6963	0.76	26.9
Bombella_GCF_026385525.1_spacer_5	virome_phage_798	80.769	26	5	0	7	32	2026	2001	0.76	26.9
Bombella_GCF_026385525.1_spacer_5	virome_phage_123	80.769	26	5	0	6	31	8823	8798	0.76	26.9
Bombella_GCF_026385525.1_spacer_5	total_phage_733	86.364	22	3	0	9	30	1308	1329	0.76	26.9
Bombella_GCF_026385525.1_spacer_5	total_phage_244	86.364	22	3	0	4	25	20435	20414	0.76	26.9
Bombella_GCF_026385525.1_spacer_5	total_phage_113	80.769	26	5	0	7	32	36583	36558	0.76	26.9
Bombella_GCF_026385525.1_spacer_6	virome_phage_743	87.500	24	3	0	4	27	85577	85554	0.084	30.1
Bombella_GCF_026385525.1_spacer_6	virome_phage_2281	90.909	22	2	0	9	30	28769	28748	0.084	30.1
Bombella_GCF_026385525.1_spacer_6	virome_phage_2298	79.310	29	6	0	4	32	28583	28555	0.25	28.5
Bombella_GCF_026385525.1_spacer_6	virome_phage_935	90.000	20	2	0	13	32	1953	1934	0.76	26.9
Bombella_GCF_026385525.1_spacer_6	virome_phage_779	80.769	26	5	0	3	28	4961	4936	0.76	26.9
Bombella_GCF_026385525.1_spacer_6	virome_phage_736	78.571	28	6	0	3	30	101888	101915	0.76	26.9
Bombella_GCF_026385525.1_spacer_6	virome_phage_2308	86.364	22	3	0	3	24	37031	37010	0.76	26.9
Bombella_GCF_026385525.1_spacer_6	virome_phage_2254	86.364	22	3	0	8	29	96274	96295	0.76	26.9
Bombella_GCF_026385525.1_spacer_6	virome_phage_2238	86.364	22	3	0	8	29	77786	77807	0.76	26.9
Bombella_GCF_026385525.1_spacer_6	total_phage_500	86.364	22	3	0	8	29	30171	30150	0.76	26.9
Bombella_GCF_026385525.1_spacer_6	total_phage_358	86.364	22	3	0	3	24	44989	45010	0.76	26.9
Bombella_GCF_026385525.1_spacer_7	virome_phage_736	84.000	25	4	0	3	27	158651	158675	0.25	28.5
Bombella_GCF_026385525.1_spacer_7	virome_phage_997	76.667	30	7	0	3	32	11110	11139	0.76	26.9
Bombella_GCF_026385525.1_spacer_7	virome_phage_742	100.000	16	0	0	3	18	27747	27732	0.76	26.9
Bombella_GCF_026385525.1_spacer_7	virome_phage_742	94.444	18	1	0	13	30	44945	44962	0.76	26.9
Bombella_GCF_026385525.1_spacer_7	virome_phage_742	100.000	16	0	0	12	27	57937	57922	0.76	26.9
Bombella_GCF_026385525.1_spacer_7	virome_phage_10	78.571	28	6	0	2	29	41111	41084	0.76	26.9
Bombella_GCF_026385525.1_spacer_7	total_phage_793	94.444	18	1	0	6	23	5928	5945	0.76	26.9
Bombella_GCF_026385525.1_spacer_8	virome_phage_895	94.444	18	1	0	12	29	3269	3252	0.76	26.9
Bombella_GCF_026385525.1_spacer_8	virome_phage_770	83.333	24	4	0	7	30	4330	4307	0.76	26.9
Bombella_GCF_026385525.1_spacer_9	virome_phage_66	81.481	27	5	0	6	32	20880	20854	0.25	28.5
Bombella_GCF_026385525.1_spacer_9	virome_phage_26	84.000	25	4	0	5	29	44213	44237	0.25	28.5
Bombella_GCF_026385525.1_spacer_9	virome_phage_1	86.957	23	3	0	1	23	72378	72356	0.25	28.5
Bombella_GCF_026385525.1_spacer_9	virome_phage_1	86.364	22	3	0	4	25	221913	221892	0.76	26.9
Bombella_GCF_026385525.1_spacer_9	virome_phage_963	80.769	26	5	0	1	26	5195	5170	0.76	26.9
Bombella_GCF_026385525.1_spacer_9	virome_phage_868	90.000	20	2	0	1	20	23703	23684	0.76	26.9
Bombella_GCF_026385525.1_spacer_10	virome_phage_751	80.769	26	5	0	7	32	24280	24305	0.76	26.9
Bombella_GCF_026385525.1_spacer_10	virome_phage_739	80.769	26	5	0	7	32	84970	84995	0.76	26.9
Bombella_GCF_026385525.1_spacer_10	virome_phage_69	80.769	26	5	0	7	32	8434	8409	0.76	26.9
Bombella_GCF_026385525.1_spacer_10	virome_phage_27	86.364	22	3	0	3	24	17743	17722	0.76	26.9
Bombella_GCF_026385525.1_spacer_10	total_phage_797	100.000	16	0	0	8	23	14343	14358	0.76	26.9
Bombella_GCF_026385525.1_spacer_10	total_phage_730	94.444	18	1	0	1	18	70460	70477	0.76	26.9
Bombella_GCF_026385525.1_spacer_11	virome_phage_915	94.737	19	1	0	12	30	20980	20998	0.25	28.5
Bombella_GCF_026385525.1_spacer_11	virome_phage_811	80.769	26	5	0	5	30	19524	19549	0.76	26.9
Bombella_GCF_026385525.1_spacer_11	virome_phage_49	90.000	20	2	0	5	24	1024	1043	0.76	26.9
Bombella_GCF_026385525.1_spacer_11	total_phage_2	86.364	22	3	0	6	27	10826	10847	0.76	26.9
Bombella_GCF_026385525.1_spacer_12	virome_phage_2254	91.304	23	2	0	4	26	72099	72077	0.028	31.7
Bombella_GCF_026385525.1_spacer_12	virome_phage_2238	91.304	23	2	0	4	26	53613	53591	0.028	31.7
Bombella_GCF_026385525.1_spacer_12	total_phage_500	91.304	23	2	0	4	26	54344	54366	0.028	31.7
Bombella_GCF_026385525.1_spacer_12	total_phage_934	79.310	29	6	0	1	29	791	819	0.25	28.5
Bombella_GCF_026385525.1_spacer_12	total_phage_738	78.571	28	6	0	4	31	19876	19903	0.76	26.9
Bombella_GCF_026385525.1_spacer_12	total_phage_415	94.444	18	1	0	10	27	39643	39626	0.76	26.9
Bombella_GCF_026385525.1_spacer_12	total_phage_242	94.444	18	1	0	6	23	6774	6791	0.76	26.9
Bombella_GCF_026385525.1_spacer_13	virome_phage_767	78.125	32	7	0	1	32	293	324	0.084	30.1
Bombella_GCF_026385525.1_spacer_13	virome_phage_1873	94.444	18	1	0	13	30	1672	1689	0.76	26.9
Bombella_GCF_026385525.1_spacer_13	total_phage_807	100.000	16	0	0	3	18	12075	12090	0.76	26.9
Bombella_GCF_026385525.1_spacer_15	virome_phage_2296	84.615	26	4	0	1	26	18607	18582	0.084	30.1
Bombella_GCF_026385525.1_spacer_15	virome_phage_833	90.476	21	2	0	6	26	29975	29955	0.25	28.5
Bombella_GCF_026385525.1_spacer_15	total_phage_233	86.364	22	3	0	5	26	32589	32568	0.76	26.9
Bombella_GCF_026385525.1_spacer_16	virome_phage_2272	76.667	30	7	0	2	31	10018	10047	0.76	26.9
Bombella_GCF_026385525.1_spacer_16	total_phage_725	86.364	22	3	0	3	24	31440	31461	0.76	26.9
Bombella_GCF_026385525.1_spacer_16	total_phage_653	86.364	22	3	0	3	24	12277	12256	0.76	26.9
Bombella_GCF_026385525.1_spacer_16	total_phage_604	86.364	22	3	0	3	24	39303	39324	0.76	26.9
Bombella_GCF_026385525.1_spacer_16	total_phage_497	83.333	24	4	0	7	30	34878	34901	0.76	26.9
Bombella_GCF_026385525.1_spacer_16	total_phage_483	86.364	22	3	0	3	24	19015	19036	0.76	26.9
Bombella_GCF_026385525.1_spacer_16	total_phage_478	83.333	24	4	0	7	30	30203	30226	0.76	26.9
Bombella_GCF_026385525.1_spacer_18	virome_phage_759	94.737	19	1	0	11	29	35164	35182	0.25	28.5
Bombella_GCF_026385525.1_spacer_18	virome_phage_91	86.364	22	3	0	9	30	11367	11388	0.76	26.9
Bombella_GCF_026385525.1_spacer_19	virome_phage_798	80.769	26	5	0	4	29	22018	22043	0.76	26.9
Bombella_GCF_026385525.1_spacer_19	total_phage_416	86.364	22	3	0	7	28	11956	11935	0.76	26.9
Bombella_GCF_026385525.1_spacer_19	total_phage_113	80.769	26	5	0	4	29	15436	15461	0.76	26.9
Bombella_GCF_026385525.1_spacer_20	virome_phage_2269	80.769	26	5	0	2	27	6667	6692	0.76	26.9
Bombella_GCF_026385525.1_spacer_21	virome_phage_762	100.000	16	0	0	1	16	52114	52099	0.76	26.9
Bombella_GCF_026385525.1_spacer_22	virome_phage_846	80.769	26	5	0	7	32	9751	9726	0.76	26.9
Bombella_GCF_026385525.1_spacer_22	virome_phage_2339	80.769	26	5	0	7	32	7687	7662	0.76	26.9
Bombella_GCF_026385525.1_spacer_22	virome_phage_2315	80.769	26	5	0	7	32	7685	7660	0.76	26.9
Bombella_GCF_026385525.1_spacer_22	total_phage_100	80.769	26	5	0	7	32	11689	11714	0.76	26.9
Bombella_GCF_026385525.1_spacer_23	total_phage_785	91.304	23	2	0	4	26	13717	13739	0.028	31.7
Bombella_GCF_026385525.1_spacer_23	virome_phage_774	83.333	24	4	0	9	32	35715	35738	0.76	26.9
Bombella_GCF_026385525.1_spacer_23	virome_phage_61	90.000	20	2	0	13	32	7677	7696	0.76	26.9
Bombella_GCF_026385525.1_spacer_24	virome_phage_807	81.481	27	5	0	3	29	4136	4162	0.25	28.5
Bombella_GCF_026385525.1_spacer_24	total_phage_797	81.481	27	5	0	3	29	23077	23103	0.25	28.5
Bombella_GCF_026385525.1_spacer_24	total_phage_796	81.481	27	5	0	3	29	27403	27429	0.25	28.5
Bombella_GCF_026385525.1_spacer_24	total_phage_360	81.481	27	5	0	3	29	29000	29026	0.25	28.5
Bombella_GCF_026385525.1_spacer_24	total_phage_305	81.481	27	5	0	3	29	26816	26842	0.25	28.5
Bombella_GCF_026385525.1_spacer_24	total_phage_293	81.481	27	5	0	3	29	28404	28430	0.25	28.5
Bombella_GCF_026385525.1_spacer_24	total_phage_117	81.481	27	5	0	3	29	26913	26939	0.25	28.5
Bombella_GCF_026385525.1_spacer_24	total_phage_114	81.481	27	5	0	3	29	25289	25315	0.25	28.5
Bombella_GCF_026385525.1_spacer_24	virome_phage_88	81.481	27	5	0	3	29	28357	28331	0.25	28.5
Bombella_GCF_026385525.1_spacer_24	virome_phage_800	81.481	27	5	0	3	29	27434	27408	0.25	28.5
Bombella_GCF_026385525.1_spacer_24	virome_phage_2360	81.481	27	5	0	3	29	10670	10644	0.25	28.5
Bombella_GCF_026385525.1_spacer_24	total_phage_798	81.481	27	5	0	3	29	9192	9166	0.25	28.5
Bombella_GCF_026385525.1_spacer_24	total_phage_738	81.481	27	5	0	3	29	9178	9152	0.25	28.5
Bombella_GCF_026385525.1_spacer_24	total_phage_371	81.481	27	5	0	3	29	1824	1798	0.25	28.5
Bombella_GCF_026385525.1_spacer_24	total_phage_245	81.481	27	5	0	3	29	5575	5549	0.25	28.5
Bombella_GCF_026385525.1_spacer_24	virome_phage_882	83.333	24	4	0	6	29	26747	26770	0.76	26.9
Bombella_GCF_026385525.1_spacer_24	virome_phage_746	83.333	24	4	0	1	24	1073	1096	0.76	26.9
Bombella_GCF_026385525.1_spacer_24	virome_phage_736	78.571	28	6	0	3	30	103592	103619	0.76	26.9
Bombella_GCF_026385525.1_spacer_24	virome_phage_1	90.000	20	2	0	6	25	22127	22146	0.76	26.9
Bombella_GCF_026385525.1_spacer_24	virome_phage_979	83.333	24	4	0	6	29	7953	7930	0.76	26.9
Bombella_GCF_026385525.1_spacer_24	total_phage_729	90.000	20	2	0	12	31	108096	108077	0.76	26.9
Bombella_GCF_026385525.1_spacer_25	virome_phage_856	88.000	25	3	0	3	27	21669	21693	0.028	31.7
Bombella_GCF_026385525.1_spacer_25	virome_phage_939	84.000	25	4	0	7	31	13877	13853	0.25	28.5
Bombella_GCF_026385525.1_spacer_25	virome_phage_2407	78.571	28	6	0	3	30	1001	1028	0.76	26.9
Bombella_GCF_026385525.1_spacer_25	virome_phage_23	78.571	28	6	0	3	30	21062	21035	0.76	26.9
Bombella_GCF_026385525.1_spacer_25	virome_phage_144	90.000	20	2	0	13	32	14126	14145	0.76	26.9
Bombella_GCF_026385525.1_spacer_25	total_phage_5	86.364	22	3	0	3	24	24539	24518	0.76	26.9
Bombella_GCF_026385525.1_spacer_26	virome_phage_8	90.909	22	2	0	6	27	68502	68481	0.084	30.1
Bombella_GCF_026385525.1_spacer_26	virome_phage_734	84.000	25	4	0	4	28	309298	309274	0.25	28.5
Bombella_GCF_026385525.1_spacer_26	virome_phage_91	86.364	22	3	0	5	26	14690	14669	0.76	26.9
Bombella_GCF_026385525.1_spacer_26	virome_phage_870	94.444	18	1	0	6	23	25952	25969	0.76	26.9
Bombella_GCF_026385525.1_spacer_26	virome_phage_3	75.000	32	8	0	1	32	47119	47150	0.76	26.9
Bombella_GCF_026385525.1_spacer_26	total_phage_360	86.364	22	3	0	11	32	32686	32665	0.76	26.9
Bombella_GCF_026385525.1_spacer_27	virome_phage_2275	81.481	27	5	0	2	28	11957	11931	0.25	28.5
Bombella_GCF_026385525.1_spacer_27	total_phage_609	75.000	32	8	0	1	32	7667	7698	0.76	26.9
Bombella_GCF_026385525.1_spacer_28	total_phage_175	94.444	18	1	0	2	19	10526	10509	0.76	26.9
Bombella_GCF_026385525.1_spacer_29	virome_phage_739	77.419	31	7	0	1	31	21066	21036	0.25	28.5
Bombella_GCF_026385525.1_spacer_29	virome_phage_63	100.000	17	0	0	3	19	6548	6532	0.25	28.5
Bombella_GCF_026385525.1_spacer_29	virome_phage_813	83.333	24	4	0	3	26	9266	9243	0.76	26.9
Bombella_GCF_026385525.1_spacer_30	virome_phage_899	80.769	26	5	0	7	32	23671	23646	0.76	26.9
Bombella_GCF_026385525.1_spacer_32	virome_phage_2315	90.000	20	2	0	10	29	22378	22397	0.76	26.9
Bombella_GCF_026385525.1_spacer_33	virome_phage_816	90.000	20	2	0	1	20	15421	15440	0.76	26.9
Bombella_GCF_026385525.1_spacer_33	virome_phage_734	94.444	18	1	0	9	26	152715	152698	0.76	26.9
Bombella_GCF_026385525.1_spacer_34	virome_phage_96	79.310	29	6	0	3	31	16447	16475	0.25	28.5
Bombella_GCF_026385525.1_spacer_34	virome_phage_2275	81.481	27	5	0	1	27	11254	11228	0.25	28.5
Bombella_GCF_026385525.1_spacer_34	virome_phage_787	90.000	20	2	0	13	32	19933	19952	0.76	26.9
Bombella_GCF_026385525.1_spacer_34	virome_phage_740	83.333	24	4	0	2	25	9106	9129	0.76	26.9
Bombella_GCF_026385525.1_spacer_34	virome_phage_2270	86.364	22	3	0	1	22	1101	1080	0.76	26.9
Bombella_GCF_026385525.1_spacer_34	virome_phage_1142	86.364	22	3	0	1	22	1332	1311	0.76	26.9
Bombella_GCF_026385525.1_spacer_35	virome_phage_936	76.667	30	7	0	1	30	4890	4861	0.76	26.9
Bombella_GCF_026385525.1_spacer_35	virome_phage_84	80.769	26	5	0	2	27	19186	19161	0.76	26.9
Bombella_GCF_026385525.1_spacer_35	virome_phage_2282	83.333	24	4	0	3	26	41687	41710	0.76	26.9
Bombella_GCF_026385525.1_spacer_36	virome_phage_97	81.481	27	5	0	1	27	2808	2782	0.25	28.5
Bombella_GCF_026385525.1_spacer_37	virome_phage_832	86.364	22	3	0	9	30	1510	1489	0.76	26.9
Bombella_GCF_026385525.1_spacer_37	total_phage_794	83.333	24	4	0	7	30	31146	31123	0.76	26.9
Bombella_GCF_026385525.1_spacer_37	total_phage_0	78.571	28	6	0	5	32	31946	31919	0.76	26.9
Bombella_GCF_026385525.1_spacer_38	virome_phage_935	90.000	20	2	0	6	25	19604	19623	0.76	26.9
Bombella_GCF_026385525.1_spacer_38	virome_phage_88	90.000	20	2	0	6	25	16188	16207	0.76	26.9
Bombella_GCF_026385525.1_spacer_38	virome_phage_800	90.000	20	2	0	6	25	15265	15284	0.76	26.9
Bombella_GCF_026385525.1_spacer_38	virome_phage_785	83.333	24	4	0	5	28	34918	34941	0.76	26.9
Bombella_GCF_026385525.1_spacer_39	virome_phage_39	79.310	29	6	0	4	32	19104	19132	0.25	28.5
Bombella_GCF_026385525.1_spacer_39	virome_phage_158	84.000	25	4	0	5	29	16027	16051	0.25	28.5
Bombella_GCF_026385525.1_spacer_39	virome_phage_1061	84.000	25	4	0	5	29	3179	3155	0.25	28.5
Bombella_GCF_026385525.1_spacer_39	virome_phage_2	86.364	22	3	0	8	29	48468	48489	0.76	26.9
Bombella_GCF_026385525.1_spacer_40	virome_phage_2270	90.909	22	2	0	6	27	151648	151627	0.084	30.1
Bombella_GCF_026385525.1_spacer_40	virome_phage_870	86.364	22	3	0	4	25	13088	13067	0.76	26.9
Bombella_GCF_026385525.1_spacer_40	virome_phage_758	75.000	32	8	0	1	32	23088	23119	0.76	26.9
Bombella_GCF_026385525.1_spacer_40	virome_phage_2235	94.444	18	1	0	4	21	33488	33505	0.76	26.9
Bombella_GCF_026385525.1_spacer_42	virome_phage_787	100.000	18	0	0	9	26	20471	20488	0.084	30.1
Bombella_GCF_026385525.1_spacer_42	virome_phage_65	84.000	25	4	0	8	32	2004	1980	0.25	28.5
Bombella_GCF_026385525.1_spacer_42	virome_phage_15	83.333	24	4	0	8	31	34246	34223	0.76	26.9
Bombella_GCF_026385525.1_spacer_42	total_phage_371	94.444	18	1	0	9	26	4018	4035	0.76	26.9
Bombella_GCF_026385525.1_spacer_42	total_phage_294	86.364	22	3	0	9	30	10428	10449	0.76	26.9
Bombella_GCF_026385525.1_spacer_42	total_phage_233	86.364	22	3	0	9	30	22173	22194	0.76	26.9
Bombella_GCF_026385525.1_spacer_43	virome_phage_790	94.444	18	1	0	10	27	43070	43053	0.76	26.9
Bombella_GCF_026385525.1_spacer_43	virome_phage_59	78.571	28	6	0	3	30	1931	1958	0.76	26.9
Bombella_GCF_026385525.1_spacer_43	virome_phage_2280	90.000	20	2	0	12	31	57545	57564	0.76	26.9
Bombella_GCF_026385525.1_spacer_44	virome_phage_761	83.333	24	4	0	5	28	36427	36450	0.76	26.9
Bombella_GCF_026385525.1_spacer_44	virome_phage_2270	76.667	30	7	0	3	32	155621	155650	0.76	26.9
Bombella_GCF_026385525.1_spacer_46	total_phage_297	86.957	23	3	0	10	32	37010	36988	0.25	28.5
Bombella_GCF_026385525.1_spacer_46	virome_phage_235	86.364	22	3	0	11	32	10523	10502	0.76	26.9
Bombella_GCF_026385525.1_spacer_46	virome_phage_15	80.769	26	5	0	1	26	4664	4639	0.76	26.9
Bombella_GCF_026385525.1_spacer_46	total_phage_99	78.571	28	6	0	2	29	9894	9867	0.76	26.9
Bombella_GCF_026385525.1_spacer_46	total_phage_782	78.571	28	6	0	2	29	22500	22527	0.76	26.9
Bombella_GCF_026385525.1_spacer_47	total_phage_927	86.957	23	3	0	4	26	230478	230500	0.25	28.5
Bombella_GCF_026385525.1_spacer_47	total_phage_106	83.333	24	4	0	6	29	28300	28277	0.76	26.9
Bombella_GCF_026385525.1_spacer_48	virome_phage_893	88.000	25	3	0	1	25	20655	20679	0.028	31.7
Bombella_GCF_026385525.1_spacer_48	virome_phage_12	100.000	18	0	0	9	26	8834	8851	0.084	30.1
Bombella_GCF_026385525.1_spacer_48	virome_phage_814	94.444	18	1	0	10	27	27919	27936	0.76	26.9
Bombella_GCF_026385525.1_spacer_49	virome_phage_793	80.769	26	5	0	3	28	2122	2097	0.76	26.9
Bombella_GCF_026385525.1_spacer_49	virome_phage_50	83.333	24	4	0	6	29	30457	30434	0.76	26.9
Bombella_GCF_026385525.1_spacer_49	virome_phage_118	86.364	22	3	0	1	22	21758	21737	0.76	26.9
Bombella_GCF_026385525.1_spacer_50	virome_phage_96	79.310	29	6	0	3	31	16447	16475	0.25	28.5
Bombella_GCF_026385525.1_spacer_50	virome_phage_2275	81.481	27	5	0	1	27	11254	11228	0.25	28.5
Bombella_GCF_026385525.1_spacer_50	virome_phage_787	90.000	20	2	0	13	32	19933	19952	0.76	26.9
Bombella_GCF_026385525.1_spacer_50	virome_phage_740	83.333	24	4	0	2	25	9106	9129	0.76	26.9
Bombella_GCF_026385525.1_spacer_50	virome_phage_2270	86.364	22	3	0	1	22	1101	1080	0.76	26.9
Bombella_GCF_026385525.1_spacer_50	virome_phage_1142	86.364	22	3	0	1	22	1332	1311	0.76	26.9
Bombella_GCF_026385525.1_spacer_51	virome_phage_936	76.667	30	7	0	1	30	4890	4861	0.76	26.9
Bombella_GCF_026385525.1_spacer_51	virome_phage_84	80.769	26	5	0	2	27	19186	19161	0.76	26.9
Bombella_GCF_026385525.1_spacer_51	virome_phage_2282	83.333	24	4	0	3	26	41687	41710	0.76	26.9
Bombella_GCF_026385525.1_spacer_52	virome_phage_97	81.481	27	5	0	1	27	2808	2782	0.25	28.5
Bombella_GCF_026385525.1_spacer_53	virome_phage_7	84.615	26	4	0	3	28	127431	127406	0.084	30.1
Bombella_GCF_026385525.1_spacer_53	virome_phage_7	83.333	24	4	0	3	26	3677	3654	0.76	26.9
Bombella_GCF_026385525.1_spacer_53	virome_phage_738	86.957	23	3	0	9	31	32678	32656	0.25	28.5
Bombella_GCF_026385525.1_spacer_53	virome_phage_79	80.769	26	5	0	6	31	18655	18680	0.76	26.9
Bombella_GCF_026385525.1_spacer_53	virome_phage_742	86.364	22	3	0	1	22	59804	59783	0.76	26.9
Bombella_GCF_026385525.1_spacer_53	virome_phage_740	80.769	26	5	0	6	31	4756	4731	0.76	26.9
Bombella_GCF_026385525.1_spacer_53	virome_phage_2288	80.769	26	5	0	6	31	13522	13497	0.76	26.9
Bombella_GCF_026385525.1_spacer_53	virome_phage_21	80.769	26	5	0	6	31	31570	31595	0.76	26.9
Bombella_GCF_026385525.1_spacer_53	total_phage_363	83.333	24	4	0	3	26	20350	20373	0.76	26.9
Bombella_GCF_026385525.1_spacer_54	virome_phage_2270	86.957	23	3	0	1	23	215041	215019	0.25	28.5
Bombella_GCF_026385525.1_spacer_54	virome_phage_784	100.000	16	0	0	6	21	38422	38407	0.76	26.9
Bombella_GCF_026385525.1_spacer_54	total_phage_927	100.000	16	0	0	6	21	190017	190032	0.76	26.9
Bombella_GCF_026385525.1_spacer_55	virome_phage_2313	86.957	23	3	0	3	25	16231	16253	0.25	28.5
Bombella_GCF_026385525.1_spacer_55	virome_phage_818	83.333	24	4	0	8	31	21793	21816	0.76	26.9
Bombella_GCF_026385525.1_spacer_55	virome_phage_63	86.364	22	3	0	7	28	16305	16326	0.76	26.9
Bombella_GCF_026385525.1_spacer_55	virome_phage_49	76.667	30	7	0	2	31	21674	21645	0.76	26.9
Bombella_GCF_026385525.1_spacer_55	virome_phage_2913	78.571	28	6	0	1	28	611	638	0.76	26.9
Bombella_GCF_026385525.1_spacer_55	virome_phage_2269	94.444	18	1	0	2	19	215798	215781	0.76	26.9
Bombella_GCF_026385525.1_spacer_56	total_phage_518	87.500	24	3	0	3	26	8415	8392	0.084	30.1
Bombella_GCF_026385525.1_spacer_56	virome_phage_839	90.000	20	2	0	9	28	16479	16498	0.76	26.9
Bombella_GCF_026385525.1_spacer_56	virome_phage_797	90.000	20	2	0	11	30	11882	11863	0.76	26.9
Bombella_GCF_026385525.1_spacer_56	virome_phage_2335	90.000	20	2	0	9	28	19850	19831	0.76	26.9
Bombella_GCF_026385525.1_spacer_56	virome_phage_1	94.444	18	1	0	6	23	168399	168416	0.76	26.9
Bombella_GCF_026385525.1_spacer_56	total_phage_294	80.769	26	5	0	7	32	19839	19864	0.76	26.9
Bombella_GCF_026385525.1_spacer_57	virome_phage_768	94.737	19	1	0	12	30	37984	37966	0.25	28.5
Bombella_GCF_026385525.1_spacer_57	virome_phage_2270	94.444	18	1	0	11	28	60480	60463	0.76	26.9
Bombella_GCF_026385525.1_spacer_58	total_phage_790	90.476	21	2	0	8	28	39683	39703	0.25	28.5
Bombella_GCF_026385525.1_spacer_58	virome_phage_793	83.333	24	4	0	3	26	17889	17866	0.76	26.9
Bombella_GCF_026385525.1_spacer_58	virome_phage_68	94.444	18	1	0	13	30	11185	11202	0.76	26.9
Bombella_GCF_026385525.1_spacer_58	virome_phage_2282	78.571	28	6	0	3	30	38109	38082	0.76	26.9
Bombella_GCF_026385525.1_spacer_58	total_phage_926	86.364	22	3	0	8	29	31755	31734	0.76	26.9
Bombella_GCF_026385525.1_spacer_59	total_phage_95	83.333	24	4	0	5	28	10877	10900	0.76	26.9
Bombella_GCF_026385525.1_spacer_60	virome_phage_788	90.909	22	2	0	7	28	36676	36655	0.084	30.1
Bombella_GCF_026385525.1_spacer_60	virome_phage_86	86.957	23	3	0	5	27	25745	25767	0.25	28.5
Bombella_GCF_026385525.1_spacer_60	total_phage_790	86.957	23	3	0	10	32	43461	43483	0.25	28.5
Bombella_GCF_026385525.1_spacer_60	total_phage_116	86.957	23	3	0	5	27	16317	16295	0.25	28.5
Bombella_GCF_026385525.1_spacer_60	virome_phage_94	100.000	16	0	0	7	22	5106	5121	0.76	26.9
Bombella_GCF_026385525.1_spacer_60	virome_phage_904	90.000	20	2	0	13	32	15691	15672	0.76	26.9
Bombella_GCF_026385525.1_spacer_60	virome_phage_80	83.333	24	4	0	5	28	33755	33732	0.76	26.9
Bombella_GCF_026385525.1_spacer_60	virome_phage_769	86.364	22	3	0	10	31	29784	29763	0.76	26.9
Bombella_GCF_026385525.1_spacer_60	virome_phage_76	86.364	22	3	0	7	28	29359	29338	0.76	26.9
Bombella_GCF_026385525.1_spacer_60	virome_phage_43	83.333	24	4	0	6	29	22943	22920	0.76	26.9
Bombella_GCF_026385525.1_spacer_60	virome_phage_22	86.364	22	3	0	2	23	17107	17086	0.76	26.9
Bombella_GCF_026385525.1_spacer_60	total_phage_95	90.000	20	2	0	11	30	42781	42800	0.76	26.9
Bombella_GCF_026385525.1_spacer_61	virome_phage_25	91.667	24	2	0	9	32	21373	21396	0.009	33.3
Bombella_GCF_026385525.1_spacer_61	total_phage_800	84.615	26	4	0	6	31	12121	12146	0.084	30.1
Bombella_GCF_026385525.1_spacer_61	total_phage_8	87.500	24	3	0	3	26	23283	23306	0.084	30.1
Bombella_GCF_026385525.1_spacer_61	total_phage_4	84.615	26	4	0	6	31	16744	16719	0.084	30.1
Bombella_GCF_026385525.1_spacer_61	total_phage_368	84.615	26	4	0	6	31	21986	22011	0.084	30.1
Bombella_GCF_026385525.1_spacer_61	virome_phage_36	86.957	23	3	0	1	23	11661	11639	0.25	28.5
Bombella_GCF_026385525.1_spacer_61	virome_phage_91	80.769	26	5	0	3	28	16716	16691	0.76	26.9
Bombella_GCF_026385525.1_spacer_61	virome_phage_790	90.000	20	2	0	13	32	40965	40946	0.76	26.9
Bombella_GCF_026385525.1_spacer_61	total_phage_92	86.364	22	3	0	5	26	57941	57920	0.76	26.9
Bombella_GCF_026385525.1_spacer_63	virome_phage_86	95.000	20	1	0	2	21	18540	18559	0.084	30.1
Bombella_GCF_026385525.1_spacer_63	virome_phage_2389	79.310	29	6	0	3	31	2923	2951	0.25	28.5
Bombella_GCF_026385525.1_spacer_63	total_phage_240	90.000	20	2	0	2	21	29040	29021	0.76	26.9
Bombella_GCF_026385525.1_spacer_64	virome_phage_734	100.000	16	0	0	3	18	36938	36923	0.76	26.9
Bombella_GCF_026385525.1_spacer_64	total_phage_803	83.333	24	4	0	8	31	23754	23777	0.76	26.9
Bombella_GCF_026385525.1_spacer_65	virome_phage_35	86.364	22	3	0	3	24	23804	23825	0.76	26.9
Bombella_GCF_026385525.1_spacer_65	virome_phage_31	80.769	26	5	0	5	30	51701	51726	0.76	26.9
Bombella_GCF_026385525.1_spacer_65	virome_phage_2299	86.364	22	3	0	7	28	925	946	0.76	26.9
Bombella_GCF_026385525.1_spacer_66	virome_phage_155	94.737	19	1	0	14	32	4887	4869	0.25	28.5
Bombella_GCF_026385525.1_spacer_67	virome_phage_80	94.737	19	1	0	1	19	31906	31924	0.25	28.5
Bombella_GCF_026385525.1_spacer_67	virome_phage_860	100.000	16	0	0	16	31	11524	11539	0.76	26.9
Bombella_GCF_026385525.1_spacer_67	virome_phage_813	94.444	18	1	0	5	22	15555	15538	0.76	26.9
Bombella_GCF_026385525.1_spacer_67	virome_phage_67	78.571	28	6	0	3	30	17126	17099	0.76	26.9
Bombella_GCF_026385525.1_spacer_68	virome_phage_736	94.444	18	1	0	1	18	162884	162901	0.76	26.9
Bombella_GCF_026385525.1_spacer_69	virome_phage_80	83.333	30	5	0	1	30	31934	31905	0.009	33.3
Bombella_GCF_026385525.1_spacer_69	virome_phage_51	95.238	21	1	0	2	22	27815	27835	0.028	31.7
Bombella_GCF_026385525.1_spacer_69	virome_phage_2372	87.500	24	3	0	7	30	10858	10881	0.084	30.1
Bombella_GCF_026385525.1_spacer_69	virome_phage_55	94.737	19	1	0	14	32	34539	34557	0.25	28.5
Bombella_GCF_026385525.1_spacer_69	virome_phage_2255	90.476	21	2	0	9	29	22563	22543	0.25	28.5
Bombella_GCF_026385525.1_spacer_69	total_phage_116	86.957	23	3	0	3	25	10292	10314	0.25	28.5
Bombella_GCF_026385525.1_spacer_69	virome_phage_871	94.444	18	1	0	8	25	22346	22329	0.76	26.9
Bombella_GCF_026385525.1_spacer_69	virome_phage_787	94.444	18	1	0	13	30	27357	27340	0.76	26.9
Bombella_GCF_026385525.1_spacer_69	virome_phage_75	83.333	24	4	0	9	32	24225	24248	0.76	26.9
Bombella_GCF_026385525.1_spacer_69	virome_phage_75	100.000	16	0	0	9	24	35743	35728	0.76	26.9
Bombella_GCF_026385525.1_spacer_69	virome_phage_56	83.333	24	4	0	7	30	10427	10404	0.76	26.9
Bombella_GCF_026385525.1_spacer_69	virome_phage_54	83.333	24	4	0	3	26	28107	28084	0.76	26.9
Bombella_GCF_026385525.1_spacer_69	virome_phage_2280	83.333	24	4	0	3	26	22865	22888	0.76	26.9
Bombella_GCF_026385525.1_spacer_69	virome_phage_124	83.333	24	4	0	2	25	2109	2132	0.76	26.9
Bombella_GCF_026385525.1_spacer_69	total_phage_95	94.444	18	1	0	15	32	71939	71956	0.76	26.9
Bombella_GCF_026385525.1_spacer_69	total_phage_95	94.444	18	1	0	7	24	105265	105248	0.76	26.9
Bombella_GCF_026385525.1_spacer_69	total_phage_104	83.333	24	4	0	3	26	16879	16902	0.76	26.9
Bombella_GCF_026385525.1_spacer_70	virome_phage_76	84.000	25	4	0	6	30	34945	34921	0.25	28.5
Bombella_GCF_026385525.1_spacer_70	virome_phage_845	90.000	20	2	0	13	32	11846	11827	0.76	26.9
Bombella_GCF_026385525.1_spacer_70	virome_phage_24	90.000	20	2	0	12	31	40970	40989	0.76	26.9
Bombella_GCF_026385525.1_spacer_71	virome_phage_22	90.000	20	2	0	3	22	22944	22925	0.76	26.9
Bombella_GCF_026385525.1_spacer_72	virome_phage_782	76.667	30	7	0	2	31	14194	14223	0.76	26.9
Bombella_GCF_026385525.1_spacer_74	virome_phage_802	90.000	20	2	0	3	22	16712	16731	0.76	26.9
Bombella_GCF_026385525.1_spacer_74	virome_phage_741	86.364	22	3	0	1	22	52587	52566	0.76	26.9
Bombella_GCF_026385525.1_spacer_74	virome_phage_741	94.444	18	1	0	9	26	76662	76645	0.76	26.9
Bombella_GCF_026385525.1_spacer_74	virome_phage_2281	94.444	18	1	0	15	32	8778	8795	0.76	26.9
Bombella_GCF_026385525.1_spacer_75	total_phage_524	87.500	24	3	0	8	31	21547	21524	0.084	30.1
Bombella_GCF_026385525.1_spacer_75	virome_phage_9	86.364	22	3	0	11	32	8710	8689	0.76	26.9
Bombella_GCF_026385525.1_spacer_75	virome_phage_9	86.364	22	3	0	1	22	67882	67903	0.76	26.9
Bombella_GCF_026385525.1_spacer_75	virome_phage_82	83.333	24	4	0	9	32	16271	16248	0.76	26.9
Bombella_GCF_026385525.1_spacer_75	virome_phage_8	80.769	26	5	0	7	32	23420	23395	0.76	26.9
Bombella_GCF_026385525.1_spacer_75	virome_phage_759	83.333	24	4	0	9	32	18548	18571	0.76	26.9
Bombella_GCF_026385525.1_spacer_75	virome_phage_742	94.444	18	1	0	7	24	93242	93259	0.76	26.9
Bombella_GCF_026385525.1_spacer_75	virome_phage_62	80.769	26	5	0	7	32	28699	28724	0.76	26.9
Bombella_GCF_026385525.1_spacer_75	total_phage_638	83.333	24	4	0	1	24	7004	6981	0.76	26.9
Bombella_GCF_026385525.1_spacer_75	total_phage_449	90.000	20	2	0	6	25	3130	3149	0.76	26.9
Bombella_GCF_026385525.1_spacer_75	total_phage_294	90.000	20	2	0	6	25	4720	4701	0.76	26.9
Bombella_GCF_026385525.1_spacer_75	total_phage_237	90.000	20	2	0	13	32	5949	5930	0.76	26.9
Bombella_GCF_026385525.1_spacer_77	virome_phage_824	100.000	16	0	0	7	22	26572	26557	0.76	26.9
Bombella_GCF_026385525.1_spacer_77	virome_phage_823	80.769	26	5	0	1	26	1287	1262	0.76	26.9
Bombella_GCF_026385525.1_spacer_77	virome_phage_2254	83.333	24	4	0	9	32	296	319	0.76	26.9
Bombella_GCF_026385525.1_spacer_78	total_phage_658	95.000	20	1	0	2	21	50438	50419	0.084	30.1
Bombella_GCF_026385525.1_spacer_78	virome_phage_2270	86.364	22	3	0	9	30	41555	41534	0.76	26.9
Bombella_GCF_026385525.1_spacer_78	total_phage_98	83.333	24	4	0	5	28	7766	7743	0.76	26.9
Bombella_GCF_026385525.1_spacer_78	total_phage_175	80.769	26	5	0	6	31	10501	10526	0.76	26.9
Bombella_GCF_026385525.1_spacer_79	virome_phage_2296	100.000	16	0	0	12	27	2923	2908	0.76	26.9
Bombella_GCF_026385525.1_spacer_79	virome_phage_19	94.444	18	1	0	3	20	23091	23074	0.76	26.9
Bombella_GCF_026385525.1_spacer_80	virome_phage_160	85.185	27	4	0	1	27	2989	3015	0.028	31.7
Bombella_GCF_026385525.1_spacer_80	virome_phage_2342	90.909	22	2	0	7	28	9130	9109	0.084	30.1
Bombella_GCF_026385525.1_spacer_80	virome_phage_2398	81.481	27	5	0	1	27	15393	15367	0.25	28.5
Bombella_GCF_026385525.1_spacer_80	virome_phage_2263	86.957	23	3	0	8	30	3936	3914	0.25	28.5
Bombella_GCF_026385525.1_spacer_80	total_phage_611	86.957	23	3	0	8	30	4110	4088	0.25	28.5
Bombella_GCF_026385525.1_spacer_80	virome_phage_993	83.333	24	4	0	5	28	12498	12521	0.76	26.9
Bombella_GCF_026385525.1_spacer_80	virome_phage_8	94.444	18	1	0	2	19	91988	92005	0.76	26.9
Bombella_GCF_026385525.1_spacer_80	virome_phage_798	100.000	16	0	0	17	32	38092	38077	0.76	26.9
Bombella_GCF_026385525.1_spacer_80	virome_phage_3	78.571	28	6	0	2	29	87786	87813	0.76	26.9
Bombella_GCF_026385525.1_spacer_80	virome_phage_189	83.333	24	4	0	5	28	3664	3641	0.76	26.9
Bombella_GCF_026385525.1_spacer_80	total_phage_231	90.000	20	2	0	12	31	82321	82340	0.76	26.9
Bombella_GCF_026385525.1_spacer_80	total_phage_113	100.000	16	0	0	17	32	31510	31495	0.76	26.9
Bombella_GCF_026385525.1_spacer_81	virome_phage_781	85.185	27	4	0	2	28	3397	3423	0.028	31.7
Bombella_GCF_026385525.1_spacer_81	virome_phage_756	80.769	26	5	0	5	30	17749	17724	0.76	26.9
Bombella_GCF_026385525.1_spacer_82	virome_phage_52	88.462	26	3	0	3	28	19200	19175	0.009	33.3
Bombella_GCF_026385525.1_spacer_82	virome_phage_88	76.667	30	7	0	3	32	12747	12776	0.76	26.9
Bombella_GCF_026385525.1_spacer_82	virome_phage_800	76.667	30	7	0	3	32	11824	11853	0.76	26.9
Bombella_GCF_026385525.1_spacer_82	virome_phage_787	83.333	24	4	0	2	25	24467	24490	0.76	26.9
Bombella_GCF_026385525.1_spacer_82	virome_phage_3	86.364	22	3	0	4	25	51031	51052	0.76	26.9
Bombella_GCF_026385525.1_spacer_82	virome_phage_127	80.769	26	5	0	6	31	24194	24169	0.76	26.9
Bombella_GCF_026385525.1_spacer_82	virome_phage_124	78.571	28	6	0	5	32	10976	11003	0.76	26.9
Bombella_GCF_026385525.1_spacer_82	total_phage_796	76.667	30	7	0	3	32	1961	1932	0.76	26.9
Bombella_GCF_026385525.1_spacer_83	virome_phage_855	83.333	24	4	0	9	32	30375	30352	0.76	26.9
Bombella_GCF_026385525.1_spacer_83	virome_phage_152	90.000	20	2	0	6	25	18341	18360	0.76	26.9
Bombella_GCF_026385525.1_spacer_83	virome_phage_1	86.364	22	3	0	9	30	169205	169184	0.76	26.9
Bombella_GCF_026385525.1_spacer_83	total_phage_638	80.769	26	5	0	6	31	14219	14194	0.76	26.9
Bombella_GCF_026385525.1_spacer_84	virome_phage_840	90.000	20	2	0	4	23	25366	25347	0.76	26.9
Bombella_GCF_026385525.1_spacer_84	virome_phage_2269	80.769	26	5	0	6	31	144765	144740	0.76	26.9
Bombella_GCF_026385525.1_spacer_84	total_phage_745	78.571	28	6	0	5	32	14299	14272	0.76	26.9
Bombella_GCF_026385525.1_spacer_84	total_phage_242	83.333	24	4	0	5	28	6888	6865	0.76	26.9
Bombella_GCF_026385525.1_spacer_85	virome_phage_2389	90.476	21	2	0	7	27	10240	10220	0.25	28.5
Bombella_GCF_026385525.1_spacer_85	virome_phage_92	86.364	22	3	0	9	30	622	601	0.76	26.9
Bombella_GCF_026385525.1_spacer_85	virome_phage_2275	80.769	26	5	0	2	27	68142	68117	0.76	26.9
Bombella_GCF_026385525.1_spacer_85	total_phage_729	76.667	30	7	0	3	32	43151	43180	0.76	26.9
Bombella_GCF_026385525.1_spacer_85	total_phage_451	86.364	22	3	0	2	23	12982	13003	0.76	26.9
Bombella_GCF_026385525.1_spacer_86	total_phage_415	100.000	17	0	0	5	21	20987	20971	0.25	28.5
Bombella_GCF_026385525.1_spacer_86	virome_phage_742	100.000	16	0	0	1	16	41970	41955	0.76	26.9
Bombella_GCF_026385525.1_spacer_86	virome_phage_734	83.333	24	4	0	3	26	298706	298683	0.76	26.9
Bombella_GCF_026385525.1_spacer_86	virome_phage_2322	90.000	20	2	0	8	27	1438	1419	0.76	26.9
Bombella_GCF_026385525.1_spacer_86	virome_phage_2308	80.769	26	5	0	7	32	27483	27458	0.76	26.9
Bombella_GCF_026385525.1_spacer_86	virome_phage_2286	83.333	24	4	0	6	29	37279	37302	0.76	26.9
Bombella_GCF_026385525.1_spacer_86	virome_phage_1	94.444	18	1	0	12	29	175226	175243	0.76	26.9
Bombella_GCF_026385525.1_spacer_86	total_phage_730	83.333	24	4	0	1	24	2040	2063	0.76	26.9
Bombella_GCF_026385525.1_spacer_86	total_phage_18	94.444	18	1	0	10	27	6221	6204	0.76	26.9
Bombella_GCF_026385525.1_spacer_87	virome_phage_5	100.000	16	0	0	13	28	67013	66998	0.76	26.9
Bombella_GCF_026385525.1_spacer_87	virome_phage_2272	94.444	18	1	0	8	25	72410	72393	0.76	26.9
Bombella_GCF_026385525.1_spacer_88	virome_phage_2320	94.444	18	1	0	2	19	17094	17077	0.76	26.9
Bombella_GCF_026385525.1_spacer_88	total_phage_731	90.000	20	2	0	12	31	55047	55028	0.76	26.9
Bombella_GCF_026385525.1_spacer_89	total_phage_738	86.364	22	3	0	8	29	28213	28234	0.76	26.9
Bombella_GCF_026385525.1_spacer_89	total_phage_306	83.333	24	4	0	8	31	22674	22697	0.76	26.9
Bombella_GCF_026385525.1_spacer_90	virome_phage_36	86.364	22	3	0	7	28	38257	38278	0.76	26.9
Bombella_GCF_026385525.1_spacer_90	virome_phage_1	83.333	24	4	0	5	28	135965	135942	0.76	26.9
Bombella_GCF_026385525.1_spacer_91	virome_phage_739	100.000	18	0	0	15	32	8118	8135	0.084	30.1
Bombella_GCF_026385525.1_spacer_91	virome_phage_734	90.000	20	2	0	12	31	142541	142560	0.76	26.9
Bombella_GCF_026385525.1_spacer_91	total_phage_653	94.444	18	1	0	15	32	31843	31860	0.76	26.9
Bombella_GCF_026385525.1_spacer_93	total_phage_175	79.310	29	6	0	3	31	14825	14853	0.25	28.5
Bombella_GCF_026385525.1_spacer_94	virome_phage_734	76.667	30	7	0	3	32	57640	57611	0.76	26.9
Bombella_GCF_026385525.1_spacer_94	total_phage_413	78.571	28	6	0	2	29	39847	39820	0.76	26.9
Bombella_GCF_026385525.1_spacer_95	virome_phage_2368	81.481	27	5	0	5	31	19362	19388	0.25	28.5
Bombella_GCF_026385525.1_spacer_95	total_phage_727	84.000	25	4	0	5	29	17397	17421	0.25	28.5
Bombella_GCF_026385525.1_spacer_95	total_phage_524	79.310	29	6	0	4	32	14285	14257	0.25	28.5
Bombella_GCF_026385525.1_spacer_95	total_phage_518	84.000	25	4	0	5	29	29607	29631	0.25	28.5
Bombella_GCF_026385525.1_spacer_95	virome_phage_864	86.364	22	3	0	8	29	29019	29040	0.76	26.9
Bombella_GCF_026385525.1_spacer_95	virome_phage_275	80.769	26	5	0	3	28	1659	1684	0.76	26.9
Bombella_GCF_026385525.1_spacer_95	total_phage_927	90.000	20	2	0	12	31	281350	281369	0.76	26.9
Bombella_GCF_026385525.1_spacer_95	total_phage_92	100.000	16	0	0	16	31	61582	61597	0.76	26.9
Bombella_GCF_026385525.1_spacer_95	total_phage_803	86.364	22	3	0	11	32	3686	3665	0.76	26.9
Bombella_GCF_026385525.1_spacer_95	total_phage_783	86.364	22	3	0	11	32	2931	2910	0.76	26.9
Bombella_GCF_026385525.1_spacer_95	total_phage_293	80.769	26	5	0	7	32	25868	25843	0.76	26.9
Bombella_GCF_026385525.1_spacer_96	virome_phage_858	79.310	29	6	0	3	31	22480	22508	0.25	28.5
Bombella_GCF_026385525.1_spacer_96	virome_phage_43	81.481	27	5	0	2	28	13209	13183	0.25	28.5
Bombella_GCF_026385525.1_spacer_96	virome_phage_2297	79.310	29	6	0	3	31	36787	36759	0.25	28.5
Bombella_GCF_026385525.1_spacer_96	virome_phage_9	100.000	16	0	0	14	29	96287	96302	0.76	26.9
Bombella_GCF_026385525.1_spacer_96	virome_phage_863	83.333	24	4	0	7	30	21150	21173	0.76	26.9
Bombella_GCF_026385525.1_spacer_96	virome_phage_779	80.769	26	5	0	1	26	15087	15062	0.76	26.9
Bombella_GCF_026385525.1_spacer_96	virome_phage_5	78.571	28	6	0	3	30	35266	35293	0.76	26.9
Bombella_GCF_026385525.1_spacer_96	virome_phage_2275	94.444	18	1	0	13	30	23054	23071	0.76	26.9
Bombella_GCF_026385525.1_spacer_96	virome_phage_1467	90.000	20	2	0	3	22	6806	6825	0.76	26.9
Bombella_GCF_026385525.1_spacer_96	virome_phage_1446	90.000	20	2	0	3	22	298	279	0.76	26.9
Bombella_GCF_026385525.1_spacer_97	virome_phage_2314	84.615	26	4	0	1	26	3583	3608	0.084	30.1
Bombella_GCF_026385525.1_spacer_97	total_phage_242	80.000	30	6	0	1	30	18432	18461	0.084	30.1
Bombella_GCF_026385525.1_spacer_97	virome_phage_98	83.333	24	4	0	3	26	16588	16565	0.76	26.9
Bombella_GCF_026385525.1_spacer_97	virome_phage_854	78.571	28	6	0	5	32	22720	22693	0.76	26.9
Bombella_GCF_026385525.1_spacer_97	virome_phage_818	90.000	20	2	0	10	29	9821	9840	0.76	26.9
Bombella_GCF_026385525.1_spacer_97	virome_phage_749	94.444	18	1	0	9	26	26778	26761	0.76	26.9
Bombella_GCF_026385525.1_spacer_97	total_phage_794	76.667	30	7	0	1	30	3825	3854	0.76	26.9
Bombella_GCF_026385525.1_spacer_98	virome_phage_826	91.304	23	2	0	8	30	27828	27806	0.028	31.7
Bombella_GCF_026385525.1_spacer_98	virome_phage_98	86.957	23	3	0	3	25	21799	21777	0.25	28.5
Bombella_GCF_026385525.1_spacer_98	virome_phage_745	100.000	17	0	0	13	29	13156	13172	0.25	28.5
Bombella_GCF_026385525.1_spacer_98	total_phage_658	86.364	22	3	0	2	23	50438	50417	0.76	26.9
