Bombella_GCF_009725755.1_spacer_0	virome_phage_862	94.444	18	1	0	11	28	20327	20310	0.76	26.9
Bombella_GCF_009725755.1_spacer_0	virome_phage_84	80.769	26	5	0	7	32	17172	17147	0.76	26.9
Bombella_GCF_009725755.1_spacer_0	virome_phage_43	94.444	18	1	0	11	28	20421	20438	0.76	26.9
Bombella_GCF_009725755.1_spacer_0	virome_phage_2333	94.444	18	1	0	11	28	10664	10647	0.76	26.9
Bombella_GCF_009725755.1_spacer_0	virome_phage_196	94.444	18	1	0	11	28	9484	9501	0.76	26.9
Bombella_GCF_009725755.1_spacer_0	virome_phage_112	80.769	26	5	0	7	32	3241	3216	0.76	26.9
Bombella_GCF_009725755.1_spacer_1	total_phage_663	81.481	27	5	0	4	30	8870	8896	0.25	28.5
Bombella_GCF_009725755.1_spacer_1	total_phage_637	81.481	27	5	0	4	30	5560	5586	0.25	28.5
Bombella_GCF_009725755.1_spacer_1	virome_phage_894	86.364	22	3	0	7	28	24287	24266	0.76	26.9
Bombella_GCF_009725755.1_spacer_2	virome_phage_34	80.000	30	6	0	2	31	30358	30329	0.084	30.1
Bombella_GCF_009725755.1_spacer_2	virome_phage_2254	87.500	24	3	0	9	32	44244	44221	0.084	30.1
Bombella_GCF_009725755.1_spacer_2	virome_phage_2238	87.500	24	3	0	9	32	25758	25735	0.084	30.1
Bombella_GCF_009725755.1_spacer_2	total_phage_500	87.500	24	3	0	9	32	82199	82222	0.084	30.1
Bombella_GCF_009725755.1_spacer_2	virome_phage_850	83.333	24	4	0	1	24	19947	19970	0.76	26.9
Bombella_GCF_009725755.1_spacer_2	virome_phage_841	90.000	20	2	0	10	29	33965	33946	0.76	26.9
Bombella_GCF_009725755.1_spacer_2	virome_phage_797	86.364	22	3	0	10	31	7702	7723	0.76	26.9
Bombella_GCF_009725755.1_spacer_2	virome_phage_734	86.364	22	3	0	10	31	307313	307292	0.76	26.9
Bombella_GCF_009725755.1_spacer_2	virome_phage_70	90.000	20	2	0	6	25	14207	14226	0.76	26.9
Bombella_GCF_009725755.1_spacer_2	virome_phage_144	100.000	16	0	0	2	17	2012	2027	0.76	26.9
Bombella_GCF_009725755.1_spacer_2	virome_phage_10	83.333	24	4	0	2	25	64260	64237	0.76	26.9
Bombella_GCF_009725755.1_spacer_2	total_phage_731	83.333	24	4	0	7	30	1857	1880	0.76	26.9
Bombella_GCF_009725755.1_spacer_2	total_phage_437	76.667	30	7	0	1	30	15001	14972	0.76	26.9
Bombella_GCF_009725755.1_spacer_2	total_phage_415	94.444	18	1	0	12	29	7055	7072	0.76	26.9
Bombella_GCF_009725755.1_spacer_2	total_phage_360	83.333	24	4	0	7	30	4513	4490	0.76	26.9
Bombella_GCF_009725755.1_spacer_3	total_phage_806	81.481	27	5	0	2	28	16659	16633	0.25	28.5
Bombella_GCF_009725755.1_spacer_3	virome_phage_760	100.000	16	0	0	1	16	28181	28196	0.76	26.9
Bombella_GCF_009725755.1_spacer_4	virome_phage_864	80.769	26	5	0	5	30	9461	9436	0.76	26.9
Bombella_GCF_009725755.1_spacer_4	virome_phage_11	80.769	26	5	0	7	32	27319	27294	0.76	26.9
Bombella_GCF_009725755.1_spacer_5	virome_phage_9	81.481	27	5	0	4	30	98492	98466	0.25	28.5
Bombella_GCF_009725755.1_spacer_5	virome_phage_859	81.481	27	5	0	4	30	10899	10873	0.25	28.5
Bombella_GCF_009725755.1_spacer_5	virome_phage_738	86.364	22	3	0	8	29	51452	51431	0.76	26.9
Bombella_GCF_009725755.1_spacer_5	virome_phage_4	86.364	22	3	0	8	29	45125	45146	0.76	26.9
Bombella_GCF_009725755.1_spacer_5	total_phage_731	78.571	28	6	0	1	28	86954	86981	0.76	26.9
Bombella_GCF_009725755.1_spacer_6	virome_phage_47	86.957	23	3	0	9	31	14048	14026	0.25	28.5
Bombella_GCF_009725755.1_spacer_6	virome_phage_743	90.000	20	2	0	8	27	34712	34731	0.76	26.9
Bombella_GCF_009725755.1_spacer_6	virome_phage_4	90.000	20	2	0	3	22	60051	60070	0.76	26.9
Bombella_GCF_009725755.1_spacer_6	virome_phage_33	80.769	26	5	0	7	32	34809	34834	0.76	26.9
Bombella_GCF_009725755.1_spacer_7	total_phage_605	91.304	23	2	0	5	27	33427	33405	0.028	31.7
Bombella_GCF_009725755.1_spacer_7	total_phage_526	91.304	23	2	0	5	27	23232	23210	0.028	31.7
Bombella_GCF_009725755.1_spacer_7	total_phage_233	87.500	24	3	0	1	24	64417	64394	0.084	30.1
Bombella_GCF_009725755.1_spacer_7	virome_phage_850	86.364	22	3	0	1	22	18868	18889	0.76	26.9
Bombella_GCF_009725755.1_spacer_7	virome_phage_792	83.333	24	4	0	1	24	41586	41563	0.76	26.9
Bombella_GCF_009725755.1_spacer_7	virome_phage_738	86.364	22	3	0	6	27	47269	47248	0.76	26.9
Bombella_GCF_009725755.1_spacer_7	virome_phage_4	86.364	22	3	0	6	27	49308	49329	0.76	26.9
Bombella_GCF_009725755.1_spacer_7	total_phage_98	86.364	22	3	0	3	24	14417	14438	0.76	26.9
Bombella_GCF_009725755.1_spacer_7	total_phage_729	80.769	26	5	0	5	30	93243	93218	0.76	26.9
Bombella_GCF_009725755.1_spacer_7	total_phage_294	83.333	24	4	0	1	24	45656	45633	0.76	26.9
Bombella_GCF_009725755.1_spacer_8	total_phage_729	90.476	21	2	0	7	27	173716	173696	0.25	28.5
Bombella_GCF_009725755.1_spacer_8	virome_phage_856	78.571	28	6	0	3	30	11341	11368	0.76	26.9
Bombella_GCF_009725755.1_spacer_8	virome_phage_789	80.769	26	5	0	2	27	14404	14429	0.76	26.9
Bombella_GCF_009725755.1_spacer_8	virome_phage_743	76.667	30	7	0	1	30	57334	57305	0.76	26.9
Bombella_GCF_009725755.1_spacer_8	virome_phage_741	80.769	26	5	0	7	32	50527	50552	0.76	26.9
Bombella_GCF_009725755.1_spacer_8	virome_phage_48	80.769	26	5	0	6	31	35211	35186	0.76	26.9
Bombella_GCF_009725755.1_spacer_9	virome_phage_9	86.364	22	3	0	9	30	91092	91113	0.76	26.9
Bombella_GCF_009725755.1_spacer_9	virome_phage_816	90.000	20	2	0	7	26	27909	27890	0.76	26.9
Bombella_GCF_009725755.1_spacer_9	virome_phage_735	86.364	22	3	0	4	25	198119	198098	0.76	26.9
Bombella_GCF_009725755.1_spacer_9	total_phage_446	86.364	22	3	0	3	24	13877	13856	0.76	26.9
Bombella_GCF_009725755.1_spacer_10	virome_phage_789	86.364	22	3	0	2	23	40113	40134	0.76	26.9
Bombella_GCF_009725755.1_spacer_12	virome_phage_867	86.364	22	3	0	10	31	11912	11933	0.76	26.9
Bombella_GCF_009725755.1_spacer_12	total_phage_731	75.000	32	8	0	1	32	64183	64214	0.76	26.9
Bombella_GCF_009725755.1_spacer_13	virome_phage_734	94.444	18	1	0	4	21	132648	132631	0.76	26.9
Bombella_GCF_009725755.1_spacer_14	virome_phage_776	80.769	26	5	0	5	30	10240	10265	0.76	26.9
Bombella_GCF_009725755.1_spacer_14	virome_phage_2312	100.000	16	0	0	3	18	28793	28778	0.76	26.9
Bombella_GCF_009725755.1_spacer_14	virome_phage_2310	83.333	24	4	0	8	31	33606	33583	0.76	26.9
Bombella_GCF_009725755.1_spacer_14	virome_phage_127	80.769	26	5	0	5	30	16409	16434	0.76	26.9
Bombella_GCF_009725755.1_spacer_14	virome_phage_1	80.769	26	5	0	5	30	60375	60350	0.76	26.9
Bombella_GCF_009725755.1_spacer_14	total_phage_729	86.364	22	3	0	10	31	34087	34108	0.76	26.9
Bombella_GCF_009725755.1_spacer_15	virome_phage_911	79.310	29	6	0	4	32	550	578	0.25	28.5
Bombella_GCF_009725755.1_spacer_15	virome_phage_831	90.476	21	2	0	8	28	15439	15459	0.25	28.5
Bombella_GCF_009725755.1_spacer_15	virome_phage_2274	90.476	21	2	0	8	28	53406	53426	0.25	28.5
Bombella_GCF_009725755.1_spacer_15	virome_phage_949	80.769	26	5	0	5	30	11325	11350	0.76	26.9
Bombella_GCF_009725755.1_spacer_15	virome_phage_740	86.364	22	3	0	10	31	97268	97247	0.76	26.9
Bombella_GCF_009725755.1_spacer_15	virome_phage_734	76.667	30	7	0	3	32	233561	233532	0.76	26.9
Bombella_GCF_009725755.1_spacer_15	virome_phage_331	80.769	26	5	0	5	30	4220	4245	0.76	26.9
Bombella_GCF_009725755.1_spacer_15	virome_phage_21	86.364	22	3	0	10	31	53057	53078	0.76	26.9
Bombella_GCF_009725755.1_spacer_16	virome_phage_27	82.143	28	5	0	4	31	15955	15982	0.084	30.1
Bombella_GCF_009725755.1_spacer_16	virome_phage_2359	80.769	26	5	0	5	30	244	269	0.76	26.9
Bombella_GCF_009725755.1_spacer_16	virome_phage_2270	80.769	26	5	0	7	32	33420	33395	0.76	26.9
Bombella_GCF_009725755.1_spacer_16	total_phage_112	78.571	28	6	0	4	31	21345	21318	0.76	26.9
Bombella_GCF_009725755.1_spacer_18	virome_phage_840	95.000	20	1	0	1	20	3229	3210	0.084	30.1
Bombella_GCF_009725755.1_spacer_18	virome_phage_8	79.310	29	6	0	1	29	125280	125308	0.25	28.5
Bombella_GCF_009725755.1_spacer_18	virome_phage_885	83.333	24	4	0	7	30	12058	12081	0.76	26.9
Bombella_GCF_009725755.1_spacer_18	virome_phage_839	90.000	20	2	0	12	31	25791	25772	0.76	26.9
Bombella_GCF_009725755.1_spacer_18	virome_phage_744	78.571	28	6	0	5	32	42184	42211	0.76	26.9
Bombella_GCF_009725755.1_spacer_18	virome_phage_2310	90.000	20	2	0	12	31	26819	26800	0.76	26.9
Bombella_GCF_009725755.1_spacer_18	virome_phage_183	94.444	18	1	0	10	27	5294	5277	0.76	26.9
Bombella_GCF_009725755.1_spacer_18	virome_phage_1033	94.444	18	1	0	10	27	5143	5126	0.76	26.9
Bombella_GCF_009725755.1_spacer_18	total_phage_787	83.333	24	4	0	6	29	12130	12107	0.76	26.9
Bombella_GCF_009725755.1_spacer_18	total_phage_735	90.000	20	2	0	12	31	15113	15132	0.76	26.9
Bombella_GCF_009725755.1_spacer_18	total_phage_734	90.000	20	2	0	12	31	6905	6924	0.76	26.9
Bombella_GCF_009725755.1_spacer_18	total_phage_730	94.444	18	1	0	5	22	73015	73032	0.76	26.9
Bombella_GCF_009725755.1_spacer_20	virome_phage_57	94.444	18	1	0	3	20	15429	15412	0.76	26.9
Bombella_GCF_009725755.1_spacer_21	virome_phage_788	100.000	16	0	0	14	29	21829	21814	0.76	26.9
Bombella_GCF_009725755.1_spacer_22	virome_phage_939	94.444	18	1	0	2	19	6504	6487	0.76	26.9
Bombella_GCF_009725755.1_spacer_23	virome_phage_60	80.769	26	5	0	4	29	11693	11718	0.76	26.9
Bombella_GCF_009725755.1_spacer_23	virome_phage_27	90.000	20	2	0	4	23	23748	23729	0.76	26.9
Bombella_GCF_009725755.1_spacer_23	total_phage_453	94.444	18	1	0	6	23	12667	12650	0.76	26.9
Bombella_GCF_009725755.1_spacer_24	virome_phage_2269	77.419	31	7	0	2	32	99721	99691	0.25	28.5
Bombella_GCF_009725755.1_spacer_24	virome_phage_1	81.481	27	5	0	3	29	190908	190934	0.25	28.5
Bombella_GCF_009725755.1_spacer_24	virome_phage_903	76.667	30	7	0	1	30	21090	21061	0.76	26.9
Bombella_GCF_009725755.1_spacer_24	virome_phage_736	78.571	28	6	0	3	30	143997	144024	0.76	26.9
Bombella_GCF_009725755.1_spacer_24	virome_phage_4	78.571	28	6	0	4	31	137609	137582	0.76	26.9
Bombella_GCF_009725755.1_spacer_24	virome_phage_18	90.000	20	2	0	9	28	14004	14023	0.76	26.9
Bombella_GCF_009725755.1_spacer_25	virome_phage_779	90.000	20	2	0	11	30	41681	41700	0.76	26.9
Bombella_GCF_009725755.1_spacer_25	total_phage_3	83.333	24	4	0	9	32	16742	16719	0.76	26.9
Bombella_GCF_009725755.1_spacer_25	total_phage_175	78.571	28	6	0	1	28	25163	25190	0.76	26.9
Bombella_GCF_009725755.1_spacer_26	virome_phage_823	86.364	22	3	0	10	31	9708	9687	0.76	26.9
Bombella_GCF_009725755.1_spacer_26	virome_phage_10	83.333	24	4	0	7	30	44443	44466	0.76	26.9
Bombella_GCF_009725755.1_spacer_26	total_phage_730	83.333	24	4	0	7	30	142285	142262	0.76	26.9
Bombella_GCF_009725755.1_spacer_27	virome_phage_28	94.444	18	1	0	4	21	34084	34067	0.76	26.9
Bombella_GCF_009725755.1_spacer_27	virome_phage_104	83.333	24	4	0	1	24	4086	4063	0.76	26.9
Bombella_GCF_009725755.1_spacer_27	total_phage_729	100.000	16	0	0	7	22	85154	85139	0.76	26.9
Bombella_GCF_009725755.1_spacer_28	total_phage_734	82.759	29	5	0	4	32	3021	2993	0.028	31.7
Bombella_GCF_009725755.1_spacer_28	virome_phage_755	87.500	24	3	0	2	25	30647	30624	0.084	30.1
Bombella_GCF_009725755.1_spacer_28	virome_phage_755	90.476	21	2	0	2	22	16060	16040	0.25	28.5
Bombella_GCF_009725755.1_spacer_28	virome_phage_755	90.000	20	2	0	3	22	12183	12164	0.76	26.9
Bombella_GCF_009725755.1_spacer_28	virome_phage_755	86.364	22	3	0	3	24	31469	31448	0.76	26.9
Bombella_GCF_009725755.1_spacer_28	total_phage_697	100.000	18	0	0	4	21	12982	12999	0.084	30.1
Bombella_GCF_009725755.1_spacer_28	virome_phage_749	90.476	21	2	0	5	25	70942	70962	0.25	28.5
Bombella_GCF_009725755.1_spacer_28	virome_phage_59	90.476	21	2	0	1	21	10726	10706	0.25	28.5
Bombella_GCF_009725755.1_spacer_28	virome_phage_21	90.476	21	2	0	3	23	42731	42751	0.25	28.5
Bombella_GCF_009725755.1_spacer_28	virome_phage_903	90.000	20	2	0	8	27	6315	6334	0.76	26.9
Bombella_GCF_009725755.1_spacer_28	virome_phage_901	83.333	24	4	0	1	24	4937	4960	0.76	26.9
Bombella_GCF_009725755.1_spacer_28	virome_phage_86	90.000	20	2	0	6	25	1100	1081	0.76	26.9
Bombella_GCF_009725755.1_spacer_28	virome_phage_8	94.444	18	1	0	9	26	75771	75754	0.76	26.9
Bombella_GCF_009725755.1_spacer_28	virome_phage_748	90.000	20	2	0	6	25	28404	28423	0.76	26.9
Bombella_GCF_009725755.1_spacer_28	virome_phage_740	90.000	20	2	0	4	23	108235	108216	0.76	26.9
Bombella_GCF_009725755.1_spacer_28	virome_phage_7	76.667	30	7	0	1	30	111255	111284	0.76	26.9
Bombella_GCF_009725755.1_spacer_28	virome_phage_36	94.444	18	1	0	11	28	6379	6362	0.76	26.9
Bombella_GCF_009725755.1_spacer_28	virome_phage_2333	86.364	22	3	0	5	26	24492	24471	0.76	26.9
Bombella_GCF_009725755.1_spacer_28	virome_phage_2278	90.000	20	2	0	3	22	56685	56666	0.76	26.9
Bombella_GCF_009725755.1_spacer_28	virome_phage_2278	86.364	22	3	0	2	23	60563	60542	0.76	26.9
Bombella_GCF_009725755.1_spacer_28	virome_phage_2270	76.667	30	7	0	2	31	193394	193423	0.76	26.9
Bombella_GCF_009725755.1_spacer_28	virome_phage_10	86.364	22	3	0	4	25	115895	115874	0.76	26.9
Bombella_GCF_009725755.1_spacer_28	total_phage_99	86.364	22	3	0	1	22	7118	7139	0.76	26.9
Bombella_GCF_009725755.1_spacer_28	total_phage_694	94.444	18	1	0	15	32	19298	19315	0.76	26.9
Bombella_GCF_009725755.1_spacer_28	total_phage_479	86.364	22	3	0	4	25	37984	37963	0.76	26.9
Bombella_GCF_009725755.1_spacer_28	total_phage_105	83.333	24	4	0	7	30	27636	27613	0.76	26.9
Bombella_GCF_009725755.1_spacer_29	virome_phage_974	86.364	22	3	0	11	32	13761	13782	0.76	26.9
Bombella_GCF_009725755.1_spacer_30	virome_phage_2269	94.444	18	1	0	7	24	7846	7863	0.76	26.9
Bombella_GCF_009725755.1_spacer_30	total_phage_738	86.364	22	3	0	2	23	17729	17750	0.76	26.9
Bombella_GCF_009725755.1_spacer_30	total_phage_737	86.364	22	3	0	2	23	24899	24920	0.76	26.9
Bombella_GCF_009725755.1_spacer_30	total_phage_246	80.769	26	5	0	7	32	4609	4584	0.76	26.9
Bombella_GCF_009725755.1_spacer_30	total_phage_12	86.364	22	3	0	2	23	8151	8172	0.76	26.9
Bombella_GCF_009725755.1_spacer_30	total_phage_0	94.444	18	1	0	6	23	15219	15202	0.76	26.9
Bombella_GCF_009725755.1_spacer_31	virome_phage_903	90.476	21	2	0	2	22	20098	20078	0.25	28.5
Bombella_GCF_009725755.1_spacer_31	virome_phage_69	86.957	23	3	0	2	24	10471	10449	0.25	28.5
Bombella_GCF_009725755.1_spacer_31	virome_phage_898	78.571	28	6	0	3	30	11106	11079	0.76	26.9
Bombella_GCF_009725755.1_spacer_31	virome_phage_280	90.000	20	2	0	1	20	6643	6624	0.76	26.9
Bombella_GCF_009725755.1_spacer_31	virome_phage_2496	90.000	20	2	0	1	20	6755	6736	0.76	26.9
Bombella_GCF_009725755.1_spacer_31	virome_phage_2263	90.000	20	2	0	1	20	6537	6518	0.76	26.9
Bombella_GCF_009725755.1_spacer_31	total_phage_786	94.444	18	1	0	2	19	45147	45130	0.76	26.9
Bombella_GCF_009725755.1_spacer_31	total_phage_611	90.000	20	2	0	1	20	6711	6692	0.76	26.9
Bombella_GCF_009725755.1_spacer_32	virome_phage_2	88.000	25	3	0	8	32	52900	52924	0.028	31.7
Bombella_GCF_009725755.1_spacer_32	virome_phage_936	100.000	17	0	0	4	20	8831	8847	0.25	28.5
Bombella_GCF_009725755.1_spacer_32	virome_phage_84	100.000	17	0	0	4	20	3969	3985	0.25	28.5
Bombella_GCF_009725755.1_spacer_32	total_phage_369	100.000	17	0	0	4	20	18167	18183	0.25	28.5
Bombella_GCF_009725755.1_spacer_32	total_phage_178	100.000	17	0	0	4	20	9057	9041	0.25	28.5
Bombella_GCF_009725755.1_spacer_32	total_phage_116	100.000	17	0	0	4	20	33227	33211	0.25	28.5
Bombella_GCF_009725755.1_spacer_32	total_phage_115	100.000	17	0	0	4	20	30372	30388	0.25	28.5
Bombella_GCF_009725755.1_spacer_32	virome_phage_871	90.000	20	2	0	8	27	19907	19926	0.76	26.9
Bombella_GCF_009725755.1_spacer_32	virome_phage_63	90.000	20	2	0	11	30	1176	1195	0.76	26.9
Bombella_GCF_009725755.1_spacer_32	virome_phage_16	80.769	26	5	0	7	32	62442	62417	0.76	26.9
Bombella_GCF_009725755.1_spacer_33	virome_phage_738	84.000	25	4	0	6	30	88380	88404	0.25	28.5
Bombella_GCF_009725755.1_spacer_33	virome_phage_738	83.333	24	4	0	6	29	81211	81234	0.76	26.9
Bombella_GCF_009725755.1_spacer_33	virome_phage_841	90.000	20	2	0	13	32	8681	8700	0.76	26.9
Bombella_GCF_009725755.1_spacer_33	virome_phage_817	90.000	20	2	0	3	22	17684	17665	0.76	26.9
Bombella_GCF_009725755.1_spacer_33	total_phage_636	86.364	22	3	0	4	25	39834	39855	0.76	26.9
Bombella_GCF_009725755.1_spacer_33	total_phage_1	76.667	30	7	0	1	30	37343	37314	0.76	26.9
Bombella_GCF_009725755.1_spacer_34	total_phage_729	84.000	25	4	0	6	30	185757	185781	0.25	28.5
Bombella_GCF_009725755.1_spacer_34	virome_phage_734	80.769	26	5	0	2	27	33703	33678	0.76	26.9
Bombella_GCF_009725755.1_spacer_34	virome_phage_2269	83.333	24	4	0	9	32	260440	260463	0.76	26.9
Bombella_GCF_009725755.1_spacer_34	total_phage_524	83.333	24	4	0	9	32	28275	28298	0.76	26.9
Bombella_GCF_009725755.1_spacer_34	total_phage_249	94.444	18	1	0	10	27	4826	4843	0.76	26.9
Bombella_GCF_009725755.1_spacer_35	total_phage_800	100.000	17	0	0	14	30	10378	10394	0.25	28.5
Bombella_GCF_009725755.1_spacer_35	total_phage_368	100.000	17	0	0	14	30	20243	20259	0.25	28.5
Bombella_GCF_009725755.1_spacer_36	virome_phage_856	100.000	17	0	0	14	30	25275	25291	0.25	28.5
Bombella_GCF_009725755.1_spacer_36	total_phage_106	84.000	25	4	0	8	32	29485	29509	0.25	28.5
Bombella_GCF_009725755.1_spacer_37	virome_phage_826	100.000	16	0	0	7	22	28394	28379	0.76	26.9
Bombella_GCF_009725755.1_spacer_38	virome_phage_2330	94.737	19	1	0	14	32	29014	28996	0.25	28.5
Bombella_GCF_009725755.1_spacer_38	virome_phage_110	94.737	19	1	0	14	32	21618	21636	0.25	28.5
Bombella_GCF_009725755.1_spacer_38	virome_phage_2366	80.769	26	5	0	3	28	984	959	0.76	26.9
Bombella_GCF_009725755.1_spacer_38	virome_phage_118	90.000	20	2	0	8	27	23071	23052	0.76	26.9
Bombella_GCF_009725755.1_spacer_39	virome_phage_997	81.481	27	5	0	5	31	6194	6220	0.25	28.5
Bombella_GCF_009725755.1_spacer_39	virome_phage_10	77.419	31	7	0	1	31	26376	26346	0.25	28.5
Bombella_GCF_009725755.1_spacer_39	total_phage_730	77.419	31	7	0	1	31	12487	12517	0.25	28.5
Bombella_GCF_009725755.1_spacer_39	virome_phage_743	86.364	22	3	0	1	22	10844	10823	0.76	26.9
Bombella_GCF_009725755.1_spacer_40	virome_phage_73	78.571	28	6	0	2	29	23326	23353	0.76	26.9
Bombella_GCF_009725755.1_spacer_40	virome_phage_5	86.364	22	3	0	10	31	114926	114905	0.76	26.9
Bombella_GCF_009725755.1_spacer_40	virome_phage_4	90.000	20	2	0	3	22	64757	64776	0.76	26.9
Bombella_GCF_009725755.1_spacer_40	virome_phage_2303	86.364	22	3	0	2	23	20219	20198	0.76	26.9
Bombella_GCF_009725755.1_spacer_40	virome_phage_19	80.769	26	5	0	4	29	5636	5661	0.76	26.9
Bombella_GCF_009725755.1_spacer_41	virome_phage_791	83.333	24	4	0	9	32	36157	36134	0.76	26.9
Bombella_GCF_009725755.1_spacer_41	virome_phage_756	86.364	22	3	0	9	30	34584	34563	0.76	26.9
Bombella_GCF_009725755.1_spacer_41	virome_phage_745	80.769	26	5	0	7	32	73859	73884	0.76	26.9
Bombella_GCF_009725755.1_spacer_41	total_phage_927	94.444	18	1	0	8	25	246885	246868	0.76	26.9
Bombella_GCF_009725755.1_spacer_42	virome_phage_829	94.444	18	1	0	8	25	2602	2585	0.76	26.9
Bombella_GCF_009725755.1_spacer_42	virome_phage_2345	94.444	18	1	0	8	25	14183	14200	0.76	26.9
Bombella_GCF_009725755.1_spacer_42	virome_phage_119	94.444	18	1	0	8	25	20855	20838	0.76	26.9
Bombella_GCF_009725755.1_spacer_43	virome_phage_810	84.000	25	4	0	7	31	22481	22505	0.25	28.5
Bombella_GCF_009725755.1_spacer_43	virome_phage_797	86.957	23	3	0	7	29	10390	10368	0.25	28.5
Bombella_GCF_009725755.1_spacer_43	virome_phage_3	78.571	28	6	0	2	29	78530	78557	0.76	26.9
Bombella_GCF_009725755.1_spacer_44	virome_phage_914	82.143	28	5	0	4	31	2015	1988	0.084	30.1
Bombella_GCF_009725755.1_spacer_44	virome_phage_87	83.333	24	4	0	7	30	21808	21785	0.76	26.9
Bombella_GCF_009725755.1_spacer_44	virome_phage_861	80.769	26	5	0	4	29	1434	1459	0.76	26.9
Bombella_GCF_009725755.1_spacer_44	virome_phage_778	94.444	18	1	0	3	20	6186	6169	0.76	26.9
Bombella_GCF_009725755.1_spacer_44	virome_phage_750	78.571	28	6	0	3	30	27446	27473	0.76	26.9
Bombella_GCF_009725755.1_spacer_44	virome_phage_2327	94.444	18	1	0	3	20	5331	5348	0.76	26.9
Bombella_GCF_009725755.1_spacer_44	total_phage_930	80.769	26	5	0	4	29	10100	10125	0.76	26.9
Bombella_GCF_009725755.1_spacer_44	total_phage_804	78.571	28	6	0	3	30	27653	27626	0.76	26.9
Bombella_GCF_009725755.1_spacer_44	total_phage_416	94.444	18	1	0	3	20	2972	2955	0.76	26.9
Bombella_GCF_009725755.1_spacer_45	virome_phage_68	90.000	20	2	0	11	30	5207	5188	0.76	26.9
Bombella_GCF_009725755.1_spacer_45	virome_phage_25	78.571	28	6	0	4	31	35813	35840	0.76	26.9
Bombella_GCF_009725755.1_spacer_46	virome_phage_2389	88.000	25	3	0	1	25	17271	17295	0.028	31.7
Bombella_GCF_009725755.1_spacer_46	virome_phage_2382	88.000	25	3	0	1	25	17674	17698	0.028	31.7
Bombella_GCF_009725755.1_spacer_46	total_phage_711	90.476	21	2	0	10	30	3511	3491	0.25	28.5
Bombella_GCF_009725755.1_spacer_46	total_phage_650	90.476	21	2	0	10	30	3534	3514	0.25	28.5
Bombella_GCF_009725755.1_spacer_46	total_phage_117	86.957	23	3	0	2	24	25817	25839	0.25	28.5
Bombella_GCF_009725755.1_spacer_46	virome_phage_963	80.769	26	5	0	1	26	14212	14237	0.76	26.9
Bombella_GCF_009725755.1_spacer_47	total_phage_95	84.000	25	4	0	4	28	66974	66950	0.25	28.5
Bombella_GCF_009725755.1_spacer_47	virome_phage_885	100.000	16	0	0	2	17	18140	18125	0.76	26.9
Bombella_GCF_009725755.1_spacer_47	virome_phage_774	94.444	18	1	0	1	18	1740	1723	0.76	26.9
Bombella_GCF_009725755.1_spacer_47	virome_phage_758	94.444	18	1	0	5	22	34953	34936	0.76	26.9
Bombella_GCF_009725755.1_spacer_47	virome_phage_747	83.333	24	4	0	2	25	36893	36916	0.76	26.9
Bombella_GCF_009725755.1_spacer_47	virome_phage_2255	90.000	20	2	0	6	25	27857	27876	0.76	26.9
Bombella_GCF_009725755.1_spacer_47	total_phage_179	90.000	20	2	0	5	24	17036	17017	0.76	26.9
Bombella_GCF_009725755.1_spacer_49	virome_phage_911	82.759	29	5	0	4	32	6189	6161	0.028	31.7
Bombella_GCF_009725755.1_spacer_49	virome_phage_808	86.957	23	3	0	4	26	31924	31946	0.25	28.5
Bombella_GCF_009725755.1_spacer_49	virome_phage_754	80.769	26	5	0	3	28	11774	11799	0.76	26.9
Bombella_GCF_009725755.1_spacer_49	virome_phage_2355	83.333	24	4	0	2	25	18670	18647	0.76	26.9
Bombella_GCF_009725755.1_spacer_49	total_phage_808	83.333	24	4	0	2	25	116	139	0.76	26.9
Bombella_GCF_009725755.1_spacer_50	virome_phage_750	87.500	24	3	0	1	24	38839	38862	0.084	30.1
Bombella_GCF_009725755.1_spacer_50	virome_phage_748	84.000	25	4	0	2	26	14573	14597	0.25	28.5
Bombella_GCF_009725755.1_spacer_50	virome_phage_2335	84.000	25	4	0	2	26	7141	7117	0.25	28.5
Bombella_GCF_009725755.1_spacer_50	virome_phage_776	76.667	30	7	0	2	31	9948	9977	0.76	26.9
Bombella_GCF_009725755.1_spacer_50	virome_phage_747	75.000	32	8	0	1	32	7003	7034	0.76	26.9
Bombella_GCF_009725755.1_spacer_50	virome_phage_280	94.444	18	1	0	1	18	819	802	0.76	26.9
Bombella_GCF_009725755.1_spacer_50	virome_phage_2496	94.444	18	1	0	1	18	928	911	0.76	26.9
Bombella_GCF_009725755.1_spacer_50	virome_phage_2263	94.444	18	1	0	1	18	710	693	0.76	26.9
Bombella_GCF_009725755.1_spacer_50	virome_phage_127	76.667	30	7	0	2	31	16117	16146	0.76	26.9
Bombella_GCF_009725755.1_spacer_50	virome_phage_11	80.769	26	5	0	6	31	96917	96942	0.76	26.9
Bombella_GCF_009725755.1_spacer_50	total_phage_636	94.444	18	1	0	6	23	304	287	0.76	26.9
Bombella_GCF_009725755.1_spacer_50	total_phage_611	94.444	18	1	0	1	18	884	867	0.76	26.9
Bombella_GCF_009725755.1_spacer_50	total_phage_524	75.000	32	8	0	1	32	32432	32401	0.76	26.9
Bombella_GCF_009725755.1_spacer_50	total_phage_233	76.667	30	7	0	2	31	43989	43960	0.76	26.9
Bombella_GCF_009725755.1_spacer_51	virome_phage_826	87.500	24	3	0	4	27	14550	14573	0.084	30.1
Bombella_GCF_009725755.1_spacer_51	virome_phage_742	94.737	19	1	0	12	30	44944	44962	0.25	28.5
Bombella_GCF_009725755.1_spacer_51	virome_phage_742	90.000	20	2	0	10	29	7339	7358	0.76	26.9
Bombella_GCF_009725755.1_spacer_51	virome_phage_142	81.481	27	5	0	6	32	11352	11378	0.25	28.5
Bombella_GCF_009725755.1_spacer_51	total_phage_788	79.310	29	6	0	4	32	30792	30764	0.25	28.5
Bombella_GCF_009725755.1_spacer_51	total_phage_231	84.000	25	4	0	3	27	32987	33011	0.25	28.5
Bombella_GCF_009725755.1_spacer_51	total_phage_231	90.000	20	2	0	9	28	52237	52256	0.76	26.9
Bombella_GCF_009725755.1_spacer_51	total_phage_179	79.310	29	6	0	4	32	11631	11659	0.25	28.5
Bombella_GCF_009725755.1_spacer_51	total_phage_172	81.481	27	5	0	3	29	694	668	0.25	28.5
Bombella_GCF_009725755.1_spacer_51	virome_phage_993	78.571	28	6	0	5	32	693	720	0.76	26.9
Bombella_GCF_009725755.1_spacer_51	virome_phage_33	76.667	30	7	0	3	32	37555	37526	0.76	26.9
Bombella_GCF_009725755.1_spacer_51	virome_phage_2322	78.571	28	6	0	5	32	33661	33634	0.76	26.9
Bombella_GCF_009725755.1_spacer_51	virome_phage_2254	78.571	28	6	0	5	32	53690	53663	0.76	26.9
Bombella_GCF_009725755.1_spacer_51	virome_phage_2254	80.769	26	5	0	7	32	74168	74143	0.76	26.9
Bombella_GCF_009725755.1_spacer_51	virome_phage_2238	78.571	28	6	0	5	32	35204	35177	0.76	26.9
Bombella_GCF_009725755.1_spacer_51	virome_phage_2238	80.769	26	5	0	7	32	55682	55657	0.76	26.9
Bombella_GCF_009725755.1_spacer_51	virome_phage_10	78.571	28	6	0	2	29	41111	41084	0.76	26.9
Bombella_GCF_009725755.1_spacer_51	total_phage_793	94.444	18	1	0	6	23	5928	5945	0.76	26.9
Bombella_GCF_009725755.1_spacer_51	total_phage_791	83.333	24	4	0	4	27	28952	28929	0.76	26.9
Bombella_GCF_009725755.1_spacer_51	total_phage_500	80.769	26	5	0	7	32	52275	52300	0.76	26.9
Bombella_GCF_009725755.1_spacer_51	total_phage_500	78.571	28	6	0	5	32	72753	72780	0.76	26.9
Bombella_GCF_009725755.1_spacer_51	total_phage_488	78.571	28	6	0	4	31	1506	1479	0.76	26.9
Bombella_GCF_009725755.1_spacer_51	total_phage_187	80.769	26	5	0	5	30	14603	14578	0.76	26.9
Bombella_GCF_009725755.1_spacer_53	virome_phage_7	80.769	26	5	0	2	27	16310	16285	0.76	26.9
Bombella_GCF_009725755.1_spacer_54	virome_phage_2327	83.333	24	4	0	4	27	16078	16101	0.76	26.9
Bombella_GCF_009725755.1_spacer_54	total_phage_306	90.000	20	2	0	3	22	21833	21852	0.76	26.9
Bombella_GCF_009725755.1_spacer_54	total_phage_233	80.769	26	5	0	2	27	37968	37943	0.76	26.9
Bombella_GCF_009725755.1_spacer_55	virome_phage_738	87.500	24	3	0	2	25	6599	6622	0.084	30.1
Bombella_GCF_009725755.1_spacer_55	virome_phage_5	80.769	26	5	0	2	27	114045	114070	0.76	26.9
Bombella_GCF_009725755.1_spacer_55	virome_phage_4	83.333	24	4	0	2	25	90569	90546	0.76	26.9
Bombella_GCF_009725755.1_spacer_55	virome_phage_2281	78.571	28	6	0	1	28	7902	7929	0.76	26.9
Bombella_GCF_009725755.1_spacer_55	virome_phage_2270	83.333	24	4	0	5	28	127393	127370	0.76	26.9
Bombella_GCF_009725755.1_spacer_55	virome_phage_18	83.333	24	4	0	4	27	58028	58051	0.76	26.9
Bombella_GCF_009725755.1_spacer_56	virome_phage_812	86.364	22	3	0	10	31	39005	38984	0.76	26.9
Bombella_GCF_009725755.1_spacer_57	virome_phage_752	86.364	22	3	0	1	22	30031	30010	0.76	26.9
Bombella_GCF_009725755.1_spacer_57	virome_phage_42	83.333	24	4	0	1	24	7050	7073	0.76	26.9
Bombella_GCF_009725755.1_spacer_57	virome_phage_1784	75.000	32	8	0	1	32	2987	3018	0.76	26.9
Bombella_GCF_009725755.1_spacer_58	virome_phage_963	83.333	24	4	0	3	26	14214	14237	0.76	26.9
Bombella_GCF_009725755.1_spacer_58	virome_phage_12	86.364	22	3	0	2	23	2963	2942	0.76	26.9
Bombella_GCF_009725755.1_spacer_59	virome_phage_771	90.909	22	2	0	2	23	31686	31665	0.084	30.1
Bombella_GCF_009725755.1_spacer_59	virome_phage_115	90.909	22	2	0	2	23	15390	15369	0.084	30.1
Bombella_GCF_009725755.1_spacer_59	virome_phage_740	83.333	24	4	0	8	31	108896	108873	0.76	26.9
Bombella_GCF_009725755.1_spacer_59	virome_phage_2327	78.571	28	6	0	5	32	21862	21835	0.76	26.9
Bombella_GCF_009725755.1_spacer_59	virome_phage_1117	90.000	20	2	0	3	22	6441	6460	0.76	26.9
Bombella_GCF_009725755.1_spacer_60	virome_phage_792	86.364	22	3	0	10	31	5706	5727	0.76	26.9
Bombella_GCF_009725755.1_spacer_60	virome_phage_57	83.333	24	4	0	1	24	27609	27632	0.76	26.9
Bombella_GCF_009725755.1_spacer_60	virome_phage_2389	94.444	18	1	0	8	25	1244	1261	0.76	26.9
Bombella_GCF_009725755.1_spacer_60	total_phage_925	83.333	24	4	0	9	32	4449	4472	0.76	26.9
Bombella_GCF_009725755.1_spacer_61	virome_phage_779	87.500	24	3	0	8	31	1825	1848	0.084	30.1
Bombella_GCF_009725755.1_spacer_61	virome_phage_738	94.737	19	1	0	7	25	116002	116020	0.25	28.5
Bombella_GCF_009725755.1_spacer_61	virome_phage_4	94.737	19	1	0	7	25	126454	126436	0.25	28.5
Bombella_GCF_009725755.1_spacer_61	virome_phage_4	86.364	22	3	0	9	30	13013	12992	0.76	26.9
Bombella_GCF_009725755.1_spacer_61	total_phage_231	84.000	25	4	0	4	28	78581	78605	0.25	28.5
Bombella_GCF_009725755.1_spacer_61	virome_phage_9	90.000	20	2	0	6	25	51846	51827	0.76	26.9
Bombella_GCF_009725755.1_spacer_61	virome_phage_8	83.333	24	4	0	9	32	41441	41464	0.76	26.9
Bombella_GCF_009725755.1_spacer_61	virome_phage_736	86.364	22	3	0	3	24	70948	70969	0.76	26.9
Bombella_GCF_009725755.1_spacer_61	virome_phage_27	94.444	18	1	0	15	32	18181	18198	0.76	26.9
Bombella_GCF_009725755.1_spacer_61	total_phage_92	78.571	28	6	0	2	29	116434	116461	0.76	26.9
Bombella_GCF_009725755.1_spacer_61	total_phage_413	86.364	22	3	0	9	30	4689	4710	0.76	26.9
Bombella_GCF_009725755.1_spacer_61	total_phage_232	83.333	24	4	0	1	24	63288	63265	0.76	26.9
Bombella_GCF_009725755.1_spacer_61	total_phage_117	100.000	16	0	0	1	16	22986	23001	0.76	26.9
Bombella_GCF_009725755.1_spacer_61	total_phage_112	94.444	18	1	0	15	32	19386	19369	0.76	26.9
Bombella_GCF_009725755.1_spacer_61	total_phage_11	100.000	16	0	0	1	16	21415	21430	0.76	26.9
Bombella_GCF_009725755.1_spacer_62	virome_phage_4	88.000	25	3	0	5	29	132714	132690	0.028	31.7
Bombella_GCF_009725755.1_spacer_62	virome_phage_4	80.769	26	5	0	4	29	9930	9955	0.76	26.9
Bombella_GCF_009725755.1_spacer_62	virome_phage_736	81.481	27	5	0	2	28	4558	4584	0.25	28.5
Bombella_GCF_009725755.1_spacer_62	total_phage_232	79.310	29	6	0	4	32	24429	24401	0.25	28.5
Bombella_GCF_009725755.1_spacer_62	virome_phage_760	80.769	26	5	0	1	26	24989	25014	0.76	26.9
Bombella_GCF_009725755.1_spacer_62	virome_phage_54	76.667	30	7	0	2	31	29114	29085	0.76	26.9
Bombella_GCF_009725755.1_spacer_62	virome_phage_280	94.444	18	1	0	4	21	2564	2547	0.76	26.9
Bombella_GCF_009725755.1_spacer_62	total_phage_117	100.000	16	0	0	12	27	22986	23001	0.76	26.9
Bombella_GCF_009725755.1_spacer_62	total_phage_11	100.000	16	0	0	12	27	21415	21430	0.76	26.9
Bombella_GCF_009725755.1_spacer_63	virome_phage_866	90.000	20	2	0	10	29	21428	21447	0.76	26.9
Bombella_GCF_009725755.1_spacer_63	virome_phage_857	94.444	18	1	0	14	31	27749	27766	0.76	26.9
Bombella_GCF_009725755.1_spacer_63	total_phage_247	80.769	26	5	0	5	30	8995	8970	0.76	26.9
Bombella_GCF_009725755.1_spacer_64	virome_phage_51	84.615	26	4	0	5	30	7612	7637	0.084	30.1
Bombella_GCF_009725755.1_spacer_64	total_phage_95	84.615	26	4	0	1	26	2370	2345	0.084	30.1
Bombella_GCF_009725755.1_spacer_64	virome_phage_2255	76.667	30	7	0	1	30	23858	23887	0.76	26.9
Bombella_GCF_009725755.1_spacer_65	virome_phage_818	100.000	17	0	0	13	29	27323	27339	0.25	28.5
Bombella_GCF_009725755.1_spacer_65	virome_phage_739	90.476	21	2	0	5	25	104153	104133	0.25	28.5
Bombella_GCF_009725755.1_spacer_65	virome_phage_891	86.364	22	3	0	11	32	25151	25172	0.76	26.9
Bombella_GCF_009725755.1_spacer_65	virome_phage_62	90.000	20	2	0	7	26	11446	11427	0.76	26.9
Bombella_GCF_009725755.1_spacer_65	virome_phage_16	90.000	20	2	0	1	20	52135	52154	0.76	26.9
Bombella_GCF_009725755.1_spacer_65	total_phage_794	86.364	22	3	0	11	32	36918	36897	0.76	26.9
Bombella_GCF_009725755.1_spacer_66	total_phage_927	87.500	24	3	0	1	24	220253	220230	0.084	30.1
Bombella_GCF_009725755.1_spacer_66	total_phage_725	95.000	20	1	0	1	20	3833	3814	0.084	30.1
Bombella_GCF_009725755.1_spacer_66	total_phage_653	90.000	20	2	0	1	20	38637	38656	0.76	26.9
Bombella_GCF_009725755.1_spacer_67	virome_phage_18	86.957	23	3	0	8	30	28342	28320	0.25	28.5
Bombella_GCF_009725755.1_spacer_67	virome_phage_840	83.333	24	4	0	1	24	23198	23221	0.76	26.9
Bombella_GCF_009725755.1_spacer_67	virome_phage_747	90.000	20	2	0	11	30	59634	59615	0.76	26.9
Bombella_GCF_009725755.1_spacer_67	total_phage_92	86.364	22	3	0	1	22	140250	140271	0.76	26.9
Bombella_GCF_009725755.1_spacer_67	total_phage_231	83.333	24	4	0	9	32	2363	2340	0.76	26.9
Bombella_GCF_009725755.1_spacer_68	virome_phage_742	94.737	19	1	0	8	26	9547	9565	0.25	28.5
Bombella_GCF_009725755.1_spacer_68	virome_phage_742	86.364	22	3	0	1	22	17763	17742	0.76	26.9
Bombella_GCF_009725755.1_spacer_68	virome_phage_2285	84.000	25	4	0	5	29	44904	44880	0.25	28.5
Bombella_GCF_009725755.1_spacer_68	total_phage_797	86.364	22	3	0	5	26	27716	27737	0.76	26.9
Bombella_GCF_009725755.1_spacer_68	total_phage_4	90.000	20	2	0	5	24	3951	3932	0.76	26.9
Bombella_GCF_009725755.1_spacer_68	total_phage_187	86.364	22	3	0	4	25	13890	13869	0.76	26.9
Bombella_GCF_009725755.1_spacer_69	virome_phage_818	100.000	17	0	0	13	29	27323	27339	0.25	28.5
Bombella_GCF_009725755.1_spacer_69	virome_phage_739	90.476	21	2	0	5	25	104153	104133	0.25	28.5
Bombella_GCF_009725755.1_spacer_69	virome_phage_891	86.364	22	3	0	11	32	25151	25172	0.76	26.9
Bombella_GCF_009725755.1_spacer_69	virome_phage_62	90.000	20	2	0	7	26	11446	11427	0.76	26.9
Bombella_GCF_009725755.1_spacer_69	virome_phage_16	90.000	20	2	0	1	20	52135	52154	0.76	26.9
Bombella_GCF_009725755.1_spacer_69	total_phage_794	86.364	22	3	0	11	32	36918	36897	0.76	26.9
Bombella_GCF_009725755.1_spacer_70	total_phage_927	87.500	24	3	0	1	24	220253	220230	0.084	30.1
Bombella_GCF_009725755.1_spacer_70	total_phage_725	95.000	20	1	0	1	20	3833	3814	0.084	30.1
Bombella_GCF_009725755.1_spacer_70	total_phage_653	90.000	20	2	0	1	20	38637	38656	0.76	26.9
Bombella_GCF_009725755.1_spacer_71	virome_phage_18	86.957	23	3	0	8	30	28342	28320	0.25	28.5
Bombella_GCF_009725755.1_spacer_71	virome_phage_840	83.333	24	4	0	1	24	23198	23221	0.76	26.9
Bombella_GCF_009725755.1_spacer_71	virome_phage_747	90.000	20	2	0	11	30	59634	59615	0.76	26.9
Bombella_GCF_009725755.1_spacer_71	total_phage_92	86.364	22	3	0	1	22	140250	140271	0.76	26.9
Bombella_GCF_009725755.1_spacer_71	total_phage_231	83.333	24	4	0	9	32	2363	2340	0.76	26.9
Bombella_GCF_009725755.1_spacer_72	virome_phage_742	94.737	19	1	0	8	26	9547	9565	0.25	28.5
Bombella_GCF_009725755.1_spacer_72	virome_phage_742	86.364	22	3	0	1	22	17763	17742	0.76	26.9
Bombella_GCF_009725755.1_spacer_72	virome_phage_2285	84.000	25	4	0	5	29	44904	44880	0.25	28.5
Bombella_GCF_009725755.1_spacer_72	total_phage_797	86.364	22	3	0	5	26	27716	27737	0.76	26.9
Bombella_GCF_009725755.1_spacer_72	total_phage_4	90.000	20	2	0	5	24	3951	3932	0.76	26.9
Bombella_GCF_009725755.1_spacer_72	total_phage_187	86.364	22	3	0	4	25	13890	13869	0.76	26.9
Bombella_GCF_009725755.1_spacer_74	virome_phage_747	90.000	20	2	0	12	31	56144	56125	0.76	26.9
Bombella_GCF_009725755.1_spacer_74	virome_phage_2	90.000	20	2	0	9	28	154984	155003	0.76	26.9
Bombella_GCF_009725755.1_spacer_74	virome_phage_18	90.000	20	2	0	12	31	24849	24830	0.76	26.9
Bombella_GCF_009725755.1_spacer_75	virome_phage_2303	84.000	25	4	0	5	29	40665	40689	0.25	28.5
Bombella_GCF_009725755.1_spacer_75	total_phage_4	75.000	32	8	0	1	32	16419	16450	0.76	26.9
Bombella_GCF_009725755.1_spacer_75	total_phage_368	75.000	32	8	0	1	32	22311	22280	0.76	26.9
Bombella_GCF_009725755.1_spacer_76	virome_phage_2385	86.364	22	3	0	4	25	18678	18699	0.76	26.9
Bombella_GCF_009725755.1_spacer_76	virome_phage_2305	100.000	16	0	0	10	25	3421	3406	0.76	26.9
Bombella_GCF_009725755.1_spacer_76	virome_phage_2299	86.364	22	3	0	4	25	9798	9819	0.76	26.9
Bombella_GCF_009725755.1_spacer_76	virome_phage_219	94.444	18	1	0	4	21	5890	5873	0.76	26.9
Bombella_GCF_009725755.1_spacer_76	total_phage_809	86.364	22	3	0	4	25	7341	7320	0.76	26.9
Bombella_GCF_009725755.1_spacer_77	total_phage_244	84.615	26	4	0	4	29	12267	12292	0.084	30.1
Bombella_GCF_009725755.1_spacer_77	virome_phage_759	84.000	25	4	0	1	25	42981	43005	0.25	28.5
Bombella_GCF_009725755.1_spacer_77	total_phage_524	90.476	21	2	0	2	22	26425	26445	0.25	28.5
Bombella_GCF_009725755.1_spacer_77	virome_phage_939	90.000	20	2	0	1	20	12160	12141	0.76	26.9
Bombella_GCF_009725755.1_spacer_77	virome_phage_781	94.444	18	1	0	14	31	39835	39852	0.76	26.9
Bombella_GCF_009725755.1_spacer_77	total_phage_187	86.364	22	3	0	5	26	5192	5171	0.76	26.9
Bombella_GCF_009725755.1_spacer_78	total_phage_729	82.143	28	5	0	1	28	160007	160034	0.084	30.1
Bombella_GCF_009725755.1_spacer_78	virome_phage_738	90.476	21	2	0	2	22	94584	94564	0.25	28.5
Bombella_GCF_009725755.1_spacer_78	virome_phage_841	80.769	26	5	0	1	26	19060	19035	0.76	26.9
Bombella_GCF_009725755.1_spacer_78	virome_phage_745	78.571	28	6	0	2	29	16400	16373	0.76	26.9
Bombella_GCF_009725755.1_spacer_78	virome_phage_3	76.667	30	7	0	3	32	91383	91354	0.76	26.9
Bombella_GCF_009725755.1_spacer_78	virome_phage_2298	78.571	28	6	0	2	29	17740	17713	0.76	26.9
Bombella_GCF_009725755.1_spacer_78	virome_phage_181	80.769	26	5	0	5	30	11651	11626	0.76	26.9
Bombella_GCF_009725755.1_spacer_78	total_phage_92	83.333	24	4	0	7	30	63463	63440	0.76	26.9
Bombella_GCF_009725755.1_spacer_78	total_phage_803	80.769	26	5	0	4	29	11756	11731	0.76	26.9
Bombella_GCF_009725755.1_spacer_78	total_phage_785	90.000	20	2	0	7	26	6528	6547	0.76	26.9
Bombella_GCF_009725755.1_spacer_78	total_phage_743	86.364	22	3	0	7	28	813	792	0.76	26.9
Bombella_GCF_009725755.1_spacer_78	total_phage_735	83.333	24	4	0	6	29	12762	12739	0.76	26.9
Bombella_GCF_009725755.1_spacer_78	total_phage_18	80.769	26	5	0	5	30	11753	11728	0.76	26.9
Bombella_GCF_009725755.1_spacer_78	total_phage_175	90.000	20	2	0	7	26	20465	20446	0.76	26.9
Bombella_GCF_009725755.1_spacer_79	virome_phage_3	80.769	26	5	0	6	31	14102	14077	0.76	26.9
Bombella_GCF_009725755.1_spacer_80	virome_phage_87	90.000	20	2	0	12	31	29021	29040	0.76	26.9
Bombella_GCF_009725755.1_spacer_80	virome_phage_63	80.769	26	5	0	3	28	11335	11360	0.76	26.9
Bombella_GCF_009725755.1_spacer_81	virome_phage_753	90.909	22	2	0	3	24	18691	18712	0.084	30.1
Bombella_GCF_009725755.1_spacer_81	virome_phage_1286	94.737	19	1	0	6	24	3482	3464	0.25	28.5
Bombella_GCF_009725755.1_spacer_82	virome_phage_860	82.143	28	5	0	5	32	28674	28701	0.084	30.1
Bombella_GCF_009725755.1_spacer_82	virome_phage_860	86.364	22	3	0	10	31	13662	13641	0.76	26.9
Bombella_GCF_009725755.1_spacer_82	virome_phage_738	84.000	25	4	0	6	30	136120	136096	0.25	28.5
Bombella_GCF_009725755.1_spacer_82	virome_phage_4	84.000	25	4	0	6	30	105810	105834	0.25	28.5
Bombella_GCF_009725755.1_spacer_82	virome_phage_734	86.364	22	3	0	6	27	124383	124404	0.76	26.9
Bombella_GCF_009725755.1_spacer_82	total_phage_927	94.444	18	1	0	3	20	117371	117388	0.76	26.9
Bombella_GCF_009725755.1_spacer_82	total_phage_231	94.444	18	1	0	3	20	87655	87638	0.76	26.9
Bombella_GCF_009725755.1_spacer_83	virome_phage_2400	90.000	20	2	0	5	24	1254	1273	0.76	26.9
Bombella_GCF_009725755.1_spacer_83	virome_phage_158	90.000	20	2	0	5	24	17455	17436	0.76	26.9
Bombella_GCF_009725755.1_spacer_84	virome_phage_817	94.737	19	1	0	1	19	25413	25395	0.25	28.5
Bombella_GCF_009725755.1_spacer_84	total_phage_927	84.000	25	4	0	6	30	76137	76161	0.25	28.5
Bombella_GCF_009725755.1_spacer_84	virome_phage_866	94.444	18	1	0	1	18	19453	19436	0.76	26.9
Bombella_GCF_009725755.1_spacer_84	virome_phage_17	90.000	20	2	0	5	24	67420	67401	0.76	26.9
Bombella_GCF_009725755.1_spacer_84	virome_phage_1279	86.364	22	3	0	3	24	5533	5512	0.76	26.9
Bombella_GCF_009725755.1_spacer_85	virome_phage_855	83.333	24	4	0	7	30	9416	9439	0.76	26.9
Bombella_GCF_009725755.1_spacer_85	virome_phage_14	80.769	26	5	0	2	27	65339	65314	0.76	26.9
Bombella_GCF_009725755.1_spacer_85	virome_phage_1	83.333	24	4	0	1	24	164347	164370	0.76	26.9
Bombella_GCF_009725755.1_spacer_86	total_phage_92	86.957	23	3	0	2	24	34895	34917	0.25	28.5
Bombella_GCF_009725755.1_spacer_86	total_phage_231	79.310	29	6	0	1	29	137693	137721	0.25	28.5
Bombella_GCF_009725755.1_spacer_87	virome_phage_825	78.571	28	6	0	5	32	15648	15621	0.76	26.9
Bombella_GCF_009725755.1_spacer_87	total_phage_806	90.000	20	2	0	3	22	688	669	0.76	26.9
Bombella_GCF_009725755.1_spacer_87	total_phage_729	80.769	26	5	0	3	28	22589	22564	0.76	26.9
Bombella_GCF_009725755.1_spacer_88	virome_phage_28	82.759	29	5	0	4	32	14980	15008	0.028	31.7
Bombella_GCF_009725755.1_spacer_88	virome_phage_778	90.909	22	2	0	3	24	12268	12247	0.084	30.1
Bombella_GCF_009725755.1_spacer_88	virome_phage_734	95.000	20	1	0	4	23	129422	129403	0.084	30.1
Bombella_GCF_009725755.1_spacer_88	virome_phage_734	83.333	24	4	0	3	26	143844	143867	0.76	26.9
Bombella_GCF_009725755.1_spacer_88	virome_phage_734	80.769	26	5	0	5	30	310499	310524	0.76	26.9
Bombella_GCF_009725755.1_spacer_88	virome_phage_66	84.000	25	4	0	3	27	35912	35936	0.25	28.5
Bombella_GCF_009725755.1_spacer_88	virome_phage_82	83.333	24	4	0	8	31	6265	6288	0.76	26.9
Bombella_GCF_009725755.1_spacer_88	virome_phage_82	83.333	24	4	0	1	24	12919	12942	0.76	26.9
Bombella_GCF_009725755.1_spacer_88	virome_phage_771	83.333	24	4	0	1	24	34395	34372	0.76	26.9
Bombella_GCF_009725755.1_spacer_88	virome_phage_759	83.333	24	4	0	1	24	21900	21877	0.76	26.9
Bombella_GCF_009725755.1_spacer_88	virome_phage_759	83.333	24	4	0	8	31	28722	28699	0.76	26.9
Bombella_GCF_009725755.1_spacer_88	virome_phage_747	83.333	24	4	0	4	27	48999	49022	0.76	26.9
Bombella_GCF_009725755.1_spacer_88	virome_phage_738	86.364	22	3	0	7	28	110659	110638	0.76	26.9
Bombella_GCF_009725755.1_spacer_88	virome_phage_4	86.364	22	3	0	7	28	131782	131803	0.76	26.9
Bombella_GCF_009725755.1_spacer_88	virome_phage_2398	90.000	20	2	0	1	20	4238	4257	0.76	26.9
Bombella_GCF_009725755.1_spacer_88	virome_phage_1849	83.333	24	4	0	9	32	5038	5061	0.76	26.9
Bombella_GCF_009725755.1_spacer_88	virome_phage_116	83.333	24	4	0	1	24	8276	8299	0.76	26.9
Bombella_GCF_009725755.1_spacer_88	virome_phage_115	83.333	24	4	0	1	24	18099	18076	0.76	26.9
Bombella_GCF_009725755.1_spacer_88	virome_phage_10	86.364	22	3	0	7	28	108413	108434	0.76	26.9
Bombella_GCF_009725755.1_spacer_88	total_phage_92	86.364	22	3	0	2	23	150023	150002	0.76	26.9
Bombella_GCF_009725755.1_spacer_88	total_phage_788	100.000	16	0	0	6	21	30817	30802	0.76	26.9
Bombella_GCF_009725755.1_spacer_88	total_phage_730	86.364	22	3	0	7	28	77877	77856	0.76	26.9
Bombella_GCF_009725755.1_spacer_88	total_phage_417	94.444	18	1	0	3	20	4602	4585	0.76	26.9
Bombella_GCF_009725755.1_spacer_88	total_phage_416	86.364	22	3	0	3	24	37529	37550	0.76	26.9
Bombella_GCF_009725755.1_spacer_88	total_phage_232	90.000	20	2	0	3	22	636	655	0.76	26.9
Bombella_GCF_009725755.1_spacer_88	total_phage_179	100.000	16	0	0	6	21	11606	11621	0.76	26.9
Bombella_GCF_009725755.1_spacer_89	virome_phage_851	90.909	22	2	0	1	22	659	638	0.084	30.1
Bombella_GCF_009725755.1_spacer_89	virome_phage_33	84.000	25	4	0	8	32	34809	34833	0.25	28.5
Bombella_GCF_009725755.1_spacer_89	total_phage_737	81.481	27	5	0	4	30	12678	12652	0.25	28.5
Bombella_GCF_009725755.1_spacer_89	virome_phage_8	86.364	22	3	0	1	22	117754	117775	0.76	26.9
Bombella_GCF_009725755.1_spacer_89	virome_phage_2292	78.571	28	6	0	3	30	31244	31217	0.76	26.9
Bombella_GCF_009725755.1_spacer_89	total_phage_934	90.000	20	2	0	12	31	31999	32018	0.76	26.9
Bombella_GCF_009725755.1_spacer_89	total_phage_793	76.667	30	7	0	3	32	37945	37974	0.76	26.9
Bombella_GCF_009725755.1_spacer_89	total_phage_783	78.571	28	6	0	4	31	16196	16169	0.76	26.9
Bombella_GCF_009725755.1_spacer_89	total_phage_730	80.769	26	5	0	3	28	24805	24780	0.76	26.9
Bombella_GCF_009725755.1_spacer_89	total_phage_188	90.000	20	2	0	13	32	37799	37818	0.76	26.9
Bombella_GCF_009725755.1_spacer_89	total_phage_175	76.667	30	7	0	3	32	7232	7203	0.76	26.9
Bombella_GCF_009725755.1_spacer_91	virome_phage_850	90.476	21	2	0	6	26	30853	30833	0.25	28.5
Bombella_GCF_009725755.1_spacer_91	total_phage_453	90.476	21	2	0	4	24	15473	15493	0.25	28.5
Bombella_GCF_009725755.1_spacer_91	total_phage_416	90.476	21	2	0	6	26	4431	4411	0.25	28.5
Bombella_GCF_009725755.1_spacer_91	virome_phage_834	86.364	22	3	0	3	24	16294	16315	0.76	26.9
Bombella_GCF_009725755.1_spacer_91	virome_phage_747	94.444	18	1	0	3	20	65005	64988	0.76	26.9
Bombella_GCF_009725755.1_spacer_91	virome_phage_5	100.000	16	0	0	6	21	48696	48711	0.76	26.9
Bombella_GCF_009725755.1_spacer_92	virome_phage_845	86.957	23	3	0	3	25	31085	31063	0.25	28.5
Bombella_GCF_009725755.1_spacer_92	virome_phage_826	83.333	24	4	0	6	29	31803	31780	0.76	26.9
Bombella_GCF_009725755.1_spacer_92	virome_phage_62	83.333	24	4	0	8	31	26994	26971	0.76	26.9
Bombella_GCF_009725755.1_spacer_92	virome_phage_2325	86.364	22	3	0	11	32	5149	5170	0.76	26.9
Bombella_GCF_009725755.1_spacer_92	total_phage_245	86.364	22	3	0	1	22	29075	29096	0.76	26.9
Bombella_GCF_009725755.1_spacer_92	total_phage_231	90.000	20	2	0	11	30	12370	12389	0.76	26.9
Bombella_GCF_009725755.1_spacer_94	virome_phage_22	82.143	28	5	0	3	30	31794	31821	0.084	30.1
Bombella_GCF_009725755.1_spacer_94	virome_phage_811	90.476	21	2	0	12	32	8589	8609	0.25	28.5
Bombella_GCF_009725755.1_spacer_94	virome_phage_86	80.769	26	5	0	3	28	24418	24393	0.76	26.9
Bombella_GCF_009725755.1_spacer_94	virome_phage_846	86.364	22	3	0	6	27	3627	3606	0.76	26.9
Bombella_GCF_009725755.1_spacer_94	virome_phage_73	86.364	22	3	0	11	32	6882	6903	0.76	26.9
Bombella_GCF_009725755.1_spacer_94	virome_phage_55	94.444	18	1	0	1	18	35933	35916	0.76	26.9
Bombella_GCF_009725755.1_spacer_94	virome_phage_2339	86.364	22	3	0	6	27	1563	1542	0.76	26.9
Bombella_GCF_009725755.1_spacer_94	virome_phage_2315	86.364	22	3	0	6	27	1563	1542	0.76	26.9
Bombella_GCF_009725755.1_spacer_94	total_phage_100	86.364	22	3	0	6	27	17813	17834	0.76	26.9
Bombella_GCF_009725755.1_spacer_95	virome_phage_26	90.909	22	2	0	11	32	15908	15929	0.084	30.1
Bombella_GCF_009725755.1_spacer_95	virome_phage_2286	78.125	32	7	0	1	32	37926	37895	0.084	30.1
Bombella_GCF_009725755.1_spacer_95	virome_phage_152	81.481	27	5	0	2	28	16160	16134	0.25	28.5
Bombella_GCF_009725755.1_spacer_95	virome_phage_820	83.333	24	4	0	9	32	13323	13346	0.76	26.9
Bombella_GCF_009725755.1_spacer_95	virome_phage_8	94.444	18	1	0	7	24	17830	17847	0.76	26.9
Bombella_GCF_009725755.1_spacer_95	virome_phage_32	86.364	22	3	0	9	30	13127	13148	0.76	26.9
Bombella_GCF_009725755.1_spacer_95	virome_phage_117	76.667	30	7	0	1	30	171	200	0.76	26.9
Bombella_GCF_009725755.1_spacer_95	total_phage_500	80.769	26	5	0	1	26	4564	4589	0.76	26.9
Bombella_GCF_009725755.1_spacer_96	virome_phage_1467	90.000	20	2	0	2	21	2545	2564	0.76	26.9
Bombella_GCF_009725755.1_spacer_96	virome_phage_10	94.444	18	1	0	12	29	68819	68836	0.76	26.9
Bombella_GCF_009725755.1_spacer_97	virome_phage_2255	100.000	17	0	0	8	24	3575	3559	0.25	28.5
Bombella_GCF_009725755.1_spacer_97	virome_phage_814	94.444	18	1	0	6	23	5253	5236	0.76	26.9
Bombella_GCF_009725755.1_spacer_97	virome_phage_803	90.000	20	2	0	13	32	37528	37509	0.76	26.9
Bombella_GCF_009725755.1_spacer_97	virome_phage_736	94.444	18	1	0	9	26	12866	12849	0.76	26.9
Bombella_GCF_009725755.1_spacer_98	total_phage_243	84.000	25	4	0	1	25	18029	18053	0.25	28.5
Bombella_GCF_009725755.1_spacer_98	total_phage_125	84.000	25	4	0	1	25	9814	9790	0.25	28.5
Bombella_GCF_009725755.1_spacer_98	virome_phage_2269	86.364	22	3	0	1	22	190271	190250	0.76	26.9
Bombella_GCF_009725755.1_spacer_99	virome_phage_5	84.615	26	4	0	3	28	31702	31727	0.084	30.1
Bombella_GCF_009725755.1_spacer_99	virome_phage_2327	90.476	21	2	0	5	25	23488	23508	0.25	28.5
Bombella_GCF_009725755.1_spacer_99	virome_phage_2286	94.737	19	1	0	7	25	17273	17255	0.25	28.5
Bombella_GCF_009725755.1_spacer_99	virome_phage_92	86.364	22	3	0	2	23	8990	8969	0.76	26.9
Bombella_GCF_009725755.1_spacer_99	virome_phage_914	94.444	18	1	0	1	18	4211	4194	0.76	26.9
Bombella_GCF_009725755.1_spacer_99	virome_phage_878	86.364	22	3	0	3	24	11661	11640	0.76	26.9
Bombella_GCF_009725755.1_spacer_99	virome_phage_4	90.000	20	2	0	2	21	20809	20828	0.76	26.9
Bombella_GCF_009725755.1_spacer_99	virome_phage_2294	86.364	22	3	0	2	23	16317	16338	0.76	26.9
Bombella_GCF_009725755.1_spacer_99	total_phage_692	83.333	24	4	0	3	26	17782	17759	0.76	26.9
Bombella_GCF_009725755.1_spacer_99	total_phage_658	83.333	24	4	0	3	26	28120	28143	0.76	26.9
Bombella_GCF_009725755.1_spacer_101	virome_phage_88	94.737	19	1	0	6	24	29771	29789	0.25	28.5
Bombella_GCF_009725755.1_spacer_101	virome_phage_800	94.737	19	1	0	6	24	28848	28866	0.25	28.5
Bombella_GCF_009725755.1_spacer_101	virome_phage_2913	79.310	29	6	0	1	29	1576	1548	0.25	28.5
Bombella_GCF_009725755.1_spacer_101	virome_phage_2360	94.737	19	1	0	6	24	12084	12102	0.25	28.5
Bombella_GCF_009725755.1_spacer_101	total_phage_796	94.737	19	1	0	6	24	25989	25971	0.25	28.5
Bombella_GCF_009725755.1_spacer_101	total_phage_731	79.310	29	6	0	4	32	106492	106520	0.25	28.5
Bombella_GCF_009725755.1_spacer_101	total_phage_248	94.737	19	1	0	6	24	11031	11013	0.25	28.5
Bombella_GCF_009725755.1_spacer_101	total_phage_187	77.419	31	7	0	2	32	37578	37548	0.25	28.5
Bombella_GCF_009725755.1_spacer_101	total_phage_114	94.737	19	1	0	6	24	24419	24401	0.25	28.5
Bombella_GCF_009725755.1_spacer_101	virome_phage_8	78.571	28	6	0	3	30	40912	40939	0.76	26.9
Bombella_GCF_009725755.1_spacer_101	virome_phage_23	80.769	26	5	0	5	30	11364	11389	0.76	26.9
Bombella_GCF_009725755.1_spacer_102	virome_phage_10	87.500	24	3	0	5	28	63831	63808	0.084	30.1
Bombella_GCF_009725755.1_spacer_102	total_phage_730	87.500	24	3	0	5	28	122897	122920	0.084	30.1
Bombella_GCF_009725755.1_spacer_102	virome_phage_42	84.000	25	4	0	3	27	839	815	0.25	28.5
Bombella_GCF_009725755.1_spacer_102	virome_phage_782	90.000	20	2	0	13	32	23698	23679	0.76	26.9
Bombella_GCF_009725755.1_spacer_102	virome_phage_35	76.667	30	7	0	1	30	1938	1967	0.76	26.9
Bombella_GCF_009725755.1_spacer_102	virome_phage_196	86.364	22	3	0	1	22	1277	1256	0.76	26.9
Bombella_GCF_009725755.1_spacer_102	total_phage_104	86.364	22	3	0	4	25	15151	15172	0.76	26.9
Bombella_GCF_009725755.1_spacer_103	virome_phage_144	94.737	19	1	0	6	24	12742	12724	0.25	28.5
Bombella_GCF_009725755.1_spacer_103	virome_phage_2286	83.333	24	4	0	1	24	24284	24261	0.76	26.9
Bombella_GCF_009725755.1_spacer_104	virome_phage_864	83.333	24	4	0	9	32	29517	29494	0.76	26.9
Bombella_GCF_009725755.1_spacer_104	virome_phage_802	94.444	18	1	0	9	26	693	710	0.76	26.9
Bombella_GCF_009725755.1_spacer_105	virome_phage_782	76.667	30	7	0	2	31	29905	29876	0.76	26.9
Bombella_GCF_009725755.1_spacer_105	virome_phage_3	80.769	26	5	0	4	29	27068	27043	0.76	26.9
Bombella_GCF_009725755.1_spacer_105	virome_phage_2285	80.769	26	5	0	6	31	28290	28265	0.76	26.9
Bombella_GCF_009725755.1_spacer_106	virome_phage_63	77.419	31	7	0	2	32	30099	30129	0.25	28.5
Bombella_GCF_009725755.1_spacer_106	total_phage_243	94.737	19	1	0	6	24	21248	21266	0.25	28.5
Bombella_GCF_009725755.1_spacer_106	total_phage_125	94.737	19	1	0	6	24	6611	6593	0.25	28.5
Bombella_GCF_009725755.1_spacer_106	total_phage_729	86.364	22	3	0	4	25	171836	171857	0.76	26.9
Bombella_GCF_009725755.1_spacer_106	total_phage_418	83.333	24	4	0	1	24	20006	19983	0.76	26.9
Bombella_GCF_009725755.1_spacer_106	total_phage_414	94.444	18	1	0	6	23	38285	38302	0.76	26.9
Bombella_GCF_009725755.1_spacer_107	virome_phage_12	81.481	27	5	0	4	30	26859	26833	0.25	28.5
Bombella_GCF_009725755.1_spacer_107	total_phage_782	84.000	25	4	0	6	30	3213	3189	0.25	28.5
Bombella_GCF_009725755.1_spacer_107	virome_phage_902	94.444	18	1	0	11	28	12535	12552	0.76	26.9
Bombella_GCF_009725755.1_spacer_107	virome_phage_746	90.000	20	2	0	1	20	31127	31146	0.76	26.9
Bombella_GCF_009725755.1_spacer_107	virome_phage_2314	76.667	30	7	0	3	32	32579	32608	0.76	26.9
Bombella_GCF_009725755.1_spacer_107	virome_phage_2263	75.000	32	8	0	1	32	7389	7420	0.76	26.9
Bombella_GCF_009725755.1_spacer_107	total_phage_799	78.571	28	6	0	1	28	16167	16140	0.76	26.9
Bombella_GCF_009725755.1_spacer_107	total_phage_413	83.333	24	4	0	1	24	69193	69216	0.76	26.9
Bombella_GCF_009725755.1_spacer_107	total_phage_361	80.769	26	5	0	3	28	25333	25308	0.76	26.9
Bombella_GCF_009725755.1_spacer_107	total_phage_231	80.769	26	5	0	2	27	3729	3754	0.76	26.9
Bombella_GCF_009725755.1_spacer_108	total_phage_735	84.000	25	4	0	1	25	12559	12535	0.25	28.5
Bombella_GCF_009725755.1_spacer_108	virome_phage_52	94.444	18	1	0	5	22	26055	26072	0.76	26.9
Bombella_GCF_009725755.1_spacer_108	virome_phage_39	90.000	20	2	0	12	31	37134	37153	0.76	26.9
Bombella_GCF_009725755.1_spacer_108	total_phage_2	90.000	20	2	0	12	31	4602	4583	0.76	26.9
Bombella_GCF_009725755.1_spacer_109	virome_phage_741	84.615	26	4	0	7	32	27412	27437	0.084	30.1
Bombella_GCF_009725755.1_spacer_109	total_phage_358	82.143	28	5	0	3	30	43512	43539	0.084	30.1
Bombella_GCF_009725755.1_spacer_109	virome_phage_59	77.419	31	7	0	2	32	736	766	0.25	28.5
Bombella_GCF_009725755.1_spacer_109	virome_phage_748	75.000	32	8	0	1	32	55474	55505	0.76	26.9
Bombella_GCF_009725755.1_spacer_109	virome_phage_4	83.333	24	4	0	8	31	40966	40943	0.76	26.9
Bombella_GCF_009725755.1_spacer_109	virome_phage_10	83.333	24	4	0	8	31	14410	14387	0.76	26.9
Bombella_GCF_009725755.1_spacer_109	total_phage_730	83.333	24	4	0	8	31	24453	24476	0.76	26.9
Bombella_GCF_009725755.1_spacer_109	total_phage_187	80.769	26	5	0	5	30	16803	16828	0.76	26.9
Bombella_GCF_009725755.1_spacer_110	total_phage_739	79.310	29	6	0	2	30	21211	21239	0.25	28.5
Bombella_GCF_009725755.1_spacer_110	total_phage_797	94.444	18	1	0	1	18	23735	23718	0.76	26.9
Bombella_GCF_009725755.1_spacer_111	virome_phage_870	79.310	29	6	0	3	31	1543	1571	0.25	28.5
Bombella_GCF_009725755.1_spacer_111	virome_phage_5	75.000	32	8	0	1	32	136485	136516	0.76	26.9
Bombella_GCF_009725755.1_spacer_111	virome_phage_34	80.769	26	5	0	6	31	11324	11349	0.76	26.9
Bombella_GCF_009725755.1_spacer_111	total_phage_5	94.444	18	1	0	1	18	23418	23401	0.76	26.9
Bombella_GCF_009725755.1_spacer_112	virome_phage_774	90.000	20	2	0	1	20	31021	31040	0.76	26.9
Bombella_GCF_009725755.1_spacer_112	virome_phage_758	90.000	20	2	0	12	31	56266	56247	0.76	26.9
Bombella_GCF_009725755.1_spacer_113	virome_phage_46	84.000	25	4	0	8	32	6491	6515	0.25	28.5
Bombella_GCF_009725755.1_spacer_113	virome_phage_851	83.333	24	4	0	3	26	21562	21585	0.76	26.9
Bombella_GCF_009725755.1_spacer_113	virome_phage_736	86.364	22	3	0	2	23	90839	90818	0.76	26.9
Bombella_GCF_009725755.1_spacer_113	virome_phage_2259	94.444	18	1	0	4	21	13622	13639	0.76	26.9
Bombella_GCF_009725755.1_spacer_113	virome_phage_189	86.364	22	3	0	4	25	2932	2911	0.76	26.9
Bombella_GCF_009725755.1_spacer_114	virome_phage_760	87.500	24	3	0	2	25	52351	52328	0.084	30.1
Bombella_GCF_009725755.1_spacer_114	virome_phage_935	86.957	23	3	0	4	26	17820	17842	0.25	28.5
Bombella_GCF_009725755.1_spacer_114	virome_phage_2328	84.000	25	4	0	3	27	6282	6258	0.25	28.5
Bombella_GCF_009725755.1_spacer_114	virome_phage_735	83.333	24	4	0	6	29	130846	130869	0.76	26.9
Bombella_GCF_009725755.1_spacer_114	virome_phage_2303	83.333	24	4	0	1	24	16726	16703	0.76	26.9
Bombella_GCF_009725755.1_spacer_114	total_phage_786	90.000	20	2	0	2	21	40489	40508	0.76	26.9
Bombella_GCF_009725755.1_spacer_114	total_phage_307	83.333	24	4	0	1	24	5613	5590	0.76	26.9
Bombella_GCF_009725755.1_spacer_114	total_phage_294	83.333	24	4	0	1	24	22859	22836	0.76	26.9
Bombella_GCF_009725755.1_spacer_114	total_phage_233	83.333	24	4	0	1	24	37059	37036	0.76	26.9
Bombella_GCF_009725755.1_spacer_115	virome_phage_2270	86.364	22	3	0	5	26	152271	152292	0.76	26.9
Bombella_GCF_009725755.1_spacer_116	virome_phage_865	86.364	22	3	0	1	22	8411	8390	0.76	26.9
Bombella_GCF_009725755.1_spacer_116	virome_phage_771	83.333	24	4	0	4	27	24253	24276	0.76	26.9
Bombella_GCF_009725755.1_spacer_116	virome_phage_49	90.000	20	2	0	13	32	14904	14885	0.76	26.9
Bombella_GCF_009725755.1_spacer_116	virome_phage_115	83.333	24	4	0	4	27	7957	7980	0.76	26.9
Bombella_GCF_009725755.1_spacer_117	virome_phage_867	80.769	26	5	0	6	31	27094	27069	0.76	26.9
Bombella_GCF_009725755.1_spacer_117	total_phage_731	78.571	28	6	0	5	32	37348	37321	0.76	26.9
Bombella_GCF_009725755.1_spacer_118	virome_phage_909	83.333	24	4	0	4	27	11313	11290	0.76	26.9
Bombella_GCF_009725755.1_spacer_118	virome_phage_2355	83.333	24	4	0	4	27	11950	11927	0.76	26.9
Bombella_GCF_009725755.1_spacer_118	virome_phage_19	90.000	20	2	0	6	25	46957	46938	0.76	26.9
Bombella_GCF_009725755.1_spacer_118	virome_phage_152	86.364	22	3	0	4	25	8001	8022	0.76	26.9
Bombella_GCF_009725755.1_spacer_118	total_phage_808	83.333	24	4	0	4	27	6836	6859	0.76	26.9
Bombella_GCF_009725755.1_spacer_119	total_phage_102	82.759	29	5	0	1	29	12095	12123	0.028	31.7
Bombella_GCF_009725755.1_spacer_119	total_phage_92	87.500	24	3	0	2	25	148401	148424	0.084	30.1
Bombella_GCF_009725755.1_spacer_119	total_phage_4	84.615	26	4	0	5	30	20599	20624	0.084	30.1
Bombella_GCF_009725755.1_spacer_119	virome_phage_855	79.310	29	6	0	2	30	30892	30864	0.25	28.5
Bombella_GCF_009725755.1_spacer_119	virome_phage_8	79.310	29	6	0	2	30	24422	24450	0.25	28.5
Bombella_GCF_009725755.1_spacer_119	virome_phage_785	100.000	17	0	0	7	23	4403	4419	0.25	28.5
Bombella_GCF_009725755.1_spacer_119	virome_phage_738	79.310	29	6	0	4	32	107184	107156	0.25	28.5
Bombella_GCF_009725755.1_spacer_119	virome_phage_2310	100.000	17	0	0	7	23	38919	38903	0.25	28.5
Bombella_GCF_009725755.1_spacer_119	total_phage_664	81.481	27	5	0	5	31	846	872	0.25	28.5
Bombella_GCF_009725755.1_spacer_119	total_phage_414	100.000	17	0	0	7	23	18893	18877	0.25	28.5
Bombella_GCF_009725755.1_spacer_119	total_phage_299	94.737	19	1	0	4	22	4377	4359	0.25	28.5
Bombella_GCF_009725755.1_spacer_119	total_phage_299	94.444	18	1	0	5	22	7016	6999	0.76	26.9
Bombella_GCF_009725755.1_spacer_119	virome_phage_82	78.571	28	6	0	1	28	32191	32164	0.76	26.9
Bombella_GCF_009725755.1_spacer_119	virome_phage_82	86.364	22	3	0	7	28	32843	32822	0.76	26.9
Bombella_GCF_009725755.1_spacer_119	virome_phage_792	100.000	16	0	0	15	30	35462	35477	0.76	26.9
Bombella_GCF_009725755.1_spacer_119	virome_phage_759	86.364	22	3	0	7	28	51286	51307	0.76	26.9
Bombella_GCF_009725755.1_spacer_119	virome_phage_759	78.571	28	6	0	1	28	51938	51965	0.76	26.9
Bombella_GCF_009725755.1_spacer_119	virome_phage_751	80.769	26	5	0	4	29	31760	31735	0.76	26.9
Bombella_GCF_009725755.1_spacer_119	virome_phage_742	83.333	24	4	0	1	24	38132	38155	0.76	26.9
Bombella_GCF_009725755.1_spacer_119	virome_phage_734	86.364	22	3	0	5	26	149273	149252	0.76	26.9
Bombella_GCF_009725755.1_spacer_119	virome_phage_69	78.571	28	6	0	1	28	13198	13225	0.76	26.9
Bombella_GCF_009725755.1_spacer_119	virome_phage_4	86.364	22	3	0	11	32	134569	134590	0.76	26.9
Bombella_GCF_009725755.1_spacer_119	virome_phage_2382	75.000	32	8	0	1	32	221	252	0.76	26.9
Bombella_GCF_009725755.1_spacer_119	virome_phage_2292	86.364	22	3	0	9	30	20910	20931	0.76	26.9
Bombella_GCF_009725755.1_spacer_119	virome_phage_2260	90.000	20	2	0	6	25	9428	9409	0.76	26.9
Bombella_GCF_009725755.1_spacer_119	virome_phage_2254	80.769	26	5	0	7	32	129314	129289	0.76	26.9
Bombella_GCF_009725755.1_spacer_119	virome_phage_142	78.571	28	6	0	5	32	6532	6559	0.76	26.9
Bombella_GCF_009725755.1_spacer_119	virome_phage_1006	86.364	22	3	0	1	22	3107	3128	0.76	26.9
Bombella_GCF_009725755.1_spacer_119	total_phage_798	83.333	24	4	0	5	28	19027	19050	0.76	26.9
Bombella_GCF_009725755.1_spacer_119	total_phage_791	90.000	20	2	0	5	24	43786	43805	0.76	26.9
Bombella_GCF_009725755.1_spacer_119	total_phage_636	83.333	24	4	0	2	25	1801	1824	0.76	26.9
Bombella_GCF_009725755.1_spacer_119	total_phage_518	94.444	18	1	0	9	26	11213	11230	0.76	26.9
Bombella_GCF_009725755.1_spacer_119	total_phage_293	94.444	18	1	0	9	26	20629	20612	0.76	26.9
Bombella_GCF_009725755.1_spacer_119	total_phage_123	83.333	24	4	0	7	30	15382	15405	0.76	26.9
Bombella_GCF_009725755.1_spacer_119	total_phage_112	83.333	24	4	0	5	28	19285	19308	0.76	26.9
Bombella_GCF_009725755.1_spacer_120	virome_phage_19	84.000	25	4	0	7	31	24342	24318	0.25	28.5
Bombella_GCF_009725755.1_spacer_120	virome_phage_22	100.000	16	0	0	8	23	61007	61022	0.76	26.9
Bombella_GCF_009725755.1_spacer_120	total_phage_927	83.333	24	4	0	9	32	107174	107197	0.76	26.9
Bombella_GCF_009725755.1_spacer_121	virome_phage_771	86.364	22	3	0	7	28	1082	1061	0.76	26.9
Bombella_GCF_009725755.1_spacer_121	virome_phage_75	83.333	24	4	0	2	25	12954	12977	0.76	26.9
Bombella_GCF_009725755.1_spacer_121	virome_phage_75	80.769	26	5	0	2	27	34657	34632	0.76	26.9
Bombella_GCF_009725755.1_spacer_121	virome_phage_2292	86.364	22	3	0	7	28	9505	9526	0.76	26.9
Bombella_GCF_009725755.1_spacer_122	virome_phage_741	80.000	30	6	0	1	30	17510	17481	0.084	30.1
Bombella_GCF_009725755.1_spacer_123	virome_phage_911	94.444	18	1	0	15	32	17659	17676	0.76	26.9
Bombella_GCF_009725755.1_spacer_123	virome_phage_83	83.333	24	4	0	3	26	16791	16814	0.76	26.9
Bombella_GCF_009725755.1_spacer_123	virome_phage_738	90.000	20	2	0	10	29	122	141	0.76	26.9
Bombella_GCF_009725755.1_spacer_123	virome_phage_4	90.000	20	2	0	11	30	64776	64757	0.76	26.9
Bombella_GCF_009725755.1_spacer_123	virome_phage_2270	83.333	24	4	0	8	31	71740	71763	0.76	26.9
Bombella_GCF_009725755.1_spacer_123	virome_phage_1	94.444	18	1	0	10	27	55104	55087	0.76	26.9
Bombella_GCF_009725755.1_spacer_124	virome_phage_11	80.769	26	5	0	2	27	14130	14105	0.76	26.9
Bombella_GCF_009725755.1_spacer_125	virome_phage_837	86.957	23	3	0	9	31	10221	10199	0.25	28.5
Bombella_GCF_009725755.1_spacer_125	virome_phage_123	86.957	23	3	0	9	31	12056	12034	0.25	28.5
Bombella_GCF_009725755.1_spacer_125	total_phage_666	80.769	26	5	0	1	26	11847	11822	0.76	26.9
Bombella_GCF_009725755.1_spacer_125	total_phage_639	80.769	26	5	0	1	26	12174	12199	0.76	26.9
Bombella_GCF_009725755.1_spacer_126	virome_phage_902	86.957	23	3	0	9	31	14567	14545	0.25	28.5
Bombella_GCF_009725755.1_spacer_126	virome_phage_899	90.000	20	2	0	10	29	8443	8424	0.76	26.9
Bombella_GCF_009725755.1_spacer_126	virome_phage_876	94.444	18	1	0	8	25	11877	11860	0.76	26.9
Bombella_GCF_009725755.1_spacer_126	virome_phage_829	86.364	22	3	0	3	24	35415	35436	0.76	26.9
Bombella_GCF_009725755.1_spacer_126	virome_phage_4	86.364	22	3	0	1	22	41254	41233	0.76	26.9
Bombella_GCF_009725755.1_spacer_126	virome_phage_24	94.444	18	1	0	13	30	4465	4482	0.76	26.9
Bombella_GCF_009725755.1_spacer_126	virome_phage_2345	86.364	22	3	0	3	24	17699	17678	0.76	26.9
Bombella_GCF_009725755.1_spacer_126	virome_phage_119	86.364	22	3	0	3	24	17339	17360	0.76	26.9
Bombella_GCF_009725755.1_spacer_127	virome_phage_753	83.333	24	4	0	1	24	46786	46809	0.76	26.9
Bombella_GCF_009725755.1_spacer_129	virome_phage_2315	86.364	22	3	0	9	30	17375	17354	0.76	26.9
Bombella_GCF_009725755.1_spacer_129	total_phage_99	83.333	24	4	0	7	30	9911	9934	0.76	26.9
Bombella_GCF_009725755.1_spacer_129	total_phage_930	83.333	24	4	0	7	30	7229	7252	0.76	26.9
Bombella_GCF_009725755.1_spacer_130	total_phage_729	85.714	28	4	0	5	32	98950	98977	0.009	33.3
Bombella_GCF_009725755.1_spacer_130	virome_phage_767	86.957	23	3	0	6	28	12934	12956	0.25	28.5
Bombella_GCF_009725755.1_spacer_130	virome_phage_738	84.000	25	4	0	1	25	85226	85250	0.25	28.5
Bombella_GCF_009725755.1_spacer_130	virome_phage_4	84.000	25	4	0	1	25	10200	10176	0.25	28.5
Bombella_GCF_009725755.1_spacer_130	virome_phage_866	78.571	28	6	0	1	28	15585	15612	0.76	26.9
Bombella_GCF_009725755.1_spacer_130	virome_phage_859	86.364	22	3	0	1	22	11108	11087	0.76	26.9
Bombella_GCF_009725755.1_spacer_130	virome_phage_779	76.667	30	7	0	2	31	45086	45115	0.76	26.9
Bombella_GCF_009725755.1_spacer_130	virome_phage_756	86.364	22	3	0	5	26	5238	5259	0.76	26.9
Bombella_GCF_009725755.1_spacer_130	virome_phage_750	76.667	30	7	0	2	31	14980	14951	0.76	26.9
Bombella_GCF_009725755.1_spacer_130	virome_phage_7	100.000	16	0	0	16	31	112257	112272	0.76	26.9
Bombella_GCF_009725755.1_spacer_130	virome_phage_59	80.769	26	5	0	4	29	1486	1461	0.76	26.9
Bombella_GCF_009725755.1_spacer_130	virome_phage_2319	90.000	20	2	0	9	28	30410	30391	0.76	26.9
Bombella_GCF_009725755.1_spacer_130	virome_phage_2308	78.571	28	6	0	5	32	36661	36634	0.76	26.9
Bombella_GCF_009725755.1_spacer_130	total_phage_934	94.444	18	1	0	14	31	18743	18760	0.76	26.9
Bombella_GCF_009725755.1_spacer_130	total_phage_445	83.333	24	4	0	5	28	42836	42813	0.76	26.9
Bombella_GCF_009725755.1_spacer_130	total_phage_414	80.769	26	5	0	1	26	6438	6413	0.76	26.9
Bombella_GCF_009725755.1_spacer_131	virome_phage_735	86.957	23	3	0	9	31	43622	43644	0.25	28.5
Bombella_GCF_009725755.1_spacer_131	total_phage_795	86.957	23	3	0	9	31	4187	4165	0.25	28.5
Bombella_GCF_009725755.1_spacer_131	virome_phage_876	90.000	20	2	0	13	32	16654	16635	0.76	26.9
Bombella_GCF_009725755.1_spacer_131	total_phage_358	86.364	22	3	0	10	31	25448	25427	0.76	26.9
Bombella_GCF_009725755.1_spacer_131	total_phage_308	86.364	22	3	0	7	28	1433	1412	0.76	26.9
Bombella_GCF_009725755.1_spacer_131	total_phage_294	86.364	22	3	0	7	28	26323	26302	0.76	26.9
Bombella_GCF_009725755.1_spacer_132	total_phage_790	88.000	25	3	0	5	29	57609	57633	0.028	31.7
Bombella_GCF_009725755.1_spacer_132	total_phage_115	81.481	27	5	0	3	29	19570	19544	0.25	28.5
Bombella_GCF_009725755.1_spacer_132	virome_phage_755	86.364	22	3	0	5	26	2040	2061	0.76	26.9
Bombella_GCF_009725755.1_spacer_132	virome_phage_2278	86.364	22	3	0	5	26	47697	47718	0.76	26.9
Bombella_GCF_009725755.1_spacer_132	total_phage_369	83.333	24	4	0	6	29	5279	5256	0.76	26.9
Bombella_GCF_009725755.1_spacer_132	total_phage_116	83.333	24	4	0	6	29	6820	6843	0.76	26.9
Bombella_GCF_009725755.1_spacer_132	total_phage_111	86.364	22	3	0	5	26	6292	6271	0.76	26.9
Bombella_GCF_009725755.1_spacer_133	virome_phage_739	83.333	24	4	0	9	32	62698	62675	0.76	26.9
Bombella_GCF_009725755.1_spacer_134	virome_phage_784	85.185	27	4	0	1	27	25326	25352	0.028	31.7
Bombella_GCF_009725755.1_spacer_135	virome_phage_825	83.333	24	4	0	8	31	31772	31749	0.76	26.9
Bombella_GCF_009725755.1_spacer_135	virome_phage_2304	76.667	30	7	0	1	30	17293	17264	0.76	26.9
Bombella_GCF_009725755.1_spacer_136	virome_phage_743	90.476	21	2	0	2	22	31643	31623	0.25	28.5
Bombella_GCF_009725755.1_spacer_136	virome_phage_925	94.444	18	1	0	13	30	9585	9602	0.76	26.9
Bombella_GCF_009725755.1_spacer_136	virome_phage_859	94.444	18	1	0	3	20	27281	27264	0.76	26.9
Bombella_GCF_009725755.1_spacer_136	virome_phage_1092	86.364	22	3	0	1	22	7192	7171	0.76	26.9
Bombella_GCF_009725755.1_spacer_137	virome_phage_36	88.000	25	3	0	4	28	31392	31416	0.028	31.7
Bombella_GCF_009725755.1_spacer_137	virome_phage_2238	94.737	19	1	0	8	26	64950	64968	0.25	28.5
Bombella_GCF_009725755.1_spacer_137	total_phage_98	90.476	21	2	0	1	21	36811	36791	0.25	28.5
Bombella_GCF_009725755.1_spacer_137	total_phage_500	94.737	19	1	0	8	26	43007	42989	0.25	28.5
Bombella_GCF_009725755.1_spacer_137	virome_phage_908	78.571	28	6	0	5	32	4108	4135	0.76	26.9
Bombella_GCF_009725755.1_spacer_137	virome_phage_881	76.667	30	7	0	1	30	22572	22601	0.76	26.9
Bombella_GCF_009725755.1_spacer_137	virome_phage_845	83.333	24	4	0	6	29	31322	31345	0.76	26.9
Bombella_GCF_009725755.1_spacer_137	virome_phage_820	100.000	16	0	0	12	27	11700	11685	0.76	26.9
Bombella_GCF_009725755.1_spacer_137	virome_phage_798	75.000	32	8	0	1	32	37203	37234	0.76	26.9
Bombella_GCF_009725755.1_spacer_137	virome_phage_778	83.333	24	4	0	8	31	9509	9532	0.76	26.9
Bombella_GCF_009725755.1_spacer_137	virome_phage_743	86.364	22	3	0	1	22	10823	10844	0.76	26.9
Bombella_GCF_009725755.1_spacer_137	virome_phage_740	86.364	22	3	0	1	22	19423	19402	0.76	26.9
Bombella_GCF_009725755.1_spacer_137	virome_phage_52	86.364	22	3	0	3	24	8034	8013	0.76	26.9
Bombella_GCF_009725755.1_spacer_137	virome_phage_2280	76.667	30	7	0	1	30	41998	41969	0.76	26.9
Bombella_GCF_009725755.1_spacer_137	virome_phage_2269	86.364	22	3	0	11	32	7869	7848	0.76	26.9
Bombella_GCF_009725755.1_spacer_137	virome_phage_21	86.364	22	3	0	1	22	16903	16924	0.76	26.9
Bombella_GCF_009725755.1_spacer_137	total_phage_925	86.364	22	3	0	11	32	19162	19183	0.76	26.9
Bombella_GCF_009725755.1_spacer_137	total_phage_366	83.333	24	4	0	7	30	8901	8924	0.76	26.9
Bombella_GCF_009725755.1_spacer_137	total_phage_297	80.769	26	5	0	7	32	41915	41890	0.76	26.9
Bombella_GCF_009725755.1_spacer_137	total_phage_113	90.000	20	2	0	10	29	3503	3522	0.76	26.9
Bombella_GCF_009725755.1_spacer_137	total_phage_113	75.000	32	8	0	1	32	30621	30652	0.76	26.9
Bombella_GCF_009725755.1_spacer_138	total_phage_9	84.615	26	4	0	1	26	8198	8173	0.084	30.1
Bombella_GCF_009725755.1_spacer_138	virome_phage_997	90.476	21	2	0	6	26	11418	11438	0.25	28.5
Bombella_GCF_009725755.1_spacer_138	virome_phage_817	94.737	19	1	0	3	21	33930	33948	0.25	28.5
Bombella_GCF_009725755.1_spacer_138	virome_phage_817	83.333	24	4	0	2	25	9259	9236	0.76	26.9
Bombella_GCF_009725755.1_spacer_138	virome_phage_735	79.310	29	6	0	4	32	117690	117718	0.25	28.5
Bombella_GCF_009725755.1_spacer_138	virome_phage_10	81.481	27	5	0	6	32	90641	90667	0.25	28.5
Bombella_GCF_009725755.1_spacer_138	total_phage_730	81.481	27	5	0	6	32	95956	95930	0.25	28.5
Bombella_GCF_009725755.1_spacer_138	total_phage_363	94.737	19	1	0	7	25	3074	3056	0.25	28.5
Bombella_GCF_009725755.1_spacer_138	virome_phage_829	75.000	32	8	0	1	32	32396	32365	0.76	26.9
Bombella_GCF_009725755.1_spacer_138	virome_phage_764	83.333	24	4	0	3	26	1280	1257	0.76	26.9
Bombella_GCF_009725755.1_spacer_138	virome_phage_742	83.333	24	4	0	6	29	18115	18138	0.76	26.9
Bombella_GCF_009725755.1_spacer_138	virome_phage_734	86.364	22	3	0	4	25	176878	176857	0.76	26.9
Bombella_GCF_009725755.1_spacer_138	virome_phage_3	83.333	24	4	0	1	24	156967	156944	0.76	26.9
Bombella_GCF_009725755.1_spacer_138	virome_phage_2329	100.000	16	0	0	13	28	14743	14728	0.76	26.9
Bombella_GCF_009725755.1_spacer_138	total_phage_231	80.769	26	5	0	7	32	74561	74536	0.76	26.9
Bombella_GCF_009725755.1_spacer_139	virome_phage_9	81.481	27	5	0	1	27	15503	15529	0.25	28.5
Bombella_GCF_009725755.1_spacer_141	virome_phage_804	81.481	27	5	0	3	29	9932	9906	0.25	28.5
Bombella_GCF_009725755.1_spacer_141	virome_phage_23	86.364	22	3	0	7	28	9812	9791	0.76	26.9
Bombella_GCF_009725755.1_spacer_141	total_phage_99	83.333	24	4	0	4	27	23705	23682	0.76	26.9
Bombella_GCF_009725755.1_spacer_141	total_phage_98	83.333	24	4	0	4	27	8195	8218	0.76	26.9
Bombella_GCF_009725755.1_spacer_141	total_phage_930	83.333	24	4	0	4	27	20050	20027	0.76	26.9
Bombella_GCF_009725755.1_spacer_141	total_phage_782	83.333	24	4	0	4	27	7543	7566	0.76	26.9
Bombella_GCF_009725755.1_spacer_142	virome_phage_767	80.645	31	6	0	2	32	20651	20681	0.028	31.7
Bombella_GCF_009725755.1_spacer_142	virome_phage_2238	100.000	17	0	0	2	18	2942	2926	0.25	28.5
Bombella_GCF_009725755.1_spacer_142	virome_phage_2238	86.364	22	3	0	11	32	38826	38805	0.76	26.9
Bombella_GCF_009725755.1_spacer_142	total_phage_798	84.000	25	4	0	7	31	1764	1788	0.25	28.5
Bombella_GCF_009725755.1_spacer_142	total_phage_360	84.000	25	4	0	7	31	35678	35654	0.25	28.5
Bombella_GCF_009725755.1_spacer_142	total_phage_293	84.000	25	4	0	7	31	36480	36456	0.25	28.5
Bombella_GCF_009725755.1_spacer_142	virome_phage_760	76.667	30	7	0	1	30	41923	41894	0.76	26.9
Bombella_GCF_009725755.1_spacer_142	virome_phage_39	86.364	22	3	0	9	30	10705	10726	0.76	26.9
Bombella_GCF_009725755.1_spacer_142	virome_phage_2254	86.364	22	3	0	11	32	57312	57291	0.76	26.9
Bombella_GCF_009725755.1_spacer_142	virome_phage_14	80.769	26	5	0	4	29	21064	21039	0.76	26.9
Bombella_GCF_009725755.1_spacer_142	total_phage_500	86.364	22	3	0	11	32	69131	69152	0.76	26.9
Bombella_GCF_009725755.1_spacer_142	total_phage_189	86.364	22	3	0	9	30	25532	25511	0.76	26.9
Bombella_GCF_009725755.1_spacer_142	total_phage_18	80.769	26	5	0	7	32	5737	5712	0.76	26.9
Bombella_GCF_009725755.1_spacer_142	total_phage_113	94.444	18	1	0	14	31	1938	1921	0.76	26.9
Bombella_GCF_009725755.1_spacer_143	virome_phage_97	80.769	26	5	0	1	26	4112	4087	0.76	26.9
Bombella_GCF_009725755.1_spacer_144	virome_phage_2385	90.476	21	2	0	4	24	12117	12137	0.25	28.5
Bombella_GCF_009725755.1_spacer_144	virome_phage_2300	84.000	25	4	0	1	25	13360	13336	0.25	28.5
Bombella_GCF_009725755.1_spacer_145	virome_phage_96	100.000	16	0	0	16	31	22217	22202	0.76	26.9
Bombella_GCF_009725755.1_spacer_145	virome_phage_855	80.769	26	5	0	1	26	16368	16343	0.76	26.9
Bombella_GCF_009725755.1_spacer_145	virome_phage_841	86.364	22	3	0	4	25	2198	2219	0.76	26.9
Bombella_GCF_009725755.1_spacer_145	virome_phage_824	86.364	22	3	0	10	31	2709	2688	0.76	26.9
Bombella_GCF_009725755.1_spacer_145	virome_phage_65	78.571	28	6	0	3	30	10878	10905	0.76	26.9
Bombella_GCF_009725755.1_spacer_145	total_phage_807	90.000	20	2	0	11	30	13578	13597	0.76	26.9
Bombella_GCF_009725755.1_spacer_145	total_phage_233	94.444	18	1	0	6	23	72434	72451	0.76	26.9
Bombella_GCF_009725755.1_spacer_146	total_phage_790	100.000	16	0	0	10	25	18591	18606	0.76	26.9
Bombella_GCF_009725755.1_spacer_147	virome_phage_734	82.143	28	5	0	2	29	251130	251103	0.084	30.1
Bombella_GCF_009725755.1_spacer_147	virome_phage_2254	86.957	23	3	0	10	32	71254	71276	0.25	28.5
Bombella_GCF_009725755.1_spacer_147	virome_phage_2238	86.957	23	3	0	10	32	52768	52790	0.25	28.5
Bombella_GCF_009725755.1_spacer_147	total_phage_807	86.957	23	3	0	3	25	14166	14188	0.25	28.5
Bombella_GCF_009725755.1_spacer_147	total_phage_500	86.957	23	3	0	10	32	55189	55167	0.25	28.5
Bombella_GCF_009725755.1_spacer_147	virome_phage_997	83.333	24	4	0	4	27	1417	1394	0.76	26.9
Bombella_GCF_009725755.1_spacer_147	virome_phage_906	78.571	28	6	0	2	29	15469	15496	0.76	26.9
Bombella_GCF_009725755.1_spacer_147	virome_phage_736	83.333	24	4	0	5	28	27267	27290	0.76	26.9
Bombella_GCF_009725755.1_spacer_147	virome_phage_1813	83.333	24	4	0	6	29	5886	5909	0.76	26.9
Bombella_GCF_009725755.1_spacer_147	total_phage_786	86.364	22	3	0	6	27	26786	26807	0.76	26.9
Bombella_GCF_009725755.1_spacer_147	total_phage_785	90.000	20	2	0	8	27	7592	7611	0.76	26.9
Bombella_GCF_009725755.1_spacer_147	total_phage_518	83.333	24	4	0	2	25	7379	7356	0.76	26.9
Bombella_GCF_009725755.1_spacer_148	virome_phage_898	83.333	24	4	0	7	30	19493	19516	0.76	26.9
Bombella_GCF_009725755.1_spacer_148	virome_phage_859	83.333	24	4	0	9	32	7499	7522	0.76	26.9
Bombella_GCF_009725755.1_spacer_148	virome_phage_744	80.769	26	5	0	6	31	22311	22286	0.76	26.9
Bombella_GCF_009725755.1_spacer_148	virome_phage_47	86.364	22	3	0	5	26	30391	30370	0.76	26.9
Bombella_GCF_009725755.1_spacer_148	virome_phage_2914	90.000	20	2	0	8	27	11852	11871	0.76	26.9
Bombella_GCF_009725755.1_spacer_149	virome_phage_71	95.000	20	1	0	10	29	30916	30897	0.084	30.1
Bombella_GCF_009725755.1_spacer_149	virome_phage_963	90.000	20	2	0	6	25	9403	9422	0.76	26.9
Bombella_GCF_009725755.1_spacer_149	virome_phage_862	94.444	18	1	0	8	25	31983	32000	0.76	26.9
Bombella_GCF_009725755.1_spacer_149	virome_phage_813	100.000	16	0	0	9	24	4603	4588	0.76	26.9
Bombella_GCF_009725755.1_spacer_149	virome_phage_112	100.000	16	0	0	10	25	21242	21257	0.76	26.9
Bombella_GCF_009725755.1_spacer_149	virome_phage_107	86.364	22	3	0	6	27	1378	1357	0.76	26.9
Bombella_GCF_009725755.1_spacer_149	total_phage_298	100.000	16	0	0	10	25	17103	17118	0.76	26.9
Bombella_GCF_009725755.1_spacer_149	total_phage_240	100.000	16	0	0	10	25	10587	10572	0.76	26.9
Bombella_GCF_009725755.1_spacer_150	virome_phage_735	94.737	19	1	0	11	29	110584	110602	0.25	28.5
Bombella_GCF_009725755.1_spacer_150	virome_phage_870	86.364	22	3	0	2	23	25606	25627	0.76	26.9
Bombella_GCF_009725755.1_spacer_151	virome_phage_776	90.000	20	2	0	1	20	18370	18351	0.76	26.9
