Hafnia_GCF_002287565.1_spacer_0	virome_phage_868	83.333	24	4	0	7	30	11732	11709	0.76	26.9
Hafnia_GCF_002287565.1_spacer_0	virome_phage_749	80.769	26	5	0	7	32	34451	34426	0.76	26.9
Hafnia_GCF_002287565.1_spacer_0	virome_phage_739	76.667	30	7	0	3	32	15251	15222	0.76	26.9
Hafnia_GCF_002287565.1_spacer_0	virome_phage_738	90.000	20	2	0	6	25	97238	97219	0.76	26.9
Hafnia_GCF_002287565.1_spacer_0	virome_phage_2345	78.571	28	6	0	5	32	23011	22984	0.76	26.9
Hafnia_GCF_002287565.1_spacer_0	virome_phage_2269	90.000	20	2	0	6	25	39679	39660	0.76	26.9
Hafnia_GCF_002287565.1_spacer_0	virome_phage_1	94.444	18	1	0	4	21	53032	53049	0.76	26.9
Hafnia_GCF_002287565.1_spacer_0	virome_phage_1	94.444	18	1	0	15	32	190824	190807	0.76	26.9
Hafnia_GCF_002287565.1_spacer_0	total_phage_737	86.364	22	3	0	4	25	1792	1771	0.76	26.9
Hafnia_GCF_002287565.1_spacer_0	total_phage_729	86.364	22	3	0	1	22	2378	2357	0.76	26.9
Hafnia_GCF_002287565.1_spacer_0	total_phage_692	80.769	26	5	0	6	31	2375	2400	0.76	26.9
Hafnia_GCF_002287565.1_spacer_0	total_phage_658	80.769	26	5	0	6	31	43527	43502	0.76	26.9
Hafnia_GCF_002287565.1_spacer_0	total_phage_413	76.667	30	7	0	1	30	140308	140279	0.76	26.9
Hafnia_GCF_002287565.1_spacer_0	total_phage_297	90.000	20	2	0	6	25	13713	13732	0.76	26.9
Hafnia_GCF_002287565.1_spacer_1	virome_phage_94	83.333	24	4	0	8	31	17071	17094	0.76	26.9
Hafnia_GCF_002287565.1_spacer_1	virome_phage_837	94.444	18	1	0	8	25	20927	20910	0.76	26.9
Hafnia_GCF_002287565.1_spacer_1	virome_phage_774	94.444	18	1	0	4	21	20216	20233	0.76	26.9
Hafnia_GCF_002287565.1_spacer_1	virome_phage_2319	94.444	18	1	0	8	25	18136	18119	0.76	26.9
Hafnia_GCF_002287565.1_spacer_2	total_phage_697	88.462	26	3	0	7	32	17003	16978	0.009	33.3
Hafnia_GCF_002287565.1_spacer_2	total_phage_804	90.476	21	2	0	9	29	9548	9528	0.25	28.5
Hafnia_GCF_002287565.1_spacer_2	total_phage_497	80.769	26	5	0	7	32	21090	21065	0.76	26.9
Hafnia_GCF_002287565.1_spacer_2	total_phage_478	80.769	26	5	0	7	32	16415	16390	0.76	26.9
Hafnia_GCF_002287565.1_spacer_3	virome_phage_784	86.364	22	3	0	9	30	35083	35104	0.76	26.9
Hafnia_GCF_002287565.1_spacer_5	virome_phage_75	84.615	26	4	0	4	29	28385	28410	0.084	30.1
Hafnia_GCF_002287565.1_spacer_5	virome_phage_2400	86.957	23	3	0	7	29	17612	17634	0.25	28.5
Hafnia_GCF_002287565.1_spacer_5	virome_phage_7	90.000	20	2	0	13	32	44956	44937	0.76	26.9
Hafnia_GCF_002287565.1_spacer_5	virome_phage_2305	90.000	20	2	0	4	23	16340	16321	0.76	26.9
Hafnia_GCF_002287565.1_spacer_5	total_phage_782	86.364	22	3	0	7	28	32179	32200	0.76	26.9
Hafnia_GCF_002287565.1_spacer_5	total_phage_244	90.000	20	2	0	2	21	10690	10671	0.76	26.9
Hafnia_GCF_002287565.1_spacer_5	total_phage_102	90.000	20	2	0	2	21	21068	21049	0.76	26.9
Hafnia_GCF_002287565.1_spacer_6	virome_phage_867	80.769	26	5	0	1	26	31204	31179	0.76	26.9
Hafnia_GCF_002287565.1_spacer_6	virome_phage_43	80.769	26	5	0	2	27	16963	16938	0.76	26.9
Hafnia_GCF_002287565.1_spacer_6	total_phage_497	90.000	20	2	0	12	31	3122	3141	0.76	26.9
Hafnia_GCF_002287565.1_spacer_7	virome_phage_960	84.615	26	4	0	2	27	17227	17252	0.084	30.1
Hafnia_GCF_002287565.1_spacer_7	virome_phage_2269	94.737	19	1	0	11	29	143421	143439	0.25	28.5
Hafnia_GCF_002287565.1_spacer_7	virome_phage_812	86.364	22	3	0	6	27	17215	17236	0.76	26.9
Hafnia_GCF_002287565.1_spacer_7	total_phage_927	86.364	22	3	0	3	24	215050	215071	0.76	26.9
Hafnia_GCF_002287565.1_spacer_8	virome_phage_1813	87.500	24	3	0	4	27	3694	3717	0.084	30.1
Hafnia_GCF_002287565.1_spacer_8	total_phage_117	90.000	20	2	0	13	32	2294	2313	0.76	26.9
Hafnia_GCF_002287565.1_spacer_9	virome_phage_899	90.000	20	2	0	10	29	14439	14420	0.76	26.9
Hafnia_GCF_002287565.1_spacer_9	virome_phage_866	94.444	18	1	0	15	32	4369	4386	0.76	26.9
Hafnia_GCF_002287565.1_spacer_9	virome_phage_2313	86.364	22	3	0	11	32	34767	34788	0.76	26.9
Hafnia_GCF_002287565.1_spacer_9	virome_phage_2281	94.444	18	1	0	11	28	19573	19590	0.76	26.9
Hafnia_GCF_002287565.1_spacer_9	total_phage_666	86.364	22	3	0	10	31	20830	20809	0.76	26.9
Hafnia_GCF_002287565.1_spacer_9	total_phage_639	86.364	22	3	0	10	31	3191	3212	0.76	26.9
Hafnia_GCF_002287565.1_spacer_9	total_phage_414	100.000	16	0	0	17	32	28607	28592	0.76	26.9
Hafnia_GCF_002287565.1_spacer_10	virome_phage_2299	83.333	24	4	0	5	28	22601	22624	0.76	26.9
Hafnia_GCF_002287565.1_spacer_11	virome_phage_116	82.143	28	5	0	5	32	18079	18052	0.084	30.1
Hafnia_GCF_002287565.1_spacer_11	virome_phage_2353	78.571	28	6	0	3	30	4128	4101	0.76	26.9
Hafnia_GCF_002287565.1_spacer_11	virome_phage_10	80.769	26	5	0	6	31	36150	36125	0.76	26.9
Hafnia_GCF_002287565.1_spacer_11	total_phage_730	80.769	26	5	0	3	28	68455	68430	0.76	26.9
Hafnia_GCF_002287565.1_spacer_11	total_phage_307	78.571	28	6	0	3	30	21563	21590	0.76	26.9
Hafnia_GCF_002287565.1_spacer_12	virome_phage_11	90.000	20	2	0	10	29	91644	91625	0.76	26.9
Hafnia_GCF_002287565.1_spacer_13	total_phage_1	90.476	21	2	0	12	32	29635	29655	0.25	28.5
Hafnia_GCF_002287565.1_spacer_14	total_phage_786	86.364	22	3	0	10	31	28522	28501	0.76	26.9
Hafnia_GCF_002287565.1_spacer_15	virome_phage_769	94.444	18	1	0	10	27	21272	21289	0.76	26.9
Hafnia_GCF_002287565.1_spacer_15	virome_phage_740	86.364	22	3	0	8	29	8351	8330	0.76	26.9
Hafnia_GCF_002287565.1_spacer_15	virome_phage_2350	86.364	22	3	0	6	27	18881	18860	0.76	26.9
Hafnia_GCF_002287565.1_spacer_15	virome_phage_21	86.364	22	3	0	8	29	27974	27995	0.76	26.9
Hafnia_GCF_002287565.1_spacer_17	virome_phage_820	88.000	25	3	0	4	28	25989	25965	0.028	31.7
Hafnia_GCF_002287565.1_spacer_17	virome_phage_8	90.476	21	2	0	7	27	100528	100548	0.25	28.5
Hafnia_GCF_002287565.1_spacer_17	virome_phage_63	84.000	25	4	0	8	32	9617	9641	0.25	28.5
Hafnia_GCF_002287565.1_spacer_17	virome_phage_2291	94.737	19	1	0	10	28	4034	4052	0.25	28.5
Hafnia_GCF_002287565.1_spacer_17	total_phage_360	83.333	24	4	0	6	29	15596	15619	0.76	26.9
Hafnia_GCF_002287565.1_spacer_18	virome_phage_39	86.957	23	3	0	8	30	36016	36038	0.25	28.5
Hafnia_GCF_002287565.1_spacer_18	total_phage_524	86.957	23	3	0	3	25	21794	21816	0.25	28.5
Hafnia_GCF_002287565.1_spacer_18	virome_phage_767	100.000	16	0	0	2	17	42108	42123	0.76	26.9
Hafnia_GCF_002287565.1_spacer_18	virome_phage_755	75.000	32	8	0	1	32	9611	9580	0.76	26.9
Hafnia_GCF_002287565.1_spacer_18	virome_phage_2292	76.667	30	7	0	3	32	8831	8860	0.76	26.9
Hafnia_GCF_002287565.1_spacer_18	total_phage_782	80.769	26	5	0	3	28	2321	2296	0.76	26.9
Hafnia_GCF_002287565.1_spacer_18	total_phage_437	83.333	24	4	0	8	31	35528	35551	0.76	26.9
Hafnia_GCF_002287565.1_spacer_18	total_phage_2	83.333	24	4	0	8	31	5720	5697	0.76	26.9
Hafnia_GCF_002287565.1_spacer_18	total_phage_2	90.000	20	2	0	1	20	38016	38035	0.76	26.9
Hafnia_GCF_002287565.1_spacer_20	virome_phage_10	84.615	26	4	0	6	31	12167	12142	0.084	30.1
Hafnia_GCF_002287565.1_spacer_20	total_phage_730	84.615	26	4	0	6	31	27003	27028	0.084	30.1
Hafnia_GCF_002287565.1_spacer_20	virome_phage_860	83.333	24	4	0	8	31	21023	21046	0.76	26.9
Hafnia_GCF_002287565.1_spacer_20	virome_phage_8	80.769	26	5	0	1	26	119445	119470	0.76	26.9
Hafnia_GCF_002287565.1_spacer_20	virome_phage_748	83.333	24	4	0	3	26	5019	4996	0.76	26.9
Hafnia_GCF_002287565.1_spacer_20	virome_phage_748	86.364	22	3	0	7	28	50597	50576	0.76	26.9
Hafnia_GCF_002287565.1_spacer_21	virome_phage_960	94.444	18	1	0	3	20	9760	9777	0.76	26.9
Hafnia_GCF_002287565.1_spacer_21	virome_phage_303	94.444	18	1	0	3	20	9668	9685	0.76	26.9
Hafnia_GCF_002287565.1_spacer_21	virome_phage_2401	94.444	18	1	0	3	20	9635	9652	0.76	26.9
Hafnia_GCF_002287565.1_spacer_21	total_phage_497	94.444	18	1	0	9	26	26375	26358	0.76	26.9
Hafnia_GCF_002287565.1_spacer_21	total_phage_478	94.444	18	1	0	9	26	21700	21683	0.76	26.9
