Hafnia_GCF_025833855.1_spacer_0	virome_phage_2327	80.000	30	6	0	3	32	14282	14253	0.084	30.1
Hafnia_GCF_025833855.1_spacer_0	total_phage_788	87.500	24	3	0	3	26	32507	32530	0.084	30.1
Hafnia_GCF_025833855.1_spacer_0	total_phage_418	87.500	24	3	0	3	26	28124	28147	0.084	30.1
Hafnia_GCF_025833855.1_spacer_0	virome_phage_747	77.419	31	7	0	2	32	16200	16230	0.25	28.5
Hafnia_GCF_025833855.1_spacer_0	virome_phage_83	86.364	22	3	0	10	31	15273	15252	0.76	26.9
Hafnia_GCF_025833855.1_spacer_0	virome_phage_778	94.444	18	1	0	3	20	40801	40818	0.76	26.9
Hafnia_GCF_025833855.1_spacer_0	virome_phage_45	86.364	22	3	0	4	25	26966	26945	0.76	26.9
Hafnia_GCF_025833855.1_spacer_0	total_phage_925	86.364	22	3	0	10	31	6478	6499	0.76	26.9
Hafnia_GCF_025833855.1_spacer_0	total_phage_417	94.444	18	1	0	2	19	27190	27207	0.76	26.9
Hafnia_GCF_025833855.1_spacer_0	total_phage_187	94.444	18	1	0	1	18	31381	31398	0.76	26.9
Hafnia_GCF_025833855.1_spacer_2	virome_phage_2293	90.476	21	2	0	6	26	45171	45151	0.25	28.5
Hafnia_GCF_025833855.1_spacer_3	virome_phage_98	80.769	26	5	0	5	30	7089	7064	0.76	26.9
Hafnia_GCF_025833855.1_spacer_3	virome_phage_789	94.444	18	1	0	5	22	28174	28157	0.76	26.9
Hafnia_GCF_025833855.1_spacer_4	virome_phage_742	86.957	23	3	0	5	27	10931	10909	0.25	28.5
Hafnia_GCF_025833855.1_spacer_4	virome_phage_835	80.769	26	5	0	1	26	23168	23193	0.76	26.9
Hafnia_GCF_025833855.1_spacer_4	virome_phage_745	75.000	32	8	0	1	32	17935	17904	0.76	26.9
Hafnia_GCF_025833855.1_spacer_4	virome_phage_734	83.333	24	4	0	2	25	226832	226809	0.76	26.9
Hafnia_GCF_025833855.1_spacer_4	virome_phage_734	76.667	30	7	0	1	30	262835	262806	0.76	26.9
Hafnia_GCF_025833855.1_spacer_4	total_phage_737	86.364	22	3	0	9	30	4636	4657	0.76	26.9
Hafnia_GCF_025833855.1_spacer_4	total_phage_18	86.364	22	3	0	6	27	5895	5874	0.76	26.9
Hafnia_GCF_025833855.1_spacer_5	total_phage_925	77.419	31	7	0	1	31	36276	36246	0.25	28.5
Hafnia_GCF_025833855.1_spacer_5	virome_phage_960	100.000	16	0	0	1	16	17468	17483	0.76	26.9
Hafnia_GCF_025833855.1_spacer_5	virome_phage_774	86.364	22	3	0	5	26	35862	35883	0.76	26.9
Hafnia_GCF_025833855.1_spacer_6	virome_phage_71	80.769	26	5	0	3	28	7945	7920	0.76	26.9
Hafnia_GCF_025833855.1_spacer_6	virome_phage_2912	90.000	20	2	0	6	25	33578	33559	0.76	26.9
Hafnia_GCF_025833855.1_spacer_6	virome_phage_16	86.364	22	3	0	1	22	15421	15400	0.76	26.9
Hafnia_GCF_025833855.1_spacer_6	total_phage_790	94.444	18	1	0	4	21	104006	103989	0.76	26.9
Hafnia_GCF_025833855.1_spacer_6	total_phage_298	76.667	30	7	0	3	32	11212	11241	0.76	26.9
Hafnia_GCF_025833855.1_spacer_6	total_phage_240	76.667	30	7	0	3	32	16460	16431	0.76	26.9
Hafnia_GCF_025833855.1_spacer_8	virome_phage_16	90.476	21	2	0	1	21	82772	82752	0.25	28.5
Hafnia_GCF_025833855.1_spacer_8	virome_phage_2291	78.571	28	6	0	5	32	38177	38150	0.76	26.9
Hafnia_GCF_025833855.1_spacer_8	virome_phage_2255	80.769	26	5	0	5	30	33865	33890	0.76	26.9
Hafnia_GCF_025833855.1_spacer_8	total_phage_240	86.364	22	3	0	7	28	2326	2347	0.76	26.9
Hafnia_GCF_025833855.1_spacer_9	virome_phage_842	84.000	25	4	0	4	28	34226	34202	0.25	28.5
Hafnia_GCF_025833855.1_spacer_9	total_phage_604	83.333	24	4	0	6	29	4910	4933	0.76	26.9
Hafnia_GCF_025833855.1_spacer_10	virome_phage_740	94.444	18	1	0	9	26	81567	81550	0.76	26.9
Hafnia_GCF_025833855.1_spacer_11	virome_phage_1	84.000	25	4	0	3	27	49694	49718	0.25	28.5
Hafnia_GCF_025833855.1_spacer_11	virome_phage_24	80.769	26	5	0	6	31	4352	4327	0.76	26.9
Hafnia_GCF_025833855.1_spacer_11	virome_phage_14	90.000	20	2	0	3	22	78349	78330	0.76	26.9
Hafnia_GCF_025833855.1_spacer_11	total_phage_524	90.000	20	2	0	2	21	17350	17331	0.76	26.9
Hafnia_GCF_025833855.1_spacer_11	total_phage_5	94.444	18	1	0	9	26	6108	6125	0.76	26.9
Hafnia_GCF_025833855.1_spacer_11	total_phage_479	75.000	32	8	0	1	32	40168	40137	0.76	26.9
Hafnia_GCF_025833855.1_spacer_12	virome_phage_859	90.476	21	2	0	4	24	3876	3896	0.25	28.5
Hafnia_GCF_025833855.1_spacer_12	total_phage_739	84.000	25	4	0	2	26	7981	7957	0.25	28.5
Hafnia_GCF_025833855.1_spacer_12	virome_phage_852	86.364	22	3	0	4	25	503	524	0.76	26.9
Hafnia_GCF_025833855.1_spacer_12	virome_phage_834	90.000	20	2	0	1	20	17251	17232	0.76	26.9
Hafnia_GCF_025833855.1_spacer_12	virome_phage_795	86.364	22	3	0	2	23	1195	1174	0.76	26.9
Hafnia_GCF_025833855.1_spacer_12	virome_phage_750	90.000	20	2	0	1	20	69067	69048	0.76	26.9
Hafnia_GCF_025833855.1_spacer_12	virome_phage_65	80.769	26	5	0	6	31	4274	4299	0.76	26.9
Hafnia_GCF_025833855.1_spacer_12	virome_phage_4	94.444	18	1	0	1	18	129812	129829	0.76	26.9
Hafnia_GCF_025833855.1_spacer_12	virome_phage_2357	83.333	24	4	0	5	28	5422	5445	0.76	26.9
Hafnia_GCF_025833855.1_spacer_12	virome_phage_2303	75.000	32	8	0	1	32	29574	29605	0.76	26.9
Hafnia_GCF_025833855.1_spacer_12	virome_phage_2291	80.769	26	5	0	1	26	4257	4282	0.76	26.9
Hafnia_GCF_025833855.1_spacer_12	virome_phage_2272	80.769	26	5	0	4	29	29558	29583	0.76	26.9
Hafnia_GCF_025833855.1_spacer_12	total_phage_413	86.364	22	3	0	5	26	137423	137402	0.76	26.9
Hafnia_GCF_025833855.1_spacer_12	total_phage_11	83.333	24	4	0	3	26	19125	19148	0.76	26.9
Hafnia_GCF_025833855.1_spacer_13	virome_phage_743	84.000	25	4	0	1	25	12433	12409	0.25	28.5
Hafnia_GCF_025833855.1_spacer_13	virome_phage_743	83.333	24	4	0	4	27	54646	54623	0.76	26.9
Hafnia_GCF_025833855.1_spacer_13	virome_phage_736	80.769	26	5	0	3	28	107946	107921	0.76	26.9
Hafnia_GCF_025833855.1_spacer_13	virome_phage_47	80.769	26	5	0	2	27	26223	26198	0.76	26.9
Hafnia_GCF_025833855.1_spacer_13	total_phage_798	78.571	28	6	0	2	29	3944	3971	0.76	26.9
Hafnia_GCF_025833855.1_spacer_13	total_phage_696	80.769	26	5	0	7	32	14757	14782	0.76	26.9
Hafnia_GCF_025833855.1_spacer_13	total_phage_655	80.769	26	5	0	7	32	27192	27217	0.76	26.9
Hafnia_GCF_025833855.1_spacer_13	total_phage_600	80.769	26	5	0	7	32	19522	19547	0.76	26.9
Hafnia_GCF_025833855.1_spacer_13	total_phage_520	80.769	26	5	0	7	32	5912	5887	0.76	26.9
Hafnia_GCF_025833855.1_spacer_13	total_phage_114	78.571	28	6	0	2	29	30753	30726	0.76	26.9
Hafnia_GCF_025833855.1_spacer_15	total_phage_935	90.000	20	2	0	2	21	13487	13468	0.76	26.9
Hafnia_GCF_025833855.1_spacer_15	total_phage_237	90.000	20	2	0	2	21	12050	12031	0.76	26.9
Hafnia_GCF_025833855.1_spacer_16	virome_phage_2382	100.000	16	0	0	1	16	13425	13440	0.76	26.9
Hafnia_GCF_025833855.1_spacer_17	virome_phage_787	84.000	25	4	0	1	25	3013	3037	0.25	28.5
Hafnia_GCF_025833855.1_spacer_17	virome_phage_736	86.957	23	3	0	5	27	91092	91070	0.25	28.5
Hafnia_GCF_025833855.1_spacer_17	virome_phage_202	79.310	29	6	0	4	32	9607	9579	0.25	28.5
Hafnia_GCF_025833855.1_spacer_17	total_phage_174	79.310	29	6	0	4	32	11811	11783	0.25	28.5
Hafnia_GCF_025833855.1_spacer_17	virome_phage_735	100.000	16	0	0	4	19	77421	77406	0.76	26.9
Hafnia_GCF_025833855.1_spacer_18	virome_phage_804	90.000	20	2	0	7	26	18040	18059	0.76	26.9
Hafnia_GCF_025833855.1_spacer_19	virome_phage_736	86.364	22	3	0	11	32	157520	157499	0.76	26.9
Hafnia_GCF_025833855.1_spacer_20	virome_phage_876	80.769	26	5	0	3	28	2865	2840	0.76	26.9
Hafnia_GCF_025833855.1_spacer_22	virome_phage_735	90.909	22	2	0	10	31	187797	187818	0.084	30.1
Hafnia_GCF_025833855.1_spacer_22	virome_phage_904	86.364	22	3	0	5	26	17410	17431	0.76	26.9
Hafnia_GCF_025833855.1_spacer_22	virome_phage_817	83.333	24	4	0	1	24	32475	32498	0.76	26.9
Hafnia_GCF_025833855.1_spacer_22	virome_phage_63	86.364	22	3	0	11	32	7919	7940	0.76	26.9
Hafnia_GCF_025833855.1_spacer_22	virome_phage_38	86.364	22	3	0	9	30	20721	20742	0.76	26.9
Hafnia_GCF_025833855.1_spacer_23	virome_phage_2380	95.000	20	1	0	4	23	15290	15309	0.084	30.1
Hafnia_GCF_025833855.1_spacer_23	total_phage_803	90.000	20	2	0	4	23	24449	24468	0.76	26.9
Hafnia_GCF_025833855.1_spacer_24	virome_phage_857	80.769	26	5	0	2	27	21795	21770	0.76	26.9
Hafnia_GCF_025833855.1_spacer_25	virome_phage_2353	100.000	17	0	0	6	22	8675	8691	0.25	28.5
Hafnia_GCF_025833855.1_spacer_25	virome_phage_2295	81.481	27	5	0	6	32	1982	1956	0.25	28.5
Hafnia_GCF_025833855.1_spacer_25	total_phage_98	77.419	31	7	0	1	31	40282	40312	0.25	28.5
Hafnia_GCF_025833855.1_spacer_25	total_phage_785	84.000	25	4	0	2	26	12643	12619	0.25	28.5
Hafnia_GCF_025833855.1_spacer_25	total_phage_415	100.000	17	0	0	6	22	13448	13464	0.25	28.5
Hafnia_GCF_025833855.1_spacer_25	virome_phage_865	86.364	22	3	0	1	22	8400	8421	0.76	26.9
Hafnia_GCF_025833855.1_spacer_25	virome_phage_829	83.333	24	4	0	4	27	12813	12836	0.76	26.9
Hafnia_GCF_025833855.1_spacer_25	virome_phage_815	100.000	16	0	0	7	22	4542	4527	0.76	26.9
Hafnia_GCF_025833855.1_spacer_25	virome_phage_807	80.769	26	5	0	4	29	15343	15318	0.76	26.9
Hafnia_GCF_025833855.1_spacer_25	virome_phage_7	83.333	24	4	0	5	28	39505	39482	0.76	26.9
Hafnia_GCF_025833855.1_spacer_25	virome_phage_2345	83.333	24	4	0	4	27	3972	3949	0.76	26.9
Hafnia_GCF_025833855.1_spacer_25	virome_phage_2270	100.000	16	0	0	7	22	89754	89739	0.76	26.9
Hafnia_GCF_025833855.1_spacer_25	virome_phage_10	100.000	16	0	0	2	17	54586	54571	0.76	26.9
Hafnia_GCF_025833855.1_spacer_25	total_phage_804	86.364	22	3	0	7	28	11201	11222	0.76	26.9
Hafnia_GCF_025833855.1_spacer_25	total_phage_730	100.000	16	0	0	2	17	132142	132157	0.76	26.9
Hafnia_GCF_025833855.1_spacer_26	virome_phage_11	78.571	28	6	0	4	31	51897	51924	0.76	26.9
Hafnia_GCF_025833855.1_spacer_28	virome_phage_807	95.000	20	1	0	11	30	18359	18340	0.084	30.1
Hafnia_GCF_025833855.1_spacer_28	total_phage_305	95.000	20	1	0	11	30	1035	1016	0.084	30.1
Hafnia_GCF_025833855.1_spacer_28	total_phage_244	87.500	24	3	0	1	24	3925	3948	0.084	30.1
Hafnia_GCF_025833855.1_spacer_28	virome_phage_890	94.737	19	1	0	13	31	23259	23277	0.25	28.5
Hafnia_GCF_025833855.1_spacer_28	virome_phage_65	94.737	19	1	0	13	31	17203	17185	0.25	28.5
Hafnia_GCF_025833855.1_spacer_28	virome_phage_280	94.737	19	1	0	1	19	10922	10904	0.25	28.5
Hafnia_GCF_025833855.1_spacer_28	total_phage_304	77.419	31	7	0	1	31	31206	31176	0.25	28.5
Hafnia_GCF_025833855.1_spacer_28	total_phage_296	90.476	21	2	0	1	21	1654	1634	0.25	28.5
Hafnia_GCF_025833855.1_spacer_28	virome_phage_913	94.444	18	1	0	12	29	17337	17320	0.76	26.9
Hafnia_GCF_025833855.1_spacer_28	virome_phage_825	83.333	24	4	0	9	32	29664	29641	0.76	26.9
Hafnia_GCF_025833855.1_spacer_28	virome_phage_764	94.444	18	1	0	12	29	5331	5348	0.76	26.9
Hafnia_GCF_025833855.1_spacer_28	virome_phage_743	86.364	22	3	0	11	32	39136	39115	0.76	26.9
Hafnia_GCF_025833855.1_spacer_28	total_phage_418	80.769	26	5	0	4	29	19920	19895	0.76	26.9
Hafnia_GCF_025833855.1_spacer_30	virome_phage_751	81.481	27	5	0	3	29	70097	70123	0.25	28.5
Hafnia_GCF_025833855.1_spacer_30	virome_phage_16	100.000	17	0	0	10	26	82632	82648	0.25	28.5
Hafnia_GCF_025833855.1_spacer_30	total_phage_934	86.957	23	3	0	2	24	13930	13952	0.25	28.5
Hafnia_GCF_025833855.1_spacer_30	virome_phage_837	76.667	30	7	0	1	30	17336	17307	0.76	26.9
Hafnia_GCF_025833855.1_spacer_30	virome_phage_822	86.364	22	3	0	10	31	28222	28201	0.76	26.9
Hafnia_GCF_025833855.1_spacer_30	virome_phage_738	75.000	32	8	0	1	32	92414	92383	0.76	26.9
Hafnia_GCF_025833855.1_spacer_30	virome_phage_4	75.000	32	8	0	1	32	1195	1226	0.76	26.9
Hafnia_GCF_025833855.1_spacer_30	virome_phage_123	76.667	30	7	0	1	30	18305	18276	0.76	26.9
Hafnia_GCF_025833855.1_spacer_30	total_phage_479	90.000	20	2	0	12	31	26375	26394	0.76	26.9
Hafnia_GCF_025833855.1_spacer_30	total_phage_308	80.769	26	5	0	7	32	3120	3095	0.76	26.9
Hafnia_GCF_025833855.1_spacer_30	total_phage_294	80.769	26	5	0	7	32	28013	27988	0.76	26.9
Hafnia_GCF_025833855.1_spacer_31	virome_phage_881	80.769	26	5	0	3	28	3880	3855	0.76	26.9
Hafnia_GCF_025833855.1_spacer_31	virome_phage_746	90.000	20	2	0	10	29	49192	49211	0.76	26.9
Hafnia_GCF_025833855.1_spacer_31	total_phage_297	94.444	18	1	0	15	32	9326	9343	0.76	26.9
Hafnia_GCF_025833855.1_spacer_32	virome_phage_35	90.000	20	2	0	10	29	13011	13030	0.76	26.9
Hafnia_GCF_025833855.1_spacer_33	total_phage_451	90.909	22	2	0	2	23	11282	11303	0.084	30.1
Hafnia_GCF_025833855.1_spacer_33	virome_phage_771	81.481	27	5	0	3	29	20623	20597	0.25	28.5
Hafnia_GCF_025833855.1_spacer_33	virome_phage_745	86.957	23	3	0	1	23	22362	22340	0.25	28.5
Hafnia_GCF_025833855.1_spacer_33	virome_phage_2292	81.481	27	5	0	3	29	37247	37273	0.25	28.5
Hafnia_GCF_025833855.1_spacer_33	virome_phage_115	81.481	27	5	0	3	29	4327	4301	0.25	28.5
Hafnia_GCF_025833855.1_spacer_33	virome_phage_66	90.000	20	2	0	12	31	25858	25839	0.76	26.9
Hafnia_GCF_025833855.1_spacer_33	virome_phage_1199	78.571	28	6	0	4	31	8792	8765	0.76	26.9
Hafnia_GCF_025833855.1_spacer_33	total_phage_788	78.571	28	6	0	4	31	30675	30648	0.76	26.9
Hafnia_GCF_025833855.1_spacer_33	total_phage_232	90.000	20	2	0	13	32	76139	76120	0.76	26.9
Hafnia_GCF_025833855.1_spacer_33	total_phage_179	78.571	28	6	0	4	31	11748	11775	0.76	26.9
Hafnia_GCF_025833855.1_spacer_34	virome_phage_810	76.667	30	7	0	1	30	644	615	0.76	26.9
Hafnia_GCF_025833855.1_spacer_34	virome_phage_48	86.364	22	3	0	8	29	22042	22063	0.76	26.9
Hafnia_GCF_025833855.1_spacer_35	virome_phage_741	100.000	18	0	0	12	29	45137	45154	0.084	30.1
Hafnia_GCF_025833855.1_spacer_35	total_phage_297	86.364	22	3	0	1	22	26451	26472	0.76	26.9
Hafnia_GCF_025833855.1_spacer_36	total_phage_794	88.000	25	3	0	6	30	15907	15883	0.028	31.7
Hafnia_GCF_025833855.1_spacer_36	total_phage_242	88.000	25	3	0	6	30	30504	30480	0.028	31.7
Hafnia_GCF_025833855.1_spacer_36	virome_phage_744	82.143	28	5	0	5	32	8963	8936	0.084	30.1
Hafnia_GCF_025833855.1_spacer_36	virome_phage_2270	80.000	30	6	0	1	30	192400	192371	0.084	30.1
Hafnia_GCF_025833855.1_spacer_36	total_phage_734	100.000	18	0	0	12	29	35049	35032	0.084	30.1
Hafnia_GCF_025833855.1_spacer_36	total_phage_102	90.909	22	2	0	8	29	22445	22466	0.084	30.1
Hafnia_GCF_025833855.1_spacer_36	virome_phage_864	86.957	23	3	0	8	30	12654	12632	0.25	28.5
Hafnia_GCF_025833855.1_spacer_36	virome_phage_855	94.737	19	1	0	11	29	3939	3957	0.25	28.5
Hafnia_GCF_025833855.1_spacer_36	virome_phage_785	90.476	21	2	0	7	27	1676	1656	0.25	28.5
Hafnia_GCF_025833855.1_spacer_36	virome_phage_734	100.000	17	0	0	10	26	264909	264893	0.25	28.5
Hafnia_GCF_025833855.1_spacer_36	virome_phage_734	86.364	22	3	0	11	32	148159	148138	0.76	26.9
Hafnia_GCF_025833855.1_spacer_36	virome_phage_734	80.769	26	5	0	4	29	172249	172224	0.76	26.9
Hafnia_GCF_025833855.1_spacer_36	virome_phage_734	90.000	20	2	0	10	29	302025	302044	0.76	26.9
Hafnia_GCF_025833855.1_spacer_36	virome_phage_7	86.957	23	3	0	4	26	93261	93283	0.25	28.5
Hafnia_GCF_025833855.1_spacer_36	total_phage_935	86.957	23	3	0	7	29	4248	4270	0.25	28.5
Hafnia_GCF_025833855.1_spacer_36	total_phage_370	86.957	23	3	0	8	30	3950	3928	0.25	28.5
Hafnia_GCF_025833855.1_spacer_36	total_phage_239	94.737	19	1	0	14	32	12446	12428	0.25	28.5
Hafnia_GCF_025833855.1_spacer_36	total_phage_232	90.476	21	2	0	12	32	11031	11011	0.25	28.5
Hafnia_GCF_025833855.1_spacer_36	total_phage_231	100.000	17	0	0	13	29	22527	22511	0.25	28.5
Hafnia_GCF_025833855.1_spacer_36	total_phage_1	81.481	27	5	0	4	30	622	596	0.25	28.5
Hafnia_GCF_025833855.1_spacer_36	virome_phage_91	90.000	20	2	0	5	24	5844	5863	0.76	26.9
Hafnia_GCF_025833855.1_spacer_36	virome_phage_88	83.333	24	4	0	4	27	26449	26472	0.76	26.9
Hafnia_GCF_025833855.1_spacer_36	virome_phage_834	78.571	28	6	0	5	32	23215	23188	0.76	26.9
Hafnia_GCF_025833855.1_spacer_36	virome_phage_824	90.000	20	2	0	4	23	10517	10498	0.76	26.9
Hafnia_GCF_025833855.1_spacer_36	virome_phage_800	83.333	24	4	0	4	27	25526	25549	0.76	26.9
Hafnia_GCF_025833855.1_spacer_36	virome_phage_8	83.333	24	4	0	4	27	44055	44078	0.76	26.9
Hafnia_GCF_025833855.1_spacer_36	virome_phage_789	76.667	30	7	0	2	31	43607	43578	0.76	26.9
Hafnia_GCF_025833855.1_spacer_36	virome_phage_778	83.333	24	4	0	8	31	45117	45094	0.76	26.9
Hafnia_GCF_025833855.1_spacer_36	virome_phage_739	90.000	20	2	0	12	31	64345	64326	0.76	26.9
Hafnia_GCF_025833855.1_spacer_36	virome_phage_738	86.364	22	3	0	8	29	116217	116196	0.76	26.9
Hafnia_GCF_025833855.1_spacer_36	virome_phage_69	80.769	26	5	0	4	29	13400	13425	0.76	26.9
Hafnia_GCF_025833855.1_spacer_36	virome_phage_4	86.364	22	3	0	8	29	126239	126260	0.76	26.9
Hafnia_GCF_025833855.1_spacer_36	virome_phage_2360	83.333	24	4	0	4	27	8762	8785	0.76	26.9
Hafnia_GCF_025833855.1_spacer_36	virome_phage_2322	94.444	18	1	0	13	30	406	423	0.76	26.9
Hafnia_GCF_025833855.1_spacer_36	virome_phage_2310	83.333	24	4	0	8	31	25882	25905	0.76	26.9
Hafnia_GCF_025833855.1_spacer_36	virome_phage_2298	94.444	18	1	0	12	29	1631	1614	0.76	26.9
Hafnia_GCF_025833855.1_spacer_36	virome_phage_17	94.444	18	1	0	15	32	83112	83129	0.76	26.9
Hafnia_GCF_025833855.1_spacer_36	total_phage_796	83.333	24	4	0	4	27	29311	29288	0.76	26.9
Hafnia_GCF_025833855.1_spacer_36	total_phage_791	86.364	22	3	0	11	32	39020	38999	0.76	26.9
Hafnia_GCF_025833855.1_spacer_36	total_phage_788	83.333	24	4	0	1	24	15030	15007	0.76	26.9
Hafnia_GCF_025833855.1_spacer_36	total_phage_785	94.444	18	1	0	12	29	714	697	0.76	26.9
Hafnia_GCF_025833855.1_spacer_36	total_phage_653	94.444	18	1	0	6	23	31351	31334	0.76	26.9
Hafnia_GCF_025833855.1_spacer_36	total_phage_361	86.364	22	3	0	11	32	6882	6903	0.76	26.9
Hafnia_GCF_025833855.1_spacer_36	total_phage_106	83.333	24	4	0	2	25	24117	24094	0.76	26.9
Hafnia_GCF_025833855.1_spacer_38	total_phage_729	86.957	23	3	0	1	23	141153	141175	0.25	28.5
Hafnia_GCF_025833855.1_spacer_39	virome_phage_745	86.667	30	4	0	2	31	15699	15670	0.001	36.5
Hafnia_GCF_025833855.1_spacer_39	virome_phage_748	82.143	28	5	0	4	31	73023	72996	0.084	30.1
Hafnia_GCF_025833855.1_spacer_39	virome_phage_748	77.419	31	7	0	1	31	50502	50532	0.25	28.5
Hafnia_GCF_025833855.1_spacer_39	virome_phage_850	100.000	18	0	0	16	33	18245	18262	0.084	30.1
Hafnia_GCF_025833855.1_spacer_39	virome_phage_878	86.957	23	3	0	6	28	17551	17529	0.25	28.5
Hafnia_GCF_025833855.1_spacer_39	virome_phage_868	79.310	29	6	0	3	31	16089	16061	0.25	28.5
Hafnia_GCF_025833855.1_spacer_39	virome_phage_742	81.481	27	5	0	1	27	96427	96401	0.25	28.5
Hafnia_GCF_025833855.1_spacer_39	virome_phage_734	90.476	21	2	0	11	31	238918	238898	0.25	28.5
Hafnia_GCF_025833855.1_spacer_39	total_phage_232	81.481	27	5	0	7	33	13247	13221	0.25	28.5
Hafnia_GCF_025833855.1_spacer_39	total_phage_231	81.481	27	5	0	5	31	63765	63739	0.25	28.5
Hafnia_GCF_025833855.1_spacer_39	total_phage_231	94.737	19	1	0	12	30	118369	118351	0.25	28.5
Hafnia_GCF_025833855.1_spacer_39	virome_phage_747	79.310	29	6	0	3	31	16869	16897	0.25	28.5
Hafnia_GCF_025833855.1_spacer_39	virome_phage_18	79.310	29	6	0	3	31	59288	59316	0.25	28.5
Hafnia_GCF_025833855.1_spacer_39	virome_phage_1	84.000	25	4	0	4	28	92856	92880	0.25	28.5
Hafnia_GCF_025833855.1_spacer_39	total_phage_479	81.481	27	5	0	1	27	24361	24387	0.25	28.5
Hafnia_GCF_025833855.1_spacer_39	virome_phage_979	100.000	16	0	0	13	28	15596	15581	0.76	26.9
Hafnia_GCF_025833855.1_spacer_39	virome_phage_902	90.000	20	2	0	14	33	12122	12103	0.76	26.9
Hafnia_GCF_025833855.1_spacer_39	virome_phage_870	86.364	22	3	0	2	23	23292	23271	0.76	26.9
Hafnia_GCF_025833855.1_spacer_39	virome_phage_759	86.364	22	3	0	12	33	49609	49588	0.76	26.9
Hafnia_GCF_025833855.1_spacer_39	virome_phage_738	90.000	20	2	0	14	33	71593	71574	0.76	26.9
Hafnia_GCF_025833855.1_spacer_39	virome_phage_2272	90.000	20	2	0	14	33	51199	51180	0.76	26.9
Hafnia_GCF_025833855.1_spacer_39	virome_phage_189	100.000	16	0	0	14	29	13047	13032	0.76	26.9
Hafnia_GCF_025833855.1_spacer_39	total_phage_935	100.000	16	0	0	18	33	6157	6142	0.76	26.9
Hafnia_GCF_025833855.1_spacer_39	total_phage_929	78.571	28	6	0	4	31	17626	17599	0.76	26.9
Hafnia_GCF_025833855.1_spacer_39	total_phage_735	90.000	20	2	0	3	22	9887	9868	0.76	26.9
Hafnia_GCF_025833855.1_spacer_39	total_phage_731	76.667	30	7	0	1	30	1638	1609	0.76	26.9
Hafnia_GCF_025833855.1_spacer_39	total_phage_731	76.667	30	7	0	2	31	126160	126131	0.76	26.9
Hafnia_GCF_025833855.1_spacer_39	total_phage_639	90.000	20	2	0	12	31	2343	2324	0.76	26.9
Hafnia_GCF_025833855.1_spacer_39	total_phage_417	83.333	24	4	0	8	31	19623	19600	0.76	26.9
Hafnia_GCF_025833855.1_spacer_39	total_phage_298	90.000	20	2	0	9	28	4304	4285	0.76	26.9
Hafnia_GCF_025833855.1_spacer_39	total_phage_102	90.000	20	2	0	9	28	39822	39803	0.76	26.9
Hafnia_GCF_025833855.1_spacer_39	virome_phage_9	78.571	28	6	0	1	28	5919	5946	0.76	26.9
Hafnia_GCF_025833855.1_spacer_39	virome_phage_82	86.364	22	3	0	12	33	34520	34541	0.76	26.9
Hafnia_GCF_025833855.1_spacer_39	virome_phage_2411	94.444	18	1	0	14	31	4277	4294	0.76	26.9
Hafnia_GCF_025833855.1_spacer_39	virome_phage_176	94.444	18	1	0	14	31	4178	4195	0.76	26.9
Hafnia_GCF_025833855.1_spacer_39	total_phage_807	94.444	18	1	0	14	31	7348	7365	0.76	26.9
Hafnia_GCF_025833855.1_spacer_39	total_phage_663	90.000	20	2	0	14	33	8914	8933	0.76	26.9
Hafnia_GCF_025833855.1_spacer_39	total_phage_637	90.000	20	2	0	14	33	5604	5623	0.76	26.9
Hafnia_GCF_025833855.1_spacer_39	total_phage_636	80.769	26	5	0	5	30	20122	20147	0.76	26.9
Hafnia_GCF_025833855.1_spacer_39	total_phage_364	94.444	18	1	0	14	31	4964	4981	0.76	26.9
Hafnia_GCF_025833855.1_spacer_39	total_phage_363	100.000	16	0	0	18	33	24377	24392	0.76	26.9
Hafnia_GCF_025833855.1_spacer_39	total_phage_239	86.364	22	3	0	6	27	14909	14930	0.76	26.9
Hafnia_GCF_025833855.1_spacer_39	total_phage_187	100.000	16	0	0	13	28	4909	4924	0.76	26.9
Hafnia_GCF_025833855.1_spacer_40	virome_phage_2282	89.286	28	3	0	1	28	47486	47459	0.001	36.5
Hafnia_GCF_025833855.1_spacer_40	virome_phage_94	91.667	24	2	0	1	24	5337	5314	0.009	33.3
Hafnia_GCF_025833855.1_spacer_40	virome_phage_794	95.455	22	1	0	2	23	37771	37750	0.009	33.3
Hafnia_GCF_025833855.1_spacer_40	virome_phage_70	81.250	32	6	0	1	32	34922	34891	0.009	33.3
Hafnia_GCF_025833855.1_spacer_40	virome_phage_812	90.909	22	2	0	2	23	23576	23597	0.084	30.1
Hafnia_GCF_025833855.1_spacer_40	virome_phage_812	83.333	24	4	0	1	24	10429	10406	0.76	26.9
Hafnia_GCF_025833855.1_spacer_40	virome_phage_772	90.909	22	2	0	2	23	20057	20078	0.084	30.1
Hafnia_GCF_025833855.1_spacer_40	virome_phage_77	90.909	22	2	0	3	24	33599	33578	0.084	30.1
Hafnia_GCF_025833855.1_spacer_40	virome_phage_761	90.909	22	2	0	2	23	51700	51679	0.084	30.1
Hafnia_GCF_025833855.1_spacer_40	virome_phage_761	83.333	24	4	0	1	24	24889	24912	0.76	26.9
Hafnia_GCF_025833855.1_spacer_40	virome_phage_38	87.500	24	3	0	4	27	19079	19102	0.084	30.1
Hafnia_GCF_025833855.1_spacer_40	virome_phage_19	84.615	26	4	0	2	27	40873	40848	0.084	30.1
Hafnia_GCF_025833855.1_spacer_40	virome_phage_19	84.000	25	4	0	3	27	42851	42827	0.25	28.5
Hafnia_GCF_025833855.1_spacer_40	total_phage_297	90.909	22	2	0	1	22	10468	10447	0.084	30.1
Hafnia_GCF_025833855.1_spacer_40	total_phage_244	84.615	26	4	0	2	27	26056	26081	0.084	30.1
Hafnia_GCF_025833855.1_spacer_40	virome_phage_765	90.476	21	2	0	2	22	37839	37859	0.25	28.5
Hafnia_GCF_025833855.1_spacer_40	total_phage_663	86.957	23	3	0	2	24	17442	17420	0.25	28.5
Hafnia_GCF_025833855.1_spacer_40	total_phage_637	86.957	23	3	0	2	24	14176	14154	0.25	28.5
Hafnia_GCF_025833855.1_spacer_40	total_phage_446	90.476	21	2	0	2	22	21995	21975	0.25	28.5
Hafnia_GCF_025833855.1_spacer_40	virome_phage_781	80.769	26	5	0	1	26	13204	13179	0.76	26.9
Hafnia_GCF_025833855.1_spacer_40	virome_phage_2366	80.769	26	5	0	1	26	9567	9542	0.76	26.9
Hafnia_GCF_025833855.1_spacer_40	virome_phage_2300	90.000	20	2	0	1	20	41569	41550	0.76	26.9
Hafnia_GCF_025833855.1_spacer_42	virome_phage_787	90.909	22	2	0	3	24	30831	30852	0.084	30.1
Hafnia_GCF_025833855.1_spacer_43	virome_phage_792	81.481	27	5	0	4	30	18645	18619	0.25	28.5
Hafnia_GCF_025833855.1_spacer_43	virome_phage_748	90.476	21	2	0	6	26	5222	5202	0.25	28.5
Hafnia_GCF_025833855.1_spacer_43	virome_phage_748	80.769	26	5	0	5	30	64518	64493	0.76	26.9
Hafnia_GCF_025833855.1_spacer_43	total_phage_653	84.000	25	4	0	8	32	5793	5817	0.25	28.5
Hafnia_GCF_025833855.1_spacer_43	total_phage_0	90.476	21	2	0	7	27	10698	10718	0.25	28.5
Hafnia_GCF_025833855.1_spacer_43	virome_phage_979	80.769	26	5	0	1	26	17264	17289	0.76	26.9
Hafnia_GCF_025833855.1_spacer_43	virome_phage_894	86.364	22	3	0	1	22	8089	8110	0.76	26.9
Hafnia_GCF_025833855.1_spacer_43	virome_phage_751	94.444	18	1	0	8	25	36333	36316	0.76	26.9
Hafnia_GCF_025833855.1_spacer_43	virome_phage_2280	83.333	24	4	0	4	27	10836	10813	0.76	26.9
Hafnia_GCF_025833855.1_spacer_43	virome_phage_1	83.333	24	4	0	6	29	123963	123986	0.76	26.9
Hafnia_GCF_025833855.1_spacer_44	virome_phage_92	83.333	24	4	0	7	30	10134	10111	0.76	26.9
Hafnia_GCF_025833855.1_spacer_44	virome_phage_2294	83.333	24	4	0	7	30	15173	15196	0.76	26.9
Hafnia_GCF_025833855.1_spacer_44	total_phage_930	94.444	18	1	0	9	26	11449	11432	0.76	26.9
Hafnia_GCF_025833855.1_spacer_45	virome_phage_9	90.000	20	2	0	13	32	25803	25822	0.76	26.9
Hafnia_GCF_025833855.1_spacer_45	virome_phage_2292	90.000	20	2	0	13	32	45711	45730	0.76	26.9
Hafnia_GCF_025833855.1_spacer_45	virome_phage_16	86.364	22	3	0	11	32	49108	49129	0.76	26.9
Hafnia_GCF_025833855.1_spacer_46	virome_phage_790	80.769	26	5	0	6	31	3848	3873	0.76	26.9
Hafnia_GCF_025833855.1_spacer_46	total_phage_116	90.000	20	2	0	12	31	34803	34822	0.76	26.9
Hafnia_GCF_025833855.1_spacer_48	virome_phage_54	77.419	31	7	0	2	32	28362	28392	0.25	28.5
Hafnia_GCF_025833855.1_spacer_49	virome_phage_739	78.571	28	6	0	5	32	104743	104770	0.76	26.9
Hafnia_GCF_025833855.1_spacer_50	virome_phage_747	80.769	26	5	0	1	26	35894	35869	0.76	26.9
Hafnia_GCF_025833855.1_spacer_50	virome_phage_746	86.364	22	3	0	4	25	13505	13484	0.76	26.9
Hafnia_GCF_025833855.1_spacer_50	virome_phage_2403	94.444	18	1	0	14	31	17936	17919	0.76	26.9
Hafnia_GCF_025833855.1_spacer_50	virome_phage_18	80.769	26	5	0	1	26	4661	4636	0.76	26.9
Hafnia_GCF_025833855.1_spacer_50	virome_phage_164	94.444	18	1	0	14	31	18063	18046	0.76	26.9
Hafnia_GCF_025833855.1_spacer_51	virome_phage_765	91.304	23	2	0	9	31	9020	8998	0.028	31.7
Hafnia_GCF_025833855.1_spacer_51	virome_phage_42	84.615	26	4	0	3	28	5507	5532	0.084	30.1
Hafnia_GCF_025833855.1_spacer_51	virome_phage_786	94.444	18	1	0	9	26	4401	4418	0.76	26.9
Hafnia_GCF_025833855.1_spacer_51	virome_phage_11	86.364	22	3	0	1	22	75521	75542	0.76	26.9
