Serratia_GCF_016005395.1_spacer_1	virome_phage_2347	80.000	30	6	0	3	32	1709	1738	0.084	30.1
Serratia_GCF_016005395.1_spacer_1	virome_phage_878	90.476	21	2	0	3	23	2165	2185	0.25	28.5
Serratia_GCF_016005395.1_spacer_1	virome_phage_761	75.000	32	8	0	1	32	36789	36758	0.76	26.9
Serratia_GCF_016005395.1_spacer_1	virome_phage_2305	83.333	24	4	0	7	30	23646	23669	0.76	26.9
Serratia_GCF_016005395.1_spacer_1	virome_phage_2286	76.667	30	7	0	3	32	50922	50951	0.76	26.9
Serratia_GCF_016005395.1_spacer_1	virome_phage_2274	100.000	16	0	0	7	22	23094	23109	0.76	26.9
Serratia_GCF_016005395.1_spacer_2	virome_phage_51	90.000	20	2	0	8	27	1702	1683	0.76	26.9
Serratia_GCF_016005395.1_spacer_3	virome_phage_34	90.909	22	2	0	1	22	28393	28372	0.084	30.1
Serratia_GCF_016005395.1_spacer_4	virome_phage_2409	100.000	18	0	0	1	18	15349	15366	0.084	30.1
Serratia_GCF_016005395.1_spacer_4	total_phage_116	84.615	26	4	0	2	27	20042	20067	0.084	30.1
Serratia_GCF_016005395.1_spacer_4	virome_phage_735	84.000	25	4	0	8	32	194320	194344	0.25	28.5
Serratia_GCF_016005395.1_spacer_4	virome_phage_750	83.333	24	4	0	4	27	33806	33829	0.76	26.9
Serratia_GCF_016005395.1_spacer_4	virome_phage_2281	100.000	16	0	0	16	31	22163	22148	0.76	26.9
Serratia_GCF_016005395.1_spacer_4	virome_phage_19	94.444	18	1	0	1	18	32161	32178	0.76	26.9
Serratia_GCF_016005395.1_spacer_4	total_phage_115	80.769	26	5	0	2	27	6461	6436	0.76	26.9
Serratia_GCF_016005395.1_spacer_6	virome_phage_811	81.481	27	5	0	1	27	3528	3502	0.25	28.5
Serratia_GCF_016005395.1_spacer_7	virome_phage_31	94.444	18	1	0	11	28	9686	9669	0.76	26.9
Serratia_GCF_016005395.1_spacer_8	virome_phage_734	83.333	24	4	0	8	31	228289	228312	0.76	26.9
Serratia_GCF_016005395.1_spacer_8	total_phage_366	83.333	24	4	0	8	31	2293	2270	0.76	26.9
Serratia_GCF_016005395.1_spacer_9	virome_phage_780	94.444	18	1	0	5	22	41401	41384	0.76	26.9
Serratia_GCF_016005395.1_spacer_9	virome_phage_735	100.000	16	0	0	10	25	121317	121332	0.76	26.9
Serratia_GCF_016005395.1_spacer_9	virome_phage_36	100.000	16	0	0	13	28	41732	41747	0.76	26.9
Serratia_GCF_016005395.1_spacer_9	virome_phage_202	83.333	24	4	0	5	28	14519	14542	0.76	26.9
Serratia_GCF_016005395.1_spacer_9	total_phage_809	83.333	24	4	0	5	28	1111	1134	0.76	26.9
Serratia_GCF_016005395.1_spacer_9	total_phage_174	83.333	24	4	0	5	28	351	374	0.76	26.9
Serratia_GCF_016005395.1_spacer_10	virome_phage_2300	81.481	27	5	0	3	29	22669	22643	0.25	28.5
Serratia_GCF_016005395.1_spacer_10	virome_phage_827	100.000	16	0	0	16	31	22200	22215	0.76	26.9
Serratia_GCF_016005395.1_spacer_10	virome_phage_818	86.364	22	3	0	3	24	20444	20465	0.76	26.9
Serratia_GCF_016005395.1_spacer_10	virome_phage_808	78.571	28	6	0	1	28	33743	33770	0.76	26.9
Serratia_GCF_016005395.1_spacer_10	virome_phage_806	86.364	22	3	0	3	24	23187	23208	0.76	26.9
Serratia_GCF_016005395.1_spacer_10	virome_phage_2282	86.364	22	3	0	1	22	38642	38621	0.76	26.9
Serratia_GCF_016005395.1_spacer_11	virome_phage_837	86.957	23	3	0	5	27	24962	24940	0.25	28.5
Serratia_GCF_016005395.1_spacer_11	virome_phage_23	90.000	20	2	0	13	32	40252	40233	0.76	26.9
Serratia_GCF_016005395.1_spacer_11	virome_phage_1286	94.444	18	1	0	14	31	3891	3874	0.76	26.9
Serratia_GCF_016005395.1_spacer_11	total_phage_115	86.364	22	3	0	7	28	15644	15623	0.76	26.9
Serratia_GCF_016005395.1_spacer_12	virome_phage_24	83.333	30	5	0	2	31	31908	31937	0.009	33.3
Serratia_GCF_016005395.1_spacer_12	virome_phage_2400	84.615	26	4	0	2	27	3028	3003	0.084	30.1
Serratia_GCF_016005395.1_spacer_12	virome_phage_158	84.615	26	4	0	2	27	15681	15706	0.084	30.1
Serratia_GCF_016005395.1_spacer_12	virome_phage_1061	84.615	26	4	0	2	27	3525	3500	0.084	30.1
Serratia_GCF_016005395.1_spacer_12	virome_phage_790	80.769	26	5	0	3	28	3105	3130	0.76	26.9
Serratia_GCF_016005395.1_spacer_12	virome_phage_68	90.000	20	2	0	10	29	28112	28131	0.76	26.9
Serratia_GCF_016005395.1_spacer_12	total_phage_934	80.769	26	5	0	3	28	5266	5291	0.76	26.9
Serratia_GCF_016005395.1_spacer_13	virome_phage_38	89.655	29	3	0	3	31	37069	37041	3.46e-04	38.0
Serratia_GCF_016005395.1_spacer_13	virome_phage_2353	84.375	32	5	0	1	32	22553	22584	0.001	36.5
Serratia_GCF_016005395.1_spacer_13	total_phage_362	84.375	32	5	0	1	32	51945	51914	0.001	36.5
Serratia_GCF_016005395.1_spacer_13	total_phage_175	84.375	32	5	0	1	32	183	214	0.001	36.5
Serratia_GCF_016005395.1_spacer_13	virome_phage_2300	83.871	31	5	0	1	31	44011	43981	0.003	34.9
Serratia_GCF_016005395.1_spacer_13	virome_phage_127	83.871	31	5	0	1	31	12778	12808	0.003	34.9
Serratia_GCF_016005395.1_spacer_13	virome_phage_2281	82.759	29	5	0	3	31	50244	50216	0.028	31.7
Serratia_GCF_016005395.1_spacer_13	virome_phage_79	87.500	24	3	0	9	32	18538	18515	0.084	30.1
Serratia_GCF_016005395.1_spacer_13	virome_phage_2288	87.500	24	3	0	9	32	13639	13662	0.084	30.1
Serratia_GCF_016005395.1_spacer_13	total_phage_102	82.143	28	5	0	1	28	35202	35229	0.084	30.1
Serratia_GCF_016005395.1_spacer_13	total_phage_729	90.476	21	2	0	10	30	9279	9259	0.25	28.5
Serratia_GCF_016005395.1_spacer_13	total_phage_655	77.419	31	7	0	1	31	9614	9644	0.25	28.5
Serratia_GCF_016005395.1_spacer_13	total_phage_600	79.310	29	6	0	3	31	8628	8656	0.25	28.5
Serratia_GCF_016005395.1_spacer_13	total_phage_788	78.571	28	6	0	4	31	3513	3486	0.76	26.9
Serratia_GCF_016005395.1_spacer_13	total_phage_106	75.000	32	8	0	1	32	153	184	0.76	26.9
Serratia_GCF_016005395.1_spacer_14	virome_phage_735	83.333	24	4	0	2	25	72969	72992	0.76	26.9
Serratia_GCF_016005395.1_spacer_14	total_phage_294	90.000	20	2	0	11	30	10503	10522	0.76	26.9
Serratia_GCF_016005395.1_spacer_14	total_phage_233	90.000	20	2	0	11	30	22248	22267	0.76	26.9
Serratia_GCF_016005395.1_spacer_15	virome_phage_837	81.481	27	5	0	3	29	19436	19462	0.25	28.5
Serratia_GCF_016005395.1_spacer_15	virome_phage_123	81.481	27	5	0	3	29	20405	20431	0.25	28.5
Serratia_GCF_016005395.1_spacer_15	total_phage_445	86.364	22	3	0	4	25	31995	31974	0.76	26.9
Serratia_GCF_016005395.1_spacer_16	virome_phage_821	94.737	19	1	0	8	26	30231	30249	0.25	28.5
Serratia_GCF_016005395.1_spacer_16	virome_phage_788	86.957	23	3	0	4	26	15844	15822	0.25	28.5
Serratia_GCF_016005395.1_spacer_16	virome_phage_2914	90.476	21	2	0	7	27	20834	20854	0.25	28.5
Serratia_GCF_016005395.1_spacer_16	virome_phage_86	94.444	18	1	0	9	26	19639	19656	0.76	26.9
Serratia_GCF_016005395.1_spacer_16	virome_phage_849	100.000	16	0	0	8	23	17808	17823	0.76	26.9
Serratia_GCF_016005395.1_spacer_16	virome_phage_812	90.000	20	2	0	8	27	2433	2452	0.76	26.9
Serratia_GCF_016005395.1_spacer_16	virome_phage_760	83.333	24	4	0	3	26	35234	35211	0.76	26.9
Serratia_GCF_016005395.1_spacer_16	virome_phage_75	86.364	22	3	0	1	22	32429	32408	0.76	26.9
Serratia_GCF_016005395.1_spacer_16	virome_phage_72	100.000	16	0	0	11	26	11472	11457	0.76	26.9
Serratia_GCF_016005395.1_spacer_16	virome_phage_72	94.444	18	1	0	6	23	27268	27285	0.76	26.9
Serratia_GCF_016005395.1_spacer_16	virome_phage_2272	80.769	26	5	0	3	28	13793	13818	0.76	26.9
Serratia_GCF_016005395.1_spacer_16	total_phage_808	78.571	28	6	0	4	31	19778	19805	0.76	26.9
Serratia_GCF_016005395.1_spacer_16	total_phage_418	83.333	24	4	0	7	30	18523	18546	0.76	26.9
Serratia_GCF_016005395.1_spacer_16	total_phage_240	78.571	28	6	0	4	31	2856	2829	0.76	26.9
Serratia_GCF_016005395.1_spacer_17	virome_phage_827	94.737	19	1	0	10	28	17479	17461	0.25	28.5
Serratia_GCF_016005395.1_spacer_17	virome_phage_785	86.364	22	3	0	3	24	34815	34836	0.76	26.9
Serratia_GCF_016005395.1_spacer_17	total_phage_809	86.364	22	3	0	8	29	17762	17783	0.76	26.9
Serratia_GCF_016005395.1_spacer_18	virome_phage_2914	84.375	32	5	0	1	32	18203	18172	0.001	36.5
Serratia_GCF_016005395.1_spacer_18	virome_phage_767	91.304	23	2	0	6	28	169	191	0.028	31.7
Serratia_GCF_016005395.1_spacer_18	virome_phage_901	94.444	18	1	0	10	27	18542	18559	0.76	26.9
Serratia_GCF_016005395.1_spacer_18	total_phage_729	90.000	20	2	0	7	26	15239	15258	0.76	26.9
Serratia_GCF_016005395.1_spacer_19	virome_phage_911	79.310	29	6	0	1	29	14201	14173	0.25	28.5
Serratia_GCF_016005395.1_spacer_20	virome_phage_12	84.000	25	4	0	5	29	12430	12454	0.25	28.5
Serratia_GCF_016005395.1_spacer_21	virome_phage_758	86.364	22	3	0	8	29	12523	12544	0.76	26.9
Serratia_GCF_016005395.1_spacer_22	total_phage_303	81.481	27	5	0	1	27	7660	7634	0.25	28.5
Serratia_GCF_016005395.1_spacer_22	total_phage_118	81.481	27	5	0	1	27	7512	7486	0.25	28.5
Serratia_GCF_016005395.1_spacer_22	virome_phage_84	80.769	26	5	0	1	26	15794	15819	0.76	26.9
Serratia_GCF_016005395.1_spacer_22	virome_phage_2333	83.333	24	4	0	8	31	4108	4131	0.76	26.9
Serratia_GCF_016005395.1_spacer_22	total_phage_243	75.000	32	8	0	1	32	11832	11801	0.76	26.9
Serratia_GCF_016005395.1_spacer_22	total_phage_125	75.000	32	8	0	1	32	16011	16042	0.76	26.9
Serratia_GCF_016005395.1_spacer_24	total_phage_252	85.185	27	4	0	6	32	6529	6555	0.028	31.7
Serratia_GCF_016005395.1_spacer_24	virome_phage_70	90.909	22	2	0	1	22	15697	15676	0.084	30.1
Serratia_GCF_016005395.1_spacer_24	total_phage_243	80.000	30	6	0	3	32	6862	6891	0.084	30.1
Serratia_GCF_016005395.1_spacer_24	virome_phage_881	79.310	29	6	0	3	31	18132	18160	0.25	28.5
Serratia_GCF_016005395.1_spacer_24	virome_phage_753	77.419	31	7	0	1	31	32515	32545	0.25	28.5
Serratia_GCF_016005395.1_spacer_24	virome_phage_2913	86.957	23	3	0	5	27	2427	2449	0.25	28.5
Serratia_GCF_016005395.1_spacer_24	virome_phage_901	80.769	26	5	0	2	27	14277	14302	0.76	26.9
Serratia_GCF_016005395.1_spacer_25	virome_phage_68	86.957	23	3	0	6	28	25384	25406	0.25	28.5
Serratia_GCF_016005395.1_spacer_25	virome_phage_772	86.364	22	3	0	5	26	34960	34981	0.76	26.9
Serratia_GCF_016005395.1_spacer_25	virome_phage_2300	80.769	26	5	0	2	27	6225	6200	0.76	26.9
Serratia_GCF_016005395.1_spacer_26	virome_phage_41	82.143	28	5	0	1	28	10638	10665	0.084	30.1
Serratia_GCF_016005395.1_spacer_26	virome_phage_815	100.000	17	0	0	10	26	13777	13761	0.25	28.5
Serratia_GCF_016005395.1_spacer_26	total_phage_111	100.000	17	0	0	10	26	16680	16664	0.25	28.5
Serratia_GCF_016005395.1_spacer_26	total_phage_111	100.000	17	0	0	10	26	56922	56906	0.25	28.5
Serratia_GCF_016005395.1_spacer_26	virome_phage_2328	100.000	16	0	0	13	28	22312	22327	0.76	26.9
Serratia_GCF_016005395.1_spacer_26	virome_phage_2269	90.000	20	2	0	3	22	109022	109041	0.76	26.9
Serratia_GCF_016005395.1_spacer_26	total_phage_804	80.769	26	5	0	2	27	6844	6869	0.76	26.9
Serratia_GCF_016005395.1_spacer_27	virome_phage_770	90.000	20	2	0	1	20	39577	39558	0.76	26.9
Serratia_GCF_016005395.1_spacer_27	virome_phage_24	94.444	18	1	0	1	18	7869	7886	0.76	26.9
Serratia_GCF_016005395.1_spacer_28	virome_phage_761	90.909	22	2	0	5	26	42569	42590	0.084	30.1
Serratia_GCF_016005395.1_spacer_28	virome_phage_735	87.500	24	3	0	6	29	89617	89640	0.084	30.1
Serratia_GCF_016005395.1_spacer_28	virome_phage_60	94.444	18	1	0	9	26	24524	24541	0.76	26.9
Serratia_GCF_016005395.1_spacer_29	virome_phage_909	84.000	25	4	0	4	28	9573	9597	0.25	28.5
Serratia_GCF_016005395.1_spacer_29	virome_phage_893	77.419	31	7	0	1	31	1727	1757	0.25	28.5
Serratia_GCF_016005395.1_spacer_29	virome_phage_891	86.957	23	3	0	9	31	6657	6635	0.25	28.5
Serratia_GCF_016005395.1_spacer_29	virome_phage_86	84.000	25	4	0	4	28	32558	32534	0.25	28.5
Serratia_GCF_016005395.1_spacer_29	virome_phage_751	86.957	23	3	0	9	31	17102	17124	0.25	28.5
Serratia_GCF_016005395.1_spacer_29	virome_phage_2372	84.000	25	4	0	4	28	10305	10329	0.25	28.5
Serratia_GCF_016005395.1_spacer_29	virome_phage_2355	84.000	25	4	0	4	28	10210	10234	0.25	28.5
Serratia_GCF_016005395.1_spacer_29	virome_phage_2347	84.000	25	4	0	4	28	17055	17031	0.25	28.5
Serratia_GCF_016005395.1_spacer_29	virome_phage_14	90.476	21	2	0	12	32	61345	61365	0.25	28.5
Serratia_GCF_016005395.1_spacer_29	virome_phage_107	84.000	25	4	0	4	28	24527	24503	0.25	28.5
Serratia_GCF_016005395.1_spacer_29	total_phage_808	84.000	25	4	0	4	28	8576	8552	0.25	28.5
Serratia_GCF_016005395.1_spacer_29	total_phage_733	86.957	23	3	0	9	31	19122	19144	0.25	28.5
Serratia_GCF_016005395.1_spacer_29	total_phage_189	86.957	23	3	0	9	31	17095	17117	0.25	28.5
Serratia_GCF_016005395.1_spacer_29	virome_phage_799	78.571	28	6	0	2	29	2182	2155	0.76	26.9
Serratia_GCF_016005395.1_spacer_29	virome_phage_794	86.364	22	3	0	3	24	22286	22265	0.76	26.9
Serratia_GCF_016005395.1_spacer_29	virome_phage_782	94.444	18	1	0	6	23	17580	17597	0.76	26.9
Serratia_GCF_016005395.1_spacer_29	virome_phage_2912	94.444	18	1	0	11	28	9315	9298	0.76	26.9
Serratia_GCF_016005395.1_spacer_29	virome_phage_2278	76.667	30	7	0	3	32	5534	5563	0.76	26.9
Serratia_GCF_016005395.1_spacer_29	virome_phage_10	78.571	28	6	0	3	30	98551	98524	0.76	26.9
Serratia_GCF_016005395.1_spacer_30	virome_phage_847	88.000	25	3	0	4	28	28050	28026	0.028	31.7
Serratia_GCF_016005395.1_spacer_30	virome_phage_782	100.000	19	0	0	11	29	44744	44726	0.028	31.7
Serratia_GCF_016005395.1_spacer_30	virome_phage_2914	86.364	22	3	0	10	31	925	904	0.76	26.9
Serratia_GCF_016005395.1_spacer_30	virome_phage_24	90.000	20	2	0	10	29	27762	27743	0.76	26.9
Serratia_GCF_016005395.1_spacer_30	virome_phage_2372	86.364	22	3	0	8	29	8329	8350	0.76	26.9
Serratia_GCF_016005395.1_spacer_30	virome_phage_2347	86.364	22	3	0	8	29	19031	19010	0.76	26.9
Serratia_GCF_016005395.1_spacer_31	total_phage_233	90.909	22	2	0	11	32	9689	9710	0.084	30.1
Serratia_GCF_016005395.1_spacer_31	total_phage_807	90.476	21	2	0	12	32	6468	6488	0.25	28.5
Serratia_GCF_016005395.1_spacer_31	total_phage_745	84.000	25	4	0	8	32	7501	7525	0.25	28.5
Serratia_GCF_016005395.1_spacer_31	total_phage_451	90.476	21	2	0	12	32	18751	18731	0.25	28.5
Serratia_GCF_016005395.1_spacer_31	total_phage_449	90.476	21	2	0	12	32	10411	10391	0.25	28.5
Serratia_GCF_016005395.1_spacer_31	total_phage_296	84.000	25	4	0	8	32	9460	9484	0.25	28.5
Serratia_GCF_016005395.1_spacer_31	total_phage_237	90.476	21	2	0	12	32	11479	11459	0.25	28.5
Serratia_GCF_016005395.1_spacer_31	virome_phage_868	83.333	24	4	0	6	29	25395	25418	0.76	26.9
Serratia_GCF_016005395.1_spacer_32	total_phage_233	90.909	22	2	0	11	32	9689	9710	0.084	30.1
Serratia_GCF_016005395.1_spacer_32	total_phage_807	90.476	21	2	0	12	32	6468	6488	0.25	28.5
Serratia_GCF_016005395.1_spacer_32	total_phage_745	84.000	25	4	0	8	32	7501	7525	0.25	28.5
Serratia_GCF_016005395.1_spacer_32	total_phage_451	90.476	21	2	0	12	32	18751	18731	0.25	28.5
Serratia_GCF_016005395.1_spacer_32	total_phage_449	90.476	21	2	0	12	32	10411	10391	0.25	28.5
Serratia_GCF_016005395.1_spacer_32	total_phage_296	84.000	25	4	0	8	32	9460	9484	0.25	28.5
Serratia_GCF_016005395.1_spacer_32	total_phage_237	90.476	21	2	0	12	32	11479	11459	0.25	28.5
Serratia_GCF_016005395.1_spacer_32	virome_phage_868	83.333	24	4	0	6	29	25395	25418	0.76	26.9
Serratia_GCF_016005395.1_spacer_33	virome_phage_71	88.462	26	3	0	7	32	13938	13913	0.009	33.3
Serratia_GCF_016005395.1_spacer_33	virome_phage_833	100.000	16	0	0	10	25	8503	8488	0.76	26.9
Serratia_GCF_016005395.1_spacer_33	virome_phage_751	80.769	26	5	0	4	29	57727	57752	0.76	26.9
Serratia_GCF_016005395.1_spacer_34	virome_phage_2385	96.875	32	1	0	1	32	16013	16044	1.58e-07	49.1
Serratia_GCF_016005395.1_spacer_34	virome_phage_2912	86.364	22	3	0	1	22	34410	34431	0.76	26.9
Serratia_GCF_016005395.1_spacer_34	virome_phage_116	83.333	24	4	0	8	31	7503	7480	0.76	26.9
Serratia_GCF_016005395.1_spacer_35	virome_phage_876	86.364	22	3	0	6	27	8755	8734	0.76	26.9
Serratia_GCF_016005395.1_spacer_35	virome_phage_844	90.000	20	2	0	4	23	27636	27655	0.76	26.9
Serratia_GCF_016005395.1_spacer_35	virome_phage_736	80.769	26	5	0	1	26	157267	157292	0.76	26.9
Serratia_GCF_016005395.1_spacer_35	total_phage_795	80.769	26	5	0	4	29	35600	35575	0.76	26.9
Serratia_GCF_016005395.1_spacer_35	total_phage_666	86.364	22	3	0	5	26	3566	3587	0.76	26.9
Serratia_GCF_016005395.1_spacer_35	total_phage_639	86.364	22	3	0	5	26	20455	20434	0.76	26.9
Serratia_GCF_016005395.1_spacer_36	total_phage_233	75.000	32	8	0	1	32	45468	45437	0.76	26.9
Serratia_GCF_016005395.1_spacer_37	virome_phage_38	93.103	29	2	0	1	29	22968	22996	3.84e-05	41.2
Serratia_GCF_016005395.1_spacer_37	total_phage_243	91.304	23	2	0	8	30	21879	21901	0.028	31.7
Serratia_GCF_016005395.1_spacer_37	total_phage_125	91.304	23	2	0	8	30	5980	5958	0.028	31.7
Serratia_GCF_016005395.1_spacer_37	virome_phage_741	94.444	18	1	0	6	23	12056	12073	0.76	26.9
Serratia_GCF_016005395.1_spacer_37	virome_phage_2293	90.000	20	2	0	10	29	36647	36666	0.76	26.9
Serratia_GCF_016005395.1_spacer_38	virome_phage_841	94.444	18	1	0	14	31	16819	16836	0.76	26.9
Serratia_GCF_016005395.1_spacer_39	virome_phage_771	90.476	21	2	0	6	26	38144	38124	0.25	28.5
Serratia_GCF_016005395.1_spacer_39	virome_phage_115	90.476	21	2	0	6	26	21848	21828	0.25	28.5
Serratia_GCF_016005395.1_spacer_39	virome_phage_736	80.769	26	5	0	1	26	5813	5788	0.76	26.9
Serratia_GCF_016005395.1_spacer_40	virome_phage_2282	85.185	27	4	0	1	27	11708	11682	0.028	31.7
Serratia_GCF_016005395.1_spacer_40	virome_phage_794	86.957	23	3	0	1	23	27371	27393	0.25	28.5
Serratia_GCF_016005395.1_spacer_40	total_phage_926	90.476	21	2	0	2	22	84701	84681	0.25	28.5
Serratia_GCF_016005395.1_spacer_40	virome_phage_849	83.333	24	4	0	4	27	25544	25521	0.76	26.9
Serratia_GCF_016005395.1_spacer_40	virome_phage_827	78.571	28	6	0	3	30	25171	25144	0.76	26.9
Serratia_GCF_016005395.1_spacer_40	virome_phage_774	80.769	26	5	0	1	26	35056	35081	0.76	26.9
Serratia_GCF_016005395.1_spacer_40	virome_phage_72	83.333	24	4	0	1	24	4924	4947	0.76	26.9
Serratia_GCF_016005395.1_spacer_40	virome_phage_68	83.333	24	4	0	1	24	25450	25473	0.76	26.9
Serratia_GCF_016005395.1_spacer_40	virome_phage_23	90.000	20	2	0	13	32	12257	12238	0.76	26.9
Serratia_GCF_016005395.1_spacer_40	virome_phage_2285	86.364	22	3	0	1	22	10088	10067	0.76	26.9
Serratia_GCF_016005395.1_spacer_40	total_phage_790	100.000	16	0	0	11	26	42001	41986	0.76	26.9
Serratia_GCF_016005395.1_spacer_40	total_phage_790	86.364	22	3	0	1	22	61489	61468	0.76	26.9
Serratia_GCF_016005395.1_spacer_41	virome_phage_2285	95.000	20	1	0	1	20	11787	11768	0.084	30.1
Serratia_GCF_016005395.1_spacer_41	virome_phage_755	81.481	27	5	0	2	28	47266	47240	0.25	28.5
Serratia_GCF_016005395.1_spacer_41	total_phage_733	86.364	22	3	0	4	25	23739	23718	0.76	26.9
Serratia_GCF_016005395.1_spacer_42	virome_phage_754	80.769	26	5	0	5	30	9988	9963	0.76	26.9
Serratia_GCF_016005395.1_spacer_42	virome_phage_68	90.000	20	2	0	8	27	3159	3140	0.76	26.9
Serratia_GCF_016005395.1_spacer_42	virome_phage_2	83.333	24	4	0	7	30	69613	69590	0.76	26.9
