Serratia_GCF_001011075.1_spacer_0	virome_phage_838	85.185	27	4	0	5	31	15778	15752	0.028	31.7
Serratia_GCF_001011075.1_spacer_0	total_phage_790	86.957	23	3	0	6	28	1401	1423	0.25	28.5
Serratia_GCF_001011075.1_spacer_0	virome_phage_802	90.000	20	2	0	6	25	13572	13591	0.76	26.9
Serratia_GCF_001011075.1_spacer_0	virome_phage_772	78.571	28	6	0	5	32	7039	7012	0.76	26.9
Serratia_GCF_001011075.1_spacer_0	virome_phage_766	90.000	20	2	0	2	21	18807	18826	0.76	26.9
Serratia_GCF_001011075.1_spacer_0	virome_phage_2355	90.000	20	2	0	7	26	4361	4380	0.76	26.9
Serratia_GCF_001011075.1_spacer_0	total_phage_95	90.000	20	2	0	9	28	71205	71224	0.76	26.9
Serratia_GCF_001011075.1_spacer_0	total_phage_808	90.000	20	2	0	7	26	14425	14406	0.76	26.9
Serratia_GCF_001011075.1_spacer_1	virome_phage_835	78.571	28	6	0	5	32	26913	26886	0.76	26.9
Serratia_GCF_001011075.1_spacer_1	virome_phage_72	100.000	16	0	0	17	32	35835	35850	0.76	26.9
Serratia_GCF_001011075.1_spacer_1	total_phage_738	83.333	24	4	0	6	29	24670	24647	0.76	26.9
Serratia_GCF_001011075.1_spacer_1	total_phage_114	83.333	24	4	0	6	29	9699	9722	0.76	26.9
Serratia_GCF_001011075.1_spacer_2	virome_phage_2300	93.750	32	2	0	1	32	14111	14080	1.42e-06	46.0
Serratia_GCF_001011075.1_spacer_2	total_phage_297	86.207	29	4	0	4	32	29196	29224	0.003	34.9
Serratia_GCF_001011075.1_spacer_2	virome_phage_87	86.364	22	3	0	6	27	3422	3401	0.76	26.9
Serratia_GCF_001011075.1_spacer_2	virome_phage_811	90.000	20	2	0	5	24	23308	23327	0.76	26.9
Serratia_GCF_001011075.1_spacer_2	virome_phage_71	78.571	28	6	0	1	28	12772	12745	0.76	26.9
Serratia_GCF_001011075.1_spacer_3	virome_phage_2300	96.875	32	1	0	1	32	35017	34986	1.58e-07	49.1
Serratia_GCF_001011075.1_spacer_3	virome_phage_14	86.957	23	3	0	10	32	64605	64583	0.25	28.5
Serratia_GCF_001011075.1_spacer_3	virome_phage_871	94.444	18	1	0	13	30	16212	16229	0.76	26.9
Serratia_GCF_001011075.1_spacer_3	virome_phage_46	86.364	22	3	0	11	32	27625	27604	0.76	26.9
Serratia_GCF_001011075.1_spacer_4	virome_phage_859	81.481	27	5	0	1	27	4489	4463	0.25	28.5
Serratia_GCF_001011075.1_spacer_4	virome_phage_78	90.476	21	2	0	1	21	20591	20571	0.25	28.5
Serratia_GCF_001011075.1_spacer_4	total_phage_788	77.419	31	7	0	1	31	34127	34157	0.25	28.5
Serratia_GCF_001011075.1_spacer_4	total_phage_179	77.419	31	7	0	1	31	8119	8089	0.25	28.5
Serratia_GCF_001011075.1_spacer_4	virome_phage_834	86.364	22	3	0	4	25	28292	28271	0.76	26.9
Serratia_GCF_001011075.1_spacer_4	total_phage_737	90.000	20	2	0	7	26	7276	7295	0.76	26.9
Serratia_GCF_001011075.1_spacer_6	total_phage_92	95.000	20	1	0	1	20	51848	51867	0.10	30.1
Serratia_GCF_001011075.1_spacer_6	virome_phage_734	86.957	23	3	0	12	34	188761	188739	0.31	28.5
Serratia_GCF_001011075.1_spacer_6	virome_phage_798	80.769	26	5	0	9	34	9818	9793	0.94	26.9
Serratia_GCF_001011075.1_spacer_6	virome_phage_1	73.529	34	9	0	1	34	213990	214023	0.94	26.9
Serratia_GCF_001011075.1_spacer_6	total_phage_113	80.769	26	5	0	9	34	44376	44351	0.94	26.9
Serratia_GCF_001011075.1_spacer_7	virome_phage_3	94.444	18	1	0	14	31	153341	153358	0.76	26.9
Serratia_GCF_001011075.1_spacer_8	virome_phage_2346	89.655	29	3	0	4	32	16662	16634	3.46e-04	38.0
Serratia_GCF_001011075.1_spacer_8	virome_phage_2343	77.419	31	7	0	2	32	6409	6379	0.25	28.5
Serratia_GCF_001011075.1_spacer_8	virome_phage_118	77.419	31	7	0	2	32	13271	13241	0.25	28.5
Serratia_GCF_001011075.1_spacer_8	virome_phage_741	86.364	22	3	0	7	28	22168	22189	0.76	26.9
Serratia_GCF_001011075.1_spacer_8	virome_phage_34	80.769	26	5	0	3	28	13865	13890	0.76	26.9
Serratia_GCF_001011075.1_spacer_8	virome_phage_31	100.000	16	0	0	7	22	23859	23844	0.76	26.9
Serratia_GCF_001011075.1_spacer_9	virome_phage_895	79.310	29	6	0	4	32	1316	1344	0.25	28.5
Serratia_GCF_001011075.1_spacer_9	virome_phage_1199	83.333	24	4	0	1	24	6074	6097	0.76	26.9
Serratia_GCF_001011075.1_spacer_9	total_phage_106	90.000	20	2	0	10	29	16364	16383	0.76	26.9
Serratia_GCF_001011075.1_spacer_10	virome_phage_2	79.310	29	6	0	2	30	158075	158103	0.25	28.5
Serratia_GCF_001011075.1_spacer_10	virome_phage_193	83.333	24	4	0	4	27	5447	5470	0.76	26.9
Serratia_GCF_001011075.1_spacer_11	virome_phage_833	100.000	16	0	0	9	24	31713	31728	0.76	26.9
Serratia_GCF_001011075.1_spacer_11	virome_phage_766	100.000	16	0	0	5	20	13131	13146	0.76	26.9
Serratia_GCF_001011075.1_spacer_12	virome_phage_2281	81.250	32	6	0	1	32	43208	43239	0.009	33.3
Serratia_GCF_001011075.1_spacer_12	total_phage_605	87.500	24	3	0	6	29	7363	7340	0.084	30.1
Serratia_GCF_001011075.1_spacer_12	virome_phage_906	86.957	23	3	0	6	28	2117	2139	0.25	28.5
Serratia_GCF_001011075.1_spacer_12	virome_phage_2269	100.000	17	0	0	12	28	282377	282361	0.25	28.5
Serratia_GCF_001011075.1_spacer_12	virome_phage_822	83.333	24	4	0	6	29	20334	20357	0.76	26.9
Serratia_GCF_001011075.1_spacer_13	virome_phage_2296	86.364	22	3	0	7	28	34491	34512	0.76	26.9
Serratia_GCF_001011075.1_spacer_13	virome_phage_19	90.000	20	2	0	12	31	22294	22313	0.76	26.9
Serratia_GCF_001011075.1_spacer_13	total_phage_99	86.364	22	3	0	9	30	28402	28423	0.76	26.9
Serratia_GCF_001011075.1_spacer_13	total_phage_98	90.000	20	2	0	9	28	3785	3766	0.76	26.9
Serratia_GCF_001011075.1_spacer_15	total_phage_298	86.364	22	3	0	11	32	10445	10466	0.76	26.9
Serratia_GCF_001011075.1_spacer_16	virome_phage_997	100.000	16	0	0	16	31	13920	13935	0.76	26.9
Serratia_GCF_001011075.1_spacer_16	virome_phage_779	90.000	20	2	0	13	32	45568	45549	0.76	26.9
Serratia_GCF_001011075.1_spacer_16	total_phage_95	90.000	20	2	0	4	23	46422	46441	0.76	26.9
Serratia_GCF_001011075.1_spacer_17	virome_phage_11	86.957	23	3	0	11	33	26178	26156	0.25	28.5
Serratia_GCF_001011075.1_spacer_18	virome_phage_2912	79.310	29	6	0	1	29	3019	3047	0.25	28.5
Serratia_GCF_001011075.1_spacer_18	virome_phage_812	90.000	20	2	0	1	20	9940	9959	0.76	26.9
Serratia_GCF_001011075.1_spacer_18	total_phage_99	90.000	20	2	0	2	21	15721	15702	0.76	26.9
Serratia_GCF_001011075.1_spacer_18	total_phage_98	90.000	20	2	0	2	21	19302	19321	0.76	26.9
Serratia_GCF_001011075.1_spacer_18	total_phage_930	90.000	20	2	0	2	21	12648	12629	0.76	26.9
Serratia_GCF_001011075.1_spacer_18	total_phage_782	90.000	20	2	0	2	21	17025	17044	0.76	26.9
Serratia_GCF_001011075.1_spacer_19	total_phage_240	94.737	19	1	0	7	25	6748	6730	0.25	28.5
Serratia_GCF_001011075.1_spacer_19	total_phage_105	86.957	23	3	0	9	31	26709	26731	0.25	28.5
Serratia_GCF_001011075.1_spacer_19	virome_phage_780	78.571	28	6	0	3	30	41489	41462	0.76	26.9
Serratia_GCF_001011075.1_spacer_19	virome_phage_57	90.000	20	2	0	12	31	41649	41668	0.76	26.9
Serratia_GCF_001011075.1_spacer_19	virome_phage_2325	80.769	26	5	0	1	26	4295	4270	0.76	26.9
Serratia_GCF_001011075.1_spacer_19	virome_phage_22	86.364	22	3	0	2	23	45884	45863	0.76	26.9
Serratia_GCF_001011075.1_spacer_20	virome_phage_762	86.364	22	3	0	4	25	24964	24943	0.76	26.9
Serratia_GCF_001011075.1_spacer_20	virome_phage_62	86.364	22	3	0	5	26	29756	29735	0.76	26.9
Serratia_GCF_001011075.1_spacer_20	virome_phage_3	90.000	20	2	0	8	27	11931	11912	0.76	26.9
Serratia_GCF_001011075.1_spacer_20	virome_phage_142	80.769	26	5	0	1	26	11904	11929	0.76	26.9
Serratia_GCF_001011075.1_spacer_20	total_phage_927	83.333	24	4	0	3	26	133623	133646	0.76	26.9
Serratia_GCF_001011075.1_spacer_20	total_phage_243	75.000	32	8	0	1	32	6615	6584	0.76	26.9
Serratia_GCF_001011075.1_spacer_21	total_phage_786	90.476	21	2	0	11	31	20700	20720	0.25	28.5
Serratia_GCF_001011075.1_spacer_21	virome_phage_741	90.000	20	2	0	7	26	15306	15325	0.76	26.9
Serratia_GCF_001011075.1_spacer_21	virome_phage_2280	100.000	16	0	0	4	19	45282	45267	0.76	26.9
Serratia_GCF_001011075.1_spacer_21	total_phage_926	80.769	26	5	0	4	29	41862	41887	0.76	26.9
Serratia_GCF_001011075.1_spacer_23	virome_phage_2296	94.444	18	1	0	12	29	2034	2051	0.76	26.9
Serratia_GCF_001011075.1_spacer_23	virome_phage_22	90.000	20	2	0	2	21	26796	26777	0.76	26.9
Serratia_GCF_001011075.1_spacer_25	virome_phage_829	86.364	22	3	0	2	23	31107	31086	0.76	26.9
Serratia_GCF_001011075.1_spacer_25	virome_phage_740	90.000	20	2	0	12	31	88027	88046	0.76	26.9
Serratia_GCF_001011075.1_spacer_25	virome_phage_21	90.000	20	2	0	12	31	62306	62287	0.76	26.9
Serratia_GCF_001011075.1_spacer_26	virome_phage_2300	100.000	32	0	0	1	32	15105	15136	1.76e-08	52.3
Serratia_GCF_001011075.1_spacer_26	virome_phage_66	80.000	30	6	0	3	32	19839	19868	0.084	30.1
Serratia_GCF_001011075.1_spacer_26	virome_phage_10	78.125	32	7	0	1	32	98369	98400	0.084	30.1
Serratia_GCF_001011075.1_spacer_26	total_phage_730	78.125	32	7	0	1	32	87284	87253	0.084	30.1
Serratia_GCF_001011075.1_spacer_26	total_phage_114	78.125	32	7	0	1	32	11995	11964	0.084	30.1
Serratia_GCF_001011075.1_spacer_26	virome_phage_43	84.000	25	4	0	5	29	7796	7820	0.25	28.5
Serratia_GCF_001011075.1_spacer_26	virome_phage_82	83.333	24	4	0	2	25	17056	17079	0.76	26.9
Serratia_GCF_001011075.1_spacer_26	virome_phage_770	100.000	16	0	0	13	28	20177	20162	0.76	26.9
Serratia_GCF_001011075.1_spacer_26	virome_phage_759	83.333	24	4	0	2	25	17763	17740	0.76	26.9
Serratia_GCF_001011075.1_spacer_26	total_phage_927	100.000	16	0	0	6	21	149009	148994	0.76	26.9
Serratia_GCF_001011075.1_spacer_26	total_phage_800	90.000	20	2	0	7	26	23933	23914	0.76	26.9
Serratia_GCF_001011075.1_spacer_26	total_phage_415	90.000	20	2	0	7	26	8140	8159	0.76	26.9
Serratia_GCF_001011075.1_spacer_26	total_phage_299	94.444	18	1	0	4	21	32371	32354	0.76	26.9
Serratia_GCF_001011075.1_spacer_26	total_phage_299	94.444	18	1	0	4	21	33792	33775	0.76	26.9
Serratia_GCF_001011075.1_spacer_26	total_phage_179	94.444	18	1	0	4	21	8971	8988	0.76	26.9
Serratia_GCF_001011075.1_spacer_27	virome_phage_849	78.571	28	6	0	1	28	17792	17765	0.76	26.9
Serratia_GCF_001011075.1_spacer_28	virome_phage_2269	78.571	28	6	0	3	30	63174	63147	0.76	26.9
Serratia_GCF_001011075.1_spacer_29	virome_phage_10	95.000	20	1	0	1	20	62204	62185	0.084	30.1
Serratia_GCF_001011075.1_spacer_29	total_phage_730	95.000	20	1	0	1	20	124524	124543	0.084	30.1
Serratia_GCF_001011075.1_spacer_29	total_phage_413	90.909	22	2	0	4	25	120345	120324	0.084	30.1
Serratia_GCF_001011075.1_spacer_29	virome_phage_33	86.364	22	3	0	11	32	45730	45751	0.76	26.9
Serratia_GCF_001011075.1_spacer_29	virome_phage_2269	100.000	16	0	0	13	28	264366	264351	0.76	26.9
Serratia_GCF_001011075.1_spacer_29	total_phage_791	100.000	16	0	0	1	16	30525	30540	0.76	26.9
Serratia_GCF_001011075.1_spacer_30	virome_phage_96	78.571	28	6	0	2	29	6824	6797	0.76	26.9
Serratia_GCF_001011075.1_spacer_31	total_phage_807	95.000	20	1	0	6	25	11257	11238	0.084	30.1
Serratia_GCF_001011075.1_spacer_31	virome_phage_815	86.957	23	3	0	6	28	10271	10249	0.25	28.5
Serratia_GCF_001011075.1_spacer_31	virome_phage_792	81.481	27	5	0	6	32	40097	40123	0.25	28.5
Serratia_GCF_001011075.1_spacer_31	virome_phage_2239	90.476	21	2	0	5	25	16709	16729	0.25	28.5
Serratia_GCF_001011075.1_spacer_31	total_phage_501	90.476	21	2	0	5	25	10936	10916	0.25	28.5
Serratia_GCF_001011075.1_spacer_31	total_phage_454	90.476	21	2	0	5	25	10735	10755	0.25	28.5
Serratia_GCF_001011075.1_spacer_31	total_phage_111	86.957	23	3	0	6	28	13174	13152	0.25	28.5
Serratia_GCF_001011075.1_spacer_31	total_phage_111	86.957	23	3	0	6	28	53416	53394	0.25	28.5
Serratia_GCF_001011075.1_spacer_31	virome_phage_88	80.769	26	5	0	6	31	12782	12757	0.76	26.9
Serratia_GCF_001011075.1_spacer_31	virome_phage_842	76.667	30	7	0	3	32	30763	30734	0.76	26.9
Serratia_GCF_001011075.1_spacer_31	virome_phage_826	83.333	24	4	0	6	29	5524	5501	0.76	26.9
Serratia_GCF_001011075.1_spacer_31	virome_phage_800	80.769	26	5	0	6	31	11859	11834	0.76	26.9
Serratia_GCF_001011075.1_spacer_31	virome_phage_739	83.333	24	4	0	5	28	80900	80923	0.76	26.9
Serratia_GCF_001011075.1_spacer_31	virome_phage_734	90.000	20	2	0	5	24	299969	299988	0.76	26.9
Serratia_GCF_001011075.1_spacer_31	virome_phage_59	83.333	24	4	0	5	28	20138	20161	0.76	26.9
Serratia_GCF_001011075.1_spacer_31	virome_phage_2319	94.444	18	1	0	7	24	9510	9527	0.76	26.9
Serratia_GCF_001011075.1_spacer_31	virome_phage_2310	86.364	22	3	0	4	25	33075	33096	0.76	26.9
Serratia_GCF_001011075.1_spacer_31	virome_phage_2254	78.571	28	6	0	5	32	88370	88343	0.76	26.9
Serratia_GCF_001011075.1_spacer_31	virome_phage_2238	78.571	28	6	0	5	32	69888	69861	0.76	26.9
Serratia_GCF_001011075.1_spacer_31	virome_phage_1	90.000	20	2	0	13	32	71451	71470	0.76	26.9
Serratia_GCF_001011075.1_spacer_31	virome_phage_1	90.000	20	2	0	7	26	191082	191063	0.76	26.9
Serratia_GCF_001011075.1_spacer_31	total_phage_799	90.000	20	2	0	4	23	22858	22877	0.76	26.9
Serratia_GCF_001011075.1_spacer_31	total_phage_796	80.769	26	5	0	6	31	1926	1951	0.76	26.9
Serratia_GCF_001011075.1_spacer_31	total_phage_734	86.364	22	3	0	10	31	14221	14200	0.76	26.9
Serratia_GCF_001011075.1_spacer_31	total_phage_734	86.364	22	3	0	3	24	33258	33237	0.76	26.9
Serratia_GCF_001011075.1_spacer_31	total_phage_500	78.571	28	6	0	5	32	38069	38096	0.76	26.9
Serratia_GCF_001011075.1_spacer_31	total_phage_294	86.364	22	3	0	11	32	44172	44193	0.76	26.9
Serratia_GCF_001011075.1_spacer_32	virome_phage_2914	84.000	25	4	0	5	29	20133	20157	0.25	28.5
Serratia_GCF_001011075.1_spacer_32	virome_phage_791	80.769	26	5	0	7	32	25912	25887	0.76	26.9
Serratia_GCF_001011075.1_spacer_32	virome_phage_2286	80.769	26	5	0	7	32	14538	14563	0.76	26.9
Serratia_GCF_001011075.1_spacer_32	total_phage_240	76.667	30	7	0	3	32	14336	14365	0.76	26.9
Serratia_GCF_001011075.1_spacer_33	virome_phage_97	86.364	22	3	0	1	22	1919	1898	0.76	26.9
Serratia_GCF_001011075.1_spacer_33	virome_phage_9	90.000	20	2	0	11	30	11112	11093	0.76	26.9
Serratia_GCF_001011075.1_spacer_34	virome_phage_35	81.481	27	5	0	5	31	44432	44406	0.25	28.5
Serratia_GCF_001011075.1_spacer_34	virome_phage_80	78.571	28	6	0	4	31	33977	34004	0.76	26.9
Serratia_GCF_001011075.1_spacer_34	virome_phage_772	94.444	18	1	0	7	24	24543	24526	0.76	26.9
Serratia_GCF_001011075.1_spacer_34	virome_phage_11	86.364	22	3	0	10	31	14447	14468	0.76	26.9
Serratia_GCF_001011075.1_spacer_34	total_phage_790	83.333	24	4	0	8	31	31610	31587	0.76	26.9
Serratia_GCF_001011075.1_spacer_34	total_phage_790	90.000	20	2	0	2	21	93077	93096	0.76	26.9
Serratia_GCF_001011075.1_spacer_34	total_phage_697	86.364	22	3	0	1	22	26963	26942	0.76	26.9
Serratia_GCF_001011075.1_spacer_35	virome_phage_75	82.759	29	5	0	3	31	16088	16116	0.028	31.7
Serratia_GCF_001011075.1_spacer_35	virome_phage_794	94.444	18	1	0	8	25	10479	10462	0.76	26.9
Serratia_GCF_001011075.1_spacer_35	virome_phage_2400	76.667	30	7	0	2	31	13072	13043	0.76	26.9
Serratia_GCF_001011075.1_spacer_35	virome_phage_2282	83.333	24	4	0	4	27	44043	44020	0.76	26.9
Serratia_GCF_001011075.1_spacer_36	virome_phage_77	90.476	21	2	0	9	29	25994	25974	0.25	28.5
Serratia_GCF_001011075.1_spacer_36	virome_phage_818	100.000	16	0	0	15	30	22318	22333	0.76	26.9
Serratia_GCF_001011075.1_spacer_36	virome_phage_73	80.769	26	5	0	5	30	3317	3292	0.76	26.9
Serratia_GCF_001011075.1_spacer_36	virome_phage_25	86.364	22	3	0	7	28	40056	40035	0.76	26.9
Serratia_GCF_001011075.1_spacer_36	total_phage_95	86.364	22	3	0	2	23	20778	20799	0.76	26.9
Serratia_GCF_001011075.1_spacer_36	total_phage_927	86.364	22	3	0	2	23	146667	146646	0.76	26.9
Serratia_GCF_001011075.1_spacer_36	total_phage_783	80.769	26	5	0	2	27	10823	10848	0.76	26.9
Serratia_GCF_001011075.1_spacer_37	virome_phage_51	94.444	18	1	0	12	29	29132	29115	0.76	26.9
Serratia_GCF_001011075.1_spacer_38	virome_phage_761	87.500	24	3	0	3	26	52376	52353	0.084	30.1
Serratia_GCF_001011075.1_spacer_38	virome_phage_75	86.364	22	3	0	6	27	15275	15254	0.76	26.9
Serratia_GCF_001011075.1_spacer_38	virome_phage_2299	90.000	20	2	0	6	25	33388	33407	0.76	26.9
Serratia_GCF_001011075.1_spacer_38	virome_phage_17	83.333	24	4	0	9	32	1381	1404	0.76	26.9
Serratia_GCF_001011075.1_spacer_38	total_phage_371	90.000	20	2	0	9	28	15391	15410	0.76	26.9
Serratia_GCF_001011075.1_spacer_38	total_phage_360	90.000	20	2	0	9	28	15776	15757	0.76	26.9
Serratia_GCF_001011075.1_spacer_39	total_phage_697	78.571	28	6	0	2	29	25756	25729	0.76	26.9
Serratia_GCF_001011075.1_spacer_40	total_phage_95	80.645	31	6	0	2	32	107764	107794	0.028	31.7
Serratia_GCF_001011075.1_spacer_40	virome_phage_2914	84.615	26	4	0	1	26	52	77	0.084	30.1
Serratia_GCF_001011075.1_spacer_40	virome_phage_833	94.737	19	1	0	6	24	29861	29879	0.25	28.5
Serratia_GCF_001011075.1_spacer_40	virome_phage_802	81.481	27	5	0	6	32	1730	1704	0.25	28.5
Serratia_GCF_001011075.1_spacer_40	virome_phage_814	83.333	24	4	0	4	27	10210	10233	0.76	26.9
Serratia_GCF_001011075.1_spacer_40	virome_phage_788	83.333	24	4	0	2	25	7896	7873	0.76	26.9
Serratia_GCF_001011075.1_spacer_40	virome_phage_788	76.667	30	7	0	1	30	34694	34665	0.76	26.9
Serratia_GCF_001011075.1_spacer_40	virome_phage_735	83.333	24	4	0	8	31	63786	63809	0.76	26.9
Serratia_GCF_001011075.1_spacer_40	virome_phage_58	90.000	20	2	0	2	21	11012	11031	0.76	26.9
Serratia_GCF_001011075.1_spacer_41	virome_phage_781	91.304	23	2	0	2	24	5877	5855	0.028	31.7
Serratia_GCF_001011075.1_spacer_41	virome_phage_792	82.143	28	5	0	1	28	26507	26534	0.084	30.1
Serratia_GCF_001011075.1_spacer_41	virome_phage_796	83.333	24	4	0	5	28	19913	19936	0.76	26.9
Serratia_GCF_001011075.1_spacer_41	virome_phage_1063	94.444	18	1	0	2	19	9242	9225	0.76	26.9
Serratia_GCF_001011075.1_spacer_43	virome_phage_2914	84.000	25	4	0	5	29	20133	20157	0.25	28.5
Serratia_GCF_001011075.1_spacer_43	virome_phage_791	80.769	26	5	0	7	32	25912	25887	0.76	26.9
Serratia_GCF_001011075.1_spacer_43	virome_phage_2286	80.769	26	5	0	7	32	14538	14563	0.76	26.9
Serratia_GCF_001011075.1_spacer_43	total_phage_240	76.667	30	7	0	3	32	14336	14365	0.76	26.9
Serratia_GCF_001011075.1_spacer_44	virome_phage_97	86.364	22	3	0	1	22	1919	1898	0.76	26.9
Serratia_GCF_001011075.1_spacer_44	virome_phage_9	90.000	20	2	0	11	30	11112	11093	0.76	26.9
Serratia_GCF_001011075.1_spacer_45	virome_phage_35	81.481	27	5	0	5	31	44432	44406	0.25	28.5
Serratia_GCF_001011075.1_spacer_45	virome_phage_80	78.571	28	6	0	4	31	33977	34004	0.76	26.9
Serratia_GCF_001011075.1_spacer_45	virome_phage_772	94.444	18	1	0	7	24	24543	24526	0.76	26.9
Serratia_GCF_001011075.1_spacer_45	virome_phage_11	86.364	22	3	0	10	31	14447	14468	0.76	26.9
Serratia_GCF_001011075.1_spacer_45	total_phage_790	83.333	24	4	0	8	31	31610	31587	0.76	26.9
Serratia_GCF_001011075.1_spacer_45	total_phage_790	90.000	20	2	0	2	21	93077	93096	0.76	26.9
Serratia_GCF_001011075.1_spacer_45	total_phage_697	86.364	22	3	0	1	22	26963	26942	0.76	26.9
Serratia_GCF_001011075.1_spacer_46	virome_phage_75	82.759	29	5	0	3	31	16088	16116	0.028	31.7
Serratia_GCF_001011075.1_spacer_46	virome_phage_794	94.444	18	1	0	8	25	10479	10462	0.76	26.9
Serratia_GCF_001011075.1_spacer_46	virome_phage_2400	76.667	30	7	0	2	31	13072	13043	0.76	26.9
Serratia_GCF_001011075.1_spacer_46	virome_phage_2282	83.333	24	4	0	4	27	44043	44020	0.76	26.9
Serratia_GCF_001011075.1_spacer_47	virome_phage_77	90.476	21	2	0	9	29	25994	25974	0.25	28.5
Serratia_GCF_001011075.1_spacer_47	virome_phage_818	100.000	16	0	0	15	30	22318	22333	0.76	26.9
Serratia_GCF_001011075.1_spacer_47	virome_phage_73	80.769	26	5	0	5	30	3317	3292	0.76	26.9
Serratia_GCF_001011075.1_spacer_47	virome_phage_25	86.364	22	3	0	7	28	40056	40035	0.76	26.9
Serratia_GCF_001011075.1_spacer_47	total_phage_95	86.364	22	3	0	2	23	20778	20799	0.76	26.9
Serratia_GCF_001011075.1_spacer_47	total_phage_927	86.364	22	3	0	2	23	146667	146646	0.76	26.9
Serratia_GCF_001011075.1_spacer_47	total_phage_783	80.769	26	5	0	2	27	10823	10848	0.76	26.9
Serratia_GCF_001011075.1_spacer_48	virome_phage_51	94.444	18	1	0	12	29	29132	29115	0.76	26.9
Serratia_GCF_001011075.1_spacer_49	virome_phage_761	87.500	24	3	0	3	26	52376	52353	0.084	30.1
Serratia_GCF_001011075.1_spacer_49	virome_phage_75	86.364	22	3	0	6	27	15275	15254	0.76	26.9
Serratia_GCF_001011075.1_spacer_49	virome_phage_2299	90.000	20	2	0	6	25	33388	33407	0.76	26.9
Serratia_GCF_001011075.1_spacer_49	virome_phage_17	83.333	24	4	0	9	32	1381	1404	0.76	26.9
Serratia_GCF_001011075.1_spacer_49	total_phage_371	90.000	20	2	0	9	28	15391	15410	0.76	26.9
Serratia_GCF_001011075.1_spacer_49	total_phage_360	90.000	20	2	0	9	28	15776	15757	0.76	26.9
Serratia_GCF_001011075.1_spacer_50	total_phage_697	78.571	28	6	0	2	29	25756	25729	0.76	26.9
Serratia_GCF_001011075.1_spacer_51	total_phage_95	80.645	31	6	0	2	32	107764	107794	0.028	31.7
Serratia_GCF_001011075.1_spacer_51	virome_phage_2914	84.615	26	4	0	1	26	52	77	0.084	30.1
Serratia_GCF_001011075.1_spacer_51	virome_phage_833	94.737	19	1	0	6	24	29861	29879	0.25	28.5
Serratia_GCF_001011075.1_spacer_51	virome_phage_802	81.481	27	5	0	6	32	1730	1704	0.25	28.5
Serratia_GCF_001011075.1_spacer_51	virome_phage_814	83.333	24	4	0	4	27	10210	10233	0.76	26.9
Serratia_GCF_001011075.1_spacer_51	virome_phage_788	83.333	24	4	0	2	25	7896	7873	0.76	26.9
Serratia_GCF_001011075.1_spacer_51	virome_phage_788	76.667	30	7	0	1	30	34694	34665	0.76	26.9
Serratia_GCF_001011075.1_spacer_51	virome_phage_735	83.333	24	4	0	8	31	63786	63809	0.76	26.9
Serratia_GCF_001011075.1_spacer_51	virome_phage_58	90.000	20	2	0	2	21	11012	11031	0.76	26.9
Serratia_GCF_001011075.1_spacer_52	virome_phage_781	91.304	23	2	0	2	24	5877	5855	0.028	31.7
Serratia_GCF_001011075.1_spacer_52	virome_phage_792	82.143	28	5	0	1	28	26507	26534	0.084	30.1
Serratia_GCF_001011075.1_spacer_52	virome_phage_796	83.333	24	4	0	5	28	19913	19936	0.76	26.9
Serratia_GCF_001011075.1_spacer_52	virome_phage_1063	94.444	18	1	0	2	19	9242	9225	0.76	26.9
Serratia_GCF_001011075.1_spacer_54	virome_phage_2	87.500	24	3	0	7	30	89999	90022	0.084	30.1
Serratia_GCF_001011075.1_spacer_54	virome_phage_2333	90.476	21	2	0	5	25	29336	29356	0.25	28.5
Serratia_GCF_001011075.1_spacer_55	virome_phage_112	88.462	26	3	0	5	30	6493	6518	0.009	33.3
Serratia_GCF_001011075.1_spacer_55	total_phage_298	88.462	26	3	0	5	30	3079	3104	0.009	33.3
Serratia_GCF_001011075.1_spacer_55	virome_phage_2347	85.185	27	4	0	3	29	7098	7124	0.028	31.7
Serratia_GCF_001011075.1_spacer_55	virome_phage_2285	82.759	29	5	0	4	32	31792	31820	0.028	31.7
Serratia_GCF_001011075.1_spacer_55	total_phage_240	84.615	26	4	0	5	30	25288	25263	0.084	30.1
Serratia_GCF_001011075.1_spacer_55	virome_phage_84	90.476	21	2	0	10	30	19440	19460	0.25	28.5
Serratia_GCF_001011075.1_spacer_55	total_phage_95	86.957	23	3	0	9	31	37337	37359	0.25	28.5
Serratia_GCF_001011075.1_spacer_55	virome_phage_63	86.364	22	3	0	4	25	34714	34735	0.76	26.9
Serratia_GCF_001011075.1_spacer_55	virome_phage_3	80.769	26	5	0	6	31	24929	24904	0.76	26.9
Serratia_GCF_001011075.1_spacer_55	total_phage_116	80.769	26	5	0	5	30	20197	20172	0.76	26.9
Serratia_GCF_001011075.1_spacer_56	virome_phage_2235	82.143	28	5	0	3	30	6703	6730	0.084	30.1
Serratia_GCF_001011075.1_spacer_56	virome_phage_24	90.000	20	2	0	4	23	32071	32052	0.76	26.9
Serratia_GCF_001011075.1_spacer_57	virome_phage_864	90.000	20	2	0	13	32	2170	2151	0.76	26.9
Serratia_GCF_001011075.1_spacer_57	virome_phage_2	76.667	30	7	0	3	32	73997	73968	0.76	26.9
Serratia_GCF_001011075.1_spacer_57	virome_phage_15	94.444	18	1	0	11	28	45350	45367	0.76	26.9
Serratia_GCF_001011075.1_spacer_57	total_phage_2	86.364	22	3	0	1	22	18475	18496	0.76	26.9
Serratia_GCF_001011075.1_spacer_58	virome_phage_22	85.714	28	4	0	1	28	24667	24694	0.009	33.3
Serratia_GCF_001011075.1_spacer_58	virome_phage_94	90.909	22	2	0	7	28	30450	30429	0.084	30.1
Serratia_GCF_001011075.1_spacer_58	virome_phage_2328	90.909	22	2	0	11	32	22212	22191	0.084	30.1
Serratia_GCF_001011075.1_spacer_58	virome_phage_23	90.909	22	2	0	11	32	2335	2356	0.084	30.1
Serratia_GCF_001011075.1_spacer_58	virome_phage_23	86.364	22	3	0	11	32	33729	33750	0.76	26.9
Serratia_GCF_001011075.1_spacer_58	virome_phage_75	90.476	21	2	0	1	21	20703	20723	0.25	28.5
Serratia_GCF_001011075.1_spacer_58	virome_phage_55	84.000	25	4	0	3	27	13075	13099	0.25	28.5
Serratia_GCF_001011075.1_spacer_58	virome_phage_48	90.476	21	2	0	1	21	4135	4115	0.25	28.5
Serratia_GCF_001011075.1_spacer_58	total_phage_711	94.737	19	1	0	14	32	711	729	0.25	28.5
Serratia_GCF_001011075.1_spacer_58	total_phage_650	94.737	19	1	0	14	32	734	752	0.25	28.5
Serratia_GCF_001011075.1_spacer_58	total_phage_488	94.737	19	1	0	14	32	2242	2260	0.25	28.5
Serratia_GCF_001011075.1_spacer_58	total_phage_462	94.737	19	1	0	14	32	803	821	0.25	28.5
Serratia_GCF_001011075.1_spacer_58	virome_phage_84	90.000	20	2	0	4	23	34764	34745	0.76	26.9
Serratia_GCF_001011075.1_spacer_58	virome_phage_774	100.000	16	0	0	12	27	7150	7165	0.76	26.9
Serratia_GCF_001011075.1_spacer_58	virome_phage_762	78.571	28	6	0	1	28	40463	40490	0.76	26.9
Serratia_GCF_001011075.1_spacer_58	virome_phage_735	76.667	30	7	0	3	32	79287	79316	0.76	26.9
Serratia_GCF_001011075.1_spacer_58	virome_phage_60	90.000	20	2	0	2	21	35551	35532	0.76	26.9
Serratia_GCF_001011075.1_spacer_58	virome_phage_2914	90.000	20	2	0	12	31	14917	14898	0.76	26.9
Serratia_GCF_001011075.1_spacer_58	virome_phage_24	80.769	26	5	0	1	26	32196	32171	0.76	26.9
Serratia_GCF_001011075.1_spacer_58	total_phage_790	86.364	22	3	0	5	26	27030	27009	0.76	26.9
Serratia_GCF_001011075.1_spacer_59	total_phage_297	90.476	21	2	0	12	32	37660	37680	0.25	28.5
Serratia_GCF_001011075.1_spacer_59	virome_phage_55	94.444	18	1	0	1	18	41032	41015	0.76	26.9
Serratia_GCF_001011075.1_spacer_59	virome_phage_2914	75.000	32	8	0	1	32	16794	16763	0.76	26.9
Serratia_GCF_001011075.1_spacer_59	virome_phage_22	76.667	30	7	0	2	31	32223	32252	0.76	26.9
Serratia_GCF_001011075.1_spacer_59	total_phage_790	100.000	16	0	0	2	17	19044	19059	0.76	26.9
Serratia_GCF_001011075.1_spacer_60	virome_phage_79	84.375	32	5	0	1	32	15249	15280	0.001	36.5
Serratia_GCF_001011075.1_spacer_60	virome_phage_2288	84.375	32	5	0	1	32	16928	16897	0.001	36.5
Serratia_GCF_001011075.1_spacer_60	total_phage_446	84.615	26	4	0	5	30	7906	7931	0.084	30.1
Serratia_GCF_001011075.1_spacer_60	total_phage_239	79.310	29	6	0	2	30	19851	19823	0.25	28.5
Serratia_GCF_001011075.1_spacer_60	virome_phage_799	94.444	18	1	0	12	29	3635	3618	0.76	26.9
Serratia_GCF_001011075.1_spacer_60	virome_phage_26	90.000	20	2	0	6	25	17665	17684	0.76	26.9
Serratia_GCF_001011075.1_spacer_60	virome_phage_2409	86.364	22	3	0	6	27	6659	6638	0.76	26.9
Serratia_GCF_001011075.1_spacer_63	virome_phage_774	90.476	21	2	0	9	29	17474	17494	0.25	28.5
Serratia_GCF_001011075.1_spacer_63	virome_phage_871	78.571	28	6	0	5	32	12174	12147	0.76	26.9
Serratia_GCF_001011075.1_spacer_63	virome_phage_2339	86.364	22	3	0	6	27	16693	16672	0.76	26.9
Serratia_GCF_001011075.1_spacer_63	total_phage_790	94.444	18	1	0	9	26	25535	25518	0.76	26.9
Serratia_GCF_001011075.1_spacer_63	total_phage_100	86.364	22	3	0	6	27	2683	2704	0.76	26.9
Serratia_GCF_001011075.1_spacer_64	virome_phage_846	95.000	20	1	0	9	28	21703	21722	0.084	30.1
Serratia_GCF_001011075.1_spacer_64	virome_phage_2339	95.000	20	1	0	9	28	19773	19792	0.084	30.1
Serratia_GCF_001011075.1_spacer_64	virome_phage_2315	95.000	20	1	0	9	28	19486	19505	0.084	30.1
Serratia_GCF_001011075.1_spacer_64	virome_phage_2300	90.909	22	2	0	9	30	43675	43696	0.084	30.1
Serratia_GCF_001011075.1_spacer_64	total_phage_100	95.000	20	1	0	9	28	36055	36036	0.084	30.1
Serratia_GCF_001011075.1_spacer_64	virome_phage_41	84.000	25	4	0	2	26	36816	36792	0.25	28.5
Serratia_GCF_001011075.1_spacer_64	virome_phage_31	94.737	19	1	0	4	22	27118	27100	0.25	28.5
Serratia_GCF_001011075.1_spacer_64	total_phage_790	86.957	23	3	0	10	32	49528	49506	0.25	28.5
Serratia_GCF_001011075.1_spacer_64	virome_phage_829	94.444	18	1	0	14	31	25923	25906	0.76	26.9
Serratia_GCF_001011075.1_spacer_64	virome_phage_119	94.444	18	1	0	14	31	7850	7833	0.76	26.9
Serratia_GCF_001011075.1_spacer_65	virome_phage_895	81.481	27	5	0	1	27	25637	25611	0.25	28.5
Serratia_GCF_001011075.1_spacer_65	virome_phage_789	86.364	22	3	0	4	25	18139	18118	0.76	26.9
Serratia_GCF_001011075.1_spacer_65	virome_phage_23	86.364	22	3	0	6	27	37268	37289	0.76	26.9
Serratia_GCF_001011075.1_spacer_66	virome_phage_932	83.333	24	4	0	1	24	9046	9023	0.76	26.9
Serratia_GCF_001011075.1_spacer_66	total_phage_293	86.364	22	3	0	4	25	9550	9571	0.76	26.9
Serratia_GCF_001011075.1_spacer_66	total_phage_117	86.364	22	3	0	4	25	8690	8711	0.76	26.9
Serratia_GCF_001011075.1_spacer_67	virome_phage_2300	96.875	32	1	0	1	32	36343	36312	1.58e-07	49.1
Serratia_GCF_001011075.1_spacer_67	virome_phage_814	94.444	18	1	0	9	26	27278	27261	0.76	26.9
Serratia_GCF_001011075.1_spacer_67	virome_phage_772	86.364	22	3	0	1	22	32265	32286	0.76	26.9
Serratia_GCF_001011075.1_spacer_68	total_phage_9	100.000	17	0	0	7	23	6102	6086	0.25	28.5
Serratia_GCF_001011075.1_spacer_68	virome_phage_774	94.444	18	1	0	15	32	23106	23089	0.76	26.9
Serratia_GCF_001011075.1_spacer_68	total_phage_927	83.333	24	4	0	8	31	227737	227760	0.76	26.9
Serratia_GCF_001011075.1_spacer_70	virome_phage_833	80.769	26	5	0	7	32	26001	26026	0.76	26.9
Serratia_GCF_001011075.1_spacer_70	virome_phage_780	94.444	18	1	0	13	30	44163	44146	0.76	26.9
Serratia_GCF_001011075.1_spacer_72	virome_phage_3	84.615	26	4	0	7	32	26686	26661	0.084	30.1
Serratia_GCF_001011075.1_spacer_72	virome_phage_817	78.571	28	6	0	5	32	31727	31700	0.76	26.9
Serratia_GCF_001011075.1_spacer_72	virome_phage_734	86.364	22	3	0	2	23	309893	309872	0.76	26.9
Serratia_GCF_001011075.1_spacer_73	virome_phage_2382	86.957	23	3	0	9	31	14990	15012	0.25	28.5
Serratia_GCF_001011075.1_spacer_73	virome_phage_802	86.364	22	3	0	8	29	2219	2240	0.76	26.9
Serratia_GCF_001011075.1_spacer_73	total_phage_697	100.000	16	0	0	8	23	2609	2594	0.76	26.9
Serratia_GCF_001011075.1_spacer_73	total_phage_364	86.364	22	3	0	6	27	28438	28417	0.76	26.9
Serratia_GCF_001011075.1_spacer_74	virome_phage_1	82.143	28	5	0	1	28	201748	201775	0.084	30.1
Serratia_GCF_001011075.1_spacer_74	virome_phage_5	78.571	28	6	0	1	28	126932	126959	0.76	26.9
Serratia_GCF_001011075.1_spacer_74	virome_phage_2280	90.000	20	2	0	2	21	17752	17771	0.76	26.9
Serratia_GCF_001011075.1_spacer_75	virome_phage_2913	86.207	29	4	0	2	30	29788	29816	0.003	34.9
Serratia_GCF_001011075.1_spacer_75	virome_phage_812	86.364	22	3	0	9	30	25260	25239	0.76	26.9
Serratia_GCF_001011075.1_spacer_75	virome_phage_2325	94.444	18	1	0	6	23	8563	8580	0.76	26.9
Serratia_GCF_001011075.1_spacer_75	virome_phage_2301	86.364	22	3	0	10	31	19526	19547	0.76	26.9
Serratia_GCF_001011075.1_spacer_75	total_phage_92	90.000	20	2	0	6	25	32896	32915	0.76	26.9
Serratia_GCF_001011075.1_spacer_76	virome_phage_38	93.103	29	2	0	1	29	22968	22996	3.84e-05	41.2
Serratia_GCF_001011075.1_spacer_76	total_phage_243	91.304	23	2	0	8	30	21879	21901	0.028	31.7
Serratia_GCF_001011075.1_spacer_76	total_phage_125	91.304	23	2	0	8	30	5980	5958	0.028	31.7
Serratia_GCF_001011075.1_spacer_76	virome_phage_741	94.444	18	1	0	6	23	12056	12073	0.76	26.9
Serratia_GCF_001011075.1_spacer_76	virome_phage_2293	90.000	20	2	0	10	29	36647	36666	0.76	26.9
Serratia_GCF_001011075.1_spacer_77	virome_phage_172	75.000	32	8	0	1	32	10433	10464	0.76	26.9
Serratia_GCF_001011075.1_spacer_77	total_phage_783	75.000	32	8	0	1	32	24219	24188	0.76	26.9
Serratia_GCF_001011075.1_spacer_78	virome_phage_851	80.000	30	6	0	1	30	7452	7481	0.084	30.1
Serratia_GCF_001011075.1_spacer_78	virome_phage_782	94.444	18	1	0	8	25	11829	11812	0.76	26.9
Serratia_GCF_001011075.1_spacer_78	virome_phage_753	94.444	18	1	0	2	19	29473	29490	0.76	26.9
Serratia_GCF_001011075.1_spacer_78	virome_phage_49	94.444	18	1	0	1	18	32449	32432	0.76	26.9
Serratia_GCF_001011075.1_spacer_79	virome_phage_60	84.000	25	4	0	1	25	30524	30548	0.25	28.5
Serratia_GCF_001011075.1_spacer_79	virome_phage_901	80.769	26	5	0	3	28	2817	2842	0.76	26.9
Serratia_GCF_001011075.1_spacer_79	virome_phage_860	86.364	22	3	0	1	22	5118	5097	0.76	26.9
Serratia_GCF_001011075.1_spacer_79	virome_phage_72	80.769	26	5	0	1	26	26926	26951	0.76	26.9
Serratia_GCF_001011075.1_spacer_79	virome_phage_41	83.333	24	4	0	6	29	18830	18853	0.76	26.9
Serratia_GCF_001011075.1_spacer_79	virome_phage_2372	83.333	24	4	0	3	26	16442	16465	0.76	26.9
Serratia_GCF_001011075.1_spacer_79	virome_phage_2	80.769	26	5	0	3	28	167263	167238	0.76	26.9
Serratia_GCF_001011075.1_spacer_80	total_phage_445	86.364	22	3	0	4	25	3941	3962	0.76	26.9
Serratia_GCF_001011075.1_spacer_81	virome_phage_42	94.737	19	1	0	11	29	2535	2553	0.25	28.5
Serratia_GCF_001011075.1_spacer_81	virome_phage_42	86.364	22	3	0	11	32	142	163	0.76	26.9
Serratia_GCF_001011075.1_spacer_81	virome_phage_31	94.737	19	1	0	12	30	50848	50866	0.25	28.5
Serratia_GCF_001011075.1_spacer_81	virome_phage_109	84.000	25	4	0	1	25	1699	1675	0.25	28.5
Serratia_GCF_001011075.1_spacer_81	virome_phage_788	80.769	26	5	0	1	26	7842	7817	0.76	26.9
Serratia_GCF_001011075.1_spacer_81	virome_phage_2282	86.364	22	3	0	1	22	24854	24875	0.76	26.9
Serratia_GCF_001011075.1_spacer_82	virome_phage_2313	90.000	20	2	0	2	21	31924	31905	0.76	26.9
Serratia_GCF_001011075.1_spacer_83	total_phage_303	81.481	27	5	0	1	27	7660	7634	0.25	28.5
Serratia_GCF_001011075.1_spacer_83	total_phage_118	81.481	27	5	0	1	27	7512	7486	0.25	28.5
Serratia_GCF_001011075.1_spacer_83	virome_phage_84	80.769	26	5	0	1	26	15794	15819	0.76	26.9
Serratia_GCF_001011075.1_spacer_83	virome_phage_2333	83.333	24	4	0	8	31	4108	4131	0.76	26.9
Serratia_GCF_001011075.1_spacer_83	total_phage_243	75.000	32	8	0	1	32	11832	11801	0.76	26.9
Serratia_GCF_001011075.1_spacer_83	total_phage_125	75.000	32	8	0	1	32	16011	16042	0.76	26.9
Serratia_GCF_001011075.1_spacer_84	virome_phage_43	90.476	21	2	0	6	26	14758	14778	0.25	28.5
Serratia_GCF_001011075.1_spacer_84	total_phage_243	94.737	19	1	0	9	27	19029	19047	0.25	28.5
Serratia_GCF_001011075.1_spacer_84	total_phage_125	94.737	19	1	0	9	27	8814	8796	0.25	28.5
