Serratia_GCF_003591175.1_spacer_0	virome_phage_856	83.333	24	4	0	1	24	14606	14583	0.76	26.9
Serratia_GCF_003591175.1_spacer_0	virome_phage_759	76.667	30	7	0	1	30	10294	10323	0.76	26.9
Serratia_GCF_003591175.1_spacer_0	virome_phage_60	86.364	22	3	0	7	28	28798	28777	0.76	26.9
Serratia_GCF_003591175.1_spacer_0	virome_phage_11	83.333	24	4	0	8	31	7178	7155	0.76	26.9
Serratia_GCF_003591175.1_spacer_0	total_phage_697	78.571	28	6	0	5	32	8853	8880	0.76	26.9
Serratia_GCF_003591175.1_spacer_1	virome_phage_68	100.000	19	0	0	1	19	9723	9741	0.028	31.7
Serratia_GCF_003591175.1_spacer_1	virome_phage_911	90.909	22	2	0	1	22	18154	18133	0.084	30.1
Serratia_GCF_003591175.1_spacer_1	virome_phage_740	87.500	24	3	0	3	26	4590	4567	0.084	30.1
Serratia_GCF_003591175.1_spacer_1	virome_phage_21	87.500	24	3	0	3	26	31736	31759	0.084	30.1
Serratia_GCF_003591175.1_spacer_1	virome_phage_94	90.000	20	2	0	7	26	7521	7540	0.76	26.9
Serratia_GCF_003591175.1_spacer_1	virome_phage_772	83.333	24	4	0	1	24	15626	15649	0.76	26.9
Serratia_GCF_003591175.1_spacer_1	virome_phage_23	78.571	28	6	0	5	32	12632	12659	0.76	26.9
Serratia_GCF_003591175.1_spacer_2	virome_phage_84	86.957	23	3	0	7	29	1344	1322	0.25	28.5
Serratia_GCF_003591175.1_spacer_3	virome_phage_913	86.364	22	3	0	5	26	14259	14238	0.76	26.9
Serratia_GCF_003591175.1_spacer_4	total_phage_653	80.645	31	6	0	2	32	7270	7300	0.028	31.7
Serratia_GCF_003591175.1_spacer_4	total_phage_807	84.615	26	4	0	3	28	21253	21278	0.084	30.1
Serratia_GCF_003591175.1_spacer_4	virome_phage_778	77.419	31	7	0	2	32	5989	6019	0.25	28.5
Serratia_GCF_003591175.1_spacer_4	virome_phage_2327	77.419	31	7	0	2	32	5528	5498	0.25	28.5
Serratia_GCF_003591175.1_spacer_4	virome_phage_25	100.000	16	0	0	7	22	14562	14577	0.76	26.9
Serratia_GCF_003591175.1_spacer_5	virome_phage_79	94.737	19	1	0	8	26	8480	8462	0.25	28.5
Serratia_GCF_003591175.1_spacer_5	virome_phage_4	86.957	23	3	0	9	31	26469	26447	0.25	28.5
Serratia_GCF_003591175.1_spacer_5	virome_phage_2288	94.737	19	1	0	8	26	23697	23715	0.25	28.5
Serratia_GCF_003591175.1_spacer_5	virome_phage_882	90.000	20	2	0	13	32	20146	20165	0.76	26.9
Serratia_GCF_003591175.1_spacer_5	total_phage_727	76.667	30	7	0	3	32	15944	15973	0.76	26.9
Serratia_GCF_003591175.1_spacer_5	total_phage_518	76.667	30	7	0	3	32	28154	28183	0.76	26.9
Serratia_GCF_003591175.1_spacer_5	total_phage_117	94.444	18	1	0	15	32	20946	20963	0.76	26.9
Serratia_GCF_003591175.1_spacer_5	total_phage_11	90.000	20	2	0	13	32	19373	19392	0.76	26.9
Serratia_GCF_003591175.1_spacer_7	virome_phage_758	83.333	24	4	0	5	28	26820	26843	0.76	26.9
Serratia_GCF_003591175.1_spacer_8	virome_phage_736	80.769	26	5	0	7	32	96213	96188	0.76	26.9
Serratia_GCF_003591175.1_spacer_9	total_phage_798	87.500	24	3	0	1	24	27164	27187	0.084	30.1
Serratia_GCF_003591175.1_spacer_9	total_phage_188	87.500	24	3	0	1	24	34338	34361	0.084	30.1
Serratia_GCF_003591175.1_spacer_9	virome_phage_4	84.000	25	4	0	4	28	69256	69232	0.25	28.5
Serratia_GCF_003591175.1_spacer_9	total_phage_293	86.957	23	3	0	2	24	9257	9235	0.25	28.5
Serratia_GCF_003591175.1_spacer_9	total_phage_233	86.957	23	3	0	4	26	73259	73281	0.25	28.5
Serratia_GCF_003591175.1_spacer_9	virome_phage_884	83.333	24	4	0	3	26	19853	19876	0.76	26.9
Serratia_GCF_003591175.1_spacer_9	virome_phage_860	80.769	26	5	0	3	28	15106	15131	0.76	26.9
Serratia_GCF_003591175.1_spacer_9	virome_phage_738	78.571	28	6	0	3	30	49709	49736	0.76	26.9
Serratia_GCF_003591175.1_spacer_9	virome_phage_738	100.000	16	0	0	15	30	84190	84205	0.76	26.9
Serratia_GCF_003591175.1_spacer_9	virome_phage_1	76.667	30	7	0	1	30	9204	9233	0.76	26.9
Serratia_GCF_003591175.1_spacer_9	total_phage_92	86.364	22	3	0	1	22	98859	98838	0.76	26.9
Serratia_GCF_003591175.1_spacer_9	total_phage_738	90.000	20	2	0	1	20	27333	27314	0.76	26.9
Serratia_GCF_003591175.1_spacer_9	total_phage_730	100.000	16	0	0	15	30	55176	55191	0.76	26.9
Serratia_GCF_003591175.1_spacer_9	total_phage_664	90.000	20	2	0	1	20	12050	12069	0.76	26.9
Serratia_GCF_003591175.1_spacer_10	virome_phage_2	90.000	20	2	0	12	31	104239	104258	0.76	26.9
Serratia_GCF_003591175.1_spacer_10	total_phage_105	90.000	20	2	0	2	21	2077	2058	0.76	26.9
Serratia_GCF_003591175.1_spacer_11	virome_phage_860	83.333	24	4	0	5	28	15102	15079	0.76	26.9
Serratia_GCF_003591175.1_spacer_11	virome_phage_736	76.667	30	7	0	1	30	27597	27568	0.76	26.9
Serratia_GCF_003591175.1_spacer_11	total_phage_116	86.364	22	3	0	1	22	11043	11064	0.76	26.9
Serratia_GCF_003591175.1_spacer_12	virome_phage_43	94.737	19	1	0	4	22	20090	20072	0.25	28.5
Serratia_GCF_003591175.1_spacer_13	virome_phage_773	78.571	28	6	0	1	28	28191	28164	0.76	26.9
Serratia_GCF_003591175.1_spacer_14	total_phage_92	84.615	26	4	0	7	32	24494	24469	0.084	30.1
Serratia_GCF_003591175.1_spacer_14	virome_phage_2270	94.444	18	1	0	3	20	12611	12594	0.76	26.9
Serratia_GCF_003591175.1_spacer_15	virome_phage_955	100.000	16	0	0	2	17	880	895	0.76	26.9
Serratia_GCF_003591175.1_spacer_15	virome_phage_2388	100.000	16	0	0	2	17	1083	1098	0.76	26.9
Serratia_GCF_003591175.1_spacer_16	total_phage_306	84.615	26	4	0	3	28	8891	8916	0.084	30.1
Serratia_GCF_003591175.1_spacer_16	virome_phage_833	81.481	27	5	0	4	30	5557	5583	0.25	28.5
Serratia_GCF_003591175.1_spacer_16	virome_phage_867	86.364	22	3	0	3	24	17013	17034	0.76	26.9
Serratia_GCF_003591175.1_spacer_16	virome_phage_854	90.000	20	2	0	12	31	29201	29220	0.76	26.9
Serratia_GCF_003591175.1_spacer_16	virome_phage_736	76.667	30	7	0	3	32	32319	32290	0.76	26.9
Serratia_GCF_003591175.1_spacer_17	total_phage_739	81.481	27	5	0	3	29	22890	22864	0.25	28.5
Serratia_GCF_003591175.1_spacer_17	total_phage_605	84.000	25	4	0	2	26	804	828	0.25	28.5
Serratia_GCF_003591175.1_spacer_17	virome_phage_778	83.333	24	4	0	4	27	43174	43197	0.76	26.9
Serratia_GCF_003591175.1_spacer_17	virome_phage_771	80.769	26	5	0	3	28	10008	10033	0.76	26.9
Serratia_GCF_003591175.1_spacer_17	virome_phage_4	83.333	24	4	0	4	27	36101	36124	0.76	26.9
Serratia_GCF_003591175.1_spacer_17	virome_phage_2292	90.000	20	2	0	8	27	44782	44801	0.76	26.9
Serratia_GCF_003591175.1_spacer_17	total_phage_737	83.333	24	4	0	4	27	614	591	0.76	26.9
Serratia_GCF_003591175.1_spacer_17	total_phage_737	83.333	24	4	0	6	29	23719	23696	0.76	26.9
Serratia_GCF_003591175.1_spacer_18	virome_phage_97	80.769	26	5	0	1	26	28111	28086	0.76	26.9
Serratia_GCF_003591175.1_spacer_18	virome_phage_867	80.769	26	5	0	2	27	29587	29562	0.76	26.9
Serratia_GCF_003591175.1_spacer_18	virome_phage_758	90.000	20	2	0	2	21	7975	7956	0.76	26.9
Serratia_GCF_003591175.1_spacer_18	virome_phage_2	76.667	30	7	0	3	32	20557	20586	0.76	26.9
Serratia_GCF_003591175.1_spacer_18	total_phage_92	83.333	24	4	0	1	24	32189	32166	0.76	26.9
Serratia_GCF_003591175.1_spacer_19	virome_phage_759	90.476	21	2	0	1	21	56600	56580	0.25	28.5
Serratia_GCF_003591175.1_spacer_19	total_phage_788	84.000	25	4	0	3	27	30870	30894	0.25	28.5
Serratia_GCF_003591175.1_spacer_19	total_phage_179	84.000	25	4	0	3	27	11553	11529	0.25	28.5
Serratia_GCF_003591175.1_spacer_21	virome_phage_2	95.000	20	1	0	13	32	52647	52666	0.084	30.1
Serratia_GCF_003591175.1_spacer_21	virome_phage_837	81.481	27	5	0	6	32	22123	22149	0.25	28.5
Serratia_GCF_003591175.1_spacer_21	virome_phage_2400	90.476	21	2	0	5	25	6601	6581	0.25	28.5
Serratia_GCF_003591175.1_spacer_21	virome_phage_2319	81.481	27	5	0	6	32	19332	19358	0.25	28.5
Serratia_GCF_003591175.1_spacer_21	virome_phage_155	84.000	25	4	0	3	27	2999	2975	0.25	28.5
Serratia_GCF_003591175.1_spacer_21	virome_phage_153	84.000	25	4	0	3	27	2898	2874	0.25	28.5
Serratia_GCF_003591175.1_spacer_21	virome_phage_123	81.481	27	5	0	6	32	23092	23118	0.25	28.5
Serratia_GCF_003591175.1_spacer_21	total_phage_806	84.000	25	4	0	7	31	6150	6126	0.25	28.5
Serratia_GCF_003591175.1_spacer_21	total_phage_790	84.000	25	4	0	4	28	88794	88770	0.25	28.5
Serratia_GCF_003591175.1_spacer_21	virome_phage_871	86.364	22	3	0	6	27	10940	10919	0.76	26.9
Serratia_GCF_003591175.1_spacer_21	virome_phage_846	90.000	20	2	0	7	26	8801	8820	0.76	26.9
Serratia_GCF_003591175.1_spacer_21	virome_phage_799	86.364	22	3	0	5	26	3329	3308	0.76	26.9
Serratia_GCF_003591175.1_spacer_21	total_phage_697	86.364	22	3	0	3	24	1892	1913	0.76	26.9
Serratia_GCF_003591175.1_spacer_21	total_phage_175	86.364	22	3	0	7	28	24478	24457	0.76	26.9
Serratia_GCF_003591175.1_spacer_22	virome_phage_71	91.667	24	2	0	2	25	17355	17378	0.009	33.3
Serratia_GCF_003591175.1_spacer_22	virome_phage_2355	84.000	25	4	0	7	31	10288	10312	0.25	28.5
Serratia_GCF_003591175.1_spacer_22	virome_phage_2347	84.000	25	4	0	7	31	16977	16953	0.25	28.5
Serratia_GCF_003591175.1_spacer_22	virome_phage_107	84.000	25	4	0	7	31	24449	24425	0.25	28.5
Serratia_GCF_003591175.1_spacer_22	total_phage_808	84.000	25	4	0	7	31	8498	8474	0.25	28.5
Serratia_GCF_003591175.1_spacer_22	virome_phage_796	76.667	30	7	0	1	30	30388	30417	0.76	26.9
Serratia_GCF_003591175.1_spacer_22	total_phage_790	83.333	24	4	0	4	27	45608	45631	0.76	26.9
Serratia_GCF_003591175.1_spacer_23	virome_phage_870	94.444	18	1	0	10	27	26285	26302	0.76	26.9
Serratia_GCF_003591175.1_spacer_23	virome_phage_829	83.333	24	4	0	3	26	25141	25164	0.76	26.9
Serratia_GCF_003591175.1_spacer_24	virome_phage_68	89.286	28	3	0	5	32	6952	6925	0.001	36.5
Serratia_GCF_003591175.1_spacer_24	virome_phage_847	78.571	28	6	0	2	29	22112	22085	0.76	26.9
Serratia_GCF_003591175.1_spacer_24	virome_phage_755	90.000	20	2	0	2	21	56206	56187	0.76	26.9
Serratia_GCF_003591175.1_spacer_24	virome_phage_755	80.769	26	5	0	3	28	58273	58248	0.76	26.9
Serratia_GCF_003591175.1_spacer_24	virome_phage_740	80.769	26	5	0	3	28	36633	36608	0.76	26.9
Serratia_GCF_003591175.1_spacer_24	virome_phage_21	80.769	26	5	0	3	28	26	51	0.76	26.9
Serratia_GCF_003591175.1_spacer_24	total_phage_104	83.333	24	4	0	9	32	18737	18714	0.76	26.9
Serratia_GCF_003591175.1_spacer_25	total_phage_512	87.500	24	3	0	1	24	3634	3657	0.084	30.1
Serratia_GCF_003591175.1_spacer_25	virome_phage_851	83.333	24	4	0	9	32	20151	20174	0.76	26.9
Serratia_GCF_003591175.1_spacer_25	virome_phage_41	90.000	20	2	0	11	30	29426	29407	0.76	26.9
Serratia_GCF_003591175.1_spacer_25	virome_phage_2333	83.333	24	4	0	1	24	30235	30258	0.76	26.9
Serratia_GCF_003591175.1_spacer_25	total_phage_5	90.000	20	2	0	5	24	22577	22596	0.76	26.9
Serratia_GCF_003591175.1_spacer_26	virome_phage_34	79.310	29	6	0	1	29	19100	19128	0.25	28.5
Serratia_GCF_003591175.1_spacer_26	virome_phage_2300	79.310	29	6	0	3	31	10621	10593	0.25	28.5
Serratia_GCF_003591175.1_spacer_26	virome_phage_2269	94.444	18	1	0	13	30	47090	47073	0.76	26.9
Serratia_GCF_003591175.1_spacer_26	total_phage_413	80.769	26	5	0	3	28	12100	12125	0.76	26.9
Serratia_GCF_003591175.1_spacer_26	total_phage_413	76.667	30	7	0	1	30	80383	80412	0.76	26.9
Serratia_GCF_003591175.1_spacer_27	virome_phage_2300	81.250	32	6	0	1	32	11976	11945	0.009	33.3
Serratia_GCF_003591175.1_spacer_27	virome_phage_806	86.364	22	3	0	3	24	15350	15371	0.76	26.9
Serratia_GCF_003591175.1_spacer_27	virome_phage_743	90.000	20	2	0	5	24	70587	70568	0.76	26.9
Serratia_GCF_003591175.1_spacer_28	virome_phage_755	80.645	31	6	0	1	31	39486	39516	0.028	31.7
Serratia_GCF_003591175.1_spacer_28	virome_phage_2281	86.364	22	3	0	8	29	36769	36748	0.76	26.9
Serratia_GCF_003591175.1_spacer_29	virome_phage_745	90.000	20	2	0	8	27	16689	16670	0.76	26.9
Serratia_GCF_003591175.1_spacer_29	virome_phage_739	90.000	20	2	0	2	21	50714	50733	0.76	26.9
Serratia_GCF_003591175.1_spacer_29	virome_phage_738	78.571	28	6	0	1	28	122275	122302	0.76	26.9
Serratia_GCF_003591175.1_spacer_29	virome_phage_4	78.571	28	6	0	1	28	119956	119929	0.76	26.9
Serratia_GCF_003591175.1_spacer_29	virome_phage_3	80.769	26	5	0	3	28	153216	153241	0.76	26.9
Serratia_GCF_003591175.1_spacer_29	total_phage_8	78.571	28	6	0	1	28	11461	11434	0.76	26.9
Serratia_GCF_003591175.1_spacer_30	virome_phage_26	90.909	22	2	0	10	31	6514	6493	0.084	30.1
Serratia_GCF_003591175.1_spacer_30	virome_phage_72	81.481	27	5	0	5	31	23720	23694	0.25	28.5
Serratia_GCF_003591175.1_spacer_30	virome_phage_844	86.364	22	3	0	4	25	26471	26492	0.76	26.9
Serratia_GCF_003591175.1_spacer_31	virome_phage_2327	87.500	24	3	0	4	27	20636	20613	0.084	30.1
Serratia_GCF_003591175.1_spacer_31	virome_phage_794	84.000	25	4	0	2	26	3478	3454	0.25	28.5
Serratia_GCF_003591175.1_spacer_31	virome_phage_765	86.364	22	3	0	8	29	14784	14763	0.76	26.9
Serratia_GCF_003591175.1_spacer_32	virome_phage_764	90.000	20	2	0	7	26	5418	5399	0.76	26.9
Serratia_GCF_003591175.1_spacer_32	virome_phage_747	100.000	16	0	0	5	20	30936	30921	0.76	26.9
Serratia_GCF_003591175.1_spacer_32	virome_phage_12	86.364	22	3	0	11	32	2380	2359	0.76	26.9
Serratia_GCF_003591175.1_spacer_33	virome_phage_21	94.444	18	1	0	14	31	34764	34747	0.76	26.9
Serratia_GCF_003591175.1_spacer_33	total_phage_930	83.333	24	4	0	1	24	24392	24369	0.76	26.9
Serratia_GCF_003591175.1_spacer_34	virome_phage_802	90.000	20	2	0	11	30	33921	33940	0.76	26.9
Serratia_GCF_003591175.1_spacer_34	virome_phage_799	78.571	28	6	0	4	31	22147	22120	0.76	26.9
Serratia_GCF_003591175.1_spacer_35	virome_phage_2270	80.000	30	6	0	3	32	128023	127994	0.084	30.1
Serratia_GCF_003591175.1_spacer_35	virome_phage_736	90.476	21	2	0	12	32	63026	63006	0.25	28.5
Serratia_GCF_003591175.1_spacer_37	total_phage_187	100.000	17	0	0	3	19	39585	39601	0.25	28.5
Serratia_GCF_003591175.1_spacer_37	virome_phage_754	80.769	26	5	0	6	31	31859	31834	0.76	26.9
Serratia_GCF_003591175.1_spacer_37	virome_phage_734	83.333	24	4	0	3	26	335729	335752	0.76	26.9
Serratia_GCF_003591175.1_spacer_38	virome_phage_860	86.957	23	3	0	9	31	10765	10743	0.25	28.5
Serratia_GCF_003591175.1_spacer_38	virome_phage_788	94.737	19	1	0	1	19	32674	32692	0.25	28.5
Serratia_GCF_003591175.1_spacer_38	virome_phage_61	90.476	21	2	0	7	27	30391	30371	0.25	28.5
Serratia_GCF_003591175.1_spacer_38	total_phage_453	86.957	23	3	0	4	26	2895	2873	0.25	28.5
Serratia_GCF_003591175.1_spacer_38	virome_phage_808	83.333	24	4	0	4	27	38630	38653	0.76	26.9
Serratia_GCF_003591175.1_spacer_38	virome_phage_80	83.333	24	4	0	3	26	15755	15732	0.76	26.9
Serratia_GCF_003591175.1_spacer_38	virome_phage_786	80.769	26	5	0	1	26	34514	34489	0.76	26.9
Serratia_GCF_003591175.1_spacer_38	total_phage_790	100.000	16	0	0	1	16	15992	15977	0.76	26.9
Serratia_GCF_003591175.1_spacer_39	virome_phage_86	90.000	20	2	0	11	30	35286	35305	0.76	26.9
Serratia_GCF_003591175.1_spacer_39	virome_phage_752	90.000	20	2	0	11	30	47565	47584	0.76	26.9
Serratia_GCF_003591175.1_spacer_40	virome_phage_822	86.364	22	3	0	11	32	22344	22365	0.76	26.9
Serratia_GCF_003591175.1_spacer_40	virome_phage_813	76.667	30	7	0	3	32	33116	33145	0.76	26.9
Serratia_GCF_003591175.1_spacer_40	virome_phage_2356	86.364	22	3	0	11	32	2346	2325	0.76	26.9
Serratia_GCF_003591175.1_spacer_40	virome_phage_2281	86.364	22	3	0	1	22	36622	36601	0.76	26.9
Serratia_GCF_003591175.1_spacer_41	virome_phage_803	90.000	20	2	0	6	25	23167	23186	0.76	26.9
Serratia_GCF_003591175.1_spacer_41	virome_phage_784	83.333	24	4	0	5	28	1206	1229	0.76	26.9
Serratia_GCF_003591175.1_spacer_41	virome_phage_68	83.333	24	4	0	6	29	14867	14844	0.76	26.9
Serratia_GCF_003591175.1_spacer_43	virome_phage_741	95.000	20	1	0	13	32	52280	52299	0.084	30.1
Serratia_GCF_003591175.1_spacer_43	virome_phage_2270	79.310	29	6	0	4	32	127007	127035	0.25	28.5
Serratia_GCF_003591175.1_spacer_43	virome_phage_748	83.333	24	4	0	3	26	1153	1130	0.76	26.9
Serratia_GCF_003591175.1_spacer_43	total_phage_929	90.000	20	2	0	6	25	7119	7138	0.76	26.9
Serratia_GCF_003591175.1_spacer_43	total_phage_729	94.444	18	1	0	7	24	89742	89725	0.76	26.9
Serratia_GCF_003591175.1_spacer_45	virome_phage_2270	83.333	24	4	0	3	26	21935	21912	0.76	26.9
Serratia_GCF_003591175.1_spacer_46	virome_phage_41	100.000	16	0	0	15	30	6809	6794	0.76	26.9
Serratia_GCF_003591175.1_spacer_46	virome_phage_2313	90.000	20	2	0	6	25	18068	18087	0.76	26.9
Serratia_GCF_003591175.1_spacer_50	virome_phage_735	94.444	18	1	0	15	32	130295	130278	0.76	26.9
Serratia_GCF_003591175.1_spacer_50	virome_phage_2270	90.000	20	2	0	5	24	74971	74952	0.76	26.9
Serratia_GCF_003591175.1_spacer_51	virome_phage_882	90.476	21	2	0	12	32	8791	8771	0.25	28.5
Serratia_GCF_003591175.1_spacer_51	total_phage_518	75.000	32	8	0	1	32	3648	3617	0.76	26.9
Serratia_GCF_003591175.1_spacer_52	virome_phage_51	78.125	32	7	0	1	32	6310	6341	0.084	30.1
Serratia_GCF_003591175.1_spacer_52	virome_phage_51	84.000	25	4	0	5	29	21547	21571	0.25	28.5
Serratia_GCF_003591175.1_spacer_52	virome_phage_839	84.000	25	4	0	8	32	5750	5774	0.25	28.5
Serratia_GCF_003591175.1_spacer_52	virome_phage_2269	84.000	25	4	0	6	30	81616	81640	0.25	28.5
Serratia_GCF_003591175.1_spacer_52	virome_phage_52	76.667	30	7	0	3	32	29242	29271	0.76	26.9
Serratia_GCF_003591175.1_spacer_54	virome_phage_790	78.571	28	6	0	3	30	5817	5790	0.76	26.9
Serratia_GCF_003591175.1_spacer_54	virome_phage_2400	100.000	16	0	0	14	29	10599	10584	0.76	26.9
Serratia_GCF_003591175.1_spacer_54	virome_phage_158	100.000	16	0	0	14	29	8113	8128	0.76	26.9
Serratia_GCF_003591175.1_spacer_54	virome_phage_1061	100.000	16	0	0	14	29	11093	11078	0.76	26.9
Serratia_GCF_003591175.1_spacer_55	virome_phage_9	86.957	23	3	0	7	29	37198	37220	0.25	28.5
Serratia_GCF_003591175.1_spacer_55	virome_phage_2300	79.310	29	6	0	2	30	9465	9493	0.25	28.5
Serratia_GCF_003591175.1_spacer_55	virome_phage_864	94.444	18	1	0	14	31	17188	17171	0.76	26.9
Serratia_GCF_003591175.1_spacer_55	virome_phage_83	83.333	24	4	0	1	24	5386	5363	0.76	26.9
Serratia_GCF_003591175.1_spacer_55	virome_phage_789	83.333	24	4	0	7	30	27119	27142	0.76	26.9
Serratia_GCF_003591175.1_spacer_55	virome_phage_750	80.769	26	5	0	3	28	39766	39791	0.76	26.9
Serratia_GCF_003591175.1_spacer_55	virome_phage_2323	86.364	22	3	0	7	28	4539	4560	0.76	26.9
Serratia_GCF_003591175.1_spacer_55	virome_phage_2312	90.000	20	2	0	8	27	1704	1723	0.76	26.9
Serratia_GCF_003591175.1_spacer_55	total_phage_95	76.667	30	7	0	1	30	43778	43807	0.76	26.9
Serratia_GCF_003591175.1_spacer_55	total_phage_925	83.333	24	4	0	1	24	17950	17973	0.76	26.9
