Serratia_GCA_016404725.1_spacer_0	virome_phage_754	80.769	26	5	0	3	28	9963	9988	0.76	26.9
Serratia_GCA_016404725.1_spacer_0	virome_phage_68	90.000	20	2	0	6	25	3140	3159	0.76	26.9
Serratia_GCA_016404725.1_spacer_0	virome_phage_2	83.333	24	4	0	3	26	69590	69613	0.76	26.9
Serratia_GCA_016404725.1_spacer_1	virome_phage_779	90.000	20	2	0	8	27	24936	24917	0.76	26.9
Serratia_GCA_016404725.1_spacer_2	virome_phage_26	94.737	19	1	0	6	24	50510	50492	0.25	28.5
Serratia_GCA_016404725.1_spacer_2	virome_phage_866	90.000	20	2	0	8	27	4461	4480	0.76	26.9
Serratia_GCA_016404725.1_spacer_4	virome_phage_812	83.333	24	4	0	6	29	5105	5082	0.76	26.9
Serratia_GCA_016404725.1_spacer_4	virome_phage_78	83.333	24	4	0	9	32	13929	13906	0.76	26.9
Serratia_GCA_016404725.1_spacer_4	virome_phage_2324	86.364	22	3	0	7	28	8469	8448	0.76	26.9
Serratia_GCA_016404725.1_spacer_4	virome_phage_155	90.000	20	2	0	11	30	1155	1136	0.76	26.9
Serratia_GCA_016404725.1_spacer_4	virome_phage_153	90.000	20	2	0	11	30	1053	1034	0.76	26.9
Serratia_GCA_016404725.1_spacer_5	virome_phage_38	93.103	29	2	0	4	32	22996	22968	3.84e-05	41.2
Serratia_GCA_016404725.1_spacer_5	total_phage_243	91.304	23	2	0	3	25	21901	21879	0.028	31.7
Serratia_GCA_016404725.1_spacer_5	total_phage_125	91.304	23	2	0	3	25	5958	5980	0.028	31.7
Serratia_GCA_016404725.1_spacer_5	virome_phage_741	94.444	18	1	0	10	27	12073	12056	0.76	26.9
Serratia_GCA_016404725.1_spacer_5	virome_phage_2293	90.000	20	2	0	4	23	36666	36647	0.76	26.9
Serratia_GCA_016404725.1_spacer_6	virome_phage_2913	82.759	29	5	0	3	31	29816	29788	0.028	31.7
Serratia_GCA_016404725.1_spacer_6	virome_phage_831	86.364	22	3	0	1	22	28820	28841	0.76	26.9
Serratia_GCA_016404725.1_spacer_6	virome_phage_2291	86.364	22	3	0	2	23	37926	37947	0.76	26.9
Serratia_GCA_016404725.1_spacer_6	virome_phage_2274	86.364	22	3	0	1	22	66789	66810	0.76	26.9
Serratia_GCA_016404725.1_spacer_7	virome_phage_876	86.364	22	3	0	5	26	8734	8755	0.76	26.9
Serratia_GCA_016404725.1_spacer_7	virome_phage_844	90.000	20	2	0	9	28	27655	27636	0.76	26.9
Serratia_GCA_016404725.1_spacer_7	virome_phage_736	80.769	26	5	0	6	31	157292	157267	0.76	26.9
Serratia_GCA_016404725.1_spacer_7	total_phage_795	80.769	26	5	0	3	28	35575	35600	0.76	26.9
Serratia_GCA_016404725.1_spacer_7	total_phage_666	86.364	22	3	0	6	27	3587	3566	0.76	26.9
Serratia_GCA_016404725.1_spacer_7	total_phage_639	86.364	22	3	0	6	27	20434	20455	0.76	26.9
Serratia_GCA_016404725.1_spacer_8	virome_phage_2385	96.875	32	1	0	1	32	16044	16013	1.58e-07	49.1
Serratia_GCA_016404725.1_spacer_8	virome_phage_2912	86.364	22	3	0	11	32	34431	34410	0.76	26.9
Serratia_GCA_016404725.1_spacer_8	virome_phage_116	83.333	24	4	0	2	25	7480	7503	0.76	26.9
Serratia_GCA_016404725.1_spacer_9	virome_phage_780	86.957	23	3	0	10	32	37495	37517	0.25	28.5
Serratia_GCA_016404725.1_spacer_9	virome_phage_774	90.000	20	2	0	11	30	31476	31457	0.76	26.9
Serratia_GCA_016404725.1_spacer_9	virome_phage_32	94.444	18	1	0	14	31	37649	37632	0.76	26.9
Serratia_GCA_016404725.1_spacer_11	total_phage_252	90.000	20	2	0	8	27	16551	16570	0.76	26.9
Serratia_GCA_016404725.1_spacer_12	virome_phage_2372	77.419	31	7	0	2	32	11566	11536	0.25	28.5
Serratia_GCA_016404725.1_spacer_12	total_phage_231	79.310	29	6	0	2	30	59564	59536	0.25	28.5
Serratia_GCA_016404725.1_spacer_12	virome_phage_760	80.769	26	5	0	6	31	54736	54711	0.76	26.9
Serratia_GCA_016404725.1_spacer_12	virome_phage_1004	86.364	22	3	0	11	32	6398	6419	0.76	26.9
Serratia_GCA_016404725.1_spacer_13	virome_phage_45	86.364	22	3	0	2	23	20384	20405	0.76	26.9
Serratia_GCA_016404725.1_spacer_14	virome_phage_2385	96.875	32	1	0	1	32	12297	12266	1.58e-07	49.1
Serratia_GCA_016404725.1_spacer_15	virome_phage_8	90.000	20	2	0	11	30	36768	36749	0.76	26.9
Serratia_GCA_016404725.1_spacer_15	virome_phage_739	94.444	18	1	0	15	32	45590	45573	0.76	26.9
Serratia_GCA_016404725.1_spacer_15	total_phage_663	90.000	20	2	0	12	31	16196	16215	0.76	26.9
Serratia_GCA_016404725.1_spacer_15	total_phage_637	90.000	20	2	0	12	31	12930	12949	0.76	26.9
Serratia_GCA_016404725.1_spacer_17	virome_phage_43	86.957	23	3	0	1	23	34304	34326	0.25	28.5
Serratia_GCA_016404725.1_spacer_18	virome_phage_2914	87.500	32	4	0	1	32	14797	14828	1.15e-04	39.6
Serratia_GCA_016404725.1_spacer_18	virome_phage_820	78.571	28	6	0	4	31	8014	8041	0.76	26.9
Serratia_GCA_016404725.1_spacer_19	virome_phage_885	95.455	22	1	0	3	24	20764	20785	0.009	33.3
Serratia_GCA_016404725.1_spacer_19	virome_phage_750	95.455	22	1	0	3	24	5600	5579	0.009	33.3
Serratia_GCA_016404725.1_spacer_19	virome_phage_2308	95.455	22	1	0	3	24	35661	35682	0.009	33.3
Serratia_GCA_016404725.1_spacer_19	total_phage_187	95.455	22	1	0	3	24	2711	2690	0.009	33.3
Serratia_GCA_016404725.1_spacer_19	total_phage_187	100.000	18	0	0	3	20	39269	39252	0.084	30.1
Serratia_GCA_016404725.1_spacer_19	virome_phage_749	95.000	20	1	0	4	23	38799	38818	0.084	30.1
Serratia_GCA_016404725.1_spacer_19	virome_phage_900	94.737	19	1	0	12	30	1549	1531	0.25	28.5
Serratia_GCA_016404725.1_spacer_19	virome_phage_2278	84.000	25	4	0	2	26	14230	14206	0.25	28.5
Serratia_GCA_016404725.1_spacer_19	virome_phage_895	83.333	24	4	0	4	27	22956	22979	0.76	26.9
Serratia_GCA_016404725.1_spacer_19	virome_phage_741	80.769	26	5	0	7	32	60927	60902	0.76	26.9
Serratia_GCA_016404725.1_spacer_19	virome_phage_60	94.444	18	1	0	13	30	9737	9754	0.76	26.9
Serratia_GCA_016404725.1_spacer_19	virome_phage_60	90.000	20	2	0	7	26	24888	24869	0.76	26.9
Serratia_GCA_016404725.1_spacer_19	virome_phage_2282	80.769	26	5	0	7	32	8089	8114	0.76	26.9
Serratia_GCA_016404725.1_spacer_19	total_phage_934	78.571	28	6	0	2	29	24079	24052	0.76	26.9
Serratia_GCA_016404725.1_spacer_19	total_phage_437	90.000	20	2	0	2	21	25117	25098	0.76	26.9
Serratia_GCA_016404725.1_spacer_20	virome_phage_751	84.000	25	4	0	6	30	32924	32948	0.25	28.5
Serratia_GCA_016404725.1_spacer_20	virome_phage_852	90.000	20	2	0	12	31	4874	4855	0.76	26.9
Serratia_GCA_016404725.1_spacer_20	virome_phage_8	80.769	26	5	0	2	27	122655	122630	0.76	26.9
Serratia_GCA_016404725.1_spacer_20	virome_phage_2281	86.364	22	3	0	2	23	21331	21352	0.76	26.9
Serratia_GCA_016404725.1_spacer_20	total_phage_231	76.667	30	7	0	3	32	69311	69340	0.76	26.9
Serratia_GCA_016404725.1_spacer_21	virome_phage_71	87.500	24	3	0	7	30	15879	15856	0.084	30.1
Serratia_GCA_016404725.1_spacer_21	virome_phage_793	90.000	20	2	0	4	23	18111	18130	0.76	26.9
Serratia_GCA_016404725.1_spacer_21	virome_phage_61	80.769	26	5	0	7	32	34445	34470	0.76	26.9
Serratia_GCA_016404725.1_spacer_21	virome_phage_2314	83.333	24	4	0	2	25	30173	30196	0.76	26.9
Serratia_GCA_016404725.1_spacer_21	total_phage_369	75.000	32	8	0	1	32	17659	17690	0.76	26.9
Serratia_GCA_016404725.1_spacer_21	total_phage_298	94.444	18	1	0	7	24	21807	21790	0.76	26.9
Serratia_GCA_016404725.1_spacer_22	virome_phage_859	75.758	33	8	0	1	33	3966	3934	0.25	28.5
Serratia_GCA_016404725.1_spacer_22	virome_phage_915	83.333	24	4	0	7	30	5768	5745	0.76	26.9
Serratia_GCA_016404725.1_spacer_22	virome_phage_60	83.333	24	4	0	1	24	36491	36468	0.76	26.9
Serratia_GCA_016404725.1_spacer_22	virome_phage_43	90.000	20	2	0	7	26	44420	44401	0.76	26.9
Serratia_GCA_016404725.1_spacer_23	virome_phage_875	83.333	24	4	0	4	27	3704	3727	0.76	26.9
Serratia_GCA_016404725.1_spacer_23	virome_phage_741	83.333	24	4	0	1	24	53858	53835	0.76	26.9
Serratia_GCA_016404725.1_spacer_23	virome_phage_14	83.333	24	4	0	1	24	39363	39386	0.76	26.9
Serratia_GCA_016404725.1_spacer_24	virome_phage_145	86.957	23	3	0	3	25	16287	16309	0.25	28.5
Serratia_GCA_016404725.1_spacer_24	total_phage_413	79.310	29	6	0	4	32	11731	11703	0.25	28.5
Serratia_GCA_016404725.1_spacer_24	virome_phage_87	83.333	24	4	0	1	24	6126	6149	0.76	26.9
Serratia_GCA_016404725.1_spacer_24	virome_phage_803	90.000	20	2	0	1	20	1306	1287	0.76	26.9
Serratia_GCA_016404725.1_spacer_24	virome_phage_792	80.769	26	5	0	7	32	9801	9776	0.76	26.9
Serratia_GCA_016404725.1_spacer_24	virome_phage_773	94.444	18	1	0	6	23	8283	8300	0.76	26.9
Serratia_GCA_016404725.1_spacer_24	virome_phage_2291	83.333	24	4	0	6	29	21488	21465	0.76	26.9
Serratia_GCA_016404725.1_spacer_24	virome_phage_172	100.000	16	0	0	7	22	8050	8065	0.76	26.9
Serratia_GCA_016404725.1_spacer_25	virome_phage_909	94.444	18	1	0	15	32	14119	14102	0.76	26.9
Serratia_GCA_016404725.1_spacer_25	virome_phage_895	90.000	20	2	0	9	28	8566	8585	0.76	26.9
Serratia_GCA_016404725.1_spacer_25	total_phage_926	86.364	22	3	0	2	23	11560	11581	0.76	26.9
Serratia_GCA_016404725.1_spacer_25	total_phage_790	83.333	24	4	0	2	25	87866	87843	0.76	26.9
Serratia_GCA_016404725.1_spacer_25	total_phage_790	80.769	26	5	0	3	28	100041	100016	0.76	26.9
Serratia_GCA_016404725.1_spacer_26	virome_phage_9	86.364	22	3	0	1	22	26	47	0.76	26.9
Serratia_GCA_016404725.1_spacer_26	virome_phage_3	78.571	28	6	0	4	31	22543	22570	0.76	26.9
Serratia_GCA_016404725.1_spacer_26	virome_phage_104	80.769	26	5	0	4	29	15240	15265	0.76	26.9
Serratia_GCA_016404725.1_spacer_26	total_phage_517	76.667	30	7	0	3	32	3332	3361	0.76	26.9
Serratia_GCA_016404725.1_spacer_27	virome_phage_828	86.364	22	3	0	5	26	14706	14727	0.76	26.9
Serratia_GCA_016404725.1_spacer_27	virome_phage_36	86.364	22	3	0	4	25	34790	34769	0.76	26.9
Serratia_GCA_016404725.1_spacer_27	total_phage_307	94.444	18	1	0	6	23	21225	21208	0.76	26.9
Serratia_GCA_016404725.1_spacer_28	virome_phage_2295	94.737	19	1	0	6	24	4845	4863	0.25	28.5
Serratia_GCA_016404725.1_spacer_29	virome_phage_787	100.000	16	0	0	14	29	29944	29929	0.76	26.9
Serratia_GCA_016404725.1_spacer_30	virome_phage_43	89.286	28	3	0	4	31	21700	21727	0.001	36.5
Serratia_GCA_016404725.1_spacer_30	virome_phage_799	84.000	25	4	0	3	27	16961	16937	0.25	28.5
Serratia_GCA_016404725.1_spacer_30	virome_phage_753	86.957	23	3	0	9	31	38317	38339	0.25	28.5
Serratia_GCA_016404725.1_spacer_30	virome_phage_814	80.769	26	5	0	1	26	33296	33271	0.76	26.9
Serratia_GCA_016404725.1_spacer_30	virome_phage_809	80.769	26	5	0	4	29	29247	29272	0.76	26.9
Serratia_GCA_016404725.1_spacer_30	virome_phage_758	86.364	22	3	0	5	26	12768	12747	0.76	26.9
Serratia_GCA_016404725.1_spacer_30	virome_phage_736	80.769	26	5	0	6	31	77971	77946	0.76	26.9
Serratia_GCA_016404725.1_spacer_30	virome_phage_35	83.333	24	4	0	7	30	34941	34918	0.76	26.9
Serratia_GCA_016404725.1_spacer_30	virome_phage_2293	90.000	20	2	0	3	22	38266	38247	0.76	26.9
Serratia_GCA_016404725.1_spacer_31	virome_phage_915	83.333	24	4	0	3	26	4214	4237	0.76	26.9
Serratia_GCA_016404725.1_spacer_31	total_phage_927	86.364	22	3	0	11	32	64984	64963	0.76	26.9
Serratia_GCA_016404725.1_spacer_31	total_phage_803	90.000	20	2	0	1	20	18363	18344	0.76	26.9
Serratia_GCA_016404725.1_spacer_32	virome_phage_2300	100.000	28	0	0	1	28	41343	41316	1.42e-06	46.0
Serratia_GCA_016404725.1_spacer_32	virome_phage_895	85.714	28	4	0	1	28	2235	2208	0.009	33.3
Serratia_GCA_016404725.1_spacer_32	virome_phage_735	82.143	28	5	0	5	32	131904	131931	0.084	30.1
Serratia_GCA_016404725.1_spacer_32	virome_phage_2299	94.737	19	1	0	13	31	32772	32790	0.25	28.5
Serratia_GCA_016404725.1_spacer_32	total_phage_790	90.476	21	2	0	9	29	70102	70082	0.25	28.5
Serratia_GCA_016404725.1_spacer_32	virome_phage_770	90.000	20	2	0	13	32	32871	32890	0.76	26.9
Serratia_GCA_016404725.1_spacer_32	total_phage_232	76.667	30	7	0	3	32	41252	41281	0.76	26.9
Serratia_GCA_016404725.1_spacer_33	virome_phage_885	90.000	20	2	0	10	29	11782	11801	0.76	26.9
Serratia_GCA_016404725.1_spacer_33	virome_phage_2281	90.000	20	2	0	5	24	27687	27706	0.76	26.9
Serratia_GCA_016404725.1_spacer_33	total_phage_95	78.571	28	6	0	1	28	71704	71731	0.76	26.9
Serratia_GCA_016404725.1_spacer_34	virome_phage_61	90.909	22	2	0	10	31	3729	3708	0.084	30.1
Serratia_GCA_016404725.1_spacer_34	virome_phage_35	94.737	19	1	0	13	31	13897	13879	0.25	28.5
Serratia_GCA_016404725.1_spacer_34	virome_phage_791	86.364	22	3	0	2	23	35582	35603	0.76	26.9
Serratia_GCA_016404725.1_spacer_35	virome_phage_867	82.143	28	5	0	3	30	14029	14002	0.084	30.1
Serratia_GCA_016404725.1_spacer_35	virome_phage_867	100.000	16	0	0	17	32	14021	14006	0.76	26.9
Serratia_GCA_016404725.1_spacer_35	virome_phage_2385	82.143	28	5	0	2	29	3483	3510	0.084	30.1
Serratia_GCA_016404725.1_spacer_35	virome_phage_158	90.909	22	2	0	11	32	1825	1846	0.084	30.1
Serratia_GCA_016404725.1_spacer_35	total_phage_729	87.500	24	3	0	2	25	44180	44203	0.084	30.1
Serratia_GCA_016404725.1_spacer_35	total_phage_369	82.143	28	5	0	3	30	20722	20749	0.084	30.1
Serratia_GCA_016404725.1_spacer_35	total_phage_3	90.909	22	2	0	10	31	26897	26918	0.084	30.1
Serratia_GCA_016404725.1_spacer_35	virome_phage_823	94.737	19	1	0	5	23	29746	29728	0.25	28.5
Serratia_GCA_016404725.1_spacer_35	virome_phage_799	94.737	19	1	0	12	30	10607	10625	0.25	28.5
Serratia_GCA_016404725.1_spacer_35	virome_phage_772	100.000	17	0	0	15	31	43628	43612	0.25	28.5
Serratia_GCA_016404725.1_spacer_35	virome_phage_772	94.444	18	1	0	15	32	43634	43617	0.76	26.9
Serratia_GCA_016404725.1_spacer_35	virome_phage_753	94.737	19	1	0	11	29	16010	15992	0.25	28.5
Serratia_GCA_016404725.1_spacer_35	virome_phage_734	90.476	21	2	0	10	30	99353	99373	0.25	28.5
Serratia_GCA_016404725.1_spacer_35	virome_phage_72	81.481	27	5	0	6	32	2427	2453	0.25	28.5
Serratia_GCA_016404725.1_spacer_35	virome_phage_43	94.737	19	1	0	11	29	41226	41244	0.25	28.5
Serratia_GCA_016404725.1_spacer_35	virome_phage_38	94.737	19	1	0	6	24	47215	47197	0.25	28.5
Serratia_GCA_016404725.1_spacer_35	virome_phage_974	94.444	18	1	0	14	31	2653	2636	0.76	26.9
Serratia_GCA_016404725.1_spacer_35	virome_phage_963	86.364	22	3	0	11	32	1439	1460	0.76	26.9
Serratia_GCA_016404725.1_spacer_35	virome_phage_936	78.571	28	6	0	3	30	11900	11927	0.76	26.9
Serratia_GCA_016404725.1_spacer_35	virome_phage_906	100.000	16	0	0	17	32	19815	19800	0.76	26.9
Serratia_GCA_016404725.1_spacer_35	virome_phage_906	100.000	16	0	0	17	32	21983	21968	0.76	26.9
Serratia_GCA_016404725.1_spacer_35	virome_phage_845	86.364	22	3	0	10	31	14927	14906	0.76	26.9
Serratia_GCA_016404725.1_spacer_35	virome_phage_842	90.000	20	2	0	12	31	9820	9801	0.76	26.9
Serratia_GCA_016404725.1_spacer_35	virome_phage_84	78.571	28	6	0	3	30	6736	6763	0.76	26.9
Serratia_GCA_016404725.1_spacer_35	virome_phage_832	78.571	28	6	0	3	30	5774	5801	0.76	26.9
Serratia_GCA_016404725.1_spacer_35	virome_phage_807	80.769	26	5	0	6	31	16227	16252	0.76	26.9
Serratia_GCA_016404725.1_spacer_35	virome_phage_80	76.667	30	7	0	2	31	33540	33511	0.76	26.9
Serratia_GCA_016404725.1_spacer_35	virome_phage_758	86.364	22	3	0	9	30	35302	35323	0.76	26.9
Serratia_GCA_016404725.1_spacer_35	virome_phage_51	80.769	26	5	0	3	28	45316	45341	0.76	26.9
Serratia_GCA_016404725.1_spacer_35	virome_phage_42	86.364	22	3	0	6	27	2361	2340	0.76	26.9
Serratia_GCA_016404725.1_spacer_35	virome_phage_31	86.364	22	3	0	6	27	18202	18181	0.76	26.9
Serratia_GCA_016404725.1_spacer_35	virome_phage_2400	100.000	16	0	0	15	30	16871	16856	0.76	26.9
Serratia_GCA_016404725.1_spacer_35	virome_phage_2400	94.444	18	1	0	15	32	16877	16860	0.76	26.9
Serratia_GCA_016404725.1_spacer_35	virome_phage_2382	94.444	18	1	0	7	24	10693	10710	0.76	26.9
Serratia_GCA_016404725.1_spacer_35	virome_phage_21	90.000	20	2	0	12	31	10893	10912	0.76	26.9
Serratia_GCA_016404725.1_spacer_35	virome_phage_118	94.444	18	1	0	10	27	10727	10744	0.76	26.9
Serratia_GCA_016404725.1_spacer_35	virome_phage_110	76.667	30	7	0	3	32	22255	22226	0.76	26.9
Serratia_GCA_016404725.1_spacer_35	total_phage_790	76.667	30	7	0	1	30	41978	41949	0.76	26.9
Serratia_GCA_016404725.1_spacer_35	total_phage_790	94.444	18	1	0	10	27	63109	63126	0.76	26.9
Serratia_GCA_016404725.1_spacer_35	total_phage_737	80.769	26	5	0	6	31	1899	1874	0.76	26.9
Serratia_GCA_016404725.1_spacer_36	virome_phage_2914	81.818	33	6	0	1	33	13113	13145	0.003	34.9
Serratia_GCA_016404725.1_spacer_36	virome_phage_827	94.444	18	1	0	10	27	17774	17791	0.76	26.9
Serratia_GCA_016404725.1_spacer_36	virome_phage_742	78.571	28	6	0	5	32	61306	61333	0.76	26.9
Serratia_GCA_016404725.1_spacer_36	virome_phage_741	86.364	22	3	0	6	27	96002	96023	0.76	26.9
Serratia_GCA_016404725.1_spacer_36	total_phage_358	100.000	16	0	0	11	26	3984	3969	0.76	26.9
Serratia_GCA_016404725.1_spacer_36	total_phage_299	76.667	30	7	0	1	30	15483	15512	0.76	26.9
Serratia_GCA_016404725.1_spacer_37	virome_phage_71	86.957	23	3	0	2	24	953	975	0.25	28.5
Serratia_GCA_016404725.1_spacer_37	virome_phage_55	86.957	23	3	0	2	24	25861	25839	0.25	28.5
Serratia_GCA_016404725.1_spacer_37	virome_phage_2296	78.571	28	6	0	5	32	44520	44547	0.76	26.9
Serratia_GCA_016404725.1_spacer_38	total_phage_451	94.444	18	1	0	2	19	17108	17125	0.76	26.9
Serratia_GCA_016404725.1_spacer_38	total_phage_104	90.000	20	2	0	11	30	3188	3207	0.76	26.9
Serratia_GCA_016404725.1_spacer_39	virome_phage_2	90.909	22	2	0	1	22	142809	142788	0.084	30.1
Serratia_GCA_016404725.1_spacer_39	total_phage_927	84.615	26	4	0	1	26	232631	232656	0.084	30.1
Serratia_GCA_016404725.1_spacer_39	virome_phage_816	84.000	25	4	0	8	32	15843	15867	0.25	28.5
Serratia_GCA_016404725.1_spacer_39	virome_phage_67	77.419	31	7	0	2	32	29491	29461	0.25	28.5
Serratia_GCA_016404725.1_spacer_39	virome_phage_2914	79.310	29	6	0	1	29	13880	13852	0.25	28.5
Serratia_GCA_016404725.1_spacer_39	virome_phage_25	94.737	19	1	0	4	22	45248	45266	0.25	28.5
Serratia_GCA_016404725.1_spacer_39	virome_phage_902	80.769	26	5	0	1	26	19768	19793	0.76	26.9
Serratia_GCA_016404725.1_spacer_39	virome_phage_831	80.769	26	5	0	2	27	26319	26294	0.76	26.9
Serratia_GCA_016404725.1_spacer_39	virome_phage_37	86.364	22	3	0	6	27	24046	24067	0.76	26.9
Serratia_GCA_016404725.1_spacer_39	virome_phage_36	90.000	20	2	0	3	22	12519	12500	0.76	26.9
Serratia_GCA_016404725.1_spacer_39	virome_phage_2299	78.571	28	6	0	3	30	8100	8127	0.76	26.9
Serratia_GCA_016404725.1_spacer_39	virome_phage_2296	83.333	24	4	0	6	29	14470	14493	0.76	26.9
Serratia_GCA_016404725.1_spacer_40	virome_phage_2912	79.310	29	6	0	4	32	3047	3019	0.25	28.5
Serratia_GCA_016404725.1_spacer_40	virome_phage_812	90.000	20	2	0	13	32	9959	9940	0.76	26.9
Serratia_GCA_016404725.1_spacer_40	total_phage_99	90.000	20	2	0	12	31	15702	15721	0.76	26.9
Serratia_GCA_016404725.1_spacer_40	total_phage_98	90.000	20	2	0	12	31	19321	19302	0.76	26.9
Serratia_GCA_016404725.1_spacer_40	total_phage_930	90.000	20	2	0	12	31	12629	12648	0.76	26.9
Serratia_GCA_016404725.1_spacer_40	total_phage_782	90.000	20	2	0	12	31	17044	17025	0.76	26.9
Serratia_GCA_016404725.1_spacer_41	virome_phage_769	86.364	22	3	0	4	25	1434	1455	0.76	26.9
Serratia_GCA_016404725.1_spacer_41	virome_phage_753	90.000	20	2	0	2	21	20353	20334	0.76	26.9
Serratia_GCA_016404725.1_spacer_41	virome_phage_2290	86.364	22	3	0	4	25	6473	6494	0.76	26.9
Serratia_GCA_016404725.1_spacer_41	total_phage_233	83.333	24	4	0	3	26	59601	59624	0.76	26.9
Serratia_GCA_016404725.1_spacer_42	virome_phage_756	84.615	26	4	0	7	32	13364	13339	0.084	30.1
Serratia_GCA_016404725.1_spacer_42	total_phage_793	79.310	29	6	0	2	30	26370	26398	0.25	28.5
Serratia_GCA_016404725.1_spacer_42	virome_phage_739	86.364	22	3	0	11	32	62337	62358	0.76	26.9
Serratia_GCA_016404725.1_spacer_42	total_phage_4	86.364	22	3	0	10	31	31950	31971	0.76	26.9
Serratia_GCA_016404725.1_spacer_42	total_phage_105	83.333	24	4	0	4	27	3192	3215	0.76	26.9
Serratia_GCA_016404725.1_spacer_43	total_phage_114	94.444	18	1	0	15	32	31883	31866	0.76	26.9
Serratia_GCA_016404725.1_spacer_44	virome_phage_2290	78.125	32	7	0	1	32	32344	32375	0.084	30.1
Serratia_GCA_016404725.1_spacer_44	total_phage_738	81.481	27	5	0	4	30	6198	6224	0.25	28.5
Serratia_GCA_016404725.1_spacer_44	virome_phage_751	90.000	20	2	0	10	29	22502	22483	0.76	26.9
Serratia_GCA_016404725.1_spacer_44	virome_phage_16	90.000	20	2	0	12	31	54604	54585	0.76	26.9
Serratia_GCA_016404725.1_spacer_45	virome_phage_2389	86.957	23	3	0	7	29	14122	14100	0.25	28.5
Serratia_GCA_016404725.1_spacer_45	total_phage_731	86.957	23	3	0	6	28	89873	89895	0.25	28.5
Serratia_GCA_016404725.1_spacer_45	virome_phage_908	83.333	24	4	0	6	29	13424	13401	0.76	26.9
Serratia_GCA_016404725.1_spacer_45	virome_phage_755	86.364	22	3	0	5	26	37132	37111	0.76	26.9
Serratia_GCA_016404725.1_spacer_45	virome_phage_3	83.333	24	4	0	4	27	146794	146817	0.76	26.9
Serratia_GCA_016404725.1_spacer_45	total_phage_735	86.364	22	3	0	1	22	29111	29132	0.76	26.9
Serratia_GCA_016404725.1_spacer_45	total_phage_664	83.333	24	4	0	5	28	24070	24047	0.76	26.9
Serratia_GCA_016404725.1_spacer_46	virome_phage_770	95.238	21	1	0	6	26	19131	19151	0.028	31.7
Serratia_GCA_016404725.1_spacer_46	virome_phage_15	80.000	30	6	0	1	30	60080	60051	0.084	30.1
Serratia_GCA_016404725.1_spacer_46	total_phage_417	78.125	32	7	0	1	32	8513	8544	0.084	30.1
Serratia_GCA_016404725.1_spacer_46	virome_phage_787	100.000	17	0	0	8	24	37863	37847	0.25	28.5
Serratia_GCA_016404725.1_spacer_46	virome_phage_826	86.364	22	3	0	9	30	32655	32634	0.76	26.9
Serratia_GCA_016404725.1_spacer_46	virome_phage_3	100.000	16	0	0	15	30	147487	147502	0.76	26.9
Serratia_GCA_016404725.1_spacer_46	virome_phage_2324	90.000	20	2	0	1	20	19359	19340	0.76	26.9
Serratia_GCA_016404725.1_spacer_46	total_phage_362	75.000	32	8	0	1	32	20055	20086	0.76	26.9
Serratia_GCA_016404725.1_spacer_47	virome_phage_86	90.000	20	2	0	12	31	30191	30172	0.76	26.9
Serratia_GCA_016404725.1_spacer_47	virome_phage_756	80.769	26	5	0	7	32	56879	56854	0.76	26.9
Serratia_GCA_016404725.1_spacer_47	virome_phage_2372	90.000	20	2	0	12	31	12654	12673	0.76	26.9
Serratia_GCA_016404725.1_spacer_47	virome_phage_2301	86.364	22	3	0	11	32	9741	9762	0.76	26.9
Serratia_GCA_016404725.1_spacer_48	virome_phage_882	81.481	27	5	0	1	27	16723	16697	0.25	28.5
Serratia_GCA_016404725.1_spacer_48	virome_phage_800	81.481	27	5	0	1	27	36700	36726	0.25	28.5
Serratia_GCA_016404725.1_spacer_48	virome_phage_2360	81.481	27	5	0	1	27	19936	19962	0.25	28.5
Serratia_GCA_016404725.1_spacer_48	total_phage_800	81.481	27	5	0	1	27	9213	9187	0.25	28.5
Serratia_GCA_016404725.1_spacer_48	total_phage_796	81.481	27	5	0	1	27	18137	18111	0.25	28.5
Serratia_GCA_016404725.1_spacer_48	total_phage_415	81.481	27	5	0	1	27	23949	23975	0.25	28.5
Serratia_GCA_016404725.1_spacer_48	total_phage_114	81.481	27	5	0	1	27	15530	15504	0.25	28.5
Serratia_GCA_016404725.1_spacer_48	total_phage_11	81.481	27	5	0	1	27	15936	15910	0.25	28.5
Serratia_GCA_016404725.1_spacer_48	virome_phage_2385	86.364	22	3	0	11	32	11148	11169	0.76	26.9
Serratia_GCA_016404725.1_spacer_48	virome_phage_2312	100.000	16	0	0	6	21	35689	35704	0.76	26.9
Serratia_GCA_016404725.1_spacer_50	virome_phage_2914	87.500	32	4	0	1	32	11884	11915	1.15e-04	39.6
Serratia_GCA_016404725.1_spacer_50	virome_phage_2385	87.500	24	3	0	1	24	16549	16526	0.084	30.1
Serratia_GCA_016404725.1_spacer_50	total_phage_243	75.000	32	8	0	1	32	21668	21637	0.76	26.9
Serratia_GCA_016404725.1_spacer_50	total_phage_176	90.000	20	2	0	11	30	6725	6706	0.76	26.9
Serratia_GCA_016404725.1_spacer_50	total_phage_125	75.000	32	8	0	1	32	6191	6222	0.76	26.9
