Serratia_GCA_016028475.1_spacer_0	total_phage_737	82.143	28	5	0	1	28	35262	35289	0.084	30.1
Serratia_GCA_016028475.1_spacer_0	total_phage_121	82.143	28	5	0	1	28	9352	9325	0.084	30.1
Serratia_GCA_016028475.1_spacer_0	total_phage_114	82.143	28	5	0	1	28	6236	6209	0.084	30.1
Serratia_GCA_016028475.1_spacer_0	virome_phage_807	80.769	26	5	0	1	26	25738	25713	0.76	26.9
Serratia_GCA_016028475.1_spacer_0	virome_phage_795	78.571	28	6	0	1	28	7344	7371	0.76	26.9
Serratia_GCA_016028475.1_spacer_0	virome_phage_2270	100.000	16	0	0	8	23	59653	59668	0.76	26.9
Serratia_GCA_016028475.1_spacer_0	total_phage_738	78.571	28	6	0	1	28	28097	28124	0.76	26.9
Serratia_GCA_016028475.1_spacer_0	total_phage_305	80.769	26	5	0	1	26	8414	8389	0.76	26.9
Serratia_GCA_016028475.1_spacer_1	virome_phage_783	100.000	16	0	0	2	17	8388	8403	0.76	26.9
Serratia_GCA_016028475.1_spacer_1	virome_phage_2389	86.364	22	3	0	4	25	9081	9102	0.76	26.9
Serratia_GCA_016028475.1_spacer_1	virome_phage_2290	76.667	30	7	0	3	32	11779	11808	0.76	26.9
Serratia_GCA_016028475.1_spacer_1	virome_phage_2235	80.769	26	5	0	5	30	21070	21045	0.76	26.9
Serratia_GCA_016028475.1_spacer_2	total_phage_437	84.000	25	4	0	3	27	24102	24126	0.25	28.5
Serratia_GCA_016028475.1_spacer_2	virome_phage_783	100.000	16	0	0	11	26	31794	31779	0.76	26.9
Serratia_GCA_016028475.1_spacer_2	virome_phage_68	78.571	28	6	0	3	30	20202	20229	0.76	26.9
Serratia_GCA_016028475.1_spacer_2	total_phage_934	78.571	28	6	0	1	28	21860	21833	0.76	26.9
Serratia_GCA_016028475.1_spacer_2	total_phage_790	83.333	24	4	0	9	32	30489	30512	0.76	26.9
Serratia_GCA_016028475.1_spacer_3	virome_phage_833	90.476	21	2	0	7	27	34676	34656	0.25	28.5
Serratia_GCA_016028475.1_spacer_3	virome_phage_741	84.000	25	4	0	6	30	11570	11546	0.25	28.5
Serratia_GCA_016028475.1_spacer_3	virome_phage_791	100.000	16	0	0	6	21	31821	31836	0.76	26.9
Serratia_GCA_016028475.1_spacer_5	total_phage_927	90.476	21	2	0	12	32	98824	98844	0.25	28.5
Serratia_GCA_016028475.1_spacer_5	virome_phage_939	86.364	22	3	0	6	27	18318	18339	0.76	26.9
Serratia_GCA_016028475.1_spacer_5	virome_phage_781	100.000	16	0	0	16	31	19357	19372	0.76	26.9
Serratia_GCA_016028475.1_spacer_6	virome_phage_756	90.000	20	2	0	9	28	6350	6369	0.76	26.9
Serratia_GCA_016028475.1_spacer_6	virome_phage_756	86.364	22	3	0	9	30	31946	31967	0.76	26.9
Serratia_GCA_016028475.1_spacer_6	virome_phage_43	94.444	18	1	0	2	19	6893	6876	0.76	26.9
Serratia_GCA_016028475.1_spacer_8	virome_phage_60	84.615	26	4	0	2	27	16689	16714	0.084	30.1
Serratia_GCA_016028475.1_spacer_8	virome_phage_50	86.957	23	3	0	3	25	31312	31334	0.25	28.5
Serratia_GCA_016028475.1_spacer_8	virome_phage_784	90.000	20	2	0	2	21	11024	11043	0.76	26.9
Serratia_GCA_016028475.1_spacer_8	virome_phage_2343	90.000	20	2	0	9	28	17959	17978	0.76	26.9
Serratia_GCA_016028475.1_spacer_8	virome_phage_2291	100.000	16	0	0	9	24	14445	14430	0.76	26.9
Serratia_GCA_016028475.1_spacer_8	virome_phage_2291	90.000	20	2	0	13	32	29639	29658	0.76	26.9
Serratia_GCA_016028475.1_spacer_9	total_phage_104	91.304	23	2	0	8	30	8593	8571	0.028	31.7
Serratia_GCA_016028475.1_spacer_9	virome_phage_815	87.500	24	3	0	1	24	4788	4811	0.084	30.1
Serratia_GCA_016028475.1_spacer_9	virome_phage_779	84.615	26	4	0	1	26	26778	26753	0.084	30.1
Serratia_GCA_016028475.1_spacer_9	total_phage_925	95.000	20	1	0	4	23	35567	35548	0.084	30.1
Serratia_GCA_016028475.1_spacer_9	total_phage_111	87.500	24	3	0	1	24	6462	6485	0.084	30.1
Serratia_GCA_016028475.1_spacer_9	virome_phage_91	86.957	23	3	0	1	23	30706	30684	0.25	28.5
Serratia_GCA_016028475.1_spacer_9	virome_phage_785	86.957	23	3	0	1	23	6239	6261	0.25	28.5
Serratia_GCA_016028475.1_spacer_9	virome_phage_778	86.957	23	3	0	1	23	30077	30099	0.25	28.5
Serratia_GCA_016028475.1_spacer_9	virome_phage_2327	86.957	23	3	0	1	23	24569	24547	0.25	28.5
Serratia_GCA_016028475.1_spacer_9	virome_phage_2298	86.957	23	3	0	1	23	6755	6777	0.25	28.5
Serratia_GCA_016028475.1_spacer_9	total_phage_800	86.957	23	3	0	1	23	20663	20685	0.25	28.5
Serratia_GCA_016028475.1_spacer_9	total_phage_799	86.957	23	3	0	1	23	13512	13490	0.25	28.5
Serratia_GCA_016028475.1_spacer_9	total_phage_734	86.957	23	3	0	1	23	41126	41148	0.25	28.5
Serratia_GCA_016028475.1_spacer_9	total_phage_445	90.476	21	2	0	5	25	39099	39119	0.25	28.5
Serratia_GCA_016028475.1_spacer_9	total_phage_415	86.957	23	3	0	1	23	13644	13622	0.25	28.5
Serratia_GCA_016028475.1_spacer_9	virome_phage_818	83.333	24	4	0	3	26	31243	31220	0.76	26.9
Serratia_GCA_016028475.1_spacer_10	total_phage_692	80.000	30	6	0	1	30	26523	26552	0.084	30.1
Serratia_GCA_016028475.1_spacer_10	total_phage_658	80.000	30	6	0	1	30	19379	19350	0.084	30.1
Serratia_GCA_016028475.1_spacer_10	virome_phage_7	100.000	17	0	0	5	21	106478	106494	0.25	28.5
Serratia_GCA_016028475.1_spacer_10	virome_phage_117	77.419	31	7	0	2	32	22470	22500	0.25	28.5
Serratia_GCA_016028475.1_spacer_10	virome_phage_2303	86.364	22	3	0	5	26	5983	6004	0.76	26.9
Serratia_GCA_016028475.1_spacer_10	virome_phage_2286	83.333	24	4	0	2	25	300	277	0.76	26.9
Serratia_GCA_016028475.1_spacer_10	total_phage_92	90.000	20	2	0	2	21	145978	145997	0.76	26.9
Serratia_GCA_016028475.1_spacer_10	total_phage_636	90.000	20	2	0	11	30	29756	29737	0.76	26.9
Serratia_GCA_016028475.1_spacer_10	total_phage_233	86.364	22	3	0	5	26	76919	76940	0.76	26.9
Serratia_GCA_016028475.1_spacer_11	virome_phage_845	76.667	30	7	0	2	31	24340	24369	0.76	26.9
Serratia_GCA_016028475.1_spacer_12	virome_phage_749	81.250	32	6	0	1	32	14225	14194	0.009	33.3
Serratia_GCA_016028475.1_spacer_12	virome_phage_2299	100.000	16	0	0	1	16	42632	42647	0.76	26.9
Serratia_GCA_016028475.1_spacer_12	total_phage_786	83.333	24	4	0	2	25	15194	15171	0.76	26.9
Serratia_GCA_016028475.1_spacer_12	total_phage_188	94.444	18	1	0	8	25	37845	37828	0.76	26.9
Serratia_GCA_016028475.1_spacer_13	virome_phage_807	86.364	22	3	0	8	29	26924	26945	0.76	26.9
Serratia_GCA_016028475.1_spacer_13	virome_phage_2389	78.571	28	6	0	5	32	7641	7614	0.76	26.9
Serratia_GCA_016028475.1_spacer_13	total_phage_305	86.364	22	3	0	8	29	9600	9621	0.76	26.9
Serratia_GCA_016028475.1_spacer_13	total_phage_12	86.364	22	3	0	8	29	17336	17315	0.76	26.9
Serratia_GCA_016028475.1_spacer_15	virome_phage_54	78.571	28	6	0	1	28	17446	17473	0.76	26.9
Serratia_GCA_016028475.1_spacer_18	virome_phage_798	86.364	22	3	0	11	32	30723	30702	0.76	26.9
Serratia_GCA_016028475.1_spacer_18	virome_phage_792	86.364	22	3	0	2	23	9145	9166	0.76	26.9
Serratia_GCA_016028475.1_spacer_18	virome_phage_768	94.444	18	1	0	12	29	23331	23314	0.76	26.9
Serratia_GCA_016028475.1_spacer_18	virome_phage_747	90.000	20	2	0	6	25	8147	8166	0.76	26.9
Serratia_GCA_016028475.1_spacer_18	virome_phage_2294	83.333	24	4	0	1	24	44802	44779	0.76	26.9
Serratia_GCA_016028475.1_spacer_18	total_phage_233	86.364	22	3	0	9	30	48119	48098	0.76	26.9
Serratia_GCA_016028475.1_spacer_18	total_phage_113	86.364	22	3	0	11	32	24141	24120	0.76	26.9
Serratia_GCA_016028475.1_spacer_19	total_phage_232	86.207	29	4	0	1	29	75648	75620	0.003	34.9
Serratia_GCA_016028475.1_spacer_19	virome_phage_734	90.909	22	2	0	2	23	17690	17669	0.084	30.1
Serratia_GCA_016028475.1_spacer_19	virome_phage_734	80.000	30	6	0	1	30	229533	229504	0.084	30.1
Serratia_GCA_016028475.1_spacer_19	virome_phage_7	83.333	24	4	0	7	30	23207	23184	0.76	26.9
Serratia_GCA_016028475.1_spacer_19	virome_phage_37	100.000	16	0	0	5	20	22592	22577	0.76	26.9
Serratia_GCA_016028475.1_spacer_20	virome_phage_796	84.615	26	4	0	1	26	39924	39949	0.084	30.1
Serratia_GCA_016028475.1_spacer_20	virome_phage_71	82.143	28	5	0	1	28	17766	17793	0.084	30.1
Serratia_GCA_016028475.1_spacer_20	virome_phage_2372	90.476	21	2	0	9	29	9729	9749	0.25	28.5
Serratia_GCA_016028475.1_spacer_20	virome_phage_2347	90.476	21	2	0	9	29	17631	17611	0.25	28.5
Serratia_GCA_016028475.1_spacer_20	virome_phage_107	90.476	21	2	0	9	29	25103	25083	0.25	28.5
Serratia_GCA_016028475.1_spacer_20	virome_phage_87	83.333	24	4	0	9	32	10662	10639	0.76	26.9
Serratia_GCA_016028475.1_spacer_20	virome_phage_60	80.769	26	5	0	1	26	25987	25962	0.76	26.9
Serratia_GCA_016028475.1_spacer_21	virome_phage_802	90.476	21	2	0	4	24	6331	6311	0.25	28.5
Serratia_GCA_016028475.1_spacer_21	virome_phage_735	83.333	24	4	0	1	24	130710	130687	0.76	26.9
Serratia_GCA_016028475.1_spacer_22	virome_phage_901	90.000	20	2	0	13	32	23550	23569	0.76	26.9
Serratia_GCA_016028475.1_spacer_22	total_phage_927	78.571	28	6	0	1	28	168648	168675	0.76	26.9
Serratia_GCA_016028475.1_spacer_24	virome_phage_98	78.571	28	6	0	4	31	9918	9945	0.76	26.9
Serratia_GCA_016028475.1_spacer_24	virome_phage_823	75.000	32	8	0	1	32	22444	22475	0.76	26.9
Serratia_GCA_016028475.1_spacer_24	virome_phage_52	78.571	28	6	0	2	29	37626	37599	0.76	26.9
Serratia_GCA_016028475.1_spacer_24	virome_phage_2255	86.364	22	3	0	7	28	19069	19090	0.76	26.9
Serratia_GCA_016028475.1_spacer_24	total_phage_178	86.364	22	3	0	6	27	17922	17943	0.76	26.9
Serratia_GCA_016028475.1_spacer_25	virome_phage_86	81.481	27	5	0	6	32	35380	35406	0.25	28.5
Serratia_GCA_016028475.1_spacer_25	virome_phage_788	79.310	29	6	0	2	30	19604	19632	0.25	28.5
Serratia_GCA_016028475.1_spacer_25	virome_phage_68	84.000	25	4	0	7	31	8315	8291	0.25	28.5
Serratia_GCA_016028475.1_spacer_25	virome_phage_97	100.000	16	0	0	9	24	22174	22189	0.76	26.9
Serratia_GCA_016028475.1_spacer_25	virome_phage_810	86.364	22	3	0	1	22	3014	2993	0.76	26.9
Serratia_GCA_016028475.1_spacer_25	virome_phage_43	100.000	16	0	0	15	30	4691	4676	0.76	26.9
Serratia_GCA_016028475.1_spacer_25	total_phage_790	80.769	26	5	0	7	32	46686	46661	0.76	26.9
Serratia_GCA_016028475.1_spacer_27	virome_phage_833	84.375	32	5	0	1	32	12747	12778	0.001	36.5
Serratia_GCA_016028475.1_spacer_27	virome_phage_2255	94.444	18	1	0	1	18	29630	29647	0.76	26.9
Serratia_GCA_016028475.1_spacer_28	total_phage_122	84.000	25	4	0	7	31	116	92	0.25	28.5
Serratia_GCA_016028475.1_spacer_29	virome_phage_761	94.444	18	1	0	9	26	9614	9631	0.76	26.9
Serratia_GCA_016028475.1_spacer_29	virome_phage_112	90.000	20	2	0	6	25	9464	9483	0.76	26.9
Serratia_GCA_016028475.1_spacer_29	total_phage_745	90.000	20	2	0	8	27	14026	14007	0.76	26.9
Serratia_GCA_016028475.1_spacer_30	total_phage_243	84.000	25	4	0	8	32	13562	13586	0.25	28.5
Serratia_GCA_016028475.1_spacer_30	total_phage_125	84.000	25	4	0	8	32	14281	14257	0.25	28.5
Serratia_GCA_016028475.1_spacer_30	virome_phage_5	80.769	26	5	0	6	31	129965	129990	0.76	26.9
Serratia_GCA_016028475.1_spacer_30	virome_phage_17	83.333	24	4	0	7	30	50911	50934	0.76	26.9
Serratia_GCA_016028475.1_spacer_30	total_phage_524	75.000	32	8	0	1	32	6522	6553	0.76	26.9
Serratia_GCA_016028475.1_spacer_30	total_phage_231	86.364	22	3	0	7	28	106175	106196	0.76	26.9
Serratia_GCA_016028475.1_spacer_31	total_phage_731	86.364	22	3	0	5	26	100242	100263	0.76	26.9
Serratia_GCA_016028475.1_spacer_31	total_phage_361	80.769	26	5	0	7	32	36174	36149	0.76	26.9
Serratia_GCA_016028475.1_spacer_32	virome_phage_906	86.957	23	3	0	9	31	15438	15460	0.25	28.5
Serratia_GCA_016028475.1_spacer_32	virome_phage_2913	90.000	20	2	0	11	30	19389	19370	0.76	26.9
Serratia_GCA_016028475.1_spacer_32	virome_phage_2282	100.000	16	0	0	17	32	42432	42447	0.76	26.9
Serratia_GCA_016028475.1_spacer_33	total_phage_734	81.481	27	5	0	5	31	18608	18634	0.25	28.5
Serratia_GCA_016028475.1_spacer_33	virome_phage_1	86.364	22	3	0	8	29	125478	125499	0.76	26.9
Serratia_GCA_016028475.1_spacer_34	virome_phage_2300	84.375	32	5	0	1	32	29605	29574	0.001	36.5
Serratia_GCA_016028475.1_spacer_34	virome_phage_861	90.000	20	2	0	3	22	20025	20044	0.76	26.9
Serratia_GCA_016028475.1_spacer_35	virome_phage_92	81.481	27	5	0	1	27	18090	18116	0.25	28.5
Serratia_GCA_016028475.1_spacer_35	virome_phage_2294	81.481	27	5	0	1	27	7219	7193	0.25	28.5
Serratia_GCA_016028475.1_spacer_36	virome_phage_790	83.333	24	4	0	2	25	37055	37078	0.76	26.9
Serratia_GCA_016028475.1_spacer_36	virome_phage_55	86.364	22	3	0	5	26	27315	27294	0.76	26.9
Serratia_GCA_016028475.1_spacer_36	virome_phage_2335	76.667	30	7	0	1	30	16079	16108	0.76	26.9
Serratia_GCA_016028475.1_spacer_36	virome_phage_2282	100.000	16	0	0	6	21	14055	14040	0.76	26.9
Serratia_GCA_016028475.1_spacer_36	total_phage_735	76.667	30	7	0	1	30	20976	21005	0.76	26.9
Serratia_GCA_016028475.1_spacer_36	total_phage_362	78.571	28	6	0	4	31	39243	39216	0.76	26.9
Serratia_GCA_016028475.1_spacer_36	total_phage_175	78.571	28	6	0	4	31	8700	8727	0.76	26.9
Serratia_GCA_016028475.1_spacer_37	virome_phage_790	83.333	24	4	0	2	25	37055	37078	0.76	26.9
Serratia_GCA_016028475.1_spacer_37	virome_phage_55	86.364	22	3	0	5	26	27315	27294	0.76	26.9
Serratia_GCA_016028475.1_spacer_37	virome_phage_2335	76.667	30	7	0	1	30	16079	16108	0.76	26.9
Serratia_GCA_016028475.1_spacer_37	virome_phage_2282	100.000	16	0	0	6	21	14055	14040	0.76	26.9
Serratia_GCA_016028475.1_spacer_37	total_phage_735	76.667	30	7	0	1	30	20976	21005	0.76	26.9
Serratia_GCA_016028475.1_spacer_37	total_phage_362	78.571	28	6	0	4	31	39243	39216	0.76	26.9
Serratia_GCA_016028475.1_spacer_37	total_phage_175	78.571	28	6	0	4	31	8700	8727	0.76	26.9
Serratia_GCA_016028475.1_spacer_38	virome_phage_734	90.476	21	2	0	2	22	275086	275066	0.25	28.5
Serratia_GCA_016028475.1_spacer_38	total_phage_8	94.737	19	1	0	1	19	5849	5831	0.25	28.5
Serratia_GCA_016028475.1_spacer_38	virome_phage_911	94.444	18	1	0	5	22	20262	20279	0.76	26.9
Serratia_GCA_016028475.1_spacer_38	virome_phage_82	94.444	18	1	0	5	22	28878	28895	0.76	26.9
Serratia_GCA_016028475.1_spacer_38	virome_phage_767	83.333	24	4	0	4	27	32560	32583	0.76	26.9
Serratia_GCA_016028475.1_spacer_38	virome_phage_759	94.444	18	1	0	5	22	55249	55232	0.76	26.9
Serratia_GCA_016028475.1_spacer_38	virome_phage_2238	90.000	20	2	0	7	26	67510	67529	0.76	26.9
Serratia_GCA_016028475.1_spacer_38	total_phage_500	90.000	20	2	0	7	26	40447	40428	0.76	26.9
Serratia_GCA_016028475.1_spacer_39	virome_phage_78	93.548	31	2	0	1	31	25382	25352	4.27e-06	44.4
Serratia_GCA_016028475.1_spacer_39	virome_phage_794	87.097	31	4	0	1	31	34340	34310	3.46e-04	38.0
Serratia_GCA_016028475.1_spacer_39	virome_phage_802	84.375	32	5	0	1	32	3885	3916	0.001	36.5
Serratia_GCA_016028475.1_spacer_39	virome_phage_2291	92.308	26	2	0	6	31	14893	14868	0.001	36.5
Serratia_GCA_016028475.1_spacer_39	virome_phage_769	81.250	32	6	0	1	32	18069	18100	0.009	33.3
Serratia_GCA_016028475.1_spacer_39	virome_phage_761	81.250	32	6	0	1	32	39920	39889	0.009	33.3
Serratia_GCA_016028475.1_spacer_39	virome_phage_758	83.333	30	5	0	3	32	50102	50131	0.009	33.3
Serratia_GCA_016028475.1_spacer_39	virome_phage_60	81.250	32	6	0	1	32	15078	15109	0.009	33.3
Serratia_GCA_016028475.1_spacer_39	virome_phage_2281	77.419	31	7	0	1	31	30085	30115	0.25	28.5
Serratia_GCA_016028475.1_spacer_39	total_phage_95	100.000	17	0	0	7	23	13029	13045	0.25	28.5
Serratia_GCA_016028475.1_spacer_40	virome_phage_736	100.000	16	0	0	4	19	39866	39851	0.76	26.9
Serratia_GCA_016028475.1_spacer_40	virome_phage_52	78.571	28	6	0	2	29	29138	29165	0.76	26.9
Serratia_GCA_016028475.1_spacer_40	virome_phage_2333	83.333	24	4	0	4	27	10283	10306	0.76	26.9
Serratia_GCA_016028475.1_spacer_41	virome_phage_2300	91.304	23	2	0	1	23	29221	29199	0.028	31.7
Serratia_GCA_016028475.1_spacer_41	virome_phage_153	80.645	31	6	0	1	31	596	626	0.028	31.7
Serratia_GCA_016028475.1_spacer_41	virome_phage_802	80.000	30	6	0	2	31	13972	14001	0.084	30.1
Serratia_GCA_016028475.1_spacer_41	virome_phage_748	84.000	25	4	0	1	25	40291	40267	0.25	28.5
Serratia_GCA_016028475.1_spacer_41	total_phage_925	79.310	29	6	0	1	29	3072	3044	0.25	28.5
Serratia_GCA_016028475.1_spacer_41	virome_phage_751	94.444	18	1	0	13	30	62757	62774	0.76	26.9
Serratia_GCA_016028475.1_spacer_41	virome_phage_734	86.364	22	3	0	1	22	296020	296041	0.76	26.9
Serratia_GCA_016028475.1_spacer_41	virome_phage_2368	86.364	22	3	0	5	26	8047	8026	0.76	26.9
Serratia_GCA_016028475.1_spacer_41	virome_phage_2295	80.769	26	5	0	4	29	3115	3140	0.76	26.9
Serratia_GCA_016028475.1_spacer_42	virome_phage_2306	94.737	19	1	0	8	26	32385	32367	0.25	28.5
Serratia_GCA_016028475.1_spacer_42	virome_phage_752	83.333	24	4	0	4	27	45024	45047	0.76	26.9
Serratia_GCA_016028475.1_spacer_43	virome_phage_837	87.500	24	3	0	1	24	34268	34291	0.084	30.1
Serratia_GCA_016028475.1_spacer_43	virome_phage_2319	87.500	24	3	0	1	24	31107	31130	0.084	30.1
Serratia_GCA_016028475.1_spacer_43	total_phage_927	86.957	23	3	0	6	28	39739	39761	0.25	28.5
Serratia_GCA_016028475.1_spacer_43	total_phage_361	90.476	21	2	0	3	23	38507	38527	0.25	28.5
Serratia_GCA_016028475.1_spacer_43	total_phage_793	83.333	24	4	0	1	24	4097	4074	0.76	26.9
Serratia_GCA_016028475.1_spacer_43	virome_phage_829	83.333	24	4	0	1	24	17067	17090	0.76	26.9
Serratia_GCA_016028475.1_spacer_43	virome_phage_2914	90.000	20	2	0	4	23	17889	17908	0.76	26.9
Serratia_GCA_016028475.1_spacer_43	total_phage_117	86.364	22	3	0	2	23	7337	7358	0.76	26.9
Serratia_GCA_016028475.1_spacer_44	virome_phage_80	100.000	16	0	0	4	19	23285	23300	0.76	26.9
Serratia_GCA_016028475.1_spacer_44	virome_phage_790	94.444	18	1	0	6	23	5299	5316	0.76	26.9
Serratia_GCA_016028475.1_spacer_44	virome_phage_193	78.571	28	6	0	1	28	1465	1438	0.76	26.9
Serratia_GCA_016028475.1_spacer_44	virome_phage_11	80.769	26	5	0	5	30	40371	40346	0.76	26.9
