Serratia_GCA_016026735.1_spacer_0	virome_phage_83	95.238	21	1	0	11	31	20106	20086	0.028	31.7
Serratia_GCA_016026735.1_spacer_0	total_phage_731	90.000	20	2	0	12	31	31774	31755	0.76	26.9
Serratia_GCA_016026735.1_spacer_0	total_phage_453	86.364	22	3	0	10	31	5484	5463	0.76	26.9
Serratia_GCA_016026735.1_spacer_0	total_phage_122	100.000	16	0	0	11	26	7911	7896	0.76	26.9
Serratia_GCA_016026735.1_spacer_0	total_phage_106	90.000	20	2	0	12	31	32798	32779	0.76	26.9
Serratia_GCA_016026735.1_spacer_1	virome_phage_96	86.364	22	3	0	7	28	27875	27854	0.76	26.9
Serratia_GCA_016026735.1_spacer_1	virome_phage_866	94.444	18	1	0	13	30	20992	20975	0.76	26.9
Serratia_GCA_016026735.1_spacer_1	total_phage_729	94.444	18	1	0	12	29	141486	141503	0.76	26.9
Serratia_GCA_016026735.1_spacer_2	virome_phage_803	77.419	31	7	0	1	31	26486	26516	0.25	28.5
Serratia_GCA_016026735.1_spacer_2	virome_phage_189	94.444	18	1	0	7	24	13761	13778	0.76	26.9
Serratia_GCA_016026735.1_spacer_3	virome_phage_738	84.000	25	4	0	6	30	9278	9254	0.25	28.5
Serratia_GCA_016026735.1_spacer_3	virome_phage_4	84.000	25	4	0	6	30	87890	87914	0.25	28.5
Serratia_GCA_016026735.1_spacer_3	virome_phage_2243	90.000	20	2	0	12	31	5823	5804	0.76	26.9
Serratia_GCA_016026735.1_spacer_3	total_phage_644	90.000	20	2	0	12	31	5712	5693	0.76	26.9
Serratia_GCA_016026735.1_spacer_3	total_phage_487	90.000	20	2	0	12	31	4349	4330	0.76	26.9
Serratia_GCA_016026735.1_spacer_3	virome_phage_82	100.000	16	0	0	1	16	220	235	0.76	26.9
Serratia_GCA_016026735.1_spacer_3	virome_phage_2237	90.000	20	2	0	12	31	11962	11981	0.76	26.9
Serratia_GCA_016026735.1_spacer_3	virome_phage_153	86.364	22	3	0	2	23	17207	17228	0.76	26.9
Serratia_GCA_016026735.1_spacer_4	virome_phage_37	90.476	21	2	0	1	21	21209	21229	0.25	28.5
Serratia_GCA_016026735.1_spacer_4	virome_phage_802	80.769	26	5	0	3	28	2965	2990	0.76	26.9
Serratia_GCA_016026735.1_spacer_5	virome_phage_9	90.000	20	2	0	8	27	85824	85805	0.76	26.9
Serratia_GCA_016026735.1_spacer_5	total_phage_786	90.000	20	2	0	10	29	20069	20050	0.76	26.9
Serratia_GCA_016026735.1_spacer_6	total_phage_299	91.304	23	2	0	5	27	19639	19617	0.028	31.7
Serratia_GCA_016026735.1_spacer_6	total_phage_187	86.957	23	3	0	5	27	28544	28522	0.25	28.5
Serratia_GCA_016026735.1_spacer_6	virome_phage_867	90.000	20	2	0	3	22	14475	14494	0.76	26.9
Serratia_GCA_016026735.1_spacer_6	virome_phage_2372	94.444	18	1	0	9	26	12103	12086	0.76	26.9
Serratia_GCA_016026735.1_spacer_6	virome_phage_2313	86.364	22	3	0	2	23	12363	12342	0.76	26.9
Serratia_GCA_016026735.1_spacer_7	virome_phage_831	94.444	18	1	0	15	32	12064	12081	0.76	26.9
Serratia_GCA_016026735.1_spacer_7	virome_phage_2274	94.444	18	1	0	15	32	50031	50048	0.76	26.9
Serratia_GCA_016026735.1_spacer_8	virome_phage_829	86.957	23	3	0	10	32	5039	5017	0.25	28.5
Serratia_GCA_016026735.1_spacer_8	virome_phage_2345	86.957	23	3	0	10	32	11746	11768	0.25	28.5
Serratia_GCA_016026735.1_spacer_8	virome_phage_119	86.957	23	3	0	10	32	23292	23270	0.25	28.5
Serratia_GCA_016026735.1_spacer_8	virome_phage_67	76.667	30	7	0	2	31	32028	31999	0.76	26.9
Serratia_GCA_016026735.1_spacer_8	virome_phage_158	100.000	16	0	0	11	26	15721	15736	0.76	26.9
Serratia_GCA_016026735.1_spacer_8	virome_phage_1061	100.000	16	0	0	11	26	3485	3470	0.76	26.9
Serratia_GCA_016026735.1_spacer_8	total_phage_790	83.333	24	4	0	3	26	89177	89154	0.76	26.9
Serratia_GCA_016026735.1_spacer_8	total_phage_368	94.444	18	1	0	11	28	33322	33339	0.76	26.9
Serratia_GCA_016026735.1_spacer_9	virome_phage_2308	84.615	26	4	0	7	32	16475	16500	0.084	30.1
Serratia_GCA_016026735.1_spacer_9	total_phage_299	84.615	26	4	0	7	32	11578	11553	0.084	30.1
Serratia_GCA_016026735.1_spacer_9	total_phage_106	87.500	24	3	0	8	31	29025	29048	0.084	30.1
Serratia_GCA_016026735.1_spacer_9	virome_phage_795	86.364	22	3	0	4	25	29416	29395	0.76	26.9
Serratia_GCA_016026735.1_spacer_9	virome_phage_779	94.444	18	1	0	9	26	22376	22359	0.76	26.9
Serratia_GCA_016026735.1_spacer_9	total_phage_729	90.000	20	2	0	3	22	171767	171748	0.76	26.9
Serratia_GCA_016026735.1_spacer_10	virome_phage_2269	90.476	21	2	0	1	21	100637	100617	0.25	28.5
Serratia_GCA_016026735.1_spacer_10	total_phage_366	81.481	27	5	0	6	32	6952	6978	0.25	28.5
Serratia_GCA_016026735.1_spacer_11	virome_phage_878	86.957	23	3	0	1	23	21636	21614	0.25	28.5
Serratia_GCA_016026735.1_spacer_11	virome_phage_792	77.419	31	7	0	1	31	34608	34638	0.25	28.5
Serratia_GCA_016026735.1_spacer_11	virome_phage_2303	77.419	31	7	0	1	31	34602	34632	0.25	28.5
Serratia_GCA_016026735.1_spacer_11	virome_phage_865	78.571	28	6	0	4	31	24907	24880	0.76	26.9
Serratia_GCA_016026735.1_spacer_11	virome_phage_860	86.364	22	3	0	3	24	19695	19716	0.76	26.9
Serratia_GCA_016026735.1_spacer_11	virome_phage_2398	78.571	28	6	0	2	29	8628	8601	0.76	26.9
Serratia_GCA_016026735.1_spacer_11	virome_phage_14	94.444	18	1	0	5	22	37865	37882	0.76	26.9
Serratia_GCA_016026735.1_spacer_11	total_phage_790	90.000	20	2	0	8	27	53956	53937	0.76	26.9
Serratia_GCA_016026735.1_spacer_11	total_phage_360	100.000	16	0	0	1	16	27360	27375	0.76	26.9
Serratia_GCA_016026735.1_spacer_11	total_phage_231	83.333	24	4	0	1	24	7403	7426	0.76	26.9
Serratia_GCA_016026735.1_spacer_12	total_phage_783	86.364	22	3	0	11	32	2488	2509	0.76	26.9
Serratia_GCA_016026735.1_spacer_13	total_phage_730	94.737	19	1	0	9	27	43850	43868	0.25	28.5
Serratia_GCA_016026735.1_spacer_13	virome_phage_912	94.444	18	1	0	5	22	7774	7791	0.76	26.9
Serratia_GCA_016026735.1_spacer_13	virome_phage_2304	94.444	18	1	0	5	22	26923	26940	0.76	26.9
Serratia_GCA_016026735.1_spacer_13	total_phage_782	78.571	28	6	0	1	28	7726	7753	0.76	26.9
Serratia_GCA_016026735.1_spacer_13	total_phage_1	80.769	26	5	0	7	32	35964	35989	0.76	26.9
Serratia_GCA_016026735.1_spacer_14	total_phage_803	85.185	27	4	0	10	36	30064	30090	0.042	31.7
Serratia_GCA_016026735.1_spacer_14	virome_phage_172	75.000	36	9	0	1	36	3264	3229	0.13	30.1
Serratia_GCA_016026735.1_spacer_14	virome_phage_902	81.481	27	5	0	10	36	1477	1503	0.38	28.5
Serratia_GCA_016026735.1_spacer_14	total_phage_296	81.481	27	5	0	10	36	4910	4884	0.38	28.5
Serratia_GCA_016026735.1_spacer_14	total_phage_243	81.481	27	5	0	10	36	29317	29343	0.38	28.5
Serratia_GCA_016026735.1_spacer_14	total_phage_233	81.481	27	5	0	10	36	5132	5106	0.38	28.5
Serratia_GCA_016026735.1_spacer_15	virome_phage_814	87.500	24	3	0	10	33	5173	5150	0.13	30.1
Serratia_GCA_016026735.1_spacer_16	virome_phage_837	100.000	18	0	0	8	25	13076	13093	0.13	30.1
Serratia_GCA_016026735.1_spacer_16	virome_phage_123	100.000	18	0	0	8	25	14050	14067	0.13	30.1
Serratia_GCA_016026735.1_spacer_18	virome_phage_2328	79.310	29	6	0	1	29	26409	26381	0.31	28.5
Serratia_GCA_016026735.1_spacer_18	virome_phage_741	80.769	26	5	0	1	26	62626	62651	0.94	26.9
Serratia_GCA_016026735.1_spacer_18	virome_phage_23	80.769	26	5	0	4	29	29421	29446	0.94	26.9
Serratia_GCA_016026735.1_spacer_18	virome_phage_23	80.769	26	5	0	4	29	61465	61490	0.94	26.9
Serratia_GCA_016026735.1_spacer_19	virome_phage_797	84.000	25	4	0	3	27	28093	28069	0.31	28.5
Serratia_GCA_016026735.1_spacer_19	virome_phage_10	94.737	19	1	0	16	34	68991	68973	0.31	28.5
Serratia_GCA_016026735.1_spacer_19	total_phage_663	81.481	27	5	0	6	32	18273	18299	0.31	28.5
Serratia_GCA_016026735.1_spacer_19	total_phage_637	81.481	27	5	0	6	32	15007	15033	0.31	28.5
Serratia_GCA_016026735.1_spacer_19	total_phage_413	84.000	25	4	0	6	30	79177	79201	0.31	28.5
Serratia_GCA_016026735.1_spacer_19	virome_phage_8	90.000	20	2	0	10	29	64972	64953	0.94	26.9
Serratia_GCA_016026735.1_spacer_19	virome_phage_4	90.000	20	2	0	15	34	27039	27020	0.94	26.9
Serratia_GCA_016026735.1_spacer_19	virome_phage_2254	90.000	20	2	0	15	34	90863	90844	0.94	26.9
Serratia_GCA_016026735.1_spacer_19	virome_phage_2238	90.000	20	2	0	15	34	72387	72368	0.94	26.9
Serratia_GCA_016026735.1_spacer_19	total_phage_785	90.000	20	2	0	12	31	9903	9884	0.94	26.9
Serratia_GCA_016026735.1_spacer_19	total_phage_783	78.571	28	6	0	1	28	16931	16904	0.94	26.9
Serratia_GCA_016026735.1_spacer_19	virome_phage_738	90.000	20	2	0	15	34	69866	69885	0.94	26.9
Serratia_GCA_016026735.1_spacer_19	total_phage_927	100.000	16	0	0	10	25	103046	103061	0.94	26.9
Serratia_GCA_016026735.1_spacer_19	total_phage_500	90.000	20	2	0	15	34	35570	35589	0.94	26.9
Serratia_GCA_016026735.1_spacer_20	total_phage_796	86.957	23	3	0	4	26	19568	19546	0.38	28.5
Serratia_GCA_016026735.1_spacer_20	virome_phage_800	86.957	23	3	0	4	26	35269	35291	0.38	28.5
Serratia_GCA_016026735.1_spacer_20	virome_phage_2360	86.957	23	3	0	4	26	18505	18527	0.38	28.5
Serratia_GCA_016026735.1_spacer_21	virome_phage_94	90.476	21	2	0	4	24	26613	26593	0.38	28.5
Serratia_GCA_016026735.1_spacer_22	virome_phage_740	80.645	31	6	0	1	31	113157	113187	0.035	31.7
Serratia_GCA_016026735.1_spacer_23	virome_phage_806	84.000	25	4	0	4	28	30746	30722	0.38	28.5
Serratia_GCA_016026735.1_spacer_23	virome_phage_31	84.000	25	4	0	4	28	22500	22476	0.38	28.5
Serratia_GCA_016026735.1_spacer_23	virome_phage_75	75.758	33	8	0	3	35	1457	1489	0.38	28.5
Serratia_GCA_016026735.1_spacer_23	total_phage_369	74.286	35	9	0	1	35	11645	11679	0.38	28.5
Serratia_GCA_016026735.1_spacer_24	virome_phage_787	90.000	20	2	0	7	26	10353	10334	0.94	26.9
Serratia_GCA_016026735.1_spacer_24	virome_phage_785	83.333	24	4	0	3	26	37211	37234	0.94	26.9
Serratia_GCA_016026735.1_spacer_24	virome_phage_2298	83.333	24	4	0	3	26	37221	37244	0.94	26.9
Serratia_GCA_016026735.1_spacer_24	virome_phage_2285	83.333	24	4	0	6	29	49217	49194	0.94	26.9
Serratia_GCA_016026735.1_spacer_24	virome_phage_17	78.571	28	6	0	6	33	78544	78517	0.94	26.9
Serratia_GCA_016026735.1_spacer_24	total_phage_414	83.333	24	4	0	3	26	29846	29823	0.94	26.9
Serratia_GCA_016026735.1_spacer_26	virome_phage_794	82.353	34	6	0	1	34	34229	34262	0.001	36.5
Serratia_GCA_016026735.1_spacer_26	virome_phage_60	78.788	33	7	0	1	33	15189	15157	0.035	31.7
Serratia_GCA_016026735.1_spacer_26	virome_phage_761	76.471	34	8	0	1	34	39809	39842	0.10	30.1
Serratia_GCA_016026735.1_spacer_26	virome_phage_769	77.419	31	7	0	2	32	18179	18149	0.31	28.5
Serratia_GCA_016026735.1_spacer_26	virome_phage_831	90.476	21	2	0	8	28	35328	35348	0.31	28.5
Serratia_GCA_016026735.1_spacer_26	virome_phage_43	79.310	29	6	0	3	31	20177	20205	0.31	28.5
Serratia_GCA_016026735.1_spacer_26	virome_phage_2274	90.476	21	2	0	8	28	73342	73362	0.31	28.5
Serratia_GCA_016026735.1_spacer_26	virome_phage_909	78.571	28	6	0	3	30	14207	14180	0.94	26.9
Serratia_GCA_016026735.1_spacer_26	virome_phage_80	86.364	22	3	0	6	27	19943	19922	0.94	26.9
Serratia_GCA_016026735.1_spacer_26	virome_phage_799	94.444	18	1	0	3	20	4647	4630	0.94	26.9
Serratia_GCA_016026735.1_spacer_26	virome_phage_755	86.364	22	3	0	7	28	34762	34741	0.94	26.9
Serratia_GCA_016026735.1_spacer_26	virome_phage_2282	75.000	32	8	0	3	34	47199	47168	0.94	26.9
Serratia_GCA_016026735.1_spacer_26	virome_phage_2282	83.333	24	4	0	4	27	1887	1910	0.94	26.9
Serratia_GCA_016026735.1_spacer_26	virome_phage_22	78.571	28	6	0	7	34	16604	16577	0.94	26.9
Serratia_GCA_016026735.1_spacer_26	virome_phage_846	80.769	26	5	0	3	28	15846	15871	0.94	26.9
Serratia_GCA_016026735.1_spacer_26	virome_phage_804	80.769	26	5	0	9	34	24877	24902	0.94	26.9
Serratia_GCA_016026735.1_spacer_27	virome_phage_2300	95.652	23	1	0	3	25	39608	39630	0.005	34.9
Serratia_GCA_016026735.1_spacer_27	virome_phage_73	90.476	21	2	0	13	33	19128	19108	0.38	28.5
Serratia_GCA_016026735.1_spacer_27	virome_phage_4	86.957	23	3	0	2	24	78208	78186	0.38	28.5
