Serratia_GCF_900108835.1_spacer_0	virome_phage_2295	81.481	27	5	0	2	28	38668	38642	0.25	28.5
Serratia_GCF_900108835.1_spacer_0	virome_phage_2292	86.957	23	3	0	4	26	38919	38897	0.25	28.5
Serratia_GCF_900108835.1_spacer_0	virome_phage_804	83.333	24	4	0	9	32	28206	28183	0.76	26.9
Serratia_GCF_900108835.1_spacer_0	virome_phage_3	90.000	20	2	0	5	24	117054	117035	0.76	26.9
Serratia_GCF_900108835.1_spacer_0	virome_phage_19	100.000	16	0	0	13	28	70843	70828	0.76	26.9
Serratia_GCF_900108835.1_spacer_0	total_phage_231	86.364	22	3	0	5	26	105871	105850	0.76	26.9
Serratia_GCF_900108835.1_spacer_0	total_phage_1	90.000	20	2	0	7	26	36168	36187	0.76	26.9
Serratia_GCF_900108835.1_spacer_1	virome_phage_803	83.333	24	4	0	1	24	21160	21137	0.76	26.9
Serratia_GCF_900108835.1_spacer_2	virome_phage_94	90.000	20	2	0	9	28	10405	10386	0.76	26.9
Serratia_GCF_900108835.1_spacer_2	virome_phage_899	78.571	28	6	0	4	31	15395	15422	0.76	26.9
Serratia_GCF_900108835.1_spacer_2	virome_phage_196	86.364	22	3	0	5	26	6650	6629	0.76	26.9
Serratia_GCF_900108835.1_spacer_2	total_phage_178	94.444	18	1	0	12	29	12170	12153	0.76	26.9
Serratia_GCF_900108835.1_spacer_3	virome_phage_2292	85.185	27	4	0	2	28	8222	8196	0.028	31.7
Serratia_GCF_900108835.1_spacer_3	total_phage_663	90.909	22	2	0	3	24	11431	11410	0.084	30.1
Serratia_GCF_900108835.1_spacer_3	total_phage_637	90.909	22	2	0	3	24	8121	8100	0.084	30.1
Serratia_GCF_900108835.1_spacer_3	virome_phage_88	94.737	19	1	0	3	21	14172	14190	0.25	28.5
Serratia_GCF_900108835.1_spacer_3	virome_phage_835	86.957	23	3	0	6	28	15248	15270	0.25	28.5
Serratia_GCF_900108835.1_spacer_3	virome_phage_800	94.737	19	1	0	3	21	13249	13267	0.25	28.5
Serratia_GCF_900108835.1_spacer_3	virome_phage_739	94.737	19	1	0	11	29	96188	96206	0.25	28.5
Serratia_GCF_900108835.1_spacer_3	virome_phage_7	90.476	21	2	0	7	27	29045	29025	0.25	28.5
Serratia_GCF_900108835.1_spacer_3	virome_phage_26	90.476	21	2	0	5	25	21873	21893	0.25	28.5
Serratia_GCF_900108835.1_spacer_3	virome_phage_2380	90.476	21	2	0	5	25	19016	19036	0.25	28.5
Serratia_GCF_900108835.1_spacer_3	virome_phage_10	77.419	31	7	0	2	32	73433	73463	0.25	28.5
Serratia_GCF_900108835.1_spacer_3	virome_phage_10	100.000	16	0	0	14	29	69179	69164	0.76	26.9
Serratia_GCF_900108835.1_spacer_3	total_phage_796	94.737	19	1	0	3	21	536	518	0.25	28.5
Serratia_GCF_900108835.1_spacer_3	total_phage_730	77.419	31	7	0	2	32	113296	113266	0.25	28.5
Serratia_GCF_900108835.1_spacer_3	total_phage_730	100.000	16	0	0	14	29	117549	117564	0.76	26.9
Serratia_GCF_900108835.1_spacer_3	total_phage_231	90.476	21	2	0	10	30	137697	137717	0.25	28.5
Serratia_GCF_900108835.1_spacer_3	virome_phage_866	80.769	26	5	0	7	32	14956	14981	0.76	26.9
Serratia_GCF_900108835.1_spacer_3	virome_phage_854	100.000	16	0	0	1	16	23772	23757	0.76	26.9
Serratia_GCF_900108835.1_spacer_3	virome_phage_829	86.364	22	3	0	11	32	12315	12294	0.76	26.9
Serratia_GCF_900108835.1_spacer_3	virome_phage_804	90.000	20	2	0	5	24	9549	9568	0.76	26.9
Serratia_GCF_900108835.1_spacer_3	virome_phage_767	94.444	18	1	0	5	22	44360	44343	0.76	26.9
Serratia_GCF_900108835.1_spacer_3	virome_phage_748	94.444	18	1	0	8	25	57094	57077	0.76	26.9
Serratia_GCF_900108835.1_spacer_3	virome_phage_734	86.364	22	3	0	8	29	185509	185530	0.76	26.9
Serratia_GCF_900108835.1_spacer_3	virome_phage_25	94.444	18	1	0	6	23	10485	10468	0.76	26.9
Serratia_GCF_900108835.1_spacer_3	virome_phage_2345	86.364	22	3	0	11	32	4470	4491	0.76	26.9
Serratia_GCF_900108835.1_spacer_3	virome_phage_2286	86.364	22	3	0	3	24	22029	22008	0.76	26.9
Serratia_GCF_900108835.1_spacer_3	virome_phage_181	80.769	26	5	0	7	32	89	114	0.76	26.9
Serratia_GCF_900108835.1_spacer_3	total_phage_783	90.000	20	2	0	9	28	2443	2462	0.76	26.9
Serratia_GCF_900108835.1_spacer_3	total_phage_729	90.000	20	2	0	11	30	18735	18716	0.76	26.9
Serratia_GCF_900108835.1_spacer_3	total_phage_188	83.333	24	4	0	5	28	13622	13599	0.76	26.9
Serratia_GCF_900108835.1_spacer_4	virome_phage_858	92.593	27	2	0	5	31	5877	5851	3.46e-04	38.0
Serratia_GCF_900108835.1_spacer_4	virome_phage_2303	92.593	27	2	0	5	31	3165	3191	3.46e-04	38.0
Serratia_GCF_900108835.1_spacer_4	virome_phage_2297	92.593	27	2	0	5	31	8380	8406	3.46e-04	38.0
Serratia_GCF_900108835.1_spacer_4	virome_phage_2288	88.889	27	3	0	5	31	37217	37191	0.003	34.9
Serratia_GCF_900108835.1_spacer_4	total_phage_793	88.889	27	3	0	5	31	37	63	0.003	34.9
Serratia_GCF_900108835.1_spacer_4	total_phage_294	88.889	27	3	0	5	31	51143	51169	0.003	34.9
Serratia_GCF_900108835.1_spacer_4	total_phage_233	88.889	27	3	0	5	31	74512	74538	0.003	34.9
Serratia_GCF_900108835.1_spacer_4	virome_phage_2324	85.714	28	4	0	5	32	32736	32709	0.009	33.3
Serratia_GCF_900108835.1_spacer_4	virome_phage_776	88.000	25	3	0	7	31	11534	11510	0.028	31.7
Serratia_GCF_900108835.1_spacer_4	virome_phage_818	84.615	26	4	0	7	32	31065	31090	0.084	30.1
Serratia_GCF_900108835.1_spacer_4	virome_phage_792	84.615	26	4	0	6	31	7044	7069	0.084	30.1
Serratia_GCF_900108835.1_spacer_4	virome_phage_83	90.476	21	2	0	11	31	26608	26588	0.25	28.5
Serratia_GCF_900108835.1_spacer_4	total_phage_414	86.957	23	3	0	10	32	47162	47184	0.25	28.5
Serratia_GCF_900108835.1_spacer_4	total_phage_362	90.476	21	2	0	11	31	44167	44187	0.25	28.5
Serratia_GCF_900108835.1_spacer_4	total_phage_244	90.476	21	2	0	11	31	22349	22329	0.25	28.5
Serratia_GCF_900108835.1_spacer_4	total_phage_175	90.476	21	2	0	11	31	4570	4550	0.25	28.5
Serratia_GCF_900108835.1_spacer_4	virome_phage_786	100.000	16	0	0	15	30	3010	2995	0.76	26.9
Serratia_GCF_900108835.1_spacer_4	virome_phage_2913	86.364	22	3	0	9	30	1568	1589	0.76	26.9
Serratia_GCF_900108835.1_spacer_4	total_phage_925	86.364	22	3	0	11	32	35349	35370	0.76	26.9
Serratia_GCF_900108835.1_spacer_6	virome_phage_2280	82.143	28	5	0	1	28	20943	20970	0.084	30.1
Serratia_GCF_900108835.1_spacer_7	virome_phage_858	90.000	20	2	0	1	20	1903	1884	0.76	26.9
Serratia_GCF_900108835.1_spacer_7	virome_phage_2297	90.000	20	2	0	1	20	11113	11132	0.76	26.9
Serratia_GCF_900108835.1_spacer_7	virome_phage_127	78.571	28	6	0	3	30	13771	13744	0.76	26.9
Serratia_GCF_900108835.1_spacer_7	virome_phage_120	90.000	20	2	0	4	23	10400	10419	0.76	26.9
Serratia_GCF_900108835.1_spacer_8	total_phage_106	76.667	30	7	0	3	32	14144	14173	0.76	26.9
Serratia_GCF_900108835.1_spacer_9	virome_phage_96	93.750	32	2	0	1	32	17878	17847	1.42e-06	46.0
Serratia_GCF_900108835.1_spacer_9	virome_phage_808	84.000	25	4	0	7	31	33432	33456	0.25	28.5
Serratia_GCF_900108835.1_spacer_10	virome_phage_2914	93.750	32	2	0	1	32	20146	20177	1.42e-06	46.0
Serratia_GCF_900108835.1_spacer_10	virome_phage_781	85.185	27	4	0	2	28	26173	26199	0.028	31.7
Serratia_GCF_900108835.1_spacer_11	virome_phage_809	84.000	25	4	0	5	29	6223	6247	0.25	28.5
Serratia_GCF_900108835.1_spacer_11	total_phage_95	79.310	29	6	0	2	30	70279	70251	0.25	28.5
Serratia_GCF_900108835.1_spacer_11	virome_phage_820	90.000	20	2	0	5	24	4576	4557	0.76	26.9
Serratia_GCF_900108835.1_spacer_11	virome_phage_766	83.333	24	4	0	5	28	20613	20590	0.76	26.9
Serratia_GCF_900108835.1_spacer_11	virome_phage_2269	83.333	24	4	0	6	29	136351	136328	0.76	26.9
Serratia_GCF_900108835.1_spacer_12	virome_phage_813	77.419	31	7	0	1	31	25611	25581	0.25	28.5
Serratia_GCF_900108835.1_spacer_12	total_phage_790	84.000	25	4	0	1	25	73372	73396	0.25	28.5
Serratia_GCF_900108835.1_spacer_12	virome_phage_78	76.667	30	7	0	1	30	27468	27439	0.76	26.9
Serratia_GCF_900108835.1_spacer_12	virome_phage_51	86.364	22	3	0	5	26	15924	15945	0.76	26.9
Serratia_GCF_900108835.1_spacer_13	virome_phage_2255	91.304	23	2	0	3	25	47778	47756	0.028	31.7
Serratia_GCF_900108835.1_spacer_13	virome_phage_67	86.957	23	3	0	8	30	8878	8856	0.25	28.5
Serratia_GCF_900108835.1_spacer_13	virome_phage_94	83.333	24	4	0	1	24	27119	27096	0.76	26.9
Serratia_GCF_900108835.1_spacer_13	virome_phage_813	94.444	18	1	0	7	24	17256	17273	0.76	26.9
Serratia_GCF_900108835.1_spacer_13	virome_phage_769	80.769	26	5	0	1	26	28680	28705	0.76	26.9
Serratia_GCF_900108835.1_spacer_13	virome_phage_38	100.000	16	0	0	6	21	19801	19786	0.76	26.9
Serratia_GCF_900108835.1_spacer_13	virome_phage_2290	80.769	26	5	0	1	26	35117	35142	0.76	26.9
Serratia_GCF_900108835.1_spacer_13	virome_phage_2	78.571	28	6	0	1	28	35513	35540	0.76	26.9
Serratia_GCF_900108835.1_spacer_14	virome_phage_798	81.481	27	5	0	3	29	19185	19159	0.25	28.5
Serratia_GCF_900108835.1_spacer_14	total_phage_113	81.481	27	5	0	3	29	12603	12577	0.25	28.5
Serratia_GCF_900108835.1_spacer_15	virome_phage_840	100.000	17	0	0	9	25	4242	4226	0.25	28.5
Serratia_GCF_900108835.1_spacer_15	virome_phage_1849	100.000	17	0	0	15	31	349	333	0.25	28.5
Serratia_GCF_900108835.1_spacer_15	total_phage_306	81.481	27	5	0	6	32	21308	21282	0.25	28.5
Serratia_GCF_900108835.1_spacer_16	virome_phage_741	80.645	31	6	0	2	32	11857	11827	0.028	31.7
Serratia_GCF_900108835.1_spacer_16	virome_phage_796	87.500	24	3	0	6	29	30272	30249	0.084	30.1
Serratia_GCF_900108835.1_spacer_16	virome_phage_41	80.000	30	6	0	2	31	22421	22392	0.084	30.1
Serratia_GCF_900108835.1_spacer_16	virome_phage_41	77.419	31	7	0	2	32	22430	22400	0.25	28.5
Serratia_GCF_900108835.1_spacer_16	virome_phage_41	77.419	31	7	0	2	32	22439	22409	0.25	28.5
Serratia_GCF_900108835.1_spacer_16	virome_phage_41	77.419	31	7	0	2	32	22448	22418	0.25	28.5
Serratia_GCF_900108835.1_spacer_16	virome_phage_41	77.419	31	7	0	2	32	22457	22427	0.25	28.5
Serratia_GCF_900108835.1_spacer_16	virome_phage_41	77.419	31	7	0	2	32	22466	22436	0.25	28.5
Serratia_GCF_900108835.1_spacer_16	virome_phage_41	77.419	31	7	0	2	32	22475	22445	0.25	28.5
Serratia_GCF_900108835.1_spacer_16	virome_phage_41	75.000	32	8	0	1	32	22485	22454	0.76	26.9
Serratia_GCF_900108835.1_spacer_16	total_phage_95	87.500	24	3	0	7	30	67667	67690	0.084	30.1
Serratia_GCF_900108835.1_spacer_16	virome_phage_906	79.310	29	6	0	1	29	19801	19829	0.25	28.5
Serratia_GCF_900108835.1_spacer_16	virome_phage_865	81.481	27	5	0	3	29	30117	30091	0.25	28.5
Serratia_GCF_900108835.1_spacer_16	virome_phage_854	84.000	25	4	0	8	32	5285	5309	0.25	28.5
Serratia_GCF_900108835.1_spacer_16	virome_phage_839	90.476	21	2	0	10	30	9736	9716	0.25	28.5
Serratia_GCF_900108835.1_spacer_16	virome_phage_2335	90.476	21	2	0	10	30	26593	26613	0.25	28.5
Serratia_GCF_900108835.1_spacer_16	virome_phage_22	90.476	21	2	0	1	21	13994	14014	0.25	28.5
Serratia_GCF_900108835.1_spacer_16	virome_phage_837	86.364	22	3	0	8	29	14993	14972	0.76	26.9
Serratia_GCF_900108835.1_spacer_16	virome_phage_828	86.364	22	3	0	9	30	33343	33364	0.76	26.9
Serratia_GCF_900108835.1_spacer_16	virome_phage_780	76.667	30	7	0	1	30	33802	33773	0.76	26.9
Serratia_GCF_900108835.1_spacer_16	virome_phage_780	76.667	30	7	0	1	30	33868	33839	0.76	26.9
Serratia_GCF_900108835.1_spacer_16	virome_phage_780	76.667	30	7	0	1	30	33901	33872	0.76	26.9
Serratia_GCF_900108835.1_spacer_16	virome_phage_60	94.444	18	1	0	2	19	6507	6490	0.76	26.9
Serratia_GCF_900108835.1_spacer_16	virome_phage_2301	83.333	24	4	0	7	30	12156	12133	0.76	26.9
Serratia_GCF_900108835.1_spacer_16	virome_phage_2255	76.667	30	7	0	2	31	42852	42823	0.76	26.9
Serratia_GCF_900108835.1_spacer_16	virome_phage_158	78.571	28	6	0	2	29	1856	1829	0.76	26.9
Serratia_GCF_900108835.1_spacer_16	virome_phage_155	94.444	18	1	0	2	19	10288	10271	0.76	26.9
Serratia_GCF_900108835.1_spacer_16	virome_phage_123	86.364	22	3	0	8	29	15968	15947	0.76	26.9
Serratia_GCF_900108835.1_spacer_16	virome_phage_104	90.000	20	2	0	11	30	19180	19199	0.76	26.9
Serratia_GCF_900108835.1_spacer_16	total_phage_926	78.571	28	6	0	3	30	84760	84733	0.76	26.9
Serratia_GCF_900108835.1_spacer_16	total_phage_497	78.571	28	6	0	2	29	16803	16776	0.76	26.9
Serratia_GCF_900108835.1_spacer_16	total_phage_478	78.571	28	6	0	2	29	12128	12101	0.76	26.9
Serratia_GCF_900108835.1_spacer_18	virome_phage_2310	75.758	33	8	0	1	33	23225	23193	0.25	28.5
Serratia_GCF_900108835.1_spacer_18	virome_phage_826	83.333	24	4	0	3	26	12347	12324	0.76	26.9
Serratia_GCF_900108835.1_spacer_18	virome_phage_68	86.364	22	3	0	7	28	35252	35273	0.76	26.9
Serratia_GCF_900108835.1_spacer_18	total_phage_371	75.000	32	8	0	1	32	23368	23337	0.76	26.9
Serratia_GCF_900108835.1_spacer_18	total_phage_187	80.769	26	5	0	1	26	42064	42089	0.76	26.9
Serratia_GCF_900108835.1_spacer_20	total_phage_361	83.333	24	4	0	3	26	18230	18207	0.76	26.9
Serratia_GCF_900108835.1_spacer_21	virome_phage_36	86.364	22	3	0	10	31	43980	44001	0.76	26.9
Serratia_GCF_900108835.1_spacer_22	virome_phage_949	87.500	24	3	0	6	29	5818	5841	0.084	30.1
Serratia_GCF_900108835.1_spacer_22	virome_phage_76	80.769	26	5	0	4	29	25300	25325	0.76	26.9
Serratia_GCF_900108835.1_spacer_22	virome_phage_24	100.000	16	0	0	13	28	39086	39101	0.76	26.9
Serratia_GCF_900108835.1_spacer_22	virome_phage_160	83.333	24	4	0	6	29	12871	12848	0.76	26.9
Serratia_GCF_900108835.1_spacer_22	total_phage_697	94.444	18	1	0	12	29	3607	3590	0.76	26.9
Serratia_GCF_900108835.1_spacer_23	virome_phage_913	82.143	28	5	0	3	30	1740	1713	0.084	30.1
Serratia_GCF_900108835.1_spacer_23	virome_phage_974	100.000	17	0	0	4	20	14064	14048	0.25	28.5
Serratia_GCF_900108835.1_spacer_23	virome_phage_15	90.000	20	2	0	4	23	53003	52984	0.76	26.9
Serratia_GCF_900108835.1_spacer_23	total_phage_729	83.333	24	4	0	1	24	181087	181064	0.76	26.9
Serratia_GCF_900108835.1_spacer_23	total_phage_604	78.571	28	6	0	4	31	23275	23302	0.76	26.9
Serratia_GCF_900108835.1_spacer_23	total_phage_525	78.571	28	6	0	4	31	12582	12609	0.76	26.9
Serratia_GCF_900108835.1_spacer_23	total_phage_366	78.571	28	6	0	5	32	11220	11193	0.76	26.9
Serratia_GCF_900108835.1_spacer_24	total_phage_453	77.419	31	7	0	2	32	13364	13334	0.25	28.5
Serratia_GCF_900108835.1_spacer_24	virome_phage_98	86.364	22	3	0	7	28	20294	20273	0.76	26.9
Serratia_GCF_900108835.1_spacer_24	virome_phage_816	83.333	24	4	0	1	24	20342	20319	0.76	26.9
Serratia_GCF_900108835.1_spacer_25	virome_phage_2300	87.500	32	4	0	1	32	23327	23358	1.15e-04	39.6
Serratia_GCF_900108835.1_spacer_25	virome_phage_2366	78.125	32	7	0	1	32	11697	11728	0.084	30.1
Serratia_GCF_900108835.1_spacer_25	virome_phage_861	83.333	24	4	0	9	32	29993	30016	0.76	26.9
Serratia_GCF_900108835.1_spacer_25	virome_phage_2303	80.769	26	5	0	6	31	33544	33519	0.76	26.9
Serratia_GCF_900108835.1_spacer_25	total_phage_417	80.769	26	5	0	6	31	16631	16606	0.76	26.9
Serratia_GCF_900108835.1_spacer_26	virome_phage_2400	86.364	22	3	0	7	28	14091	14070	0.76	26.9
Serratia_GCF_900108835.1_spacer_26	virome_phage_2269	80.769	26	5	0	2	27	33038	33063	0.76	26.9
Serratia_GCF_900108835.1_spacer_27	virome_phage_31	78.571	28	6	0	5	32	45544	45517	0.76	26.9
Serratia_GCF_900108835.1_spacer_27	total_phage_308	80.769	26	5	0	5	30	13013	12988	0.76	26.9
Serratia_GCF_900108835.1_spacer_28	virome_phage_736	77.419	31	7	0	2	32	85425	85455	0.25	28.5
Serratia_GCF_900108835.1_spacer_28	total_phage_664	100.000	16	0	0	2	17	14808	14823	0.76	26.9
Serratia_GCF_900108835.1_spacer_29	virome_phage_2912	78.125	32	7	0	1	32	33222	33191	0.084	30.1
Serratia_GCF_900108835.1_spacer_29	total_phage_605	90.000	20	2	0	1	20	2993	3012	0.76	26.9
Serratia_GCF_900108835.1_spacer_30	virome_phage_908	86.364	22	3	0	8	29	8787	8808	0.76	26.9
Serratia_GCF_900108835.1_spacer_30	virome_phage_76	86.364	22	3	0	1	22	18264	18285	0.76	26.9
Serratia_GCF_900108835.1_spacer_30	virome_phage_735	90.000	20	2	0	2	21	17933	17914	0.76	26.9
Serratia_GCF_900108835.1_spacer_30	total_phage_793	100.000	16	0	0	12	27	5346	5361	0.76	26.9
Serratia_GCF_900108835.1_spacer_30	total_phage_786	80.769	26	5	0	3	28	15438	15413	0.76	26.9
Serratia_GCF_900108835.1_spacer_31	total_phage_172	86.957	23	3	0	6	28	13155	13177	0.25	28.5
Serratia_GCF_900108835.1_spacer_31	virome_phage_808	83.333	24	4	0	2	25	18066	18043	0.76	26.9
Serratia_GCF_900108835.1_spacer_32	virome_phage_2325	82.759	29	5	0	2	30	4309	4337	0.028	31.7
Serratia_GCF_900108835.1_spacer_32	virome_phage_828	87.500	24	3	0	9	32	25326	25303	0.084	30.1
Serratia_GCF_900108835.1_spacer_32	virome_phage_785	87.500	24	3	0	9	32	26175	26152	0.084	30.1
Serratia_GCF_900108835.1_spacer_32	virome_phage_925	81.481	27	5	0	1	27	5928	5902	0.25	28.5
Serratia_GCF_900108835.1_spacer_32	virome_phage_70	90.476	21	2	0	3	23	37335	37355	0.25	28.5
Serratia_GCF_900108835.1_spacer_32	virome_phage_17	84.000	25	4	0	7	31	4383	4407	0.25	28.5
Serratia_GCF_900108835.1_spacer_32	total_phage_786	94.737	19	1	0	8	26	46237	46255	0.25	28.5
Serratia_GCF_900108835.1_spacer_32	total_phage_249	90.476	21	2	0	12	32	15260	15240	0.25	28.5
Serratia_GCF_900108835.1_spacer_32	virome_phage_912	86.364	22	3	0	11	32	20737	20758	0.76	26.9
Serratia_GCF_900108835.1_spacer_32	virome_phage_855	80.769	26	5	0	7	32	31637	31662	0.76	26.9
Serratia_GCF_900108835.1_spacer_32	virome_phage_839	83.333	24	4	0	9	32	17751	17774	0.76	26.9
Serratia_GCF_900108835.1_spacer_32	virome_phage_834	80.769	26	5	0	1	26	23870	23845	0.76	26.9
Serratia_GCF_900108835.1_spacer_32	virome_phage_771	94.444	18	1	0	3	20	9873	9890	0.76	26.9
Serratia_GCF_900108835.1_spacer_32	virome_phage_2353	90.000	20	2	0	13	32	9124	9143	0.76	26.9
Serratia_GCF_900108835.1_spacer_32	virome_phage_2333	78.571	28	6	0	5	32	8459	8486	0.76	26.9
Serratia_GCF_900108835.1_spacer_32	virome_phage_2304	86.364	22	3	0	11	32	39886	39907	0.76	26.9
Serratia_GCF_900108835.1_spacer_32	virome_phage_10	90.000	20	2	0	13	32	69953	69972	0.76	26.9
Serratia_GCF_900108835.1_spacer_32	total_phage_99	75.000	32	8	0	1	32	7859	7828	0.76	26.9
Serratia_GCF_900108835.1_spacer_32	total_phage_804	90.000	20	2	0	13	32	11649	11668	0.76	26.9
Serratia_GCF_900108835.1_spacer_32	total_phage_795	83.333	24	4	0	7	30	26683	26660	0.76	26.9
Serratia_GCF_900108835.1_spacer_32	total_phage_735	83.333	24	4	0	9	32	23475	23452	0.76	26.9
Serratia_GCF_900108835.1_spacer_32	total_phage_730	90.000	20	2	0	13	32	116775	116756	0.76	26.9
Serratia_GCF_900108835.1_spacer_32	total_phage_729	94.444	18	1	0	8	25	89255	89238	0.76	26.9
Serratia_GCF_900108835.1_spacer_33	virome_phage_127	79.310	29	6	0	3	31	11912	11884	0.25	28.5
Serratia_GCF_900108835.1_spacer_33	total_phage_926	94.737	19	1	0	14	32	19433	19415	0.25	28.5
Serratia_GCF_900108835.1_spacer_33	virome_phage_856	86.364	22	3	0	9	30	17410	17431	0.76	26.9
Serratia_GCF_900108835.1_spacer_34	virome_phage_832	90.000	20	2	0	5	24	15465	15484	0.76	26.9
Serratia_GCF_900108835.1_spacer_35	virome_phage_806	95.000	20	1	0	13	32	27602	27583	0.084	30.1
Serratia_GCF_900108835.1_spacer_35	virome_phage_2306	79.310	29	6	0	3	31	15058	15030	0.25	28.5
Serratia_GCF_900108835.1_spacer_36	virome_phage_893	88.000	25	3	0	1	25	19477	19501	0.028	31.7
Serratia_GCF_900108835.1_spacer_36	virome_phage_2295	79.310	29	6	0	1	29	30574	30546	0.25	28.5
Serratia_GCF_900108835.1_spacer_36	total_phage_95	86.957	23	3	0	1	23	11622	11600	0.25	28.5
Serratia_GCF_900108835.1_spacer_36	virome_phage_909	83.333	24	4	0	3	26	2772	2795	0.76	26.9
Serratia_GCF_900108835.1_spacer_36	virome_phage_808	83.333	24	4	0	3	26	30917	30940	0.76	26.9
Serratia_GCF_900108835.1_spacer_36	virome_phage_45	86.364	22	3	0	2	23	14719	14740	0.76	26.9
Serratia_GCF_900108835.1_spacer_36	virome_phage_2372	83.333	24	4	0	3	26	3549	3572	0.76	26.9
Serratia_GCF_900108835.1_spacer_36	virome_phage_2355	83.333	24	4	0	3	26	3450	3473	0.76	26.9
Serratia_GCF_900108835.1_spacer_36	virome_phage_10	94.444	18	1	0	15	32	66453	66436	0.76	26.9
Serratia_GCF_900108835.1_spacer_36	total_phage_808	83.333	24	4	0	3	26	15336	15313	0.76	26.9
Serratia_GCF_900108835.1_spacer_37	virome_phage_1	80.769	26	5	0	2	27	92739	92714	0.76	26.9
Serratia_GCF_900108835.1_spacer_38	total_phage_172	90.476	21	2	0	11	31	16642	16622	0.25	28.5
Serratia_GCF_900108835.1_spacer_38	virome_phage_875	86.364	22	3	0	9	30	24248	24227	0.76	26.9
Serratia_GCF_900108835.1_spacer_38	virome_phage_810	94.444	18	1	0	1	18	26509	26492	0.76	26.9
Serratia_GCF_900108835.1_spacer_38	virome_phage_738	90.000	20	2	0	12	31	131217	131198	0.76	26.9
Serratia_GCF_900108835.1_spacer_38	total_phage_795	78.571	28	6	0	4	31	24013	24040	0.76	26.9
Serratia_GCF_900108835.1_spacer_39	virome_phage_2281	82.143	28	5	0	1	28	15742	15769	0.084	30.1
Serratia_GCF_900108835.1_spacer_40	virome_phage_2270	94.444	18	1	0	8	25	34085	34068	0.76	26.9
Serratia_GCF_900108835.1_spacer_40	virome_phage_2	80.769	26	5	0	6	31	51616	51641	0.76	26.9
Serratia_GCF_900108835.1_spacer_40	total_phage_804	80.769	26	5	0	6	31	2788	2813	0.76	26.9
Serratia_GCF_900108835.1_spacer_41	virome_phage_904	83.333	24	4	0	2	25	3941	3964	0.76	26.9
Serratia_GCF_900108835.1_spacer_41	virome_phage_2914	76.667	30	7	0	3	32	18473	18444	0.76	26.9
Serratia_GCF_900108835.1_spacer_41	virome_phage_2270	86.364	22	3	0	1	22	199561	199540	0.76	26.9
Serratia_GCF_900108835.1_spacer_42	total_phage_370	86.957	23	3	0	3	25	21147	21169	0.25	28.5
Serratia_GCF_900108835.1_spacer_42	virome_phage_755	76.667	30	7	0	2	31	15588	15617	0.76	26.9
Serratia_GCF_900108835.1_spacer_42	virome_phage_2278	76.667	30	7	0	2	31	60090	60119	0.76	26.9
Serratia_GCF_900108835.1_spacer_44	virome_phage_4	100.000	19	0	0	8	26	26309	26291	0.028	31.7
Serratia_GCF_900108835.1_spacer_44	virome_phage_742	79.310	29	6	0	3	31	25850	25822	0.25	28.5
Serratia_GCF_900108835.1_spacer_44	virome_phage_738	94.737	19	1	0	8	26	70306	70324	0.25	28.5
Serratia_GCF_900108835.1_spacer_44	virome_phage_21	84.000	25	4	0	7	31	11355	11331	0.25	28.5
Serratia_GCF_900108835.1_spacer_44	total_phage_730	94.737	19	1	0	8	26	40536	40554	0.25	28.5
Serratia_GCF_900108835.1_spacer_45	virome_phage_856	78.571	28	6	0	5	32	18848	18821	0.76	26.9
Serratia_GCF_900108835.1_spacer_45	virome_phage_18	100.000	16	0	0	3	18	30755	30740	0.76	26.9
Serratia_GCF_900108835.1_spacer_46	virome_phage_80	80.769	26	5	0	6	31	33500	33525	0.76	26.9
Serratia_GCF_900108835.1_spacer_46	virome_phage_2286	83.333	24	4	0	1	24	15554	15577	0.76	26.9
Serratia_GCF_900108835.1_spacer_46	total_phage_115	86.364	22	3	0	11	32	16893	16872	0.76	26.9
Serratia_GCF_900108835.1_spacer_47	virome_phage_2290	90.476	21	2	0	11	31	5381	5401	0.25	28.5
Serratia_GCF_900108835.1_spacer_47	virome_phage_789	86.364	22	3	0	10	31	41385	41364	0.76	26.9
Serratia_GCF_900108835.1_spacer_47	virome_phage_67	90.000	20	2	0	11	30	39806	39787	0.76	26.9
Serratia_GCF_900108835.1_spacer_47	total_phage_243	90.000	20	2	0	11	30	4064	4083	0.76	26.9
Serratia_GCF_900108835.1_spacer_48	virome_phage_794	80.769	26	5	0	1	26	20643	20618	0.76	26.9
Serratia_GCF_900108835.1_spacer_48	virome_phage_63	86.364	22	3	0	3	24	6476	6455	0.76	26.9
Serratia_GCF_900108835.1_spacer_48	virome_phage_34	90.000	20	2	0	1	20	40289	40308	0.76	26.9
Serratia_GCF_900108835.1_spacer_48	total_phage_790	83.333	24	4	0	5	28	93197	93174	0.76	26.9
Serratia_GCF_900108835.1_spacer_49	virome_phage_811	87.500	24	3	0	5	28	36981	37004	0.084	30.1
Serratia_GCF_900108835.1_spacer_49	virome_phage_71	81.481	27	5	0	4	30	10559	10585	0.25	28.5
Serratia_GCF_900108835.1_spacer_49	total_phage_785	81.481	27	5	0	1	27	2389	2415	0.25	28.5
Serratia_GCF_900108835.1_spacer_50	virome_phage_858	88.000	25	3	0	6	30	23006	23030	0.028	31.7
Serratia_GCF_900108835.1_spacer_50	virome_phage_2297	88.000	25	3	0	6	30	36261	36237	0.028	31.7
Serratia_GCF_900108835.1_spacer_50	virome_phage_904	83.333	24	4	0	1	24	4728	4705	0.76	26.9
Serratia_GCF_900108835.1_spacer_50	virome_phage_8	75.000	32	8	0	1	32	22274	22305	0.76	26.9
Serratia_GCF_900108835.1_spacer_50	virome_phage_2269	86.364	22	3	0	2	23	206523	206502	0.76	26.9
Serratia_GCF_900108835.1_spacer_50	total_phage_307	83.333	24	4	0	6	29	25390	25367	0.76	26.9
Serratia_GCF_900108835.1_spacer_51	total_phage_246	100.000	18	0	0	14	31	15069	15052	0.084	30.1
Serratia_GCF_900108835.1_spacer_51	virome_phage_7	90.476	21	2	0	8	28	70222	70242	0.25	28.5
Serratia_GCF_900108835.1_spacer_51	virome_phage_829	76.667	30	7	0	3	32	17718	17689	0.76	26.9
Serratia_GCF_900108835.1_spacer_51	virome_phage_766	90.000	20	2	0	10	29	10096	10077	0.76	26.9
Serratia_GCF_900108835.1_spacer_51	virome_phage_759	90.000	20	2	0	11	30	40961	40980	0.76	26.9
Serratia_GCF_900108835.1_spacer_51	virome_phage_39	83.333	24	4	0	3	26	35390	35413	0.76	26.9
Serratia_GCF_900108835.1_spacer_51	total_phage_800	94.444	18	1	0	13	30	691	674	0.76	26.9
Serratia_GCF_900108835.1_spacer_51	total_phage_731	94.444	18	1	0	13	30	51258	51275	0.76	26.9
Serratia_GCF_900108835.1_spacer_51	total_phage_415	94.444	18	1	0	13	30	32525	32542	0.76	26.9
Serratia_GCF_900108835.1_spacer_51	total_phage_4	94.444	18	1	0	13	30	28199	28216	0.76	26.9
Serratia_GCF_900108835.1_spacer_51	total_phage_368	94.444	18	1	0	13	30	10469	10452	0.76	26.9
Serratia_GCF_900108835.1_spacer_51	total_phage_2	83.333	24	4	0	3	26	6346	6323	0.76	26.9
Serratia_GCF_900108835.1_spacer_51	total_phage_123	94.444	18	1	0	13	30	10480	10497	0.76	26.9
Serratia_GCF_900108835.1_spacer_52	total_phage_232	84.000	25	4	0	7	31	9418	9442	0.25	28.5
Serratia_GCF_900108835.1_spacer_52	virome_phage_61	78.571	28	6	0	2	29	24989	24962	0.76	26.9
Serratia_GCF_900108835.1_spacer_53	virome_phage_96	78.125	32	7	0	1	32	18574	18543	0.084	30.1
Serratia_GCF_900108835.1_spacer_53	virome_phage_791	78.125	32	7	0	1	32	31064	31033	0.084	30.1
Serratia_GCF_900108835.1_spacer_53	total_phage_926	90.000	20	2	0	13	32	45710	45691	0.76	26.9
Serratia_GCF_900108835.1_spacer_53	total_phage_3	94.444	18	1	0	8	25	24543	24526	0.76	26.9
Serratia_GCF_900108835.1_spacer_54	virome_phage_80	78.571	28	6	0	1	28	13549	13576	0.76	26.9
Serratia_GCF_900108835.1_spacer_54	virome_phage_761	100.000	16	0	0	15	30	43217	43202	0.76	26.9
Serratia_GCF_900108835.1_spacer_54	virome_phage_758	80.769	26	5	0	1	26	45193	45168	0.76	26.9
Serratia_GCF_900108835.1_spacer_55	virome_phage_2914	100.000	32	0	0	1	32	4356	4325	1.76e-08	52.3
Serratia_GCF_900108835.1_spacer_55	virome_phage_45	87.500	24	3	0	9	32	40488	40465	0.084	30.1
Serratia_GCF_900108835.1_spacer_55	virome_phage_820	77.419	31	7	0	1	31	18680	18710	0.25	28.5
Serratia_GCF_900108835.1_spacer_55	virome_phage_820	76.667	30	7	0	2	31	1342	1371	0.76	26.9
Serratia_GCF_900108835.1_spacer_55	total_phage_366	81.481	27	5	0	2	28	1243	1269	0.25	28.5
Serratia_GCF_900108835.1_spacer_55	virome_phage_2313	94.444	18	1	0	2	19	29858	29875	0.76	26.9
Serratia_GCF_900108835.1_spacer_55	total_phage_782	94.444	18	1	0	10	27	28166	28183	0.76	26.9
Serratia_GCF_900108835.1_spacer_56	virome_phage_2270	100.000	17	0	0	7	23	87789	87773	0.25	28.5
Serratia_GCF_900108835.1_spacer_57	virome_phage_2292	85.714	28	4	0	2	29	4724	4751	0.009	33.3
Serratia_GCF_900108835.1_spacer_57	virome_phage_832	77.419	31	7	0	1	31	34835	34865	0.25	28.5
Serratia_GCF_900108835.1_spacer_57	virome_phage_766	94.737	19	1	0	14	32	26499	26481	0.25	28.5
Serratia_GCF_900108835.1_spacer_57	virome_phage_2282	86.957	23	3	0	4	26	47169	47191	0.25	28.5
Serratia_GCF_900108835.1_spacer_57	virome_phage_842	90.000	20	2	0	6	25	19463	19482	0.76	26.9
Serratia_GCF_900108835.1_spacer_57	virome_phage_767	90.000	20	2	0	10	29	37026	37007	0.76	26.9
Serratia_GCF_900108835.1_spacer_57	total_phage_3	90.000	20	2	0	6	25	16474	16455	0.76	26.9
Serratia_GCF_900108835.1_spacer_58	virome_phage_2300	93.750	32	2	0	1	32	13158	13189	1.42e-06	46.0
Serratia_GCF_900108835.1_spacer_58	virome_phage_151	100.000	17	0	0	12	28	2695	2679	0.25	28.5
Serratia_GCF_900108835.1_spacer_58	virome_phage_862	100.000	16	0	0	16	31	2608	2623	0.76	26.9
Serratia_GCF_900108835.1_spacer_58	virome_phage_52	100.000	16	0	0	6	21	23753	23768	0.76	26.9
Serratia_GCF_900108835.1_spacer_58	virome_phage_41	78.571	28	6	0	4	31	40905	40878	0.76	26.9
Serratia_GCF_900108835.1_spacer_59	total_phage_9	90.476	21	2	0	3	23	20680	20700	0.25	28.5
Serratia_GCF_900108835.1_spacer_60	virome_phage_734	79.310	29	6	0	4	32	127628	127656	0.25	28.5
Serratia_GCF_900108835.1_spacer_62	virome_phage_871	90.476	21	2	0	9	29	25095	25115	0.25	28.5
Serratia_GCF_900108835.1_spacer_62	virome_phage_787	90.476	21	2	0	12	32	35783	35803	0.25	28.5
Serratia_GCF_900108835.1_spacer_62	virome_phage_784	86.957	23	3	0	9	31	17192	17170	0.25	28.5
Serratia_GCF_900108835.1_spacer_62	total_phage_0	79.310	29	6	0	3	31	16158	16130	0.25	28.5
Serratia_GCF_900108835.1_spacer_62	virome_phage_810	86.364	22	3	0	2	23	17069	17048	0.76	26.9
Serratia_GCF_900108835.1_spacer_62	virome_phage_2333	86.364	22	3	0	11	32	22985	23006	0.76	26.9
Serratia_GCF_900108835.1_spacer_63	total_phage_803	80.645	31	6	0	1	31	19886	19856	0.028	31.7
Serratia_GCF_900108835.1_spacer_63	virome_phage_2320	77.419	31	7	0	1	31	20172	20142	0.25	28.5
Serratia_GCF_900108835.1_spacer_63	virome_phage_1	79.310	29	6	0	3	31	158357	158385	0.25	28.5
Serratia_GCF_900108835.1_spacer_63	total_phage_783	77.419	31	7	0	1	31	19614	19584	0.25	28.5
Serratia_GCF_900108835.1_spacer_63	total_phage_663	90.476	21	2	0	12	32	30663	30683	0.25	28.5
Serratia_GCF_900108835.1_spacer_63	total_phage_637	90.476	21	2	0	12	32	27397	27417	0.25	28.5
Serratia_GCF_900108835.1_spacer_63	virome_phage_804	94.444	18	1	0	5	22	34271	34254	0.76	26.9
Serratia_GCF_900108835.1_spacer_63	virome_phage_2357	78.571	28	6	0	3	30	4735	4762	0.76	26.9
Serratia_GCF_900108835.1_spacer_65	total_phage_415	80.645	31	6	0	2	32	5565	5595	0.028	31.7
Serratia_GCF_900108835.1_spacer_65	virome_phage_2355	94.737	19	1	0	1	19	14883	14865	0.25	28.5
Serratia_GCF_900108835.1_spacer_65	virome_phage_2347	94.737	19	1	0	1	19	12383	12401	0.25	28.5
Serratia_GCF_900108835.1_spacer_65	virome_phage_23	79.310	29	6	0	1	29	7694	7666	0.25	28.5
Serratia_GCF_900108835.1_spacer_65	virome_phage_2269	86.957	23	3	0	8	30	74757	74735	0.25	28.5
Serratia_GCF_900108835.1_spacer_65	virome_phage_107	94.737	19	1	0	1	19	19855	19873	0.25	28.5
Serratia_GCF_900108835.1_spacer_65	total_phage_808	94.737	19	1	0	1	19	3903	3921	0.25	28.5
Serratia_GCF_900108835.1_spacer_65	virome_phage_765	80.769	26	5	0	2	27	660	685	0.76	26.9
Serratia_GCF_900108835.1_spacer_65	virome_phage_271	86.364	22	3	0	1	22	4884	4905	0.76	26.9
Serratia_GCF_900108835.1_spacer_65	virome_phage_2624	86.364	22	3	0	1	22	6784	6763	0.76	26.9
Serratia_GCF_900108835.1_spacer_65	virome_phage_22	94.444	18	1	0	12	29	27157	27174	0.76	26.9
Serratia_GCF_900108835.1_spacer_65	total_phage_800	76.667	30	7	0	2	31	26273	26244	0.76	26.9
Serratia_GCF_900108835.1_spacer_65	total_phage_179	94.444	18	1	0	8	25	21080	21063	0.76	26.9
Serratia_GCF_900108835.1_spacer_65	total_phage_115	94.444	18	1	0	2	19	12239	12256	0.76	26.9
Serratia_GCF_900108835.1_spacer_66	total_phage_793	78.571	28	6	0	5	32	4925	4898	0.76	26.9
Serratia_GCF_900108835.1_spacer_67	virome_phage_2914	79.310	29	6	0	3	31	20665	20693	0.25	28.5
Serratia_GCF_900108835.1_spacer_67	virome_phage_813	80.769	26	5	0	1	26	17032	17057	0.76	26.9
Serratia_GCF_900108835.1_spacer_67	virome_phage_735	76.667	30	7	0	3	32	156674	156703	0.76	26.9
Serratia_GCF_900108835.1_spacer_68	virome_phage_2300	93.750	32	2	0	1	32	8843	8874	1.42e-06	46.0
Serratia_GCF_900108835.1_spacer_68	virome_phage_14	87.500	24	3	0	9	32	81702	81725	0.084	30.1
Serratia_GCF_900108835.1_spacer_68	virome_phage_800	84.000	25	4	0	8	32	40912	40888	0.25	28.5
Serratia_GCF_900108835.1_spacer_68	total_phage_796	84.000	25	4	0	8	32	13925	13949	0.25	28.5
Serratia_GCF_900108835.1_spacer_68	total_phage_244	100.000	17	0	0	15	31	2770	2786	0.25	28.5
Serratia_GCF_900108835.1_spacer_68	virome_phage_2368	86.364	22	3	0	11	32	10477	10498	0.76	26.9
Serratia_GCF_900108835.1_spacer_68	total_phage_927	83.333	24	4	0	9	32	81965	81988	0.76	26.9
Serratia_GCF_900108835.1_spacer_68	total_phage_294	90.000	20	2	0	12	31	20290	20309	0.76	26.9
Serratia_GCF_900108835.1_spacer_68	total_phage_188	80.769	26	5	0	7	32	29469	29444	0.76	26.9
Serratia_GCF_900108835.1_spacer_68	total_phage_117	80.769	26	5	0	7	32	13264	13289	0.76	26.9
Serratia_GCF_900108835.1_spacer_69	virome_phage_43	84.000	25	4	0	8	32	26864	26840	0.25	28.5
Serratia_GCF_900108835.1_spacer_69	virome_phage_1507	79.310	29	6	0	3	31	7083	7055	0.25	28.5
Serratia_GCF_900108835.1_spacer_69	virome_phage_810	94.444	18	1	0	15	32	9287	9270	0.76	26.9
Serratia_GCF_900108835.1_spacer_69	virome_phage_51	94.444	18	1	0	15	32	3839	3822	0.76	26.9
Serratia_GCF_900108835.1_spacer_69	virome_phage_2305	90.000	20	2	0	12	31	34434	34415	0.76	26.9
Serratia_GCF_900108835.1_spacer_69	virome_phage_2255	90.000	20	2	0	13	32	4770	4751	0.76	26.9
Serratia_GCF_900108835.1_spacer_70	virome_phage_8	81.481	27	5	0	5	31	43787	43813	0.25	28.5
Serratia_GCF_900108835.1_spacer_70	virome_phage_2400	81.481	27	5	0	2	28	12842	12816	0.25	28.5
Serratia_GCF_900108835.1_spacer_70	total_phage_791	79.310	29	6	0	1	29	399	427	0.25	28.5
Serratia_GCF_900108835.1_spacer_70	total_phage_361	79.310	29	6	0	1	29	39192	39164	0.25	28.5
Serratia_GCF_900108835.1_spacer_70	virome_phage_963	80.769	26	5	0	3	28	5489	5514	0.76	26.9
Serratia_GCF_900108835.1_spacer_70	virome_phage_750	78.571	28	6	0	1	28	958	985	0.76	26.9
Serratia_GCF_900108835.1_spacer_70	virome_phage_748	90.000	20	2	0	7	26	56310	56329	0.76	26.9
Serratia_GCF_900108835.1_spacer_70	virome_phage_2353	80.769	26	5	0	4	29	23566	23541	0.76	26.9
Serratia_GCF_900108835.1_spacer_70	virome_phage_14	83.333	24	4	0	8	31	8449	8426	0.76	26.9
Serratia_GCF_900108835.1_spacer_70	total_phage_729	86.364	22	3	0	4	25	88878	88899	0.76	26.9
Serratia_GCF_900108835.1_spacer_70	total_phage_658	76.667	30	7	0	3	32	54738	54767	0.76	26.9
Serratia_GCF_900108835.1_spacer_70	total_phage_524	83.333	24	4	0	5	28	32401	32424	0.76	26.9
Serratia_GCF_900108835.1_spacer_70	total_phage_445	86.364	22	3	0	6	27	8488	8467	0.76	26.9
Serratia_GCF_900108835.1_spacer_71	total_phage_95	84.000	25	4	0	1	25	102864	102840	0.25	28.5
Serratia_GCF_900108835.1_spacer_71	total_phage_694	80.769	26	5	0	2	27	11255	11280	0.76	26.9
Serratia_GCF_900108835.1_spacer_72	virome_phage_739	95.000	20	1	0	1	20	27466	27447	0.084	30.1
Serratia_GCF_900108835.1_spacer_72	virome_phage_2300	86.957	23	3	0	1	23	38672	38650	0.25	28.5
Serratia_GCF_900108835.1_spacer_72	virome_phage_2300	86.364	22	3	0	1	22	35405	35426	0.76	26.9
Serratia_GCF_900108835.1_spacer_72	virome_phage_2299	86.957	23	3	0	1	23	34717	34739	0.25	28.5
Serratia_GCF_900108835.1_spacer_72	total_phage_791	90.476	21	2	0	4	24	8019	8039	0.25	28.5
Serratia_GCF_900108835.1_spacer_72	virome_phage_936	83.333	24	4	0	2	25	17525	17548	0.76	26.9
Serratia_GCF_900108835.1_spacer_72	virome_phage_71	86.364	22	3	0	5	26	12541	12520	0.76	26.9
Serratia_GCF_900108835.1_spacer_72	total_phage_99	86.364	22	3	0	5	26	20111	20132	0.76	26.9
Serratia_GCF_900108835.1_spacer_72	total_phage_98	86.364	22	3	0	5	26	11841	11820	0.76	26.9
Serratia_GCF_900108835.1_spacer_72	total_phage_369	83.333	24	4	0	2	25	26279	26302	0.76	26.9
Serratia_GCF_900108835.1_spacer_73	virome_phage_909	81.481	27	5	0	4	30	22450	22476	0.25	28.5
Serratia_GCF_900108835.1_spacer_73	virome_phage_893	84.000	25	4	0	6	30	1535	1511	0.25	28.5
Serratia_GCF_900108835.1_spacer_73	virome_phage_71	86.957	23	3	0	9	31	4458	4436	0.25	28.5
Serratia_GCF_900108835.1_spacer_73	virome_phage_2347	81.481	27	5	0	4	30	4330	4304	0.25	28.5
Serratia_GCF_900108835.1_spacer_73	virome_phage_793	75.000	32	8	0	1	32	19257	19288	0.76	26.9
Serratia_GCF_900108835.1_spacer_73	virome_phage_49	90.000	20	2	0	4	23	33455	33474	0.76	26.9
Serratia_GCF_900108835.1_spacer_73	total_phage_303	86.364	22	3	0	8	29	5954	5975	0.76	26.9
Serratia_GCF_900108835.1_spacer_73	virome_phage_740	80.769	26	5	0	4	29	40386	40361	0.76	26.9
Serratia_GCF_900108835.1_spacer_74	virome_phage_2913	79.310	29	6	0	4	32	13792	13764	0.25	28.5
Serratia_GCF_900108835.1_spacer_74	virome_phage_2382	79.310	29	6	0	4	32	14867	14895	0.25	28.5
Serratia_GCF_900108835.1_spacer_74	virome_phage_868	100.000	16	0	0	4	19	19680	19695	0.76	26.9
Serratia_GCF_900108835.1_spacer_74	virome_phage_2	80.769	26	5	0	4	29	130231	130256	0.76	26.9
Serratia_GCF_900108835.1_spacer_75	virome_phage_2300	100.000	23	0	0	1	23	40446	40468	3.46e-04	38.0
Serratia_GCF_900108835.1_spacer_75	virome_phage_2912	95.652	23	1	0	2	24	33258	33280	0.003	34.9
Serratia_GCF_900108835.1_spacer_75	virome_phage_2299	95.652	23	1	0	1	23	33406	33384	0.003	34.9
Serratia_GCF_900108835.1_spacer_75	virome_phage_219	84.615	26	4	0	3	28	8534	8509	0.084	30.1
Serratia_GCF_900108835.1_spacer_75	virome_phage_783	94.737	19	1	0	7	25	8574	8556	0.25	28.5
Serratia_GCF_900108835.1_spacer_75	virome_phage_2346	84.000	25	4	0	5	29	10156	10132	0.25	28.5
Serratia_GCF_900108835.1_spacer_75	virome_phage_2346	94.444	18	1	0	12	29	8581	8598	0.76	26.9
Serratia_GCF_900108835.1_spacer_75	virome_phage_2305	90.476	21	2	0	12	32	17492	17472	0.25	28.5
Serratia_GCF_900108835.1_spacer_75	virome_phage_96	90.000	20	2	0	7	26	15474	15493	0.76	26.9
Serratia_GCF_900108835.1_spacer_75	virome_phage_906	94.444	18	1	0	5	22	21734	21751	0.76	26.9
Serratia_GCF_900108835.1_spacer_75	virome_phage_855	83.333	24	4	0	2	25	313	336	0.76	26.9
Serratia_GCF_900108835.1_spacer_75	virome_phage_809	90.000	20	2	0	8	27	28894	28875	0.76	26.9
Serratia_GCF_900108835.1_spacer_75	virome_phage_788	90.000	20	2	0	8	27	8576	8595	0.76	26.9
Serratia_GCF_900108835.1_spacer_75	virome_phage_769	90.000	20	2	0	7	26	40515	40534	0.76	26.9
Serratia_GCF_900108835.1_spacer_75	virome_phage_76	86.364	22	3	0	10	31	28691	28670	0.76	26.9
Serratia_GCF_900108835.1_spacer_75	virome_phage_740	83.333	24	4	0	4	27	7002	6979	0.76	26.9
Serratia_GCF_900108835.1_spacer_75	virome_phage_67	78.571	28	6	0	1	28	6560	6533	0.76	26.9
Serratia_GCF_900108835.1_spacer_75	virome_phage_2282	76.667	30	7	0	3	32	505	534	0.76	26.9
Serratia_GCF_900108835.1_spacer_75	virome_phage_2282	86.364	22	3	0	3	24	14690	14669	0.76	26.9
Serratia_GCF_900108835.1_spacer_75	virome_phage_2278	86.364	22	3	0	9	30	14249	14228	0.76	26.9
Serratia_GCF_900108835.1_spacer_75	virome_phage_21	83.333	24	4	0	4	27	29323	29346	0.76	26.9
Serratia_GCF_900108835.1_spacer_75	total_phage_809	80.769	26	5	0	3	28	9985	9960	0.76	26.9
Serratia_GCF_900108835.1_spacer_75	total_phage_790	86.364	22	3	0	7	28	2168	2147	0.76	26.9
Serratia_GCF_900108835.1_spacer_76	virome_phage_2380	77.419	31	7	0	1	31	17274	17304	0.25	28.5
Serratia_GCF_900108835.1_spacer_76	virome_phage_172	77.419	31	7	0	1	31	7017	6987	0.25	28.5
Serratia_GCF_900108835.1_spacer_76	total_phage_783	77.419	31	7	0	1	31	26778	26808	0.25	28.5
Serratia_GCF_900108835.1_spacer_76	virome_phage_833	86.364	22	3	0	3	24	18181	18160	0.76	26.9
Serratia_GCF_900108835.1_spacer_76	virome_phage_2286	78.571	28	6	0	3	30	874	901	0.76	26.9
Serratia_GCF_900108835.1_spacer_76	virome_phage_2285	76.667	30	7	0	1	30	50320	50349	0.76	26.9
