Serratia_GCF_015999165.1_spacer_1	total_phage_95	90.000	20	2	0	12	31	49926	49945	0.76	26.9
Serratia_GCF_015999165.1_spacer_2	virome_phage_2496	94.737	19	1	0	4	22	8718	8736	0.25	28.5
Serratia_GCF_015999165.1_spacer_2	virome_phage_2263	94.737	19	1	0	4	22	8500	8518	0.25	28.5
Serratia_GCF_015999165.1_spacer_2	total_phage_453	79.310	29	6	0	1	29	22677	22649	0.25	28.5
Serratia_GCF_015999165.1_spacer_2	virome_phage_939	94.444	18	1	0	2	19	1254	1237	0.76	26.9
Serratia_GCF_015999165.1_spacer_2	virome_phage_2254	90.000	20	2	0	1	20	25302	25321	0.76	26.9
Serratia_GCF_015999165.1_spacer_2	total_phage_926	80.769	26	5	0	1	26	19846	19821	0.76	26.9
Serratia_GCF_015999165.1_spacer_2	total_phage_788	78.571	28	6	0	3	30	6532	6505	0.76	26.9
Serratia_GCF_015999165.1_spacer_2	total_phage_729	86.364	22	3	0	8	29	65154	65133	0.76	26.9
Serratia_GCF_015999165.1_spacer_3	virome_phage_772	77.419	31	7	0	1	31	35759	35789	0.25	28.5
Serratia_GCF_015999165.1_spacer_3	virome_phage_736	84.000	25	4	0	4	28	82348	82324	0.25	28.5
Serratia_GCF_015999165.1_spacer_3	virome_phage_34	86.364	22	3	0	8	29	25084	25063	0.76	26.9
Serratia_GCF_015999165.1_spacer_3	virome_phage_2292	94.444	18	1	0	8	25	45141	45124	0.76	26.9
Serratia_GCF_015999165.1_spacer_4	virome_phage_799	79.310	29	6	0	1	29	33031	33003	0.25	28.5
Serratia_GCF_015999165.1_spacer_4	virome_phage_112	90.476	21	2	0	11	31	22103	22123	0.25	28.5
Serratia_GCF_015999165.1_spacer_4	total_phage_240	90.476	21	2	0	11	31	9726	9706	0.25	28.5
Serratia_GCF_015999165.1_spacer_4	virome_phage_67	80.769	26	5	0	5	30	37484	37459	0.76	26.9
Serratia_GCF_015999165.1_spacer_6	virome_phage_77	94.737	19	1	0	11	29	8394	8376	0.25	28.5
Serratia_GCF_015999165.1_spacer_6	virome_phage_806	80.769	26	5	0	7	32	8576	8551	0.76	26.9
Serratia_GCF_015999165.1_spacer_6	virome_phage_70	86.364	22	3	0	5	26	7879	7858	0.76	26.9
Serratia_GCF_015999165.1_spacer_6	virome_phage_3	94.444	18	1	0	14	31	8164	8147	0.76	26.9
Serratia_GCF_015999165.1_spacer_6	virome_phage_2255	86.364	22	3	0	11	32	16276	16255	0.76	26.9
Serratia_GCF_015999165.1_spacer_7	virome_phage_772	94.444	18	1	0	5	22	12282	12299	0.76	26.9
Serratia_GCF_015999165.1_spacer_7	virome_phage_76	83.333	24	4	0	1	24	17327	17304	0.76	26.9
Serratia_GCF_015999165.1_spacer_7	virome_phage_60	86.364	22	3	0	9	30	15510	15531	0.76	26.9
Serratia_GCF_015999165.1_spacer_7	virome_phage_51	86.364	22	3	0	1	22	8544	8565	0.76	26.9
Serratia_GCF_015999165.1_spacer_7	virome_phage_37	94.444	18	1	0	8	25	40847	40830	0.76	26.9
Serratia_GCF_015999165.1_spacer_7	virome_phage_2300	83.333	24	4	0	3	26	35769	35792	0.76	26.9
Serratia_GCF_015999165.1_spacer_7	virome_phage_155	76.667	30	7	0	3	32	8776	8747	0.76	26.9
Serratia_GCF_015999165.1_spacer_8	virome_phage_39	90.909	22	2	0	6	27	31609	31588	0.084	30.1
Serratia_GCF_015999165.1_spacer_8	total_phage_437	90.909	22	2	0	6	27	31044	31023	0.084	30.1
Serratia_GCF_015999165.1_spacer_8	virome_phage_7	79.310	29	6	0	2	30	128336	128364	0.25	28.5
Serratia_GCF_015999165.1_spacer_8	virome_phage_62	90.476	21	2	0	3	23	40406	40426	0.25	28.5
Serratia_GCF_015999165.1_spacer_8	virome_phage_771	94.444	18	1	0	4	21	28706	28723	0.76	26.9
Serratia_GCF_015999165.1_spacer_8	virome_phage_734	83.333	24	4	0	2	25	55659	55636	0.76	26.9
Serratia_GCF_015999165.1_spacer_8	virome_phage_27	90.000	20	2	0	2	21	47921	47902	0.76	26.9
Serratia_GCF_015999165.1_spacer_8	virome_phage_2259	86.364	22	3	0	5	26	9024	9045	0.76	26.9
Serratia_GCF_015999165.1_spacer_8	virome_phage_2243	86.364	22	3	0	5	26	8747	8726	0.76	26.9
Serratia_GCF_015999165.1_spacer_8	virome_phage_2237	86.364	22	3	0	5	26	9038	9059	0.76	26.9
Serratia_GCF_015999165.1_spacer_8	virome_phage_189	94.444	18	1	0	6	23	6887	6904	0.76	26.9
Serratia_GCF_015999165.1_spacer_8	virome_phage_181	94.444	18	1	0	6	23	7256	7273	0.76	26.9
Serratia_GCF_015999165.1_spacer_8	virome_phage_115	94.444	18	1	0	4	21	12410	12427	0.76	26.9
Serratia_GCF_015999165.1_spacer_8	total_phage_788	100.000	16	0	0	12	27	25059	25044	0.76	26.9
Serratia_GCF_015999165.1_spacer_8	total_phage_745	100.000	16	0	0	5	20	2316	2301	0.76	26.9
Serratia_GCF_015999165.1_spacer_8	total_phage_644	86.364	22	3	0	5	26	8636	8615	0.76	26.9
Serratia_GCF_015999165.1_spacer_8	total_phage_487	86.364	22	3	0	5	26	7273	7252	0.76	26.9
Serratia_GCF_015999165.1_spacer_8	total_phage_296	100.000	16	0	0	5	20	4274	4259	0.76	26.9
Serratia_GCF_015999165.1_spacer_8	total_phage_245	86.364	22	3	0	4	25	24589	24568	0.76	26.9
Serratia_GCF_015999165.1_spacer_8	total_phage_2	86.364	22	3	0	6	27	10503	10524	0.76	26.9
Serratia_GCF_015999165.1_spacer_8	total_phage_179	100.000	16	0	0	12	27	17691	17706	0.76	26.9
Serratia_GCF_015999165.1_spacer_9	virome_phage_80	90.000	20	2	0	9	28	12556	12537	0.76	26.9
Serratia_GCF_015999165.1_spacer_9	virome_phage_753	90.000	20	2	0	6	25	45431	45412	0.76	26.9
Serratia_GCF_015999165.1_spacer_9	virome_phage_2313	90.000	20	2	0	6	25	33326	33307	0.76	26.9
Serratia_GCF_015999165.1_spacer_10	virome_phage_2346	89.286	28	3	0	4	31	8533	8506	0.001	36.5
Serratia_GCF_015999165.1_spacer_10	virome_phage_2300	90.000	20	2	0	13	32	43454	43473	0.76	26.9
Serratia_GCF_015999165.1_spacer_10	virome_phage_2269	80.769	26	5	0	7	32	94505	94480	0.76	26.9
Serratia_GCF_015999165.1_spacer_11	total_phage_415	100.000	18	0	0	1	18	24704	24687	0.084	30.1
Serratia_GCF_015999165.1_spacer_11	virome_phage_882	94.444	18	1	0	1	18	15968	15985	0.76	26.9
Serratia_GCF_015999165.1_spacer_11	virome_phage_852	90.000	20	2	0	4	23	21968	21987	0.76	26.9
Serratia_GCF_015999165.1_spacer_12	virome_phage_774	95.455	22	1	0	3	24	40241	40262	0.009	33.3
Serratia_GCF_015999165.1_spacer_12	virome_phage_784	84.000	25	4	0	2	26	25923	25947	0.25	28.5
Serratia_GCF_015999165.1_spacer_12	virome_phage_2914	84.000	25	4	0	2	26	16432	16408	0.25	28.5
Serratia_GCF_015999165.1_spacer_12	virome_phage_202	77.419	31	7	0	2	32	7662	7692	0.25	28.5
Serratia_GCF_015999165.1_spacer_12	total_phage_174	77.419	31	7	0	2	32	9866	9896	0.25	28.5
Serratia_GCF_015999165.1_spacer_12	virome_phage_804	86.364	22	3	0	10	31	14250	14271	0.76	26.9
Serratia_GCF_015999165.1_spacer_12	virome_phage_38	78.571	28	6	0	2	29	33068	33041	0.76	26.9
Serratia_GCF_015999165.1_spacer_12	virome_phage_2299	94.444	18	1	0	12	29	33619	33636	0.76	26.9
Serratia_GCF_015999165.1_spacer_12	total_phage_418	86.364	22	3	0	11	32	3732	3753	0.76	26.9
Serratia_GCF_015999165.1_spacer_13	virome_phage_870	83.333	24	4	0	9	32	25524	25547	0.76	26.9
Serratia_GCF_015999165.1_spacer_13	virome_phage_2280	83.333	24	4	0	5	28	6461	6484	0.76	26.9
Serratia_GCF_015999165.1_spacer_13	total_phage_299	100.000	16	0	0	6	21	18810	18795	0.76	26.9
Serratia_GCF_015999165.1_spacer_14	total_phage_790	81.481	27	5	0	6	32	65481	65455	0.25	28.5
Serratia_GCF_015999165.1_spacer_14	virome_phage_833	100.000	16	0	0	17	32	26573	26558	0.76	26.9
Serratia_GCF_015999165.1_spacer_14	total_phage_243	83.333	24	4	0	7	30	18139	18116	0.76	26.9
Serratia_GCF_015999165.1_spacer_14	total_phage_125	83.333	24	4	0	7	30	9704	9727	0.76	26.9
Serratia_GCF_015999165.1_spacer_15	virome_phage_868	80.769	26	5	0	6	31	25175	25150	0.76	26.9
Serratia_GCF_015999165.1_spacer_16	virome_phage_2281	83.871	31	5	0	2	32	45847	45877	0.003	34.9
Serratia_GCF_015999165.1_spacer_16	virome_phage_2359	95.238	21	1	0	4	24	1618	1598	0.028	31.7
Serratia_GCF_015999165.1_spacer_16	virome_phage_2308	86.957	23	3	0	2	24	5269	5247	0.25	28.5
Serratia_GCF_015999165.1_spacer_16	virome_phage_754	100.000	16	0	0	4	19	1828	1813	0.76	26.9
Serratia_GCF_015999165.1_spacer_17	virome_phage_2330	94.444	18	1	0	13	30	25140	25157	0.76	26.9
Serratia_GCF_015999165.1_spacer_18	virome_phage_32	83.333	24	4	0	7	30	43597	43620	0.76	26.9
Serratia_GCF_015999165.1_spacer_19	virome_phage_772	86.364	22	3	0	1	22	13384	13363	0.76	26.9
Serratia_GCF_015999165.1_spacer_19	virome_phage_756	90.000	20	2	0	10	29	58716	58697	0.76	26.9
Serratia_GCF_015999165.1_spacer_20	virome_phage_935	83.333	30	5	0	3	32	10716	10687	0.009	33.3
Serratia_GCF_015999165.1_spacer_20	virome_phage_88	83.333	30	5	0	3	32	6256	6227	0.009	33.3
Serratia_GCF_015999165.1_spacer_20	virome_phage_800	83.333	30	5	0	3	32	5333	5304	0.009	33.3
Serratia_GCF_015999165.1_spacer_20	total_phage_796	83.333	30	5	0	3	32	8452	8481	0.009	33.3
Serratia_GCF_015999165.1_spacer_20	total_phage_4	80.000	30	6	0	3	32	29123	29094	0.084	30.1
Serratia_GCF_015999165.1_spacer_20	total_phage_249	80.000	30	6	0	3	32	2522	2551	0.084	30.1
Serratia_GCF_015999165.1_spacer_20	total_phage_368	79.310	29	6	0	3	31	9545	9573	0.25	28.5
Serratia_GCF_015999165.1_spacer_20	total_phage_188	79.310	29	6	0	3	31	34995	34967	0.25	28.5
Serratia_GCF_015999165.1_spacer_20	virome_phage_2269	80.769	26	5	0	7	32	272377	272352	0.76	26.9
Serratia_GCF_015999165.1_spacer_20	virome_phage_11	90.000	20	2	0	3	22	38984	38965	0.76	26.9
Serratia_GCF_015999165.1_spacer_20	total_phage_415	76.667	30	7	0	3	32	33449	33420	0.76	26.9
Serratia_GCF_015999165.1_spacer_20	total_phage_122	76.667	30	7	0	3	32	10733	10704	0.76	26.9
