Serratia_GCF_024296785.1_spacer_0	total_phage_92	86.957	23	3	0	3	25	797	819	0.38	28.5
Serratia_GCF_024296785.1_spacer_1	virome_phage_2270	85.185	27	4	0	2	28	201347	201321	0.042	31.7
Serratia_GCF_024296785.1_spacer_1	virome_phage_55	86.957	23	3	0	8	30	33434	33456	0.38	28.5
Serratia_GCF_024296785.1_spacer_2	virome_phage_38	90.323	31	3	0	3	33	27856	27826	5.76e-05	41.2
Serratia_GCF_024296785.1_spacer_2	virome_phage_2372	90.476	21	2	0	13	33	6727	6747	0.38	28.5
Serratia_GCF_024296785.1_spacer_2	virome_phage_2255	81.481	27	5	0	1	27	46841	46815	0.38	28.5
Serratia_GCF_024296785.1_spacer_2	virome_phage_107	90.476	21	2	0	13	33	28108	28088	0.38	28.5
Serratia_GCF_024296785.1_spacer_3	virome_phage_2914	88.571	35	4	0	1	35	8954	8920	6.40e-06	44.4
Serratia_GCF_024296785.1_spacer_3	virome_phage_2380	96.429	28	1	0	1	28	13914	13941	1.92e-05	42.8
Serratia_GCF_024296785.1_spacer_3	total_phage_803	96.429	28	1	0	1	28	23073	23100	1.92e-05	42.8
Serratia_GCF_024296785.1_spacer_3	virome_phage_2366	100.000	25	0	0	1	25	21261	21285	5.76e-05	41.2
Serratia_GCF_024296785.1_spacer_3	total_phage_783	93.103	29	2	0	1	29	24005	24033	5.76e-05	41.2
Serratia_GCF_024296785.1_spacer_3	virome_phage_172	93.103	29	2	0	1	29	10647	10619	5.76e-05	41.2
Serratia_GCF_024296785.1_spacer_3	total_phage_935	96.000	25	1	0	1	25	12950	12974	5.18e-04	38.0
Serratia_GCF_024296785.1_spacer_3	total_phage_451	96.000	25	1	0	1	25	18785	18809	5.18e-04	38.0
Serratia_GCF_024296785.1_spacer_3	total_phage_449	96.000	25	1	0	1	25	10445	10469	5.18e-04	38.0
Serratia_GCF_024296785.1_spacer_3	total_phage_237	96.000	25	1	0	1	25	11513	11537	5.18e-04	38.0
Serratia_GCF_024296785.1_spacer_3	total_phage_807	96.000	25	1	0	1	25	6434	6410	5.18e-04	38.0
Serratia_GCF_024296785.1_spacer_3	total_phage_745	96.000	25	1	0	1	25	7471	7447	5.18e-04	38.0
Serratia_GCF_024296785.1_spacer_3	total_phage_364	96.000	25	1	0	1	25	4035	4011	5.18e-04	38.0
Serratia_GCF_024296785.1_spacer_3	total_phage_296	96.000	25	1	0	1	25	9430	9406	5.18e-04	38.0
Serratia_GCF_024296785.1_spacer_3	total_phage_233	96.000	25	1	0	1	25	9656	9632	5.18e-04	38.0
Serratia_GCF_024296785.1_spacer_3	virome_phage_2357	80.000	35	7	0	1	35	3574	3608	0.005	34.9
Serratia_GCF_024296785.1_spacer_3	total_phage_252	95.652	23	1	0	3	25	15637	15659	0.005	34.9
Serratia_GCF_024296785.1_spacer_3	total_phage_243	95.652	23	1	0	3	25	24735	24757	0.005	34.9
Serratia_GCF_024296785.1_spacer_3	total_phage_125	95.652	23	1	0	3	25	3124	3102	0.005	34.9
Serratia_GCF_024296785.1_spacer_3	total_phage_304	85.714	28	4	0	1	28	2781	2808	0.014	33.3
