Serratia_GCA_010119335.3_spacer_0	virome_phage_833	86.364	22	3	0	9	30	18160	18181	0.76	26.9
Serratia_GCA_010119335.3_spacer_0	virome_phage_172	78.571	28	6	0	2	29	6987	7014	0.76	26.9
Serratia_GCA_010119335.3_spacer_0	virome_phage_2380	78.571	28	6	0	2	29	17304	17277	0.76	26.9
Serratia_GCA_010119335.3_spacer_0	virome_phage_2286	78.571	28	6	0	3	30	901	874	0.76	26.9
Serratia_GCA_010119335.3_spacer_0	total_phage_783	78.571	28	6	0	2	29	26808	26781	0.76	26.9
Serratia_GCA_010119335.3_spacer_1	virome_phage_96	93.333	30	2	0	1	30	8908	8937	1.28e-05	42.8
Serratia_GCA_010119335.3_spacer_3	virome_phage_789	81.481	27	5	0	2	28	37070	37096	0.25	28.5
Serratia_GCA_010119335.3_spacer_3	virome_phage_2296	86.957	23	3	0	4	26	13890	13868	0.25	28.5
Serratia_GCA_010119335.3_spacer_3	virome_phage_735	86.364	22	3	0	8	29	86275	86254	0.76	26.9
Serratia_GCA_010119335.3_spacer_4	virome_phage_196	87.500	24	3	0	5	28	10733	10756	0.084	30.1
Serratia_GCA_010119335.3_spacer_4	virome_phage_736	86.364	22	3	0	3	24	67515	67494	0.76	26.9
Serratia_GCA_010119335.3_spacer_4	total_phage_231	86.364	22	3	0	8	29	18979	19000	0.76	26.9
Serratia_GCA_010119335.3_spacer_5	virome_phage_767	82.759	29	5	0	2	30	20271	20299	0.028	31.7
Serratia_GCA_010119335.3_spacer_5	total_phage_793	90.476	21	2	0	10	30	33523	33543	0.25	28.5
Serratia_GCA_010119335.3_spacer_5	virome_phage_751	90.000	20	2	0	13	32	60495	60514	0.76	26.9
Serratia_GCA_010119335.3_spacer_5	total_phage_655	100.000	16	0	0	9	24	5896	5911	0.76	26.9
Serratia_GCA_010119335.3_spacer_6	virome_phage_762	86.957	23	3	0	2	24	35756	35734	0.25	28.5
Serratia_GCA_010119335.3_spacer_6	virome_phage_735	94.737	19	1	0	14	32	88335	88317	0.25	28.5
Serratia_GCA_010119335.3_spacer_6	virome_phage_735	86.364	22	3	0	11	32	166519	166540	0.76	26.9
Serratia_GCA_010119335.3_spacer_6	virome_phage_735	76.667	30	7	0	3	32	166628	166657	0.76	26.9
Serratia_GCA_010119335.3_spacer_6	virome_phage_769	86.364	22	3	0	3	24	23656	23677	0.76	26.9
Serratia_GCA_010119335.3_spacer_6	virome_phage_75	90.000	20	2	0	10	29	621	602	0.76	26.9
Serratia_GCA_010119335.3_spacer_6	virome_phage_741	83.333	24	4	0	9	32	68350	68327	0.76	26.9
Serratia_GCA_010119335.3_spacer_6	virome_phage_741	100.000	16	0	0	15	30	74920	74935	0.76	26.9
Serratia_GCA_010119335.3_spacer_6	virome_phage_734	80.769	26	5	0	4	29	201281	201256	0.76	26.9
Serratia_GCA_010119335.3_spacer_6	virome_phage_2385	83.333	24	4	0	1	24	13537	13560	0.76	26.9
Serratia_GCA_010119335.3_spacer_6	virome_phage_2270	86.364	22	3	0	11	32	134865	134844	0.76	26.9
Serratia_GCA_010119335.3_spacer_6	virome_phage_2255	83.333	24	4	0	1	24	20996	20973	0.76	26.9
Serratia_GCA_010119335.3_spacer_6	total_phage_497	83.333	24	4	0	1	24	6454	6431	0.76	26.9
Serratia_GCA_010119335.3_spacer_6	total_phage_478	83.333	24	4	0	1	24	1779	1756	0.76	26.9
Serratia_GCA_010119335.3_spacer_7	total_phage_8	86.957	23	3	0	3	25	6926	6904	0.25	28.5
Serratia_GCA_010119335.3_spacer_7	virome_phage_747	83.333	24	4	0	9	32	51422	51399	0.76	26.9
Serratia_GCA_010119335.3_spacer_7	virome_phage_18	83.333	24	4	0	9	32	20185	20162	0.76	26.9
Serratia_GCA_010119335.3_spacer_9	virome_phage_28	87.500	24	3	0	9	32	31239	31216	0.084	30.1
Serratia_GCA_010119335.3_spacer_9	virome_phage_84	94.444	18	1	0	9	26	28497	28480	0.76	26.9
Serratia_GCA_010119335.3_spacer_9	virome_phage_64	94.444	18	1	0	15	32	29323	29306	0.76	26.9
Serratia_GCA_010119335.3_spacer_9	virome_phage_2350	94.444	18	1	0	9	26	9420	9437	0.76	26.9
Serratia_GCA_010119335.3_spacer_9	virome_phage_2275	94.444	18	1	0	15	32	2315	2298	0.76	26.9
Serratia_GCA_010119335.3_spacer_9	total_phage_187	83.333	24	4	0	8	31	39019	38996	0.76	26.9
Serratia_GCA_010119335.3_spacer_10	virome_phage_60	79.310	29	6	0	3	31	25799	25771	0.25	28.5
Serratia_GCA_010119335.3_spacer_11	virome_phage_847	90.476	21	2	0	8	28	17689	17669	0.25	28.5
Serratia_GCA_010119335.3_spacer_11	virome_phage_2291	90.476	21	2	0	7	27	35724	35744	0.25	28.5
Serratia_GCA_010119335.3_spacer_11	virome_phage_780	80.769	26	5	0	7	32	9394	9369	0.76	26.9
Serratia_GCA_010119335.3_spacer_12	virome_phage_60	79.310	29	6	0	3	31	25799	25771	0.25	28.5
Serratia_GCA_010119335.3_spacer_13	virome_phage_847	90.476	21	2	0	8	28	17689	17669	0.25	28.5
Serratia_GCA_010119335.3_spacer_13	virome_phage_2291	90.476	21	2	0	7	27	35724	35744	0.25	28.5
Serratia_GCA_010119335.3_spacer_13	virome_phage_780	80.769	26	5	0	7	32	9394	9369	0.76	26.9
Serratia_GCA_010119335.3_spacer_14	virome_phage_77	86.207	29	4	0	1	29	30596	30624	0.003	34.9
Serratia_GCA_010119335.3_spacer_14	virome_phage_2286	86.364	22	3	0	10	31	36008	35987	0.76	26.9
Serratia_GCA_010119335.3_spacer_15	virome_phage_914	80.769	26	5	0	1	26	16252	16227	0.76	26.9
Serratia_GCA_010119335.3_spacer_15	virome_phage_734	83.333	24	4	0	3	26	226788	226765	0.76	26.9
Serratia_GCA_010119335.3_spacer_16	virome_phage_82	88.462	26	3	0	1	26	23723	23698	0.009	33.3
Serratia_GCA_010119335.3_spacer_16	virome_phage_759	88.462	26	3	0	1	26	11096	11121	0.009	33.3
Serratia_GCA_010119335.3_spacer_16	total_phage_800	87.500	24	3	0	9	32	25057	25080	0.084	30.1
Serratia_GCA_010119335.3_spacer_16	virome_phage_58	78.571	28	6	0	4	31	37722	37695	0.76	26.9
Serratia_GCA_010119335.3_spacer_18	total_phage_294	84.000	25	4	0	1	25	22479	22455	0.25	28.5
Serratia_GCA_010119335.3_spacer_19	virome_phage_2294	82.143	28	5	0	3	30	14837	14810	0.084	30.1
Serratia_GCA_010119335.3_spacer_19	virome_phage_2272	80.769	26	5	0	1	26	45941	45916	0.76	26.9
Serratia_GCA_010119335.3_spacer_20	virome_phage_811	90.000	20	2	0	11	30	9474	9455	0.76	26.9
Serratia_GCA_010119335.3_spacer_20	virome_phage_72	86.364	22	3	0	1	22	20589	20610	0.76	26.9
Serratia_GCA_010119335.3_spacer_20	virome_phage_63	86.364	22	3	0	2	23	8298	8319	0.76	26.9
Serratia_GCA_010119335.3_spacer_20	virome_phage_22	94.444	18	1	0	15	32	16861	16844	0.76	26.9
Serratia_GCA_010119335.3_spacer_21	virome_phage_766	83.333	24	4	0	9	32	34902	34925	0.76	26.9
Serratia_GCA_010119335.3_spacer_21	virome_phage_2385	86.364	22	3	0	2	23	3799	3778	0.76	26.9
Serratia_GCA_010119335.3_spacer_22	virome_phage_2914	78.125	32	7	0	1	32	21248	21217	0.084	30.1
Serratia_GCA_010119335.3_spacer_22	virome_phage_734	81.481	27	5	0	2	28	5213	5239	0.25	28.5
Serratia_GCA_010119335.3_spacer_22	virome_phage_955	80.769	26	5	0	4	29	13641	13666	0.76	26.9
Serratia_GCA_010119335.3_spacer_22	virome_phage_912	86.364	22	3	0	4	25	2049	2070	0.76	26.9
Serratia_GCA_010119335.3_spacer_22	virome_phage_8	90.000	20	2	0	9	28	70289	70308	0.76	26.9
Serratia_GCA_010119335.3_spacer_22	virome_phage_741	76.667	30	7	0	3	32	95414	95385	0.76	26.9
Serratia_GCA_010119335.3_spacer_22	virome_phage_2346	86.364	22	3	0	5	26	1695	1716	0.76	26.9
Serratia_GCA_010119335.3_spacer_22	virome_phage_2329	83.333	24	4	0	7	30	8830	8853	0.76	26.9
Serratia_GCA_010119335.3_spacer_22	virome_phage_2304	86.364	22	3	0	4	25	20644	20665	0.76	26.9
Serratia_GCA_010119335.3_spacer_22	virome_phage_154	80.769	26	5	0	4	29	13824	13849	0.76	26.9
Serratia_GCA_010119335.3_spacer_23	virome_phage_43	83.333	24	4	0	7	30	40166	40189	0.76	26.9
Serratia_GCA_010119335.3_spacer_25	virome_phage_848	85.714	28	4	0	6	33	6213	6240	0.009	33.3
Serratia_GCA_010119335.3_spacer_25	total_phage_449	90.476	21	2	0	13	33	7485	7465	0.25	28.5
Serratia_GCA_010119335.3_spacer_25	virome_phage_2254	75.000	32	8	0	2	33	114390	114359	0.76	26.9
Serratia_GCA_010119335.3_spacer_25	virome_phage_1	80.769	26	5	0	2	27	17718	17693	0.76	26.9
Serratia_GCA_010119335.3_spacer_25	total_phage_500	75.000	32	8	0	2	33	12306	12337	0.76	26.9
Serratia_GCA_010119335.3_spacer_25	total_phage_307	80.769	26	5	0	3	28	18150	18175	0.76	26.9
Serratia_GCA_010119335.3_spacer_26	virome_phage_810	84.000	25	4	0	8	32	10291	10315	0.25	28.5
Serratia_GCA_010119335.3_spacer_26	virome_phage_5	86.957	23	3	0	8	30	113280	113258	0.25	28.5
Serratia_GCA_010119335.3_spacer_26	virome_phage_51	100.000	16	0	0	7	22	3261	3276	0.76	26.9
Serratia_GCA_010119335.3_spacer_26	virome_phage_25	75.000	32	8	0	1	32	20625	20594	0.76	26.9
Serratia_GCA_010119335.3_spacer_27	virome_phage_881	94.737	19	1	0	9	27	24741	24723	0.25	28.5
Serratia_GCA_010119335.3_spacer_27	virome_phage_735	100.000	17	0	0	11	27	203321	203337	0.25	28.5
Serratia_GCA_010119335.3_spacer_27	total_phage_5	78.571	28	6	0	4	31	11489	11462	0.76	26.9
Serratia_GCA_010119335.3_spacer_28	virome_phage_8	83.333	24	4	0	8	31	97049	97026	0.76	26.9
Serratia_GCA_010119335.3_spacer_28	virome_phage_799	94.444	18	1	0	13	30	32094	32077	0.76	26.9
Serratia_GCA_010119335.3_spacer_29	virome_phage_2914	90.625	32	3	0	1	32	11820	11789	1.28e-05	42.8
Serratia_GCA_010119335.3_spacer_30	virome_phage_2282	90.000	20	2	0	14	33	44929	44948	0.76	26.9
Serratia_GCA_010119335.3_spacer_30	total_phage_927	94.444	18	1	0	1	18	283051	283068	0.76	26.9
Serratia_GCA_010119335.3_spacer_31	total_phage_790	88.462	26	3	0	7	32	53412	53387	0.009	33.3
Serratia_GCA_010119335.3_spacer_31	virome_phage_2295	90.476	21	2	0	9	29	20700	20720	0.25	28.5
Serratia_GCA_010119335.3_spacer_31	virome_phage_2282	86.957	23	3	0	6	28	3080	3058	0.25	28.5
Serratia_GCA_010119335.3_spacer_31	virome_phage_2282	81.481	27	5	0	1	27	33549	33523	0.25	28.5
Serratia_GCA_010119335.3_spacer_31	virome_phage_809	90.000	20	2	0	6	25	11075	11094	0.76	26.9
Serratia_GCA_010119335.3_spacer_31	virome_phage_786	80.769	26	5	0	2	27	37778	37803	0.76	26.9
Serratia_GCA_010119335.3_spacer_31	virome_phage_741	86.364	22	3	0	6	27	94723	94702	0.76	26.9
Serratia_GCA_010119335.3_spacer_31	virome_phage_71	83.333	24	4	0	5	28	10795	10818	0.76	26.9
Serratia_GCA_010119335.3_spacer_31	virome_phage_2313	86.364	22	3	0	5	26	25906	25885	0.76	26.9
Serratia_GCA_010119335.3_spacer_33	virome_phage_72	84.615	26	4	0	6	31	25320	25295	0.084	30.1
Serratia_GCA_010119335.3_spacer_33	virome_phage_96	79.310	29	6	0	3	31	29073	29045	0.25	28.5
Serratia_GCA_010119335.3_spacer_33	virome_phage_42	83.333	24	4	0	4	27	12301	12278	0.76	26.9
Serratia_GCA_010119335.3_spacer_34	virome_phage_41	84.000	25	4	0	1	25	45562	45538	0.25	28.5
Serratia_GCA_010119335.3_spacer_34	virome_phage_753	100.000	16	0	0	2	17	12021	12006	0.76	26.9
Serratia_GCA_010119335.3_spacer_35	virome_phage_71	84.375	32	5	0	1	32	16787	16818	0.001	36.5
Serratia_GCA_010119335.3_spacer_35	virome_phage_792	90.000	20	2	0	3	22	13334	13315	0.76	26.9
Serratia_GCA_010119335.3_spacer_35	total_phage_738	90.000	20	2	0	1	20	17208	17227	0.76	26.9
Serratia_GCA_010119335.3_spacer_35	total_phage_249	90.000	20	2	0	1	20	13883	13864	0.76	26.9
Serratia_GCA_010119335.3_spacer_35	total_phage_114	90.000	20	2	0	1	20	17150	17131	0.76	26.9
