Serratia_GCF_000463345.2_spacer_0	virome_phage_850	82.143	28	5	0	1	28	14612	14585	0.084	30.1
Serratia_GCF_000463345.2_spacer_0	total_phage_358	94.737	19	1	0	1	19	3080	3062	0.25	28.5
Serratia_GCF_000463345.2_spacer_0	total_phage_239	86.957	23	3	0	5	27	15484	15462	0.25	28.5
Serratia_GCF_000463345.2_spacer_0	virome_phage_932	94.444	18	1	0	7	24	16471	16454	0.76	26.9
Serratia_GCF_000463345.2_spacer_0	virome_phage_860	90.000	20	2	0	6	25	12414	12433	0.76	26.9
Serratia_GCF_000463345.2_spacer_0	virome_phage_835	94.444	18	1	0	3	20	16228	16211	0.76	26.9
Serratia_GCF_000463345.2_spacer_0	virome_phage_75	90.000	20	2	0	2	21	29968	29987	0.76	26.9
Serratia_GCF_000463345.2_spacer_0	virome_phage_72	94.444	18	1	0	1	18	6376	6359	0.76	26.9
Serratia_GCF_000463345.2_spacer_0	virome_phage_2322	78.571	28	6	0	2	29	2659	2632	0.76	26.9
Serratia_GCF_000463345.2_spacer_1	total_phage_243	78.125	32	7	0	1	32	22991	22960	0.084	30.1
Serratia_GCF_000463345.2_spacer_1	total_phage_125	78.125	32	7	0	1	32	4868	4899	0.084	30.1
Serratia_GCF_000463345.2_spacer_1	total_phage_786	86.957	23	3	0	1	23	23204	23226	0.25	28.5
Serratia_GCF_000463345.2_spacer_1	total_phage_789	83.333	24	4	0	1	24	20842	20865	0.76	26.9
Serratia_GCF_000463345.2_spacer_1	total_phage_178	83.333	24	4	0	1	24	2881	2858	0.76	26.9
Serratia_GCF_000463345.2_spacer_2	virome_phage_331	90.909	22	2	0	11	32	4453	4432	0.084	30.1
Serratia_GCF_000463345.2_spacer_2	virome_phage_3	90.476	21	2	0	9	29	1966	1946	0.25	28.5
Serratia_GCF_000463345.2_spacer_2	virome_phage_788	90.000	20	2	0	9	28	29615	29596	0.76	26.9
Serratia_GCF_000463345.2_spacer_2	virome_phage_36	94.444	18	1	0	1	18	13171	13188	0.76	26.9
Serratia_GCF_000463345.2_spacer_2	virome_phage_27	94.444	18	1	0	9	26	15053	15070	0.76	26.9
Serratia_GCF_000463345.2_spacer_2	virome_phage_1154	86.364	22	3	0	11	32	4232	4211	0.76	26.9
Serratia_GCF_000463345.2_spacer_3	virome_phage_739	80.769	26	5	0	1	26	45817	45792	0.76	26.9
Serratia_GCF_000463345.2_spacer_3	virome_phage_39	90.000	20	2	0	8	27	22259	22240	0.76	26.9
Serratia_GCF_000463345.2_spacer_3	virome_phage_2357	100.000	16	0	0	17	32	15573	15558	0.76	26.9
Serratia_GCF_000463345.2_spacer_3	total_phage_92	80.769	26	5	0	4	29	123091	123116	0.76	26.9
Serratia_GCF_000463345.2_spacer_3	total_phage_304	100.000	16	0	0	17	32	15100	15085	0.76	26.9
Serratia_GCF_000463345.2_spacer_4	total_phage_731	82.143	28	5	0	4	31	79504	79477	0.084	30.1
Serratia_GCF_000463345.2_spacer_4	total_phage_692	84.000	25	4	0	4	28	37791	37815	0.25	28.5
Serratia_GCF_000463345.2_spacer_4	total_phage_658	84.000	25	4	0	4	28	8111	8087	0.25	28.5
Serratia_GCF_000463345.2_spacer_4	total_phage_95	83.333	24	4	0	9	32	91751	91774	0.76	26.9
Serratia_GCF_000463345.2_spacer_5	virome_phage_15	79.310	29	6	0	1	29	84727	84755	0.25	28.5
Serratia_GCF_000463345.2_spacer_5	virome_phage_1217	81.481	27	5	0	2	28	9249	9275	0.25	28.5
Serratia_GCF_000463345.2_spacer_5	virome_phage_47	90.000	20	2	0	5	24	16399	16418	0.76	26.9
Serratia_GCF_000463345.2_spacer_5	virome_phage_2303	86.364	22	3	0	9	30	15543	15564	0.76	26.9
Serratia_GCF_000463345.2_spacer_5	total_phage_113	83.333	24	4	0	1	24	5572	5595	0.76	26.9
Serratia_GCF_000463345.2_spacer_6	virome_phage_36	93.103	29	2	0	4	32	16824	16796	3.84e-05	41.2
Serratia_GCF_000463345.2_spacer_6	virome_phage_21	77.419	31	7	0	1	31	36768	36798	0.25	28.5
Serratia_GCF_000463345.2_spacer_6	total_phage_188	86.957	23	3	0	4	26	4350	4328	0.25	28.5
Serratia_GCF_000463345.2_spacer_7	total_phage_1	95.000	20	1	0	4	23	12553	12572	0.084	30.1
Serratia_GCF_000463345.2_spacer_7	virome_phage_915	94.737	19	1	0	13	31	15552	15570	0.25	28.5
Serratia_GCF_000463345.2_spacer_7	virome_phage_846	94.737	19	1	0	13	31	18136	18118	0.25	28.5
Serratia_GCF_000463345.2_spacer_7	virome_phage_17	90.000	20	2	0	2	21	25917	25898	0.76	26.9
Serratia_GCF_000463345.2_spacer_8	virome_phage_807	76.667	30	7	0	1	30	24197	24168	0.76	26.9
Serratia_GCF_000463345.2_spacer_8	virome_phage_36	83.333	24	4	0	5	28	12753	12776	0.76	26.9
Serratia_GCF_000463345.2_spacer_8	virome_phage_1	83.333	24	4	0	9	32	111329	111306	0.76	26.9
Serratia_GCF_000463345.2_spacer_8	total_phage_445	86.364	22	3	0	8	29	37295	37316	0.76	26.9
Serratia_GCF_000463345.2_spacer_8	total_phage_305	76.667	30	7	0	1	30	6873	6844	0.76	26.9
Serratia_GCF_000463345.2_spacer_8	total_phage_106	86.364	22	3	0	1	22	33466	33445	0.76	26.9
Serratia_GCF_000463345.2_spacer_9	virome_phage_2312	93.103	29	2	0	3	31	33045	33073	3.84e-05	41.2
Serratia_GCF_000463345.2_spacer_9	virome_phage_2254	90.476	21	2	0	5	25	116447	116467	0.25	28.5
Serratia_GCF_000463345.2_spacer_9	total_phage_500	90.476	21	2	0	5	25	10395	10375	0.25	28.5
Serratia_GCF_000463345.2_spacer_9	total_phage_793	83.333	24	4	0	8	31	13015	12992	0.76	26.9
Serratia_GCF_000463345.2_spacer_9	total_phage_363	83.333	24	4	0	8	31	13240	13217	0.76	26.9
Serratia_GCF_000463345.2_spacer_10	virome_phage_749	88.000	25	3	0	3	27	18247	18223	0.028	31.7
Serratia_GCF_000463345.2_spacer_10	virome_phage_39	80.769	26	5	0	7	32	45853	45878	0.76	26.9
Serratia_GCF_000463345.2_spacer_10	total_phage_445	90.000	20	2	0	5	24	31564	31583	0.76	26.9
Serratia_GCF_000463345.2_spacer_11	virome_phage_2288	83.333	24	4	0	8	31	33122	33099	0.76	26.9
Serratia_GCF_000463345.2_spacer_11	total_phage_247	76.667	30	7	0	2	31	5628	5599	0.76	26.9
Serratia_GCF_000463345.2_spacer_12	virome_phage_15	94.737	19	1	0	1	19	36966	36984	0.25	28.5
Serratia_GCF_000463345.2_spacer_12	total_phage_636	84.000	25	4	0	6	30	39922	39898	0.25	28.5
Serratia_GCF_000463345.2_spacer_12	virome_phage_8	75.000	32	8	0	1	32	6629	6660	0.76	26.9
Serratia_GCF_000463345.2_spacer_12	virome_phage_2314	90.000	20	2	0	5	24	36224	36243	0.76	26.9
Serratia_GCF_000463345.2_spacer_12	virome_phage_1082	90.000	20	2	0	11	30	7849	7868	0.76	26.9
Serratia_GCF_000463345.2_spacer_13	virome_phage_36	86.207	29	4	0	3	31	16521	16549	0.003	34.9
Serratia_GCF_000463345.2_spacer_13	virome_phage_895	82.143	28	5	0	4	31	20964	20937	0.084	30.1
Serratia_GCF_000463345.2_spacer_13	virome_phage_744	84.000	25	4	0	3	27	9388	9364	0.25	28.5
Serratia_GCF_000463345.2_spacer_14	virome_phage_66	85.185	27	4	0	3	29	38321	38347	0.028	31.7
Serratia_GCF_000463345.2_spacer_14	virome_phage_9	100.000	17	0	0	6	22	49498	49482	0.25	28.5
Serratia_GCF_000463345.2_spacer_14	virome_phage_88	94.737	19	1	0	14	32	19430	19448	0.25	28.5
Serratia_GCF_000463345.2_spacer_14	virome_phage_800	94.737	19	1	0	14	32	18507	18525	0.25	28.5
Serratia_GCF_000463345.2_spacer_14	virome_phage_62	77.419	31	7	0	1	31	37144	37114	0.25	28.5
Serratia_GCF_000463345.2_spacer_14	virome_phage_2360	94.737	19	1	0	14	32	1743	1761	0.25	28.5
Serratia_GCF_000463345.2_spacer_14	total_phage_796	94.737	19	1	0	14	32	36330	36312	0.25	28.5
Serratia_GCF_000463345.2_spacer_14	total_phage_360	94.737	19	1	0	14	32	36004	35986	0.25	28.5
Serratia_GCF_000463345.2_spacer_14	total_phage_293	94.737	19	1	0	14	32	36806	36788	0.25	28.5
Serratia_GCF_000463345.2_spacer_14	virome_phage_878	90.000	20	2	0	12	31	27248	27267	0.76	26.9
Serratia_GCF_000463345.2_spacer_14	virome_phage_829	86.364	22	3	0	9	30	17706	17685	0.76	26.9
Serratia_GCF_000463345.2_spacer_14	virome_phage_743	75.000	32	8	0	1	32	29383	29414	0.76	26.9
Serratia_GCF_000463345.2_spacer_14	virome_phage_736	94.444	18	1	0	1	18	151492	151475	0.76	26.9
Serratia_GCF_000463345.2_spacer_14	virome_phage_734	86.364	22	3	0	9	30	94133	94112	0.76	26.9
Serratia_GCF_000463345.2_spacer_14	virome_phage_734	83.333	24	4	0	1	24	147622	147599	0.76	26.9
Serratia_GCF_000463345.2_spacer_14	virome_phage_2297	76.667	30	7	0	2	31	6557	6586	0.76	26.9
Serratia_GCF_000463345.2_spacer_14	virome_phage_17	76.667	30	7	0	2	31	19508	19537	0.76	26.9
Serratia_GCF_000463345.2_spacer_14	virome_phage_1	83.333	24	4	0	3	26	168415	168438	0.76	26.9
Serratia_GCF_000463345.2_spacer_14	total_phage_786	83.333	24	4	0	4	27	22017	21994	0.76	26.9
Serratia_GCF_000463345.2_spacer_14	total_phage_735	76.667	30	7	0	1	30	2981	2952	0.76	26.9
Serratia_GCF_000463345.2_spacer_14	total_phage_730	100.000	16	0	0	13	28	4114	4129	0.76	26.9
Serratia_GCF_000463345.2_spacer_15	virome_phage_2312	83.333	30	5	0	3	32	25821	25850	0.009	33.3
Serratia_GCF_000463345.2_spacer_15	virome_phage_36	80.000	30	6	0	3	32	4543	4572	0.084	30.1
Serratia_GCF_000463345.2_spacer_15	virome_phage_127	79.310	29	6	0	2	30	17615	17643	0.25	28.5
Serratia_GCF_000463345.2_spacer_15	virome_phage_28	80.769	26	5	0	1	26	52028	52053	0.76	26.9
Serratia_GCF_000463345.2_spacer_15	virome_phage_1	78.571	28	6	0	2	29	17075	17102	0.76	26.9
Serratia_GCF_000463345.2_spacer_15	total_phage_786	78.571	28	6	0	1	28	5469	5442	0.76	26.9
Serratia_GCF_000463345.2_spacer_16	virome_phage_2312	90.000	30	3	0	3	32	28763	28792	1.15e-04	39.6
Serratia_GCF_000463345.2_spacer_16	virome_phage_2260	86.957	23	3	0	6	28	1085	1063	0.25	28.5
Serratia_GCF_000463345.2_spacer_16	total_phage_231	77.419	31	7	0	2	32	71793	71823	0.25	28.5
Serratia_GCF_000463345.2_spacer_16	virome_phage_784	94.444	18	1	0	1	18	40552	40569	0.76	26.9
Serratia_GCF_000463345.2_spacer_16	virome_phage_734	80.769	26	5	0	7	32	224462	224487	0.76	26.9
Serratia_GCF_000463345.2_spacer_17	virome_phage_87	78.571	28	6	0	4	31	30822	30795	0.76	26.9
Serratia_GCF_000463345.2_spacer_17	virome_phage_804	86.364	22	3	0	10	31	14775	14754	0.76	26.9
Serratia_GCF_000463345.2_spacer_18	virome_phage_858	86.364	22	3	0	3	24	6847	6826	0.76	26.9
Serratia_GCF_000463345.2_spacer_18	virome_phage_2305	83.333	24	4	0	3	26	10675	10652	0.76	26.9
Serratia_GCF_000463345.2_spacer_18	virome_phage_2297	86.364	22	3	0	3	24	7410	7431	0.76	26.9
Serratia_GCF_000463345.2_spacer_18	virome_phage_16	90.000	20	2	0	11	30	47551	47532	0.76	26.9
Serratia_GCF_000463345.2_spacer_18	virome_phage_15	86.364	22	3	0	5	26	5568	5589	0.76	26.9
Serratia_GCF_000463345.2_spacer_18	total_phage_524	90.000	20	2	0	9	28	37693	37674	0.76	26.9
Serratia_GCF_000463345.2_spacer_18	total_phage_188	100.000	16	0	0	5	20	10257	10272	0.76	26.9
Serratia_GCF_000463345.2_spacer_19	virome_phage_778	90.909	22	2	0	10	31	4508	4487	0.084	30.1
Serratia_GCF_000463345.2_spacer_19	virome_phage_850	86.957	23	3	0	8	30	27718	27696	0.25	28.5
Serratia_GCF_000463345.2_spacer_19	virome_phage_2327	86.957	23	3	0	9	31	7007	7029	0.25	28.5
Serratia_GCF_000463345.2_spacer_19	total_phage_803	83.333	24	4	0	6	29	24640	24617	0.76	26.9
Serratia_GCF_000463345.2_spacer_20	virome_phage_822	87.500	24	3	0	2	25	890	867	0.084	30.1
Serratia_GCF_000463345.2_spacer_20	virome_phage_58	83.333	24	4	0	7	30	11263	11240	0.76	26.9
Serratia_GCF_000463345.2_spacer_21	virome_phage_2913	84.375	32	5	0	1	32	18329	18360	0.001	36.5
Serratia_GCF_000463345.2_spacer_21	virome_phage_761	84.000	25	4	0	7	31	34842	34866	0.25	28.5
Serratia_GCF_000463345.2_spacer_21	virome_phage_24	84.000	25	4	0	6	30	5934	5958	0.25	28.5
Serratia_GCF_000463345.2_spacer_21	virome_phage_24	90.000	20	2	0	12	31	54719	54738	0.76	26.9
Serratia_GCF_000463345.2_spacer_21	total_phage_92	86.957	23	3	0	10	32	152570	152592	0.25	28.5
Serratia_GCF_000463345.2_spacer_21	virome_phage_31	86.364	22	3	0	3	24	6804	6783	0.76	26.9
Serratia_GCF_000463345.2_spacer_21	total_phage_95	100.000	16	0	0	12	27	28249	28264	0.76	26.9
Serratia_GCF_000463345.2_spacer_23	virome_phage_36	93.333	30	2	0	3	32	31529	31500	1.28e-05	42.8
Serratia_GCF_000463345.2_spacer_23	virome_phage_974	86.364	22	3	0	11	32	10744	10723	0.76	26.9
Serratia_GCF_000463345.2_spacer_23	virome_phage_861	76.667	30	7	0	3	32	2263	2292	0.76	26.9
Serratia_GCF_000463345.2_spacer_23	virome_phage_826	83.333	24	4	0	5	28	11700	11723	0.76	26.9
Serratia_GCF_000463345.2_spacer_23	virome_phage_736	90.000	20	2	0	13	32	108447	108428	0.76	26.9
Serratia_GCF_000463345.2_spacer_23	total_phage_739	78.571	28	6	0	5	32	2251	2224	0.76	26.9
Serratia_GCF_000463345.2_spacer_23	total_phage_731	83.333	24	4	0	5	28	99899	99876	0.76	26.9
Serratia_GCF_000463345.2_spacer_23	total_phage_117	86.364	22	3	0	8	29	3155	3134	0.76	26.9
Serratia_GCF_000463345.2_spacer_24	virome_phage_783	90.476	21	2	0	11	31	28120	28140	0.25	28.5
Serratia_GCF_000463345.2_spacer_24	virome_phage_2522	78.571	28	6	0	2	29	1713	1740	0.76	26.9
Serratia_GCF_000463345.2_spacer_24	virome_phage_2322	100.000	16	0	0	17	32	17505	17490	0.76	26.9
Serratia_GCF_000463345.2_spacer_24	virome_phage_2259	100.000	16	0	0	13	28	4181	4166	0.76	26.9
Serratia_GCF_000463345.2_spacer_24	virome_phage_2243	100.000	16	0	0	13	28	13588	13603	0.76	26.9
Serratia_GCF_000463345.2_spacer_24	virome_phage_2237	100.000	16	0	0	13	28	4197	4182	0.76	26.9
Serratia_GCF_000463345.2_spacer_24	virome_phage_11	86.364	22	3	0	1	22	13304	13283	0.76	26.9
Serratia_GCF_000463345.2_spacer_24	total_phage_644	100.000	16	0	0	13	28	13477	13492	0.76	26.9
Serratia_GCF_000463345.2_spacer_25	virome_phage_172	78.125	32	7	0	1	32	7254	7223	0.084	30.1
Serratia_GCF_000463345.2_spacer_25	total_phage_731	100.000	18	0	0	5	22	31065	31082	0.084	30.1
Serratia_GCF_000463345.2_spacer_25	virome_phage_2285	94.737	19	1	0	13	31	12357	12339	0.25	28.5
Serratia_GCF_000463345.2_spacer_25	total_phage_783	84.000	25	4	0	8	32	26548	26572	0.25	28.5
Serratia_GCF_000463345.2_spacer_25	virome_phage_38	76.667	30	7	0	1	30	24978	24949	0.76	26.9
Serratia_GCF_000463345.2_spacer_25	virome_phage_23	86.364	22	3	0	11	32	393	414	0.76	26.9
Serratia_GCF_000463345.2_spacer_25	total_phage_793	83.333	24	4	0	1	24	17210	17233	0.76	26.9
Serratia_GCF_000463345.2_spacer_25	total_phage_605	90.000	20	2	0	1	20	16179	16160	0.76	26.9
Serratia_GCF_000463345.2_spacer_25	total_phage_526	90.000	20	2	0	1	20	5984	5965	0.76	26.9
Serratia_GCF_000463345.2_spacer_26	virome_phage_36	91.667	24	2	0	9	32	7651	7628	0.009	33.3
Serratia_GCF_000463345.2_spacer_26	virome_phage_36	86.957	23	3	0	8	30	37677	37655	0.25	28.5
Serratia_GCF_000463345.2_spacer_26	virome_phage_2312	91.667	24	2	0	9	32	28811	28788	0.009	33.3
Serratia_GCF_000463345.2_spacer_26	virome_phage_2312	86.957	23	3	0	8	30	12984	12962	0.25	28.5
Serratia_GCF_000463345.2_spacer_26	virome_phage_41	90.909	22	2	0	11	32	35376	35355	0.084	30.1
Serratia_GCF_000463345.2_spacer_26	total_phage_294	78.125	32	7	0	1	32	39356	39325	0.084	30.1
Serratia_GCF_000463345.2_spacer_26	virome_phage_770	86.957	23	3	0	10	32	11908	11886	0.25	28.5
Serratia_GCF_000463345.2_spacer_26	virome_phage_770	86.957	23	3	0	10	32	34056	34034	0.25	28.5
Serratia_GCF_000463345.2_spacer_26	virome_phage_2385	90.476	21	2	0	11	31	3287	3267	0.25	28.5
Serratia_GCF_000463345.2_spacer_26	virome_phage_34	86.364	22	3	0	11	32	42679	42700	0.76	26.9
Serratia_GCF_000463345.2_spacer_27	virome_phage_36	100.000	32	0	0	1	32	32383	32352	1.76e-08	52.3
Serratia_GCF_000463345.2_spacer_27	virome_phage_2312	96.552	29	1	0	3	31	7580	7552	4.27e-06	44.4
Serratia_GCF_000463345.2_spacer_27	virome_phage_5	94.737	19	1	0	3	21	40658	40640	0.25	28.5
Serratia_GCF_000463345.2_spacer_28	virome_phage_2312	84.615	26	4	0	6	31	26178	26203	0.084	30.1
Serratia_GCF_000463345.2_spacer_28	virome_phage_2286	83.333	24	4	0	6	29	51391	51414	0.76	26.9
Serratia_GCF_000463345.2_spacer_29	virome_phage_88	84.615	26	4	0	3	28	26921	26946	0.084	30.1
Serratia_GCF_000463345.2_spacer_29	virome_phage_800	84.615	26	4	0	3	28	25998	26023	0.084	30.1
Serratia_GCF_000463345.2_spacer_29	virome_phage_2360	84.615	26	4	0	3	28	9234	9259	0.084	30.1
Serratia_GCF_000463345.2_spacer_29	total_phage_798	84.615	26	4	0	3	28	7864	7889	0.084	30.1
Serratia_GCF_000463345.2_spacer_29	total_phage_796	84.615	26	4	0	3	28	28839	28814	0.084	30.1
Serratia_GCF_000463345.2_spacer_29	total_phage_371	84.615	26	4	0	3	28	347	372	0.084	30.1
Serratia_GCF_000463345.2_spacer_29	total_phage_803	84.000	25	4	0	5	29	25567	25543	0.25	28.5
Serratia_GCF_000463345.2_spacer_29	virome_phage_742	80.769	26	5	0	3	28	21752	21727	0.76	26.9
Serratia_GCF_000463345.2_spacer_29	virome_phage_739	83.333	24	4	0	1	24	8123	8146	0.76	26.9
Serratia_GCF_000463345.2_spacer_29	virome_phage_47	90.000	20	2	0	2	21	19351	19370	0.76	26.9
Serratia_GCF_000463345.2_spacer_29	virome_phage_2269	86.364	22	3	0	4	25	78094	78073	0.76	26.9
Serratia_GCF_000463345.2_spacer_29	virome_phage_2259	80.769	26	5	0	3	28	14680	14655	0.76	26.9
Serratia_GCF_000463345.2_spacer_29	total_phage_738	80.769	26	5	0	3	28	7733	7758	0.76	26.9
Serratia_GCF_000463345.2_spacer_29	total_phage_293	86.364	22	3	0	9	30	36699	36678	0.76	26.9
Serratia_GCF_000463345.2_spacer_29	total_phage_245	80.769	26	5	0	3	28	4026	4051	0.76	26.9
Serratia_GCF_000463345.2_spacer_30	total_phage_187	90.476	21	2	0	12	32	22797	22777	0.25	28.5
Serratia_GCF_000463345.2_spacer_31	virome_phage_2312	86.364	22	3	0	11	32	4203	4224	0.76	26.9
Serratia_GCF_000463345.2_spacer_31	virome_phage_2	78.571	28	6	0	4	31	3085	3112	0.76	26.9
Serratia_GCF_000463345.2_spacer_32	virome_phage_2312	86.207	29	4	0	4	32	26640	26668	0.003	34.9
Serratia_GCF_000463345.2_spacer_32	virome_phage_891	80.000	30	6	0	1	30	98	69	0.084	30.1
Serratia_GCF_000463345.2_spacer_32	total_phage_189	80.000	30	6	0	1	30	23654	23683	0.084	30.1
Serratia_GCF_000463345.2_spacer_32	virome_phage_66	90.476	21	2	0	11	31	15721	15701	0.25	28.5
Serratia_GCF_000463345.2_spacer_32	virome_phage_2272	83.333	24	4	0	7	30	26965	26942	0.76	26.9
Serratia_GCF_000463345.2_spacer_32	total_phage_92	75.000	32	8	0	1	32	147552	147583	0.76	26.9
Serratia_GCF_000463345.2_spacer_32	total_phage_105	80.769	26	5	0	7	32	24310	24285	0.76	26.9
Serratia_GCF_000463345.2_spacer_33	virome_phage_770	82.143	28	5	0	5	32	9723	9696	0.084	30.1
Serratia_GCF_000463345.2_spacer_33	virome_phage_852	86.364	22	3	0	3	24	12668	12647	0.76	26.9
Serratia_GCF_000463345.2_spacer_34	virome_phage_2282	85.185	27	4	0	1	27	56585	56611	0.028	31.7
Serratia_GCF_000463345.2_spacer_34	virome_phage_98	90.000	20	2	0	12	31	14824	14805	0.76	26.9
Serratia_GCF_000463345.2_spacer_34	virome_phage_740	90.000	20	2	0	12	31	82525	82506	0.76	26.9
Serratia_GCF_000463345.2_spacer_34	virome_phage_5	94.444	18	1	0	4	21	32727	32744	0.76	26.9
Serratia_GCF_000463345.2_spacer_34	virome_phage_2301	83.333	24	4	0	4	27	11111	11088	0.76	26.9
Serratia_GCF_000463345.2_spacer_34	virome_phage_219	83.333	24	4	0	7	30	12737	12760	0.76	26.9
Serratia_GCF_000463345.2_spacer_34	total_phage_934	76.667	30	7	0	3	32	10477	10448	0.76	26.9
Serratia_GCF_000463345.2_spacer_34	total_phage_2	90.000	20	2	0	1	20	27457	27476	0.76	26.9
Serratia_GCF_000463345.2_spacer_35	virome_phage_750	78.571	28	6	0	3	30	29674	29647	0.76	26.9
Serratia_GCF_000463345.2_spacer_35	virome_phage_739	90.000	20	2	0	13	32	62386	62405	0.76	26.9
Serratia_GCF_000463345.2_spacer_35	virome_phage_5	78.571	28	6	0	4	31	140404	140431	0.76	26.9
Serratia_GCF_000463345.2_spacer_35	virome_phage_2269	76.667	30	7	0	2	31	197018	197047	0.76	26.9
Serratia_GCF_000463345.2_spacer_35	virome_phage_2269	76.667	30	7	0	1	30	281887	281916	0.76	26.9
Serratia_GCF_000463345.2_spacer_35	total_phage_357	86.364	22	3	0	1	22	7863	7842	0.76	26.9
Serratia_GCF_000463345.2_spacer_36	virome_phage_36	87.500	32	4	0	1	32	39246	39215	1.15e-04	39.6
Serratia_GCF_000463345.2_spacer_36	virome_phage_862	95.000	20	1	0	11	30	4701	4682	0.084	30.1
Serratia_GCF_000463345.2_spacer_36	virome_phage_193	95.000	20	1	0	11	30	6797	6778	0.084	30.1
Serratia_GCF_000463345.2_spacer_36	virome_phage_1	86.957	23	3	0	4	26	174133	174155	0.25	28.5
Serratia_GCF_000463345.2_spacer_36	virome_phage_861	80.769	26	5	0	1	26	5473	5498	0.76	26.9
Serratia_GCF_000463345.2_spacer_36	virome_phage_104	90.000	20	2	0	11	30	23432	23413	0.76	26.9
Serratia_GCF_000463345.2_spacer_37	virome_phage_36	90.625	32	3	0	1	32	5513	5544	1.28e-05	42.8
Serratia_GCF_000463345.2_spacer_37	virome_phage_2312	90.625	32	3	0	1	32	26794	26825	1.28e-05	42.8
Serratia_GCF_000463345.2_spacer_37	virome_phage_2	94.444	18	1	0	1	18	20596	20579	0.76	26.9
Serratia_GCF_000463345.2_spacer_38	virome_phage_2272	79.310	29	6	0	4	32	53390	53418	0.25	28.5
Serratia_GCF_000463345.2_spacer_38	total_phage_233	76.667	30	7	0	1	30	7962	7991	0.76	26.9
Serratia_GCF_000463345.2_spacer_39	virome_phage_2270	88.000	25	3	0	2	26	3790	3766	0.028	31.7
Serratia_GCF_000463345.2_spacer_39	virome_phage_913	76.667	30	7	0	1	30	19788	19817	0.76	26.9
Serratia_GCF_000463345.2_spacer_39	virome_phage_744	78.571	28	6	0	2	29	61503	61530	0.76	26.9
Serratia_GCF_000463345.2_spacer_39	virome_phage_42	83.333	24	4	0	2	25	7018	7041	0.76	26.9
Serratia_GCF_000463345.2_spacer_39	virome_phage_26	80.769	26	5	0	6	31	4956	4981	0.76	26.9
Serratia_GCF_000463345.2_spacer_39	virome_phage_2313	83.333	24	4	0	4	27	2515	2492	0.76	26.9
Serratia_GCF_000463345.2_spacer_39	virome_phage_145	86.364	22	3	0	2	23	4723	4702	0.76	26.9
Serratia_GCF_000463345.2_spacer_39	total_phage_798	83.333	24	4	0	2	25	5388	5411	0.76	26.9
Serratia_GCF_000463345.2_spacer_39	total_phage_360	83.333	24	4	0	2	25	32500	32477	0.76	26.9
Serratia_GCF_000463345.2_spacer_40	virome_phage_2312	93.750	32	2	0	1	32	10397	10366	1.42e-06	46.0
Serratia_GCF_000463345.2_spacer_42	virome_phage_809	84.000	25	4	0	1	25	31637	31661	0.25	28.5
Serratia_GCF_000463345.2_spacer_42	virome_phage_57	84.000	25	4	0	6	30	7387	7363	0.25	28.5
Serratia_GCF_000463345.2_spacer_42	virome_phage_810	86.364	22	3	0	5	26	1323	1344	0.76	26.9
Serratia_GCF_000463345.2_spacer_42	virome_phage_2333	94.444	18	1	0	15	32	3503	3486	0.76	26.9
Serratia_GCF_000463345.2_spacer_43	virome_phage_36	83.871	31	5	0	2	32	13434	13404	0.003	34.9
Serratia_GCF_000463345.2_spacer_43	virome_phage_92	81.481	27	5	0	5	31	7095	7069	0.25	28.5
Serratia_GCF_000463345.2_spacer_43	virome_phage_72	79.310	29	6	0	3	31	28800	28828	0.25	28.5
Serratia_GCF_000463345.2_spacer_43	virome_phage_62	86.957	23	3	0	9	31	9587	9609	0.25	28.5
Serratia_GCF_000463345.2_spacer_43	virome_phage_31	83.333	24	4	0	10	33	23352	23329	0.76	26.9
Serratia_GCF_000463345.2_spacer_43	virome_phage_196	78.571	28	6	0	6	33	10467	10494	0.76	26.9
Serratia_GCF_000463345.2_spacer_43	virome_phage_104	86.364	22	3	0	12	33	10515	10536	0.76	26.9
Serratia_GCF_000463345.2_spacer_44	virome_phage_2312	86.207	29	4	0	2	30	9883	9855	0.003	34.9
Serratia_GCF_000463345.2_spacer_44	virome_phage_36	77.419	31	7	0	2	32	34929	34899	0.25	28.5
Serratia_GCF_000463345.2_spacer_44	virome_phage_2269	94.444	18	1	0	5	22	10283	10266	0.76	26.9
Serratia_GCF_000463345.2_spacer_45	virome_phage_784	90.476	21	2	0	11	31	26847	26827	0.25	28.5
Serratia_GCF_000463345.2_spacer_45	virome_phage_744	90.000	20	2	0	2	21	50179	50198	0.76	26.9
Serratia_GCF_000463345.2_spacer_46	virome_phage_750	90.476	21	2	0	4	24	62656	62676	0.25	28.5
Serratia_GCF_000463345.2_spacer_46	virome_phage_779	83.333	24	4	0	8	31	38302	38279	0.76	26.9
Serratia_GCF_000463345.2_spacer_46	virome_phage_54	90.000	20	2	0	10	29	22162	22181	0.76	26.9
Serratia_GCF_000463345.2_spacer_46	virome_phage_5	90.000	20	2	0	5	24	49746	49727	0.76	26.9
Serratia_GCF_000463345.2_spacer_46	total_phage_362	90.000	20	2	0	3	22	16712	16731	0.76	26.9
Serratia_GCF_000463345.2_spacer_46	total_phage_102	90.000	20	2	0	3	22	17067	17048	0.76	26.9
Serratia_GCF_000463345.2_spacer_47	virome_phage_36	89.286	28	3	0	1	28	31363	31336	0.001	36.5
Serratia_GCF_000463345.2_spacer_47	virome_phage_825	86.364	22	3	0	2	23	25058	25079	0.76	26.9
Serratia_GCF_000463345.2_spacer_47	virome_phage_11	90.000	20	2	0	5	24	23848	23829	0.76	26.9
Serratia_GCF_000463345.2_spacer_48	total_phage_733	88.000	25	3	0	6	30	38898	38922	0.028	31.7
Serratia_GCF_000463345.2_spacer_48	virome_phage_734	90.476	21	2	0	10	30	305346	305326	0.25	28.5
Serratia_GCF_000463345.2_spacer_48	total_phage_451	94.737	19	1	0	9	27	11861	11843	0.25	28.5
Serratia_GCF_000463345.2_spacer_48	virome_phage_848	83.333	24	4	0	8	31	12050	12073	0.76	26.9
Serratia_GCF_000463345.2_spacer_48	virome_phage_821	90.000	20	2	0	7	26	2132	2151	0.76	26.9
Serratia_GCF_000463345.2_spacer_48	virome_phage_7	86.364	22	3	0	9	30	7827	7848	0.76	26.9
Serratia_GCF_000463345.2_spacer_48	virome_phage_39	100.000	16	0	0	12	27	20913	20898	0.76	26.9
Serratia_GCF_000463345.2_spacer_48	total_phage_731	78.571	28	6	0	3	30	115837	115810	0.76	26.9
Serratia_GCF_000463345.2_spacer_49	virome_phage_766	90.476	21	2	0	2	22	12638	12658	0.25	28.5
Serratia_GCF_000463345.2_spacer_49	total_phage_783	90.476	21	2	0	11	31	28283	28263	0.25	28.5
Serratia_GCF_000463345.2_spacer_49	virome_phage_47	100.000	16	0	0	7	22	37748	37733	0.76	26.9
Serratia_GCF_000463345.2_spacer_49	virome_phage_2270	75.000	32	8	0	1	32	26516	26485	0.76	26.9
Serratia_GCF_000463345.2_spacer_49	total_phage_786	94.444	18	1	0	3	20	32523	32506	0.76	26.9
Serratia_GCF_000463345.2_spacer_50	virome_phage_75	79.310	29	6	0	3	31	4582	4610	0.25	28.5
Serratia_GCF_000463345.2_spacer_50	virome_phage_235	78.571	28	6	0	1	28	5031	5058	0.76	26.9
Serratia_GCF_000463345.2_spacer_50	virome_phage_1077	78.571	28	6	0	1	28	6443	6470	0.76	26.9
Serratia_GCF_000463345.2_spacer_51	total_phage_518	88.462	26	3	0	5	30	4665	4640	0.009	33.3
Serratia_GCF_000463345.2_spacer_51	virome_phage_34	91.304	23	2	0	2	24	31702	31724	0.028	31.7
Serratia_GCF_000463345.2_spacer_51	virome_phage_4	84.615	26	4	0	6	31	65154	65129	0.084	30.1
Serratia_GCF_000463345.2_spacer_51	virome_phage_36	78.125	32	7	0	1	32	38246	38215	0.084	30.1
Serratia_GCF_000463345.2_spacer_51	virome_phage_749	90.476	21	2	0	6	26	47098	47118	0.25	28.5
Serratia_GCF_000463345.2_spacer_51	virome_phage_2270	94.737	19	1	0	14	32	213515	213497	0.25	28.5
Serratia_GCF_000463345.2_spacer_51	virome_phage_882	78.571	28	6	0	3	30	24758	24731	0.76	26.9
Serratia_GCF_000463345.2_spacer_51	virome_phage_826	86.364	22	3	0	1	22	19437	19458	0.76	26.9
Serratia_GCF_000463345.2_spacer_51	virome_phage_745	90.000	20	2	0	11	30	65934	65953	0.76	26.9
Serratia_GCF_000463345.2_spacer_51	virome_phage_738	90.000	20	2	0	5	24	2732	2713	0.76	26.9
Serratia_GCF_000463345.2_spacer_51	virome_phage_2292	86.364	22	3	0	1	22	35073	35094	0.76	26.9
Serratia_GCF_000463345.2_spacer_51	virome_phage_2254	90.000	20	2	0	5	24	5128	5109	0.76	26.9
Serratia_GCF_000463345.2_spacer_51	total_phage_92	80.769	26	5	0	5	30	54376	54351	0.76	26.9
Serratia_GCF_000463345.2_spacer_51	total_phage_730	94.444	18	1	0	1	18	7531	7548	0.76	26.9
Serratia_GCF_000463345.2_spacer_51	total_phage_443	76.667	30	7	0	1	30	1792	1821	0.76	26.9
Serratia_GCF_000463345.2_spacer_51	total_phage_370	94.444	18	1	0	6	23	9010	8993	0.76	26.9
Serratia_GCF_000463345.2_spacer_51	total_phage_306	90.000	20	2	0	5	24	115	134	0.76	26.9
Serratia_GCF_000463345.2_spacer_51	total_phage_232	83.333	24	4	0	2	25	24776	24799	0.76	26.9
Serratia_GCF_000463345.2_spacer_52	virome_phage_865	88.000	25	3	0	6	30	11110	11134	0.028	31.7
Serratia_GCF_000463345.2_spacer_52	virome_phage_865	86.364	22	3	0	4	25	18764	18743	0.76	26.9
Serratia_GCF_000463345.2_spacer_52	virome_phage_865	100.000	16	0	0	16	31	27706	27721	0.76	26.9
Serratia_GCF_000463345.2_spacer_52	virome_phage_839	90.909	22	2	0	7	28	30470	30449	0.084	30.1
Serratia_GCF_000463345.2_spacer_52	total_phage_232	95.000	20	1	0	2	21	73097	73078	0.084	30.1
Serratia_GCF_000463345.2_spacer_52	virome_phage_754	86.957	23	3	0	2	24	35122	35144	0.25	28.5
Serratia_GCF_000463345.2_spacer_52	virome_phage_2254	90.476	21	2	0	6	26	18678	18698	0.25	28.5
Serratia_GCF_000463345.2_spacer_52	virome_phage_2254	83.333	24	4	0	1	24	130425	130448	0.76	26.9
Serratia_GCF_000463345.2_spacer_52	total_phage_729	90.476	21	2	0	9	29	167606	167626	0.25	28.5
Serratia_GCF_000463345.2_spacer_52	total_phage_636	100.000	17	0	0	16	32	10203	10219	0.25	28.5
Serratia_GCF_000463345.2_spacer_52	virome_phage_833	83.333	24	4	0	1	24	29434	29411	0.76	26.9
Serratia_GCF_000463345.2_spacer_52	virome_phage_789	80.769	26	5	0	2	27	2626	2601	0.76	26.9
Serratia_GCF_000463345.2_spacer_52	virome_phage_4	90.000	20	2	0	11	30	4098	4079	0.76	26.9
Serratia_GCF_000463345.2_spacer_52	total_phage_696	94.444	18	1	0	5	22	11829	11812	0.76	26.9
Serratia_GCF_000463345.2_spacer_52	total_phage_655	94.444	18	1	0	5	22	24264	24247	0.76	26.9
Serratia_GCF_000463345.2_spacer_52	total_phage_638	78.571	28	6	0	5	32	13381	13354	0.76	26.9
Serratia_GCF_000463345.2_spacer_52	total_phage_600	94.444	18	1	0	5	22	16594	16577	0.76	26.9
Serratia_GCF_000463345.2_spacer_52	total_phage_231	75.000	32	8	0	1	32	85077	85046	0.76	26.9
Serratia_GCF_000463345.2_spacer_52	virome_phage_841	94.444	18	1	0	6	23	24127	24144	0.76	26.9
Serratia_GCF_000463345.2_spacer_52	total_phage_520	94.444	18	1	0	5	22	8840	8857	0.76	26.9
Serratia_GCF_000463345.2_spacer_52	total_phage_445	94.444	18	1	0	5	22	27474	27491	0.76	26.9
Serratia_GCF_000463345.2_spacer_53	total_phage_790	91.304	23	2	0	6	28	23810	23832	0.028	31.7
Serratia_GCF_000463345.2_spacer_53	total_phage_790	86.957	23	3	0	6	28	23849	23871	0.25	28.5
Serratia_GCF_000463345.2_spacer_53	virome_phage_831	84.000	25	4	0	7	31	25513	25489	0.25	28.5
Serratia_GCF_000463345.2_spacer_53	virome_phage_45	84.000	25	4	0	6	30	30900	30876	0.25	28.5
Serratia_GCF_000463345.2_spacer_53	virome_phage_36	81.481	27	5	0	1	27	18383	18357	0.25	28.5
Serratia_GCF_000463345.2_spacer_53	virome_phage_2274	84.000	25	4	0	7	31	63482	63458	0.25	28.5
Serratia_GCF_000463345.2_spacer_53	virome_phage_2274	86.364	22	3	0	5	26	12679	12700	0.76	26.9
Serratia_GCF_000463345.2_spacer_53	virome_phage_63	90.000	20	2	0	7	26	38341	38322	0.76	26.9
Serratia_GCF_000463345.2_spacer_53	virome_phage_50	90.000	20	2	0	5	24	11506	11525	0.76	26.9
Serratia_GCF_000463345.2_spacer_54	virome_phage_7	88.000	25	3	0	7	31	6301	6325	0.028	31.7
Serratia_GCF_000463345.2_spacer_54	virome_phage_144	79.310	29	6	0	1	29	2664	2636	0.25	28.5
Serratia_GCF_000463345.2_spacer_54	virome_phage_12	90.476	21	2	0	12	32	13298	13278	0.25	28.5
Serratia_GCF_000463345.2_spacer_54	total_phage_92	81.481	27	5	0	1	27	114979	115005	0.25	28.5
Serratia_GCF_000463345.2_spacer_54	total_phage_734	81.481	27	5	0	1	27	28528	28554	0.25	28.5
Serratia_GCF_000463345.2_spacer_54	virome_phage_45	94.444	18	1	0	1	18	23700	23717	0.76	26.9
Serratia_GCF_000463345.2_spacer_54	virome_phage_2342	86.364	22	3	0	10	31	11581	11602	0.76	26.9
Serratia_GCF_000463345.2_spacer_54	virome_phage_2298	78.571	28	6	0	2	29	39609	39636	0.76	26.9
Serratia_GCF_000463345.2_spacer_54	virome_phage_2282	86.364	22	3	0	8	29	55678	55699	0.76	26.9
Serratia_GCF_000463345.2_spacer_54	total_phage_729	76.667	30	7	0	3	32	161	132	0.76	26.9
Serratia_GCF_000463345.2_spacer_54	total_phage_231	94.444	18	1	0	10	27	83604	83621	0.76	26.9
Serratia_GCF_000463345.2_spacer_55	virome_phage_865	83.333	24	4	0	1	24	9984	9961	0.76	26.9
Serratia_GCF_000463345.2_spacer_55	virome_phage_2280	80.769	26	5	0	5	30	29746	29771	0.76	26.9
Serratia_GCF_000463345.2_spacer_55	virome_phage_2269	100.000	16	0	0	4	19	73708	73723	0.76	26.9
Serratia_GCF_000463345.2_spacer_55	total_phage_358	90.000	20	2	0	2	21	7246	7265	0.76	26.9
Serratia_GCF_000463345.2_spacer_55	total_phage_299	90.000	20	2	0	2	21	3195	3214	0.76	26.9
Serratia_GCF_000463345.2_spacer_55	total_phage_2	83.333	24	4	0	1	24	25003	24980	0.76	26.9
Serratia_GCF_000463345.2_spacer_56	virome_phage_913	90.909	22	2	0	10	31	3876	3855	0.084	30.1
Serratia_GCF_000463345.2_spacer_56	total_phage_98	78.125	32	7	0	1	32	15701	15732	0.084	30.1
Serratia_GCF_000463345.2_spacer_56	virome_phage_750	81.481	27	5	0	1	27	26364	26390	0.25	28.5
Serratia_GCF_000463345.2_spacer_56	virome_phage_842	86.364	22	3	0	3	24	28579	28600	0.76	26.9
Serratia_GCF_000463345.2_spacer_56	virome_phage_815	76.667	30	7	0	3	32	33339	33310	0.76	26.9
Serratia_GCF_000463345.2_spacer_56	virome_phage_734	86.364	22	3	0	10	31	289665	289686	0.76	26.9
Serratia_GCF_000463345.2_spacer_56	virome_phage_2269	90.000	20	2	0	12	31	121710	121691	0.76	26.9
Serratia_GCF_000463345.2_spacer_56	virome_phage_1	78.571	28	6	0	5	32	27199	27172	0.76	26.9
Serratia_GCF_000463345.2_spacer_56	total_phage_361	90.000	20	2	0	13	32	11078	11097	0.76	26.9
Serratia_GCF_000463345.2_spacer_56	total_phage_3	86.364	22	3	0	3	24	7826	7805	0.76	26.9
Serratia_GCF_000463345.2_spacer_56	total_phage_111	76.667	30	7	0	3	32	36242	36213	0.76	26.9
Serratia_GCF_000463345.2_spacer_56	total_phage_111	76.667	30	7	0	3	32	76484	76455	0.76	26.9
Serratia_GCF_000463345.2_spacer_57	virome_phage_745	80.769	26	5	0	1	26	19001	19026	0.76	26.9
Serratia_GCF_000463345.2_spacer_58	total_phage_92	80.000	30	6	0	3	32	40196	40167	0.084	30.1
Serratia_GCF_000463345.2_spacer_58	virome_phage_834	90.476	21	2	0	2	22	7679	7659	0.25	28.5
Serratia_GCF_000463345.2_spacer_58	virome_phage_875	86.364	22	3	0	3	24	17544	17523	0.76	26.9
Serratia_GCF_000463345.2_spacer_58	virome_phage_807	75.000	32	8	0	1	32	13013	12982	0.76	26.9
Serratia_GCF_000463345.2_spacer_58	virome_phage_750	90.000	20	2	0	7	26	31278	31259	0.76	26.9
Serratia_GCF_000463345.2_spacer_58	virome_phage_748	86.364	22	3	0	6	27	54495	54474	0.76	26.9
Serratia_GCF_000463345.2_spacer_58	virome_phage_742	90.000	20	2	0	4	23	46878	46897	0.76	26.9
Serratia_GCF_000463345.2_spacer_58	virome_phage_1	76.667	30	7	0	1	30	107884	107913	0.76	26.9
Serratia_GCF_000463345.2_spacer_58	total_phage_798	75.000	32	8	0	1	32	1512	1543	0.76	26.9
Serratia_GCF_000463345.2_spacer_58	total_phage_692	78.571	28	6	0	3	30	3023	3050	0.76	26.9
Serratia_GCF_000463345.2_spacer_58	total_phage_658	78.571	28	6	0	3	30	42879	42852	0.76	26.9
Serratia_GCF_000463345.2_spacer_58	total_phage_361	90.000	20	2	0	13	32	30594	30613	0.76	26.9
Serratia_GCF_000463345.2_spacer_59	virome_phage_2270	77.419	31	7	0	1	31	33846	33876	0.25	28.5
Serratia_GCF_000463345.2_spacer_60	virome_phage_36	100.000	32	0	0	1	32	34587	34556	1.76e-08	52.3
Serratia_GCF_000463345.2_spacer_60	virome_phage_2312	93.750	32	2	0	1	32	9541	9510	1.42e-06	46.0
Serratia_GCF_000463345.2_spacer_62	virome_phage_840	83.333	30	5	0	2	31	800	829	0.009	33.3
Serratia_GCF_000463345.2_spacer_62	virome_phage_8	82.143	28	5	0	5	32	101224	101197	0.084	30.1
Serratia_GCF_000463345.2_spacer_62	total_phage_231	80.000	30	6	0	2	31	94715	94686	0.084	30.1
Serratia_GCF_000463345.2_spacer_62	total_phage_231	94.444	18	1	0	9	26	125157	125140	0.76	26.9
Serratia_GCF_000463345.2_spacer_62	virome_phage_25	81.481	27	5	0	6	32	22369	22395	0.25	28.5
Serratia_GCF_000463345.2_spacer_62	virome_phage_2272	79.310	29	6	0	4	32	38392	38420	0.25	28.5
Serratia_GCF_000463345.2_spacer_62	total_phage_731	94.737	19	1	0	13	31	18002	18020	0.25	28.5
Serratia_GCF_000463345.2_spacer_62	total_phage_363	94.737	19	1	0	8	26	15575	15557	0.25	28.5
Serratia_GCF_000463345.2_spacer_62	total_phage_175	94.737	19	1	0	8	26	29871	29889	0.25	28.5
Serratia_GCF_000463345.2_spacer_62	virome_phage_906	83.333	24	4	0	3	26	23178	23201	0.76	26.9
Serratia_GCF_000463345.2_spacer_62	virome_phage_803	90.000	20	2	0	5	24	27517	27498	0.76	26.9
Serratia_GCF_000463345.2_spacer_62	virome_phage_738	83.333	24	4	0	9	32	78815	78838	0.76	26.9
Serratia_GCF_000463345.2_spacer_62	virome_phage_4	83.333	24	4	0	9	32	19416	19393	0.76	26.9
Serratia_GCF_000463345.2_spacer_62	virome_phage_2319	94.444	18	1	0	13	30	12451	12468	0.76	26.9
Serratia_GCF_000463345.2_spacer_62	virome_phage_23	78.571	28	6	0	2	29	11045	11018	0.76	26.9
Serratia_GCF_000463345.2_spacer_62	virome_phage_14	94.444	18	1	0	15	32	41345	41328	0.76	26.9
Serratia_GCF_000463345.2_spacer_63	virome_phage_36	94.737	19	1	0	1	19	8951	8933	0.25	28.5
Serratia_GCF_000463345.2_spacer_63	virome_phage_2312	94.737	19	1	0	1	19	30377	30359	0.25	28.5
Serratia_GCF_000463345.2_spacer_64	virome_phage_36	96.875	32	1	0	1	32	37471	37440	1.58e-07	49.1
Serratia_GCF_000463345.2_spacer_64	virome_phage_2312	96.667	30	1	0	1	30	12778	12749	1.42e-06	46.0
Serratia_GCF_000463345.2_spacer_64	total_phage_605	78.125	32	7	0	1	32	17177	17146	0.084	30.1
Serratia_GCF_000463345.2_spacer_64	total_phage_526	78.125	32	7	0	1	32	6982	6951	0.084	30.1
Serratia_GCF_000463345.2_spacer_64	virome_phage_735	86.364	22	3	0	5	26	99691	99712	0.76	26.9
Serratia_GCF_000463345.2_spacer_64	virome_phage_4	90.000	20	2	0	12	31	23354	23335	0.76	26.9
Serratia_GCF_000463345.2_spacer_64	virome_phage_2272	86.364	22	3	0	2	23	39194	39173	0.76	26.9
Serratia_GCF_000463345.2_spacer_64	virome_phage_14	80.769	26	5	0	4	29	89980	89955	0.76	26.9
Serratia_GCF_000463345.2_spacer_65	virome_phage_55	94.444	18	1	0	9	26	33734	33717	0.76	26.9
Serratia_GCF_000463345.2_spacer_65	virome_phage_2	83.333	24	4	0	8	31	44276	44253	0.76	26.9
Serratia_GCF_000463345.2_spacer_68	virome_phage_1668	82.759	29	5	0	4	32	2870	2842	0.028	31.7
Serratia_GCF_000463345.2_spacer_68	virome_phage_193	94.737	19	1	0	13	31	10771	10753	0.25	28.5
Serratia_GCF_000463345.2_spacer_68	virome_phage_1092	86.364	22	3	0	4	25	8735	8714	0.76	26.9
Serratia_GCF_000463345.2_spacer_71	virome_phage_16	100.000	17	0	0	6	22	35038	35022	0.25	28.5
Serratia_GCF_000463345.2_spacer_71	virome_phage_792	86.364	22	3	0	2	23	33951	33972	0.76	26.9
Serratia_GCF_000463345.2_spacer_71	virome_phage_768	80.769	26	5	0	1	26	21894	21869	0.76	26.9
Serratia_GCF_000463345.2_spacer_71	virome_phage_2303	86.364	22	3	0	2	23	33945	33966	0.76	26.9
Serratia_GCF_000463345.2_spacer_71	virome_phage_10	90.000	20	2	0	3	22	58912	58931	0.76	26.9
Serratia_GCF_000463345.2_spacer_71	total_phage_730	90.000	20	2	0	3	22	127816	127797	0.76	26.9
Serratia_GCF_000463345.2_spacer_71	total_phage_417	86.364	22	3	0	2	23	17032	17053	0.76	26.9
Serratia_GCF_000463345.2_spacer_72	virome_phage_772	90.476	21	2	0	7	27	29437	29417	0.25	28.5
Serratia_GCF_000463345.2_spacer_72	virome_phage_838	90.000	20	2	0	5	24	17056	17075	0.76	26.9
Serratia_GCF_000463345.2_spacer_73	virome_phage_2389	84.000	25	4	0	2	26	16571	16595	0.25	28.5
Serratia_GCF_000463345.2_spacer_73	virome_phage_2382	84.000	25	4	0	2	26	16974	16998	0.25	28.5
Serratia_GCF_000463345.2_spacer_73	virome_phage_155	84.000	25	4	0	2	26	15820	15844	0.25	28.5
Serratia_GCF_000463345.2_spacer_73	virome_phage_153	84.000	25	4	0	2	26	15729	15753	0.25	28.5
Serratia_GCF_000463345.2_spacer_73	total_phage_418	80.769	26	5	0	6	31	29100	29075	0.76	26.9
Serratia_GCF_000463345.2_spacer_76	virome_phage_1117	77.419	31	7	0	1	31	4318	4348	0.25	28.5
Serratia_GCF_000463345.2_spacer_77	virome_phage_2914	94.444	18	1	0	4	21	3792	3809	0.76	26.9
Serratia_GCF_000463345.2_spacer_78	virome_phage_87	90.909	22	2	0	11	32	29750	29729	0.084	30.1
Serratia_GCF_000463345.2_spacer_78	virome_phage_809	87.500	24	3	0	9	32	10962	10939	0.084	30.1
Serratia_GCF_000463345.2_spacer_78	virome_phage_772	94.444	18	1	0	8	25	26429	26412	0.76	26.9
Serratia_GCF_000463345.2_spacer_78	virome_phage_2296	90.000	20	2	0	5	24	2586	2605	0.76	26.9
Serratia_GCF_000463345.2_spacer_80	virome_phage_34	90.000	20	2	0	9	28	26312	26331	0.76	26.9
Serratia_GCF_000463345.2_spacer_81	virome_phage_2912	80.769	26	5	0	4	29	6696	6671	0.76	26.9
Serratia_GCF_000463345.2_spacer_81	virome_phage_2255	86.364	22	3	0	8	29	37021	37042	0.76	26.9
Serratia_GCF_000463345.2_spacer_82	virome_phage_1541	77.419	31	7	0	1	31	5642	5672	0.25	28.5
Serratia_GCF_000463345.2_spacer_82	virome_phage_855	80.769	26	5	0	3	28	24189	24214	0.76	26.9
Serratia_GCF_000463345.2_spacer_83	virome_phage_67	87.500	24	3	0	1	24	7193	7216	0.084	30.1
Serratia_GCF_000463345.2_spacer_83	virome_phage_826	84.000	25	4	0	8	32	5956	5980	0.25	28.5
Serratia_GCF_000463345.2_spacer_83	virome_phage_50	86.364	22	3	0	2	23	11309	11288	0.76	26.9
Serratia_GCF_000463345.2_spacer_83	virome_phage_2254	80.769	26	5	0	5	30	16080	16055	0.76	26.9
Serratia_GCF_000463345.2_spacer_84	virome_phage_814	84.000	25	4	0	2	26	33818	33842	0.25	28.5
Serratia_GCF_000463345.2_spacer_84	virome_phage_27	86.364	22	3	0	10	31	24706	24685	0.76	26.9
Serratia_GCF_000463345.2_spacer_84	total_phage_112	86.364	22	3	0	10	31	13630	13651	0.76	26.9
Serratia_GCF_000463345.2_spacer_87	virome_phage_885	86.957	23	3	0	1	23	23253	23231	0.25	28.5
Serratia_GCF_000463345.2_spacer_87	virome_phage_925	100.000	16	0	0	9	24	10627	10642	0.76	26.9
Serratia_GCF_000463345.2_spacer_87	virome_phage_797	83.333	24	4	0	3	26	11964	11941	0.76	26.9
Serratia_GCF_000463345.2_spacer_87	virome_phage_749	90.000	20	2	0	8	27	30171	30152	0.76	26.9
Serratia_GCF_000463345.2_spacer_87	virome_phage_2304	94.444	18	1	0	5	22	33015	33032	0.76	26.9
Serratia_GCF_000463345.2_spacer_88	virome_phage_861	83.333	24	4	0	5	28	20843	20866	0.76	26.9
Serratia_GCF_000463345.2_spacer_88	virome_phage_748	90.000	20	2	0	11	30	17066	17085	0.76	26.9
Serratia_GCF_000463345.2_spacer_88	virome_phage_5	90.000	20	2	0	5	24	104205	104186	0.76	26.9
Serratia_GCF_000463345.2_spacer_88	total_phage_727	78.571	28	6	0	5	32	16982	17009	0.76	26.9
Serratia_GCF_000463345.2_spacer_88	total_phage_600	94.444	18	1	0	4	21	6741	6758	0.76	26.9
Serratia_GCF_000463345.2_spacer_88	total_phage_518	78.571	28	6	0	5	32	29192	29219	0.76	26.9
Serratia_GCF_000463345.2_spacer_88	total_phage_364	90.000	20	2	0	2	21	21327	21308	0.76	26.9
Serratia_GCF_000463345.2_spacer_88	total_phage_357	86.364	22	3	0	4	25	10044	10023	0.76	26.9
Serratia_GCF_000463345.2_spacer_89	total_phage_117	82.143	28	5	0	5	32	22794	22767	0.084	30.1
Serratia_GCF_000463345.2_spacer_89	virome_phage_752	86.957	23	3	0	8	30	29619	29597	0.25	28.5
Serratia_GCF_000463345.2_spacer_89	virome_phage_16	84.000	25	4	0	2	26	42393	42417	0.25	28.5
Serratia_GCF_000463345.2_spacer_89	virome_phage_862	78.571	28	6	0	5	32	27076	27049	0.76	26.9
Serratia_GCF_000463345.2_spacer_89	virome_phage_742	90.000	20	2	0	1	20	22911	22892	0.76	26.9
Serratia_GCF_000463345.2_spacer_89	total_phage_738	78.571	28	6	0	5	32	13354	13381	0.76	26.9
Serratia_GCF_000463345.2_spacer_89	total_phage_248	78.571	28	6	0	5	32	7820	7793	0.76	26.9
Serratia_GCF_000463345.2_spacer_89	total_phage_12	78.571	28	6	0	5	32	4212	4239	0.76	26.9
Serratia_GCF_000463345.2_spacer_90	virome_phage_2424	82.759	29	5	0	2	30	12299	12271	0.028	31.7
Serratia_GCF_000463345.2_spacer_90	virome_phage_239	82.759	29	5	0	2	30	10375	10347	0.028	31.7
Serratia_GCF_000463345.2_spacer_90	virome_phage_91	87.500	24	3	0	9	32	20826	20803	0.084	30.1
Serratia_GCF_000463345.2_spacer_90	virome_phage_66	80.000	30	6	0	3	32	30186	30215	0.084	30.1
Serratia_GCF_000463345.2_spacer_90	virome_phage_27	82.143	28	5	0	5	32	4295	4322	0.084	30.1
Serratia_GCF_000463345.2_spacer_90	virome_phage_10	82.143	28	5	0	3	30	103229	103202	0.084	30.1
Serratia_GCF_000463345.2_spacer_90	total_phage_737	80.000	30	6	0	2	31	3398	3369	0.084	30.1
Serratia_GCF_000463345.2_spacer_90	total_phage_730	82.143	28	5	0	3	30	83039	83066	0.084	30.1
Serratia_GCF_000463345.2_spacer_90	total_phage_730	94.737	19	1	0	6	24	50337	50355	0.25	28.5
Serratia_GCF_000463345.2_spacer_90	total_phage_600	84.615	26	4	0	7	32	467	492	0.084	30.1
Serratia_GCF_000463345.2_spacer_90	virome_phage_88	81.481	27	5	0	5	31	13122	13148	0.25	28.5
Serratia_GCF_000463345.2_spacer_90	virome_phage_800	81.481	27	5	0	5	31	12199	12225	0.25	28.5
Serratia_GCF_000463345.2_spacer_90	virome_phage_8	86.957	23	3	0	9	31	27992	28014	0.25	28.5
Serratia_GCF_000463345.2_spacer_90	virome_phage_8	90.476	21	2	0	10	30	29514	29534	0.25	28.5
Serratia_GCF_000463345.2_spacer_90	virome_phage_8	86.957	23	3	0	8	30	59509	59487	0.25	28.5
Serratia_GCF_000463345.2_spacer_90	virome_phage_62	94.737	19	1	0	3	21	39050	39032	0.25	28.5
Serratia_GCF_000463345.2_spacer_90	virome_phage_32	84.000	25	4	0	8	32	23031	23007	0.25	28.5
Serratia_GCF_000463345.2_spacer_90	virome_phage_158	79.310	29	6	0	1	29	6316	6288	0.25	28.5
Serratia_GCF_000463345.2_spacer_90	virome_phage_158	81.481	27	5	0	4	30	18287	18261	0.25	28.5
Serratia_GCF_000463345.2_spacer_90	virome_phage_1061	81.481	27	5	0	4	30	919	945	0.25	28.5
Serratia_GCF_000463345.2_spacer_90	virome_phage_1061	79.310	29	6	0	1	29	12890	12918	0.25	28.5
Serratia_GCF_000463345.2_spacer_90	virome_phage_1004	77.419	31	7	0	2	32	5806	5776	0.25	28.5
Serratia_GCF_000463345.2_spacer_90	virome_phage_1	90.476	21	2	0	12	32	171659	171679	0.25	28.5
Serratia_GCF_000463345.2_spacer_90	total_phage_796	81.481	27	5	0	5	31	1586	1560	0.25	28.5
Serratia_GCF_000463345.2_spacer_90	total_phage_734	79.310	29	6	0	4	32	8252	8280	0.25	28.5
Serratia_GCF_000463345.2_spacer_90	total_phage_524	86.957	23	3	0	10	32	20527	20505	0.25	28.5
Serratia_GCF_000463345.2_spacer_90	total_phage_443	79.310	29	6	0	4	32	8847	8875	0.25	28.5
Serratia_GCF_000463345.2_spacer_90	total_phage_362	84.000	25	4	0	5	29	25839	25863	0.25	28.5
Serratia_GCF_000463345.2_spacer_90	total_phage_362	94.444	18	1	0	4	21	26233	26216	0.76	26.9
Serratia_GCF_000463345.2_spacer_90	total_phage_360	81.481	27	5	0	4	30	29567	29541	0.25	28.5
Serratia_GCF_000463345.2_spacer_90	total_phage_308	84.000	25	4	0	5	29	16199	16223	0.25	28.5
Serratia_GCF_000463345.2_spacer_90	virome_phage_878	83.333	24	4	0	9	32	12572	12595	0.76	26.9
Serratia_GCF_000463345.2_spacer_90	virome_phage_86	90.000	20	2	0	1	20	10449	10430	0.76	26.9
Serratia_GCF_000463345.2_spacer_90	virome_phage_850	86.364	22	3	0	9	30	21886	21907	0.76	26.9
Serratia_GCF_000463345.2_spacer_90	virome_phage_840	86.364	22	3	0	11	32	10349	10328	0.76	26.9
Serratia_GCF_000463345.2_spacer_90	virome_phage_821	90.000	20	2	0	1	20	27984	27965	0.76	26.9
Serratia_GCF_000463345.2_spacer_90	virome_phage_752	86.364	22	3	0	10	31	22183	22204	0.76	26.9
Serratia_GCF_000463345.2_spacer_90	virome_phage_742	86.364	22	3	0	11	32	6360	6339	0.76	26.9
Serratia_GCF_000463345.2_spacer_90	virome_phage_739	80.769	26	5	0	7	32	12731	12706	0.76	26.9
Serratia_GCF_000463345.2_spacer_90	virome_phage_734	90.000	20	2	0	11	30	21858	21877	0.76	26.9
Serratia_GCF_000463345.2_spacer_90	virome_phage_734	83.333	24	4	0	6	29	82767	82790	0.76	26.9
Serratia_GCF_000463345.2_spacer_90	virome_phage_734	78.571	28	6	0	4	31	139124	139097	0.76	26.9
Serratia_GCF_000463345.2_spacer_90	virome_phage_2322	83.333	24	4	0	1	24	18009	17986	0.76	26.9
Serratia_GCF_000463345.2_spacer_90	virome_phage_2280	83.333	24	4	0	9	32	50772	50795	0.76	26.9
Serratia_GCF_000463345.2_spacer_90	virome_phage_1873	78.571	28	6	0	5	32	4727	4700	0.76	26.9
Serratia_GCF_000463345.2_spacer_90	virome_phage_1849	83.333	24	4	0	8	31	65	88	0.76	26.9
Serratia_GCF_000463345.2_spacer_90	virome_phage_116	90.000	20	2	0	11	30	18866	18847	0.76	26.9
Serratia_GCF_000463345.2_spacer_90	total_phage_92	83.333	24	4	0	9	32	71953	71976	0.76	26.9
Serratia_GCF_000463345.2_spacer_90	total_phage_92	90.000	20	2	0	13	32	75301	75282	0.76	26.9
Serratia_GCF_000463345.2_spacer_90	total_phage_92	75.000	32	8	0	1	32	90918	90887	0.76	26.9
Serratia_GCF_000463345.2_spacer_90	total_phage_788	94.444	18	1	0	12	29	81	98	0.76	26.9
Serratia_GCF_000463345.2_spacer_90	total_phage_783	78.571	28	6	0	2	29	20662	20635	0.76	26.9
Serratia_GCF_000463345.2_spacer_90	total_phage_729	90.000	20	2	0	11	30	123230	123249	0.76	26.9
Serratia_GCF_000463345.2_spacer_90	total_phage_694	76.667	30	7	0	1	30	16611	16640	0.76	26.9
Serratia_GCF_000463345.2_spacer_90	total_phage_451	86.364	22	3	0	9	30	22098	22077	0.76	26.9
Serratia_GCF_000463345.2_spacer_90	total_phage_297	86.364	22	3	0	1	22	5791	5770	0.76	26.9
Serratia_GCF_000463345.2_spacer_90	total_phage_237	86.364	22	3	0	9	30	14826	14805	0.76	26.9
Serratia_GCF_000463345.2_spacer_90	total_phage_232	83.333	24	4	0	9	32	62015	61992	0.76	26.9
Serratia_GCF_000463345.2_spacer_90	total_phage_231	83.333	24	4	0	7	30	77597	77620	0.76	26.9
Serratia_GCF_000463345.2_spacer_90	total_phage_172	94.444	18	1	0	10	27	2218	2235	0.76	26.9
Serratia_GCF_000463345.2_spacer_90	total_phage_114	80.769	26	5	0	1	26	5216	5191	0.76	26.9
Serratia_GCF_000463345.2_spacer_90	total_phage_112	83.333	24	4	0	9	32	33457	33434	0.76	26.9
Serratia_GCF_000463345.2_spacer_90	total_phage_106	90.000	20	2	0	12	31	3769	3788	0.76	26.9
Serratia_GCF_000463345.2_spacer_90	total_phage_102	83.333	24	4	0	9	32	13582	13605	0.76	26.9
Serratia_GCF_000463345.2_spacer_91	virome_phage_839	90.476	21	2	0	1	21	338	358	0.25	28.5
Serratia_GCF_000463345.2_spacer_91	virome_phage_785	90.476	21	2	0	1	21	42560	42540	0.25	28.5
Serratia_GCF_000463345.2_spacer_91	total_phage_735	90.476	21	2	0	1	21	39839	39819	0.25	28.5
Serratia_GCF_000463345.2_spacer_91	virome_phage_778	86.364	22	3	0	1	22	44485	44464	0.76	26.9
Serratia_GCF_000463345.2_spacer_91	total_phage_734	90.000	20	2	0	2	21	31570	31551	0.76	26.9
Serratia_GCF_000463345.2_spacer_92	virome_phage_75	84.000	25	4	0	8	32	7831	7855	0.25	28.5
Serratia_GCF_000463345.2_spacer_92	total_phage_92	86.957	23	3	0	2	24	146881	146903	0.25	28.5
Serratia_GCF_000463345.2_spacer_93	virome_phage_36	87.500	32	4	0	1	32	38462	38431	1.15e-04	39.6
Serratia_GCF_000463345.2_spacer_93	virome_phage_46	81.481	27	5	0	3	29	19614	19588	0.25	28.5
Serratia_GCF_000463345.2_spacer_93	virome_phage_854	80.769	26	5	0	7	32	3307	3332	0.76	26.9
Serratia_GCF_000463345.2_spacer_94	virome_phage_2296	86.364	22	3	0	4	25	39430	39451	0.76	26.9
Serratia_GCF_000463345.2_spacer_95	virome_phage_7	86.364	22	3	0	11	32	67354	67375	0.76	26.9
Serratia_GCF_000463345.2_spacer_95	virome_phage_127	86.364	22	3	0	10	31	4154	4133	0.76	26.9
Serratia_GCF_000463345.2_spacer_95	total_phage_188	94.444	18	1	0	8	25	82	65	0.76	26.9
Serratia_GCF_000463345.2_spacer_96	virome_phage_750	86.364	22	3	0	8	29	53657	53678	0.76	26.9
Serratia_GCF_000463345.2_spacer_96	total_phage_524	90.000	20	2	0	3	22	31142	31161	0.76	26.9
Serratia_GCF_000463345.2_spacer_96	total_phage_418	86.364	22	3	0	8	29	23016	23037	0.76	26.9
Serratia_GCF_000463345.2_spacer_96	total_phage_358	86.364	22	3	0	8	29	29056	29077	0.76	26.9
Serratia_GCF_000463345.2_spacer_97	total_phage_104	94.444	18	1	0	5	22	37446	37463	0.76	26.9
Serratia_GCF_000463345.2_spacer_98	virome_phage_36	77.419	31	7	0	1	31	46063	46093	0.25	28.5
Serratia_GCF_000463345.2_spacer_98	virome_phage_993	94.444	18	1	0	6	23	7589	7572	0.76	26.9
Serratia_GCF_000463345.2_spacer_98	virome_phage_871	90.000	20	2	0	4	23	18168	18187	0.76	26.9
Serratia_GCF_000463345.2_spacer_98	virome_phage_749	86.364	22	3	0	6	27	48126	48105	0.76	26.9
Serratia_GCF_000463345.2_spacer_98	virome_phage_39	90.000	20	2	0	2	21	42055	42036	0.76	26.9
Serratia_GCF_000463345.2_spacer_98	virome_phage_2286	83.333	24	4	0	9	32	34165	34142	0.76	26.9
Serratia_GCF_000463345.2_spacer_98	virome_phage_2	90.000	20	2	0	13	32	40796	40815	0.76	26.9
Serratia_GCF_000463345.2_spacer_98	total_phage_794	90.000	20	2	0	6	25	16475	16494	0.76	26.9
Serratia_GCF_000463345.2_spacer_98	total_phage_242	90.000	20	2	0	6	25	31072	31091	0.76	26.9
Serratia_GCF_000463345.2_spacer_99	virome_phage_820	77.419	31	7	0	2	32	18753	18723	0.25	28.5
Serratia_GCF_000463345.2_spacer_99	virome_phage_765	78.571	28	6	0	3	30	36845	36872	0.76	26.9
Serratia_GCF_000463345.2_spacer_100	virome_phage_2312	81.250	32	6	0	1	32	34416	34385	0.009	33.3
Serratia_GCF_000463345.2_spacer_101	virome_phage_36	87.500	32	4	0	1	32	12993	12962	1.15e-04	39.6
Serratia_GCF_000463345.2_spacer_101	virome_phage_2312	87.500	32	4	0	1	32	35043	35012	1.15e-04	39.6
Serratia_GCF_000463345.2_spacer_101	virome_phage_843	86.364	22	3	0	6	27	21353	21374	0.76	26.9
Serratia_GCF_000463345.2_spacer_101	virome_phage_3	86.364	22	3	0	7	28	75334	75355	0.76	26.9
Serratia_GCF_000463345.2_spacer_102	virome_phage_36	87.500	32	4	0	1	32	39310	39341	1.15e-04	39.6
Serratia_GCF_000463345.2_spacer_103	total_phage_358	90.476	21	2	0	11	31	23807	23827	0.25	28.5
Serratia_GCF_000463345.2_spacer_103	virome_phage_791	94.444	18	1	0	6	23	23971	23954	0.76	26.9
Serratia_GCF_000463345.2_spacer_103	virome_phage_734	86.364	22	3	0	7	28	118769	118748	0.76	26.9
Serratia_GCF_000463345.2_spacer_103	virome_phage_3	90.000	20	2	0	3	22	46540	46559	0.76	26.9
Serratia_GCF_000463345.2_spacer_103	virome_phage_2308	90.000	20	2	0	8	27	18579	18598	0.76	26.9
Serratia_GCF_000463345.2_spacer_103	total_phage_1	86.364	22	3	0	9	30	20318	20339	0.76	26.9
Serratia_GCF_000463345.2_spacer_104	virome_phage_876	90.000	20	2	0	13	32	2807	2826	0.76	26.9
Serratia_GCF_000463345.2_spacer_104	virome_phage_778	76.667	30	7	0	3	32	26263	26234	0.76	26.9
Serratia_GCF_000463345.2_spacer_104	virome_phage_1	83.333	24	4	0	4	27	47624	47601	0.76	26.9
Serratia_GCF_000463345.2_spacer_104	total_phage_232	86.364	22	3	0	1	22	27376	27355	0.76	26.9
Serratia_GCF_000463345.2_spacer_105	virome_phage_59	87.500	24	3	0	1	24	20151	20174	0.084	30.1
Serratia_GCF_000463345.2_spacer_105	virome_phage_2288	94.444	18	1	0	4	21	36886	36869	0.76	26.9
Serratia_GCF_000463345.2_spacer_105	virome_phage_2269	90.000	20	2	0	7	26	209224	209205	0.76	26.9
Serratia_GCF_000463345.2_spacer_106	total_phage_233	80.645	31	6	0	2	32	59683	59653	0.028	31.7
Serratia_GCF_000463345.2_spacer_107	virome_phage_736	81.481	27	5	0	1	27	4163	4189	0.25	28.5
Serratia_GCF_000463345.2_spacer_107	virome_phage_2342	94.737	19	1	0	8	26	15623	15605	0.25	28.5
Serratia_GCF_000463345.2_spacer_107	total_phage_92	84.000	25	4	0	2	26	33209	33233	0.25	28.5
Serratia_GCF_000463345.2_spacer_107	virome_phage_778	83.333	24	4	0	3	26	34047	34024	0.76	26.9
Serratia_GCF_000463345.2_spacer_107	virome_phage_734	78.571	28	6	0	3	30	45510	45483	0.76	26.9
Serratia_GCF_000463345.2_spacer_107	virome_phage_2380	83.333	24	4	0	4	27	7704	7727	0.76	26.9
Serratia_GCF_000463345.2_spacer_107	virome_phage_2303	78.571	28	6	0	3	30	6648	6621	0.76	26.9
Serratia_GCF_000463345.2_spacer_107	virome_phage_2295	86.364	22	3	0	2	23	834	813	0.76	26.9
Serratia_GCF_000463345.2_spacer_107	total_phage_9	86.364	22	3	0	4	25	17447	17426	0.76	26.9
Serratia_GCF_000463345.2_spacer_108	virome_phage_5	86.957	23	3	0	10	32	9964	9986	0.25	28.5
Serratia_GCF_000463345.2_spacer_108	virome_phage_2343	83.333	24	4	0	8	31	4740	4763	0.76	26.9
Serratia_GCF_000463345.2_spacer_109	total_phage_605	82.759	29	5	0	5	33	3979	4007	0.035	31.7
Serratia_GCF_000463345.2_spacer_109	virome_phage_123	80.000	30	6	0	4	33	890	919	0.10	30.1
Serratia_GCF_000463345.2_spacer_109	virome_phage_979	81.481	27	5	0	5	31	17367	17341	0.31	28.5
Serratia_GCF_000463345.2_spacer_109	virome_phage_875	78.571	28	6	0	6	33	22387	22414	0.94	26.9
Serratia_GCF_000463345.2_spacer_109	virome_phage_825	78.571	28	6	0	6	33	1186	1213	0.94	26.9
Serratia_GCF_000463345.2_spacer_110	virome_phage_36	79.412	34	7	0	1	34	38144	38177	0.012	33.3
Serratia_GCF_000463345.2_spacer_110	total_phage_729	88.000	25	3	0	1	25	6485	6509	0.035	31.7
Serratia_GCF_000463345.2_spacer_110	total_phage_729	94.737	19	1	0	3	21	101902	101920	0.31	28.5
Serratia_GCF_000463345.2_spacer_110	total_phage_729	90.000	20	2	0	14	33	164807	164826	0.94	26.9
Serratia_GCF_000463345.2_spacer_110	total_phage_729	90.000	20	2	0	1	20	95129	95110	0.94	26.9
Serratia_GCF_000463345.2_spacer_110	total_phage_99	81.481	27	5	0	7	33	4873	4899	0.31	28.5
Serratia_GCF_000463345.2_spacer_110	virome_phage_785	77.419	31	7	0	3	33	16031	16001	0.31	28.5
Serratia_GCF_000463345.2_spacer_110	virome_phage_2335	77.419	31	7	0	3	33	8309	8279	0.31	28.5
Serratia_GCF_000463345.2_spacer_110	total_phage_783	84.000	25	4	0	1	25	31524	31500	0.31	28.5
Serratia_GCF_000463345.2_spacer_110	virome_phage_914	80.769	26	5	0	3	28	11991	12016	0.94	26.9
Serratia_GCF_000463345.2_spacer_110	virome_phage_739	73.529	34	9	0	1	34	18813	18846	0.94	26.9
Serratia_GCF_000463345.2_spacer_110	virome_phage_734	73.529	34	9	0	1	34	34144	34111	0.94	26.9
Serratia_GCF_000463345.2_spacer_110	total_phage_664	86.364	22	3	0	2	23	61	40	0.94	26.9
Serratia_GCF_000463345.2_spacer_111	virome_phage_837	100.000	16	0	0	17	32	7954	7939	0.76	26.9
Serratia_GCF_000463345.2_spacer_111	virome_phage_123	100.000	16	0	0	17	32	9789	9774	0.76	26.9
Serratia_GCF_000463345.2_spacer_112	virome_phage_2	94.444	18	1	0	7	24	139272	139255	0.76	26.9
Serratia_GCF_000463345.2_spacer_112	total_phage_798	94.444	18	1	0	6	23	1353	1336	0.76	26.9
Serratia_GCF_000463345.2_spacer_112	virome_phage_758	80.769	26	5	0	2	27	15792	15817	0.76	26.9
Serratia_GCF_000463345.2_spacer_113	virome_phage_734	80.000	30	6	0	1	30	283933	283904	0.10	30.1
Serratia_GCF_000463345.2_spacer_113	virome_phage_882	86.957	23	3	0	12	34	16755	16777	0.31	28.5
Serratia_GCF_000463345.2_spacer_113	total_phage_413	81.481	27	5	0	3	29	107400	107426	0.31	28.5
Serratia_GCF_000463345.2_spacer_113	virome_phage_935	86.957	23	3	0	12	34	908	886	0.31	28.5
Serratia_GCF_000463345.2_spacer_113	virome_phage_2323	83.333	24	4	0	9	32	20493	20516	0.94	26.9
Serratia_GCF_000463345.2_spacer_113	total_phage_727	94.444	18	1	0	3	20	16959	16942	0.94	26.9
Serratia_GCF_000463345.2_spacer_113	total_phage_518	94.444	18	1	0	3	20	29169	29152	0.94	26.9
Serratia_GCF_000463345.2_spacer_114	virome_phage_2530	90.476	21	2	0	10	30	6498	6518	0.31	28.5
Serratia_GCF_000463345.2_spacer_114	total_phage_731	86.364	22	3	0	8	29	121060	121039	0.94	26.9
Serratia_GCF_000463345.2_spacer_114	virome_phage_745	100.000	16	0	0	13	28	34128	34143	0.94	26.9
Serratia_GCF_000463345.2_spacer_115	virome_phage_925	86.957	23	3	0	3	25	7970	7992	0.25	28.5
Serratia_GCF_000463345.2_spacer_115	total_phage_696	83.333	24	4	0	1	24	14208	14185	0.76	26.9
Serratia_GCF_000463345.2_spacer_115	total_phage_655	83.333	24	4	0	1	24	26643	26620	0.76	26.9
Serratia_GCF_000463345.2_spacer_115	total_phage_600	83.333	24	4	0	1	24	18973	18950	0.76	26.9
Serratia_GCF_000463345.2_spacer_115	total_phage_520	83.333	24	4	0	1	24	6461	6484	0.76	26.9
Serratia_GCF_000463345.2_spacer_116	virome_phage_876	90.476	21	2	0	7	27	29114	29094	0.25	28.5
Serratia_GCF_000463345.2_spacer_116	virome_phage_829	90.476	21	2	0	7	27	23539	23519	0.25	28.5
Serratia_GCF_000463345.2_spacer_116	virome_phage_119	90.476	21	2	0	7	27	5456	5436	0.25	28.5
Serratia_GCF_000463345.2_spacer_116	total_phage_243	86.957	23	3	0	10	32	9667	9689	0.25	28.5
Serratia_GCF_000463345.2_spacer_116	total_phage_125	86.957	23	3	0	10	32	18176	18154	0.25	28.5
Serratia_GCF_000463345.2_spacer_116	virome_phage_28	78.571	28	6	0	5	32	45906	45879	0.76	26.9
Serratia_GCF_000463345.2_spacer_117	virome_phage_742	81.481	27	5	0	5	31	2115	2089	0.25	28.5
Serratia_GCF_000463345.2_spacer_117	virome_phage_8	78.571	28	6	0	1	28	14553	14580	0.76	26.9
Serratia_GCF_000463345.2_spacer_117	virome_phage_7	76.667	30	7	0	3	32	35332	35361	0.76	26.9
Serratia_GCF_000463345.2_spacer_117	virome_phage_7	83.333	24	4	0	6	29	36604	36627	0.76	26.9
Serratia_GCF_000463345.2_spacer_117	virome_phage_7	86.364	22	3	0	10	31	117910	117931	0.76	26.9
Serratia_GCF_000463345.2_spacer_117	virome_phage_62	75.000	32	8	0	1	32	31125	31156	0.76	26.9
Serratia_GCF_000463345.2_spacer_117	virome_phage_2294	80.769	26	5	0	3	28	42195	42220	0.76	26.9
Serratia_GCF_000463345.2_spacer_117	total_phage_92	75.000	32	8	0	1	32	69106	69137	0.76	26.9
Serratia_GCF_000463345.2_spacer_117	total_phage_92	76.667	30	7	0	2	31	21942	21913	0.76	26.9
Serratia_GCF_000463345.2_spacer_117	total_phage_231	75.000	32	8	0	1	32	48253	48284	0.76	26.9
Serratia_GCF_000463345.2_spacer_117	total_phage_231	78.571	28	6	0	1	28	49453	49480	0.76	26.9
Serratia_GCF_000463345.2_spacer_117	virome_phage_92	80.769	26	5	0	3	28	29075	29050	0.76	26.9
Serratia_GCF_000463345.2_spacer_117	virome_phage_746	83.333	24	4	0	3	26	31913	31890	0.76	26.9
Serratia_GCF_000463345.2_spacer_117	virome_phage_744	76.667	30	7	0	2	31	45796	45767	0.76	26.9
Serratia_GCF_000463345.2_spacer_117	virome_phage_734	78.571	28	6	0	1	28	167457	167430	0.76	26.9
Serratia_GCF_000463345.2_spacer_117	virome_phage_32	80.769	26	5	0	5	30	3571	3546	0.76	26.9
Serratia_GCF_000463345.2_spacer_118	virome_phage_816	90.000	20	2	0	1	20	19116	19097	0.76	26.9
Serratia_GCF_000463345.2_spacer_118	virome_phage_2254	78.571	28	6	0	6	33	83147	83174	0.76	26.9
Serratia_GCF_000463345.2_spacer_118	virome_phage_2238	78.571	28	6	0	6	33	64663	64690	0.76	26.9
Serratia_GCF_000463345.2_spacer_118	total_phage_935	76.667	30	7	0	4	33	14961	14990	0.76	26.9
Serratia_GCF_000463345.2_spacer_118	total_phage_663	90.000	20	2	0	3	22	25801	25782	0.76	26.9
Serratia_GCF_000463345.2_spacer_118	total_phage_637	90.000	20	2	0	3	22	22535	22516	0.76	26.9
Serratia_GCF_000463345.2_spacer_118	total_phage_500	78.571	28	6	0	6	33	43294	43267	0.76	26.9
Serratia_GCF_000463345.2_spacer_119	virome_phage_36	92.308	26	2	0	7	32	12956	12931	0.001	36.5
Serratia_GCF_000463345.2_spacer_119	total_phage_175	75.758	33	8	0	1	33	22193	22161	0.25	28.5
Serratia_GCF_000463345.2_spacer_119	virome_phage_2278	86.364	22	3	0	8	29	22758	22779	0.76	26.9
Serratia_GCF_000463345.2_spacer_119	virome_phage_2270	94.444	18	1	0	1	18	205590	205607	0.76	26.9
Serratia_GCF_000463345.2_spacer_119	total_phage_8	90.000	20	2	0	1	20	17550	17569	0.76	26.9
Serratia_GCF_000463345.2_spacer_120	virome_phage_16	90.476	21	2	0	8	28	62243	62263	0.25	28.5
Serratia_GCF_000463345.2_spacer_120	virome_phage_767	90.000	20	2	0	1	20	3033	3014	0.76	26.9
Serratia_GCF_000463345.2_spacer_121	virome_phage_3	80.769	26	5	0	1	26	42184	42159	0.76	26.9
Serratia_GCF_000463345.2_spacer_121	total_phage_446	83.333	24	4	0	4	27	25489	25512	0.76	26.9
Serratia_GCF_000463345.2_spacer_122	virome_phage_740	81.481	27	5	0	1	27	71214	71188	0.31	28.5
Serratia_GCF_000463345.2_spacer_122	virome_phage_19	90.000	20	2	0	5	24	37943	37924	0.94	26.9
Serratia_GCF_000463345.2_spacer_122	virome_phage_177	94.444	18	1	0	3	20	5814	5797	0.94	26.9
Serratia_GCF_000463345.2_spacer_123	virome_phage_772	80.769	26	5	0	4	29	18819	18794	0.76	26.9
Serratia_GCF_000463345.2_spacer_123	virome_phage_37	94.444	18	1	0	2	19	35761	35778	0.76	26.9
Serratia_GCF_000463345.2_spacer_123	virome_phage_2325	100.000	16	0	0	1	16	13743	13758	0.76	26.9
Serratia_GCF_000463345.2_spacer_124	total_phage_731	90.476	21	2	0	3	23	56758	56778	0.25	28.5
Serratia_GCF_000463345.2_spacer_124	total_phage_413	86.364	22	3	0	10	31	106531	106552	0.76	26.9
Serratia_GCF_000463345.2_spacer_124	total_phage_413	83.333	24	4	0	7	30	136257	136234	0.76	26.9
Serratia_GCF_000463345.2_spacer_124	virome_phage_851	90.000	20	2	0	2	21	1540	1521	0.76	26.9
Serratia_GCF_000463345.2_spacer_125	virome_phage_841	86.957	23	3	0	10	32	14882	14904	0.25	28.5
Serratia_GCF_000463345.2_spacer_125	virome_phage_841	76.667	30	7	0	3	32	7347	7376	0.76	26.9
Serratia_GCF_000463345.2_spacer_125	virome_phage_736	86.957	23	3	0	9	31	56413	56435	0.25	28.5
Serratia_GCF_000463345.2_spacer_125	virome_phage_7	83.333	24	4	0	3	26	99370	99393	0.76	26.9
Serratia_GCF_000463345.2_spacer_125	virome_phage_57	86.364	22	3	0	3	24	940	961	0.76	26.9
Serratia_GCF_000463345.2_spacer_125	virome_phage_2254	86.364	22	3	0	12	33	41334	41355	0.76	26.9
Serratia_GCF_000463345.2_spacer_125	virome_phage_2238	86.364	22	3	0	12	33	22848	22869	0.76	26.9
Serratia_GCF_000463345.2_spacer_125	virome_phage_18	86.364	22	3	0	3	24	33992	34013	0.76	26.9
Serratia_GCF_000463345.2_spacer_125	total_phage_232	78.571	28	6	0	2	29	16726	16753	0.76	26.9
Serratia_GCF_000463345.2_spacer_125	total_phage_500	86.364	22	3	0	12	33	85109	85088	0.76	26.9
