Serratia_GCF_018383775.1_spacer_0	virome_phage_818	100.000	16	0	0	16	31	13677	13692	0.76	26.9
Serratia_GCF_018383775.1_spacer_0	virome_phage_812	86.364	22	3	0	9	30	36809	36788	0.76	26.9
Serratia_GCF_018383775.1_spacer_0	virome_phage_2300	86.364	22	3	0	9	30	5816	5837	0.76	26.9
Serratia_GCF_018383775.1_spacer_1	virome_phage_72	86.364	22	3	0	8	29	34892	34913	0.76	26.9
Serratia_GCF_018383775.1_spacer_1	virome_phage_45	83.333	24	4	0	3	26	934	911	0.76	26.9
Serratia_GCF_018383775.1_spacer_1	virome_phage_2296	80.769	26	5	0	7	32	12913	12938	0.76	26.9
Serratia_GCF_018383775.1_spacer_1	total_phage_925	90.000	20	2	0	13	32	26251	26232	0.76	26.9
Serratia_GCF_018383775.1_spacer_1	total_phage_298	83.333	24	4	0	6	29	2259	2236	0.76	26.9
Serratia_GCF_018383775.1_spacer_2	virome_phage_82	95.238	21	1	0	12	32	27229	27249	0.028	31.7
Serratia_GCF_018383775.1_spacer_2	virome_phage_759	95.238	21	1	0	12	32	56898	56878	0.028	31.7
Serratia_GCF_018383775.1_spacer_2	virome_phage_37	90.909	22	2	0	10	31	20712	20733	0.084	30.1
Serratia_GCF_018383775.1_spacer_2	virome_phage_823	86.957	23	3	0	9	31	6140	6118	0.25	28.5
Serratia_GCF_018383775.1_spacer_2	virome_phage_65	90.000	20	2	0	8	27	9081	9062	0.76	26.9
Serratia_GCF_018383775.1_spacer_2	virome_phage_1	100.000	16	0	0	17	32	84405	84420	0.76	26.9
Serratia_GCF_018383775.1_spacer_2	total_phage_5	86.364	22	3	0	6	27	2866	2887	0.76	26.9
Serratia_GCF_018383775.1_spacer_3	virome_phage_782	81.481	27	5	0	1	27	20749	20723	0.25	28.5
Serratia_GCF_018383775.1_spacer_3	virome_phage_832	86.364	22	3	0	6	27	10661	10640	0.76	26.9
Serratia_GCF_018383775.1_spacer_4	virome_phage_88	82.143	28	5	0	5	32	12755	12782	0.084	30.1
Serratia_GCF_018383775.1_spacer_4	virome_phage_800	82.143	28	5	0	5	32	11832	11859	0.084	30.1
Serratia_GCF_018383775.1_spacer_4	total_phage_796	82.143	28	5	0	5	32	1953	1926	0.084	30.1
Serratia_GCF_018383775.1_spacer_4	total_phage_745	90.476	21	2	0	12	32	11672	11692	0.25	28.5
Serratia_GCF_018383775.1_spacer_4	total_phage_233	90.476	21	2	0	12	32	13816	13836	0.25	28.5
Serratia_GCF_018383775.1_spacer_4	virome_phage_735	90.000	20	2	0	4	23	14623	14642	0.76	26.9
Serratia_GCF_018383775.1_spacer_4	total_phage_92	83.333	24	4	0	8	31	52641	52664	0.76	26.9
Serratia_GCF_018383775.1_spacer_4	total_phage_730	75.000	32	8	0	1	32	56617	56648	0.76	26.9
Serratia_GCF_018383775.1_spacer_4	total_phage_296	94.444	18	1	0	15	32	13620	13637	0.76	26.9
Serratia_GCF_018383775.1_spacer_5	virome_phage_73	94.444	18	1	0	1	18	19766	19783	0.76	26.9
Serratia_GCF_018383775.1_spacer_5	virome_phage_61	90.000	20	2	0	1	20	22514	22533	0.76	26.9
Serratia_GCF_018383775.1_spacer_5	virome_phage_272	83.333	24	4	0	3	26	803	826	0.76	26.9
Serratia_GCF_018383775.1_spacer_6	virome_phage_22	86.364	22	3	0	9	30	46523	46544	0.76	26.9
Serratia_GCF_018383775.1_spacer_7	virome_phage_56	86.364	22	3	0	4	25	24897	24876	0.76	26.9
Serratia_GCF_018383775.1_spacer_7	virome_phage_2291	94.444	18	1	0	1	18	37350	37367	0.76	26.9
Serratia_GCF_018383775.1_spacer_7	virome_phage_1	80.769	26	5	0	7	32	20459	20484	0.76	26.9
Serratia_GCF_018383775.1_spacer_7	total_phage_638	86.364	22	3	0	8	29	18868	18889	0.76	26.9
Serratia_GCF_018383775.1_spacer_8	virome_phage_846	84.000	25	4	0	1	25	4580	4556	0.25	28.5
Serratia_GCF_018383775.1_spacer_8	virome_phage_61	90.476	21	2	0	10	30	11813	11793	0.25	28.5
Serratia_GCF_018383775.1_spacer_8	virome_phage_60	80.769	26	5	0	7	32	26148	26123	0.76	26.9
Serratia_GCF_018383775.1_spacer_8	virome_phage_2282	100.000	16	0	0	11	26	9543	9558	0.76	26.9
Serratia_GCF_018383775.1_spacer_8	virome_phage_155	80.769	26	5	0	3	28	7437	7412	0.76	26.9
Serratia_GCF_018383775.1_spacer_9	virome_phage_2281	92.308	26	2	0	6	31	49004	48979	0.001	36.5
Serratia_GCF_018383775.1_spacer_9	virome_phage_12	82.759	29	5	0	3	31	19085	19057	0.028	31.7
Serratia_GCF_018383775.1_spacer_9	total_phage_362	81.481	27	5	0	1	27	20409	20383	0.25	28.5
Serratia_GCF_018383775.1_spacer_10	total_phage_664	80.000	30	6	0	2	31	10724	10695	0.084	30.1
Serratia_GCF_018383775.1_spacer_10	virome_phage_2275	81.481	27	5	0	4	30	59581	59607	0.25	28.5
Serratia_GCF_018383775.1_spacer_10	total_phage_9	90.476	21	2	0	6	26	28474	28494	0.25	28.5
Serratia_GCF_018383775.1_spacer_10	virome_phage_742	80.769	26	5	0	7	32	87482	87457	0.76	26.9
Serratia_GCF_018383775.1_spacer_10	virome_phage_734	76.667	30	7	0	3	32	171755	171726	0.76	26.9
Serratia_GCF_018383775.1_spacer_10	total_phage_92	86.364	22	3	0	1	22	104722	104743	0.76	26.9
Serratia_GCF_018383775.1_spacer_10	total_phage_361	86.364	22	3	0	7	28	13755	13776	0.76	26.9
Serratia_GCF_018383775.1_spacer_10	total_phage_294	90.000	20	2	0	7	26	43563	43582	0.76	26.9
Serratia_GCF_018383775.1_spacer_11	virome_phage_82	83.333	24	4	0	1	24	3849	3872	0.76	26.9
Serratia_GCF_018383775.1_spacer_11	virome_phage_759	83.333	24	4	0	1	24	31138	31115	0.76	26.9
Serratia_GCF_018383775.1_spacer_11	virome_phage_72	90.000	20	2	0	1	20	15201	15220	0.76	26.9
Serratia_GCF_018383775.1_spacer_11	virome_phage_7	83.333	24	4	0	2	25	112232	112209	0.76	26.9
Serratia_GCF_018383775.1_spacer_11	virome_phage_33	90.000	20	2	0	2	21	39512	39531	0.76	26.9
Serratia_GCF_018383775.1_spacer_11	virome_phage_3	78.571	28	6	0	3	30	20877	20850	0.76	26.9
Serratia_GCF_018383775.1_spacer_11	virome_phage_2243	90.000	20	2	0	5	24	12495	12476	0.76	26.9
Serratia_GCF_018383775.1_spacer_11	virome_phage_2237	90.000	20	2	0	5	24	5290	5309	0.76	26.9
Serratia_GCF_018383775.1_spacer_11	virome_phage_12	76.667	30	7	0	3	32	25884	25855	0.76	26.9
Serratia_GCF_018383775.1_spacer_11	total_phage_644	90.000	20	2	0	5	24	12384	12365	0.76	26.9
Serratia_GCF_018383775.1_spacer_12	virome_phage_748	90.476	21	2	0	12	32	5542	5562	0.25	28.5
Serratia_GCF_018383775.1_spacer_12	virome_phage_70	94.444	18	1	0	11	28	13471	13488	0.76	26.9
Serratia_GCF_018383775.1_spacer_13	virome_phage_808	90.476	21	2	0	1	21	16770	16750	0.25	28.5
Serratia_GCF_018383775.1_spacer_13	virome_phage_2282	94.737	19	1	0	1	19	51830	51848	0.25	28.5
Serratia_GCF_018383775.1_spacer_13	virome_phage_51	76.667	30	7	0	3	32	10785	10756	0.76	26.9
Serratia_GCF_018383775.1_spacer_15	virome_phage_2385	100.000	32	0	0	1	32	12997	12966	1.76e-08	52.3
Serratia_GCF_018383775.1_spacer_15	virome_phage_31	84.000	25	4	0	4	28	44729	44705	0.25	28.5
Serratia_GCF_018383775.1_spacer_15	virome_phage_2269	100.000	17	0	0	2	18	246420	246404	0.25	28.5
Serratia_GCF_018383775.1_spacer_15	total_phage_803	90.476	21	2	0	2	22	1498	1478	0.25	28.5
Serratia_GCF_018383775.1_spacer_15	virome_phage_843	94.444	18	1	0	4	21	1469	1486	0.76	26.9
Serratia_GCF_018383775.1_spacer_15	virome_phage_770	94.444	18	1	0	6	23	25194	25177	0.76	26.9
Serratia_GCF_018383775.1_spacer_15	virome_phage_758	86.364	22	3	0	9	30	21325	21304	0.76	26.9
Serratia_GCF_018383775.1_spacer_15	virome_phage_67	94.444	18	1	0	1	18	8897	8880	0.76	26.9
Serratia_GCF_018383775.1_spacer_15	virome_phage_2270	80.769	26	5	0	7	32	197395	197420	0.76	26.9
Serratia_GCF_018383775.1_spacer_15	total_phage_0	86.364	22	3	0	3	24	36371	36392	0.76	26.9
Serratia_GCF_018383775.1_spacer_16	virome_phage_798	84.000	25	4	0	6	30	39924	39900	0.25	28.5
Serratia_GCF_018383775.1_spacer_16	total_phage_114	86.957	23	3	0	8	30	33193	33215	0.25	28.5
Serratia_GCF_018383775.1_spacer_16	total_phage_113	84.000	25	4	0	6	30	33342	33318	0.25	28.5
Serratia_GCF_018383775.1_spacer_16	virome_phage_9	86.364	22	3	0	2	23	2213	2234	0.76	26.9
Serratia_GCF_018383775.1_spacer_16	virome_phage_88	100.000	16	0	0	15	30	19990	19975	0.76	26.9
Serratia_GCF_018383775.1_spacer_16	virome_phage_807	100.000	16	0	0	15	30	12527	12542	0.76	26.9
Serratia_GCF_018383775.1_spacer_16	virome_phage_800	100.000	16	0	0	15	30	19067	19052	0.76	26.9
Serratia_GCF_018383775.1_spacer_16	virome_phage_734	78.571	28	6	0	5	32	67139	67166	0.76	26.9
Serratia_GCF_018383775.1_spacer_16	virome_phage_47	94.444	18	1	0	13	30	26257	26240	0.76	26.9
Serratia_GCF_018383775.1_spacer_16	virome_phage_26	83.333	24	4	0	9	32	52398	52375	0.76	26.9
Serratia_GCF_018383775.1_spacer_16	virome_phage_2360	100.000	16	0	0	15	30	2303	2288	0.76	26.9
Serratia_GCF_018383775.1_spacer_16	virome_phage_2295	78.571	28	6	0	5	32	29891	29864	0.76	26.9
Serratia_GCF_018383775.1_spacer_16	total_phage_797	100.000	16	0	0	15	30	30704	30719	0.76	26.9
Serratia_GCF_018383775.1_spacer_16	total_phage_796	100.000	16	0	0	15	30	35770	35785	0.76	26.9
Serratia_GCF_018383775.1_spacer_16	total_phage_360	100.000	16	0	0	15	30	35444	35459	0.76	26.9
Serratia_GCF_018383775.1_spacer_16	total_phage_248	100.000	16	0	0	15	30	19503	19518	0.76	26.9
Serratia_GCF_018383775.1_spacer_17	virome_phage_97	86.364	22	3	0	8	29	15132	15153	0.76	26.9
Serratia_GCF_018383775.1_spacer_17	virome_phage_5	83.333	24	4	0	7	30	46110	46087	0.76	26.9
Serratia_GCF_018383775.1_spacer_17	virome_phage_2278	76.667	30	7	0	3	32	26823	26852	0.76	26.9
Serratia_GCF_018383775.1_spacer_17	virome_phage_2269	86.364	22	3	0	10	31	158958	158937	0.76	26.9
Serratia_GCF_018383775.1_spacer_17	total_phage_497	86.364	22	3	0	2	23	27031	27010	0.76	26.9
Serratia_GCF_018383775.1_spacer_17	total_phage_478	86.364	22	3	0	2	23	22356	22335	0.76	26.9
Serratia_GCF_018383775.1_spacer_17	total_phage_104	78.571	28	6	0	4	31	27791	27764	0.76	26.9
Serratia_GCF_018383775.1_spacer_18	virome_phage_895	83.333	24	4	0	1	24	23539	23562	0.76	26.9
Serratia_GCF_018383775.1_spacer_18	virome_phage_893	90.000	20	2	0	9	28	2353	2334	0.76	26.9
Serratia_GCF_018383775.1_spacer_18	virome_phage_845	90.000	20	2	0	3	22	17873	17892	0.76	26.9
Serratia_GCF_018383775.1_spacer_18	virome_phage_45	86.364	22	3	0	3	24	41529	41508	0.76	26.9
Serratia_GCF_018383775.1_spacer_18	virome_phage_42	94.444	18	1	0	4	21	22957	22940	0.76	26.9
Serratia_GCF_018383775.1_spacer_19	virome_phage_779	90.909	22	2	0	9	30	977	956	0.084	30.1
Serratia_GCF_018383775.1_spacer_19	virome_phage_791	90.476	21	2	0	9	29	27765	27785	0.25	28.5
Serratia_GCF_018383775.1_spacer_19	virome_phage_911	90.000	20	2	0	7	26	22745	22764	0.76	26.9
Serratia_GCF_018383775.1_spacer_19	virome_phage_2324	76.667	30	7	0	1	30	32534	32563	0.76	26.9
Serratia_GCF_018383775.1_spacer_20	virome_phage_774	87.500	24	3	0	8	31	45268	45245	0.084	30.1
Serratia_GCF_018383775.1_spacer_20	virome_phage_769	82.143	28	5	0	3	30	2055	2028	0.084	30.1
Serratia_GCF_018383775.1_spacer_20	virome_phage_2346	90.909	22	2	0	1	22	10444	10423	0.084	30.1
Serratia_GCF_018383775.1_spacer_20	virome_phage_2290	82.143	28	5	0	3	30	7094	7067	0.084	30.1
Serratia_GCF_018383775.1_spacer_20	virome_phage_854	78.571	28	6	0	4	31	1430	1403	0.76	26.9
Serratia_GCF_018383775.1_spacer_20	virome_phage_808	90.000	20	2	0	7	26	31213	31194	0.76	26.9
Serratia_GCF_018383775.1_spacer_20	virome_phage_761	86.364	22	3	0	6	27	13593	13572	0.76	26.9
Serratia_GCF_018383775.1_spacer_20	virome_phage_56	75.000	32	8	0	1	32	16650	16619	0.76	26.9
Serratia_GCF_018383775.1_spacer_20	virome_phage_48	80.769	26	5	0	2	27	1357	1332	0.76	26.9
Serratia_GCF_018383775.1_spacer_20	virome_phage_41	78.571	28	6	0	4	31	16457	16484	0.76	26.9
Serratia_GCF_018383775.1_spacer_20	virome_phage_2301	80.769	26	5	0	2	27	1087	1062	0.76	26.9
Serratia_GCF_018383775.1_spacer_20	virome_phage_12	86.364	22	3	0	11	32	37066	37087	0.76	26.9
Serratia_GCF_018383775.1_spacer_20	total_phage_100	86.364	22	3	0	4	25	16271	16292	0.76	26.9
Serratia_GCF_018383775.1_spacer_21	virome_phage_864	80.769	26	5	0	3	28	5660	5685	0.76	26.9
Serratia_GCF_018383775.1_spacer_22	virome_phage_793	94.737	19	1	0	8	26	13265	13247	0.25	28.5
Serratia_GCF_018383775.1_spacer_22	virome_phage_2350	94.737	19	1	0	7	25	10835	10817	0.25	28.5
Serratia_GCF_018383775.1_spacer_22	virome_phage_904	78.571	28	6	0	3	30	712	685	0.76	26.9
Serratia_GCF_018383775.1_spacer_22	virome_phage_769	86.364	22	3	0	6	27	9663	9684	0.76	26.9
Serratia_GCF_018383775.1_spacer_22	virome_phage_60	86.364	22	3	0	2	23	32584	32605	0.76	26.9
Serratia_GCF_018383775.1_spacer_22	virome_phage_49	78.571	28	6	0	5	32	13758	13731	0.76	26.9
Serratia_GCF_018383775.1_spacer_22	virome_phage_24	83.333	24	4	0	2	25	7027	7004	0.76	26.9
Serratia_GCF_018383775.1_spacer_22	virome_phage_2347	83.333	24	4	0	1	24	15348	15371	0.76	26.9
Serratia_GCF_018383775.1_spacer_22	virome_phage_107	83.333	24	4	0	1	24	22820	22843	0.76	26.9
Serratia_GCF_018383775.1_spacer_23	virome_phage_814	80.769	26	5	0	6	31	2395	2370	0.76	26.9
Serratia_GCF_018383775.1_spacer_23	virome_phage_2355	83.333	24	4	0	5	28	5973	5950	0.76	26.9
Serratia_GCF_018383775.1_spacer_23	virome_phage_2347	83.333	24	4	0	5	28	21294	21317	0.76	26.9
Serratia_GCF_018383775.1_spacer_23	total_phage_808	83.333	24	4	0	5	28	12813	12836	0.76	26.9
Serratia_GCF_018383775.1_spacer_24	virome_phage_70	94.737	19	1	0	13	31	1320	1338	0.25	28.5
Serratia_GCF_018383775.1_spacer_24	total_phage_98	86.364	22	3	0	10	31	9199	9178	0.76	26.9
Serratia_GCF_018383775.1_spacer_24	total_phage_782	86.364	22	3	0	10	31	8547	8526	0.76	26.9
Serratia_GCF_018383775.1_spacer_25	virome_phage_54	82.143	28	5	0	3	30	36736	36709	0.084	30.1
Serratia_GCF_018383775.1_spacer_25	virome_phage_802	76.667	30	7	0	3	32	36680	36709	0.76	26.9
Serratia_GCF_018383775.1_spacer_25	virome_phage_794	90.000	20	2	0	13	32	19581	19562	0.76	26.9
Serratia_GCF_018383775.1_spacer_25	virome_phage_2281	86.364	22	3	0	7	28	18722	18743	0.76	26.9
Serratia_GCF_018383775.1_spacer_25	total_phage_5	94.444	18	1	0	12	29	10928	10911	0.76	26.9
Serratia_GCF_018383775.1_spacer_26	virome_phage_772	82.143	28	5	0	1	28	29101	29074	0.084	30.1
Serratia_GCF_018383775.1_spacer_26	virome_phage_78	90.000	20	2	0	7	26	23425	23406	0.76	26.9
Serratia_GCF_018383775.1_spacer_26	virome_phage_761	80.769	26	5	0	6	31	10810	10835	0.76	26.9
Serratia_GCF_018383775.1_spacer_27	virome_phage_110	87.500	24	3	0	7	30	16817	16840	0.084	30.1
Serratia_GCF_018383775.1_spacer_27	virome_phage_23	84.000	25	4	0	6	30	41243	41219	0.25	28.5
Serratia_GCF_018383775.1_spacer_27	virome_phage_57	76.667	30	7	0	3	32	13274	13303	0.76	26.9
Serratia_GCF_018383775.1_spacer_27	virome_phage_2366	90.000	20	2	0	9	28	2121	2140	0.76	26.9
Serratia_GCF_018383775.1_spacer_28	virome_phage_2914	84.375	32	5	0	1	32	24237	24206	0.001	36.5
Serratia_GCF_018383775.1_spacer_29	virome_phage_76	81.481	27	5	0	3	29	36772	36746	0.25	28.5
Serratia_GCF_018383775.1_spacer_29	virome_phage_2357	86.957	23	3	0	8	30	23820	23798	0.25	28.5
Serratia_GCF_018383775.1_spacer_29	total_phage_304	86.957	23	3	0	8	30	22585	22563	0.25	28.5
Serratia_GCF_018383775.1_spacer_29	virome_phage_819	94.444	18	1	0	10	27	25482	25499	0.76	26.9
Serratia_GCF_018383775.1_spacer_29	virome_phage_783	83.333	24	4	0	5	28	5270	5293	0.76	26.9
Serratia_GCF_018383775.1_spacer_29	virome_phage_767	78.571	28	6	0	2	29	16023	16050	0.76	26.9
Serratia_GCF_018383775.1_spacer_29	virome_phage_758	94.444	18	1	0	2	19	4035	4018	0.76	26.9
Serratia_GCF_018383775.1_spacer_29	virome_phage_734	86.364	22	3	0	3	24	272326	272305	0.76	26.9
Serratia_GCF_018383775.1_spacer_30	virome_phage_14	76.667	30	7	0	4	33	64980	64951	0.76	26.9
Serratia_GCF_018383775.1_spacer_31	virome_phage_789	90.000	20	2	0	4	23	17018	16999	0.76	26.9
Serratia_GCF_018383775.1_spacer_31	virome_phage_773	94.444	18	1	0	2	19	39290	39307	0.76	26.9
Serratia_GCF_018383775.1_spacer_32	virome_phage_2288	94.737	19	1	0	9	27	38569	38551	0.25	28.5
Serratia_GCF_018383775.1_spacer_32	virome_phage_1006	86.364	22	3	0	11	32	10899	10878	0.76	26.9
Serratia_GCF_018383775.1_spacer_33	virome_phage_2291	84.000	25	4	0	5	29	31236	31260	0.25	28.5
Serratia_GCF_018383775.1_spacer_34	virome_phage_2272	86.957	23	3	0	7	29	16999	17021	0.25	28.5
