Serratia_GCF_008011725.1_spacer_0	virome_phage_754	80.769	26	5	0	3	28	9963	9988	0.76	26.9
Serratia_GCF_008011725.1_spacer_0	virome_phage_68	90.000	20	2	0	6	25	3140	3159	0.76	26.9
Serratia_GCF_008011725.1_spacer_0	virome_phage_2	83.333	24	4	0	3	26	69590	69613	0.76	26.9
Serratia_GCF_008011725.1_spacer_2	virome_phage_831	80.000	30	6	0	1	30	29981	29952	0.084	30.1
Serratia_GCF_008011725.1_spacer_2	virome_phage_2274	80.000	30	6	0	1	30	67950	67921	0.084	30.1
Serratia_GCF_008011725.1_spacer_2	virome_phage_735	76.667	30	7	0	2	31	148621	148650	0.76	26.9
Serratia_GCF_008011725.1_spacer_2	virome_phage_25	83.333	24	4	0	9	32	47871	47894	0.76	26.9
Serratia_GCF_008011725.1_spacer_2	virome_phage_16	100.000	16	0	0	7	22	75969	75984	0.76	26.9
Serratia_GCF_008011725.1_spacer_2	virome_phage_1279	80.769	26	5	0	7	32	7446	7421	0.76	26.9
Serratia_GCF_008011725.1_spacer_2	total_phage_5	86.364	22	3	0	10	31	33348	33369	0.76	26.9
Serratia_GCF_008011725.1_spacer_3	virome_phage_11	77.419	31	7	0	3	33	2152	2182	0.25	28.5
Serratia_GCF_008011725.1_spacer_3	virome_phage_118	90.000	20	2	0	10	29	4153	4134	0.76	26.9
Serratia_GCF_008011725.1_spacer_4	total_phage_1	78.125	32	7	0	1	32	32721	32690	0.084	30.1
Serratia_GCF_008011725.1_spacer_4	virome_phage_846	86.957	23	3	0	10	32	30459	30481	0.25	28.5
Serratia_GCF_008011725.1_spacer_4	virome_phage_2339	86.957	23	3	0	10	32	27956	27978	0.25	28.5
Serratia_GCF_008011725.1_spacer_4	virome_phage_2296	86.957	23	3	0	10	32	35792	35770	0.25	28.5
Serratia_GCF_008011725.1_spacer_4	total_phage_100	86.957	23	3	0	10	32	27872	27850	0.25	28.5
Serratia_GCF_008011725.1_spacer_4	virome_phage_35	83.333	24	4	0	1	24	4750	4727	0.76	26.9
Serratia_GCF_008011725.1_spacer_4	virome_phage_2305	78.571	28	6	0	4	31	2731	2758	0.76	26.9
Serratia_GCF_008011725.1_spacer_4	total_phage_790	86.364	22	3	0	11	32	74828	74807	0.76	26.9
Serratia_GCF_008011725.1_spacer_5	virome_phage_810	84.000	25	4	0	3	27	508	484	0.25	28.5
Serratia_GCF_008011725.1_spacer_5	virome_phage_808	83.333	24	4	0	1	24	23616	23593	0.76	26.9
Serratia_GCF_008011725.1_spacer_5	virome_phage_786	80.769	26	5	0	7	32	19960	19985	0.76	26.9
Serratia_GCF_008011725.1_spacer_5	virome_phage_2295	90.000	20	2	0	9	28	36618	36637	0.76	26.9
Serratia_GCF_008011725.1_spacer_6	virome_phage_816	90.000	20	2	0	10	29	34172	34153	0.76	26.9
Serratia_GCF_008011725.1_spacer_6	virome_phage_42	80.769	26	5	0	2	27	26041	26066	0.76	26.9
Serratia_GCF_008011725.1_spacer_6	virome_phage_2346	78.571	28	6	0	1	28	1984	2011	0.76	26.9
Serratia_GCF_008011725.1_spacer_7	virome_phage_3	94.737	19	1	0	4	22	80353	80371	0.25	28.5
Serratia_GCF_008011725.1_spacer_7	virome_phage_787	86.364	22	3	0	11	32	24165	24186	0.76	26.9
Serratia_GCF_008011725.1_spacer_7	virome_phage_36	90.000	20	2	0	1	20	12765	12784	0.76	26.9
Serratia_GCF_008011725.1_spacer_7	virome_phage_2269	78.571	28	6	0	6	33	185525	185552	0.76	26.9
Serratia_GCF_008011725.1_spacer_8	virome_phage_769	90.000	20	2	0	11	30	17577	17558	0.76	26.9
Serratia_GCF_008011725.1_spacer_8	total_phage_497	83.333	24	4	0	6	29	32267	32244	0.76	26.9
Serratia_GCF_008011725.1_spacer_8	total_phage_478	83.333	24	4	0	6	29	27592	27569	0.76	26.9
Serratia_GCF_008011725.1_spacer_8	total_phage_2	90.000	20	2	0	1	20	3777	3796	0.76	26.9
Serratia_GCF_008011725.1_spacer_10	virome_phage_758	84.000	25	4	0	3	27	7877	7853	0.25	28.5
Serratia_GCF_008011725.1_spacer_10	virome_phage_786	94.444	18	1	0	14	31	37529	37546	0.76	26.9
Serratia_GCF_008011725.1_spacer_12	virome_phage_2280	84.615	26	4	0	7	32	17789	17814	0.084	30.1
Serratia_GCF_008011725.1_spacer_12	virome_phage_740	94.737	19	1	0	3	21	23027	23045	0.25	28.5
Serratia_GCF_008011725.1_spacer_12	virome_phage_21	94.737	19	1	0	3	21	13299	13281	0.25	28.5
Serratia_GCF_008011725.1_spacer_12	virome_phage_799	94.444	18	1	0	6	23	20198	20215	0.76	26.9
Serratia_GCF_008011725.1_spacer_12	virome_phage_24	80.769	26	5	0	7	32	45232	45207	0.76	26.9
Serratia_GCF_008011725.1_spacer_12	virome_phage_235	80.769	26	5	0	2	27	2520	2545	0.76	26.9
Serratia_GCF_008011725.1_spacer_12	virome_phage_1077	80.769	26	5	0	2	27	3932	3957	0.76	26.9
Serratia_GCF_008011725.1_spacer_13	virome_phage_772	86.957	23	3	0	6	28	41563	41541	0.25	28.5
Serratia_GCF_008011725.1_spacer_13	virome_phage_86	90.000	20	2	0	8	27	33856	33875	0.76	26.9
Serratia_GCF_008011725.1_spacer_14	total_phage_246	85.185	27	4	0	4	30	14072	14046	0.028	31.7
Serratia_GCF_008011725.1_spacer_14	total_phage_517	80.000	30	6	0	3	32	536	507	0.084	30.1
Serratia_GCF_008011725.1_spacer_14	total_phage_517	80.000	30	6	0	3	32	4989	4960	0.084	30.1
Serratia_GCF_008011725.1_spacer_14	virome_phage_738	84.000	25	4	0	7	31	134802	134778	0.25	28.5
Serratia_GCF_008011725.1_spacer_14	virome_phage_4	84.000	25	4	0	7	31	107128	107152	0.25	28.5
Serratia_GCF_008011725.1_spacer_14	total_phage_5	84.000	25	4	0	4	28	31694	31718	0.25	28.5
Serratia_GCF_008011725.1_spacer_14	total_phage_416	81.481	27	5	0	4	30	13513	13487	0.25	28.5
Serratia_GCF_008011725.1_spacer_14	total_phage_239	86.957	23	3	0	7	29	25477	25499	0.25	28.5
Serratia_GCF_008011725.1_spacer_14	virome_phage_786	90.000	20	2	0	10	29	25286	25305	0.76	26.9
Serratia_GCF_008011725.1_spacer_14	virome_phage_740	83.333	24	4	0	8	31	357	380	0.76	26.9
Serratia_GCF_008011725.1_spacer_14	virome_phage_1784	94.444	18	1	0	12	29	1775	1758	0.76	26.9
Serratia_GCF_008011725.1_spacer_14	virome_phage_127	78.571	28	6	0	3	30	7390	7417	0.76	26.9
Serratia_GCF_008011725.1_spacer_14	virome_phage_1	83.333	24	4	0	6	29	48017	47994	0.76	26.9
Serratia_GCF_008011725.1_spacer_14	total_phage_804	78.571	28	6	0	3	30	23246	23273	0.76	26.9
Serratia_GCF_008011725.1_spacer_14	total_phage_794	86.364	22	3	0	9	30	7755	7734	0.76	26.9
Serratia_GCF_008011725.1_spacer_14	total_phage_725	80.769	26	5	0	5	30	31327	31352	0.76	26.9
Serratia_GCF_008011725.1_spacer_14	total_phage_653	80.769	26	5	0	5	30	12390	12365	0.76	26.9
Serratia_GCF_008011725.1_spacer_14	total_phage_483	80.769	26	5	0	5	30	18902	18927	0.76	26.9
Serratia_GCF_008011725.1_spacer_14	total_phage_189	86.364	22	3	0	10	31	28762	28741	0.76	26.9
Serratia_GCF_008011725.1_spacer_15	virome_phage_744	79.310	29	6	0	1	29	63880	63852	0.25	28.5
Serratia_GCF_008011725.1_spacer_15	virome_phage_71	81.481	27	5	0	5	31	8249	8223	0.25	28.5
Serratia_GCF_008011725.1_spacer_15	virome_phage_793	83.333	24	4	0	7	30	29393	29370	0.76	26.9
Serratia_GCF_008011725.1_spacer_15	virome_phage_774	86.364	22	3	0	9	30	665	644	0.76	26.9
Serratia_GCF_008011725.1_spacer_15	virome_phage_68	94.444	18	1	0	14	31	33635	33652	0.76	26.9
Serratia_GCF_008011725.1_spacer_16	virome_phage_77	78.571	28	6	0	5	32	3757	3784	0.76	26.9
Serratia_GCF_008011725.1_spacer_16	virome_phage_2913	86.364	22	3	0	4	25	25857	25836	0.76	26.9
Serratia_GCF_008011725.1_spacer_17	virome_phage_2355	94.737	19	1	0	4	22	21012	20994	0.25	28.5
Serratia_GCF_008011725.1_spacer_17	virome_phage_2347	94.737	19	1	0	4	22	6773	6791	0.25	28.5
Serratia_GCF_008011725.1_spacer_17	virome_phage_120	94.737	19	1	0	4	22	5923	5941	0.25	28.5
Serratia_GCF_008011725.1_spacer_17	virome_phage_107	94.737	19	1	0	4	22	14237	14255	0.25	28.5
Serratia_GCF_008011725.1_spacer_17	virome_phage_27	76.667	30	7	0	2	31	9322	9351	0.76	26.9
Serratia_GCF_008011725.1_spacer_17	virome_phage_2285	78.571	28	6	0	1	28	49312	49285	0.76	26.9
Serratia_GCF_008011725.1_spacer_17	total_phage_95	83.333	24	4	0	4	27	110335	110358	0.76	26.9
Serratia_GCF_008011725.1_spacer_17	total_phage_112	76.667	30	7	0	2	31	27977	27948	0.76	26.9
Serratia_GCF_008011725.1_spacer_18	virome_phage_753	94.737	19	1	0	4	22	16186	16204	0.25	28.5
Serratia_GCF_008011725.1_spacer_18	virome_phage_55	79.310	29	6	0	1	29	5412	5384	0.25	28.5
Serratia_GCF_008011725.1_spacer_18	virome_phage_2	81.481	27	5	0	2	28	152549	152575	0.25	28.5
Serratia_GCF_008011725.1_spacer_18	virome_phage_94	100.000	16	0	0	7	22	27823	27838	0.76	26.9
Serratia_GCF_008011725.1_spacer_18	virome_phage_863	80.769	26	5	0	7	32	12597	12622	0.76	26.9
Serratia_GCF_008011725.1_spacer_18	virome_phage_78	75.000	32	8	0	1	32	26066	26035	0.76	26.9
Serratia_GCF_008011725.1_spacer_18	virome_phage_68	83.333	24	4	0	8	31	4056	4079	0.76	26.9
Serratia_GCF_008011725.1_spacer_18	virome_phage_2295	90.000	20	2	0	10	29	24870	24851	0.76	26.9
Serratia_GCF_008011725.1_spacer_18	virome_phage_2269	86.364	22	3	0	7	28	304385	304406	0.76	26.9
Serratia_GCF_008011725.1_spacer_18	virome_phage_2255	80.769	26	5	0	6	31	13583	13608	0.76	26.9
Serratia_GCF_008011725.1_spacer_18	total_phage_790	80.769	26	5	0	7	32	22284	22309	0.76	26.9
Serratia_GCF_008011725.1_spacer_18	total_phage_697	83.333	24	4	0	4	27	3276	3253	0.76	26.9
Serratia_GCF_008011725.1_spacer_19	virome_phage_895	83.333	24	4	0	9	32	6473	6496	0.76	26.9
Serratia_GCF_008011725.1_spacer_19	virome_phage_814	76.667	30	7	0	3	32	18773	18802	0.76	26.9
Serratia_GCF_008011725.1_spacer_19	virome_phage_812	90.000	20	2	0	1	20	21960	21941	0.76	26.9
Serratia_GCF_008011725.1_spacer_19	virome_phage_42	86.364	22	3	0	9	30	45875	45854	0.76	26.9
Serratia_GCF_008011725.1_spacer_19	virome_phage_22	90.000	20	2	0	1	20	32110	32091	0.76	26.9
Serratia_GCF_008011725.1_spacer_19	total_phage_243	78.571	28	6	0	3	30	26926	26953	0.76	26.9
Serratia_GCF_008011725.1_spacer_19	total_phage_125	78.571	28	6	0	3	30	707	680	0.76	26.9
Serratia_GCF_008011725.1_spacer_20	virome_phage_72	86.957	23	3	0	5	27	14143	14165	0.25	28.5
Serratia_GCF_008011725.1_spacer_20	virome_phage_776	94.444	18	1	0	11	28	15886	15869	0.76	26.9
Serratia_GCF_008011725.1_spacer_20	virome_phage_60	78.571	28	6	0	1	28	18647	18620	0.76	26.9
Serratia_GCF_008011725.1_spacer_21	virome_phage_870	100.000	17	0	0	1	17	12831	12815	0.25	28.5
Serratia_GCF_008011725.1_spacer_21	virome_phage_770	80.769	26	5	0	7	32	14450	14425	0.76	26.9
Serratia_GCF_008011725.1_spacer_21	virome_phage_76	100.000	16	0	0	13	28	5474	5459	0.76	26.9
Serratia_GCF_008011725.1_spacer_22	virome_phage_867	84.000	25	4	0	1	25	22058	22082	0.25	28.5
Serratia_GCF_008011725.1_spacer_22	virome_phage_1	90.476	21	2	0	5	25	109147	109167	0.25	28.5
Serratia_GCF_008011725.1_spacer_23	virome_phage_2269	86.957	23	3	0	4	26	162220	162198	0.25	28.5
Serratia_GCF_008011725.1_spacer_24	virome_phage_871	86.364	22	3	0	11	32	23665	23686	0.76	26.9
Serratia_GCF_008011725.1_spacer_25	virome_phage_799	83.333	30	5	0	3	32	15547	15518	0.009	33.3
Serratia_GCF_008011725.1_spacer_25	virome_phage_152	80.000	30	6	0	3	32	8535	8564	0.084	30.1
Serratia_GCF_008011725.1_spacer_25	virome_phage_960	84.000	25	4	0	8	32	13823	13847	0.25	28.5
Serratia_GCF_008011725.1_spacer_25	virome_phage_2299	86.957	23	3	0	4	26	12291	12313	0.25	28.5
Serratia_GCF_008011725.1_spacer_25	virome_phage_55	80.769	26	5	0	3	28	33629	33604	0.76	26.9
Serratia_GCF_008011725.1_spacer_25	virome_phage_43	100.000	16	0	0	2	17	22232	22217	0.76	26.9
Serratia_GCF_008011725.1_spacer_25	virome_phage_43	94.444	18	1	0	5	22	35930	35913	0.76	26.9
Serratia_GCF_008011725.1_spacer_25	virome_phage_2355	90.000	20	2	0	3	22	13123	13104	0.76	26.9
Serratia_GCF_008011725.1_spacer_25	virome_phage_1199	83.333	24	4	0	6	29	3654	3677	0.76	26.9
Serratia_GCF_008011725.1_spacer_25	total_phage_808	90.000	20	2	0	3	22	5663	5682	0.76	26.9
Serratia_GCF_008011725.1_spacer_26	virome_phage_24	86.364	22	3	0	7	28	45989	45968	0.76	26.9
Serratia_GCF_008011725.1_spacer_26	virome_phage_24	94.444	18	1	0	10	27	59661	59644	0.76	26.9
Serratia_GCF_008011725.1_spacer_28	virome_phage_852	79.310	29	6	0	4	32	29858	29830	0.25	28.5
Serratia_GCF_008011725.1_spacer_28	virome_phage_2357	76.667	30	7	0	3	32	11117	11088	0.76	26.9
Serratia_GCF_008011725.1_spacer_28	virome_phage_2305	80.769	26	5	0	7	32	32791	32816	0.76	26.9
Serratia_GCF_008011725.1_spacer_28	virome_phage_2281	83.333	24	4	0	3	26	23069	23046	0.76	26.9
Serratia_GCF_008011725.1_spacer_28	virome_phage_177	94.444	18	1	0	5	22	11198	11215	0.76	26.9
Serratia_GCF_008011725.1_spacer_28	total_phage_304	76.667	30	7	0	3	32	10644	10615	0.76	26.9
Serratia_GCF_008011725.1_spacer_30	virome_phage_911	83.333	24	4	0	7	30	10115	10092	0.76	26.9
Serratia_GCF_008011725.1_spacer_30	virome_phage_791	83.333	24	4	0	5	28	31723	31746	0.76	26.9
Serratia_GCF_008011725.1_spacer_30	virome_phage_738	86.364	22	3	0	4	25	37767	37788	0.76	26.9
Serratia_GCF_008011725.1_spacer_30	virome_phage_4	86.364	22	3	0	4	25	58948	58927	0.76	26.9
Serratia_GCF_008011725.1_spacer_31	virome_phage_2282	90.476	21	2	0	13	33	11698	11718	0.25	28.5
Serratia_GCF_008011725.1_spacer_31	virome_phage_1	77.419	31	7	0	1	31	112282	112312	0.25	28.5
Serratia_GCF_008011725.1_spacer_31	virome_phage_832	80.769	26	5	0	5	30	32708	32733	0.76	26.9
Serratia_GCF_008011725.1_spacer_31	virome_phage_35	90.000	20	2	0	2	21	40922	40941	0.76	26.9
Serratia_GCF_008011725.1_spacer_31	virome_phage_2320	86.364	22	3	0	1	22	34529	34508	0.76	26.9
Serratia_GCF_008011725.1_spacer_31	virome_phage_2299	80.769	26	5	0	7	32	12078	12053	0.76	26.9
Serratia_GCF_008011725.1_spacer_32	total_phage_790	76.667	30	7	0	1	30	59808	59837	0.76	26.9
Serratia_GCF_008011725.1_spacer_33	virome_phage_863	90.476	21	2	0	1	21	6318	6338	0.25	28.5
Serratia_GCF_008011725.1_spacer_34	virome_phage_2300	96.875	32	1	0	1	32	25368	25399	1.58e-07	49.1
Serratia_GCF_008011725.1_spacer_35	virome_phage_810	94.444	18	1	0	9	26	14859	14876	0.76	26.9
Serratia_GCF_008011725.1_spacer_35	virome_phage_54	90.000	20	2	0	13	32	36859	36840	0.76	26.9
Serratia_GCF_008011725.1_spacer_35	virome_phage_2407	90.000	20	2	0	3	22	8146	8165	0.76	26.9
Serratia_GCF_008011725.1_spacer_36	virome_phage_770	88.000	25	3	0	7	31	508	484	0.028	31.7
Serratia_GCF_008011725.1_spacer_36	virome_phage_861	75.000	32	8	0	1	32	27807	27838	0.76	26.9
Serratia_GCF_008011725.1_spacer_36	virome_phage_782	83.333	24	4	0	3	26	29490	29513	0.76	26.9
Serratia_GCF_008011725.1_spacer_36	virome_phage_71	83.333	24	4	0	9	32	13688	13665	0.76	26.9
Serratia_GCF_008011725.1_spacer_36	virome_phage_32	76.667	30	7	0	1	30	20342	20313	0.76	26.9
Serratia_GCF_008011725.1_spacer_37	virome_phage_83	90.000	20	2	0	10	29	9927	9946	0.76	26.9
Serratia_GCF_008011725.1_spacer_37	virome_phage_811	86.364	22	3	0	5	26	5992	6013	0.76	26.9
Serratia_GCF_008011725.1_spacer_37	virome_phage_63	86.364	22	3	0	3	24	2702	2681	0.76	26.9
Serratia_GCF_008011725.1_spacer_37	virome_phage_51	78.571	28	6	0	5	32	36946	36973	0.76	26.9
Serratia_GCF_008011725.1_spacer_38	virome_phage_753	86.364	22	3	0	11	32	58609	58630	0.76	26.9
Serratia_GCF_008011725.1_spacer_38	virome_phage_750	94.444	18	1	0	15	32	1303	1286	0.76	26.9
Serratia_GCF_008011725.1_spacer_39	virome_phage_779	90.909	22	2	0	9	30	977	956	0.084	30.1
Serratia_GCF_008011725.1_spacer_39	virome_phage_791	90.476	21	2	0	9	29	27765	27785	0.25	28.5
Serratia_GCF_008011725.1_spacer_39	virome_phage_911	90.000	20	2	0	7	26	22745	22764	0.76	26.9
Serratia_GCF_008011725.1_spacer_39	virome_phage_2324	76.667	30	7	0	1	30	32534	32563	0.76	26.9
Serratia_GCF_008011725.1_spacer_40	virome_phage_774	87.500	24	3	0	8	31	45268	45245	0.084	30.1
Serratia_GCF_008011725.1_spacer_40	virome_phage_769	82.143	28	5	0	3	30	2055	2028	0.084	30.1
Serratia_GCF_008011725.1_spacer_40	virome_phage_2346	90.909	22	2	0	1	22	10444	10423	0.084	30.1
Serratia_GCF_008011725.1_spacer_40	virome_phage_2290	82.143	28	5	0	3	30	7094	7067	0.084	30.1
Serratia_GCF_008011725.1_spacer_40	virome_phage_854	78.571	28	6	0	4	31	1430	1403	0.76	26.9
Serratia_GCF_008011725.1_spacer_40	virome_phage_808	90.000	20	2	0	7	26	31213	31194	0.76	26.9
Serratia_GCF_008011725.1_spacer_40	virome_phage_761	86.364	22	3	0	6	27	13593	13572	0.76	26.9
Serratia_GCF_008011725.1_spacer_40	virome_phage_56	75.000	32	8	0	1	32	16650	16619	0.76	26.9
Serratia_GCF_008011725.1_spacer_40	virome_phage_48	80.769	26	5	0	2	27	1357	1332	0.76	26.9
Serratia_GCF_008011725.1_spacer_40	virome_phage_41	78.571	28	6	0	4	31	16457	16484	0.76	26.9
Serratia_GCF_008011725.1_spacer_40	virome_phage_2301	80.769	26	5	0	2	27	1087	1062	0.76	26.9
Serratia_GCF_008011725.1_spacer_40	virome_phage_12	86.364	22	3	0	11	32	37066	37087	0.76	26.9
Serratia_GCF_008011725.1_spacer_40	total_phage_100	86.364	22	3	0	4	25	16271	16292	0.76	26.9
Serratia_GCF_008011725.1_spacer_41	virome_phage_864	80.769	26	5	0	3	28	5660	5685	0.76	26.9
Serratia_GCF_008011725.1_spacer_42	virome_phage_793	94.737	19	1	0	8	26	13265	13247	0.25	28.5
Serratia_GCF_008011725.1_spacer_42	virome_phage_2350	94.737	19	1	0	7	25	10835	10817	0.25	28.5
Serratia_GCF_008011725.1_spacer_42	virome_phage_904	78.571	28	6	0	3	30	712	685	0.76	26.9
Serratia_GCF_008011725.1_spacer_42	virome_phage_769	86.364	22	3	0	6	27	9663	9684	0.76	26.9
Serratia_GCF_008011725.1_spacer_42	virome_phage_60	86.364	22	3	0	2	23	32584	32605	0.76	26.9
Serratia_GCF_008011725.1_spacer_42	virome_phage_49	78.571	28	6	0	5	32	13758	13731	0.76	26.9
Serratia_GCF_008011725.1_spacer_42	virome_phage_24	83.333	24	4	0	2	25	7027	7004	0.76	26.9
Serratia_GCF_008011725.1_spacer_42	virome_phage_2347	83.333	24	4	0	1	24	15348	15371	0.76	26.9
Serratia_GCF_008011725.1_spacer_42	virome_phage_107	83.333	24	4	0	1	24	22820	22843	0.76	26.9
Serratia_GCF_008011725.1_spacer_43	virome_phage_814	80.769	26	5	0	6	31	2395	2370	0.76	26.9
Serratia_GCF_008011725.1_spacer_43	virome_phage_2355	83.333	24	4	0	5	28	5973	5950	0.76	26.9
Serratia_GCF_008011725.1_spacer_43	virome_phage_2347	83.333	24	4	0	5	28	21294	21317	0.76	26.9
Serratia_GCF_008011725.1_spacer_43	total_phage_808	83.333	24	4	0	5	28	12813	12836	0.76	26.9
Serratia_GCF_008011725.1_spacer_44	virome_phage_2281	86.957	23	3	0	2	24	11183	11161	0.25	28.5
Serratia_GCF_008011725.1_spacer_44	virome_phage_68	94.444	18	1	0	12	29	36336	36353	0.76	26.9
Serratia_GCF_008011725.1_spacer_44	virome_phage_63	83.333	24	4	0	9	32	30944	30921	0.76	26.9
Serratia_GCF_008011725.1_spacer_44	virome_phage_2295	94.444	18	1	0	14	31	14180	14197	0.76	26.9
Serratia_GCF_008011725.1_spacer_45	virome_phage_772	82.143	28	5	0	1	28	29101	29074	0.084	30.1
Serratia_GCF_008011725.1_spacer_45	virome_phage_78	90.000	20	2	0	7	26	23425	23406	0.76	26.9
Serratia_GCF_008011725.1_spacer_45	virome_phage_761	80.769	26	5	0	6	31	10810	10835	0.76	26.9
Serratia_GCF_008011725.1_spacer_46	virome_phage_843	90.000	20	2	0	13	32	31059	31040	0.76	26.9
Serratia_GCF_008011725.1_spacer_46	virome_phage_813	86.364	22	3	0	4	25	38567	38546	0.76	26.9
Serratia_GCF_008011725.1_spacer_47	virome_phage_110	87.500	24	3	0	7	30	16817	16840	0.084	30.1
Serratia_GCF_008011725.1_spacer_47	virome_phage_23	84.000	25	4	0	6	30	41243	41219	0.25	28.5
Serratia_GCF_008011725.1_spacer_47	virome_phage_57	76.667	30	7	0	3	32	13274	13303	0.76	26.9
Serratia_GCF_008011725.1_spacer_47	virome_phage_2366	90.000	20	2	0	9	28	2121	2140	0.76	26.9
Serratia_GCF_008011725.1_spacer_48	virome_phage_76	81.481	27	5	0	3	29	36772	36746	0.25	28.5
Serratia_GCF_008011725.1_spacer_48	virome_phage_2357	86.957	23	3	0	8	30	23820	23798	0.25	28.5
Serratia_GCF_008011725.1_spacer_48	total_phage_304	86.957	23	3	0	8	30	22585	22563	0.25	28.5
Serratia_GCF_008011725.1_spacer_48	virome_phage_819	94.444	18	1	0	10	27	25482	25499	0.76	26.9
Serratia_GCF_008011725.1_spacer_48	virome_phage_783	83.333	24	4	0	5	28	5270	5293	0.76	26.9
Serratia_GCF_008011725.1_spacer_48	virome_phage_767	78.571	28	6	0	2	29	16023	16050	0.76	26.9
Serratia_GCF_008011725.1_spacer_48	virome_phage_758	94.444	18	1	0	2	19	4035	4018	0.76	26.9
Serratia_GCF_008011725.1_spacer_48	virome_phage_734	86.364	22	3	0	3	24	272326	272305	0.76	26.9
Serratia_GCF_008011725.1_spacer_49	virome_phage_41	87.500	24	3	0	3	26	4979	4956	0.084	30.1
Serratia_GCF_008011725.1_spacer_49	virome_phage_94	76.667	30	7	0	2	31	19733	19704	0.76	26.9
Serratia_GCF_008011725.1_spacer_49	virome_phage_67	86.364	22	3	0	5	26	11395	11374	0.76	26.9
Serratia_GCF_008011725.1_spacer_50	virome_phage_2914	88.462	26	3	0	1	26	17929	17954	0.009	33.3
Serratia_GCF_008011725.1_spacer_50	virome_phage_94	80.000	30	6	0	3	32	9171	9142	0.084	30.1
Serratia_GCF_008011725.1_spacer_50	virome_phage_803	79.310	29	6	0	3	31	31876	31904	0.25	28.5
Serratia_GCF_008011725.1_spacer_50	virome_phage_788	84.000	25	4	0	3	27	37482	37458	0.25	28.5
Serratia_GCF_008011725.1_spacer_50	virome_phage_2380	84.000	25	4	0	4	28	4443	4419	0.25	28.5
Serratia_GCF_008011725.1_spacer_50	virome_phage_50	94.444	18	1	0	10	27	7530	7547	0.76	26.9
Serratia_GCF_008011725.1_spacer_50	virome_phage_2912	86.364	22	3	0	5	26	15430	15409	0.76	26.9
Serratia_GCF_008011725.1_spacer_50	virome_phage_22	86.364	22	3	0	1	22	60315	60294	0.76	26.9
Serratia_GCF_008011725.1_spacer_50	virome_phage_153	86.364	22	3	0	7	28	534	555	0.76	26.9
Serratia_GCF_008011725.1_spacer_51	virome_phage_22	78.571	28	6	0	1	28	61950	61923	0.76	26.9
Serratia_GCF_008011725.1_spacer_52	virome_phage_2914	90.323	31	3	0	2	32	15233	15203	3.84e-05	41.2
Serratia_GCF_008011725.1_spacer_52	virome_phage_876	84.615	26	4	0	1	26	28180	28205	0.084	30.1
Serratia_GCF_008011725.1_spacer_52	virome_phage_119	84.615	26	4	0	1	26	4522	4547	0.084	30.1
Serratia_GCF_008011725.1_spacer_52	virome_phage_5	79.310	29	6	0	4	32	92621	92649	0.25	28.5
Serratia_GCF_008011725.1_spacer_52	virome_phage_2272	86.957	23	3	0	4	26	29408	29430	0.25	28.5
Serratia_GCF_008011725.1_spacer_52	total_phage_232	86.957	23	3	0	2	24	79165	79143	0.25	28.5
Serratia_GCF_008011725.1_spacer_52	virome_phage_735	86.364	22	3	0	6	27	157197	157176	0.76	26.9
Serratia_GCF_008011725.1_spacer_52	virome_phage_2366	90.000	20	2	0	12	31	17028	17047	0.76	26.9
Serratia_GCF_008011725.1_spacer_52	total_phage_789	100.000	16	0	0	17	32	15060	15075	0.76	26.9
Serratia_GCF_008011725.1_spacer_52	total_phage_178	100.000	16	0	0	17	32	8528	8513	0.76	26.9
Serratia_GCF_008011725.1_spacer_53	virome_phage_71	79.310	29	6	0	3	31	24161	24133	0.25	28.5
Serratia_GCF_008011725.1_spacer_53	virome_phage_2335	90.000	20	2	0	1	20	13807	13826	0.76	26.9
Serratia_GCF_008011725.1_spacer_53	virome_phage_2310	90.000	20	2	0	1	20	23502	23483	0.76	26.9
Serratia_GCF_008011725.1_spacer_54	virome_phage_863	90.909	22	2	0	9	30	21734	21713	0.084	30.1
Serratia_GCF_008011725.1_spacer_54	virome_phage_54	84.615	26	4	0	7	32	34553	34528	0.084	30.1
Serratia_GCF_008011725.1_spacer_54	total_phage_604	84.000	25	4	0	4	28	7783	7759	0.25	28.5
Serratia_GCF_008011725.1_spacer_54	virome_phage_741	78.571	28	6	0	3	30	104099	104126	0.76	26.9
Serratia_GCF_008011725.1_spacer_54	virome_phage_25	83.333	24	4	0	2	25	22729	22752	0.76	26.9
Serratia_GCF_008011725.1_spacer_54	total_phage_930	86.364	22	3	0	1	22	15058	15037	0.76	26.9
Serratia_GCF_008011725.1_spacer_55	virome_phage_751	80.769	26	5	0	5	30	19593	19618	0.76	26.9
Serratia_GCF_008011725.1_spacer_55	virome_phage_735	86.364	22	3	0	11	32	8802	8823	0.76	26.9
Serratia_GCF_008011725.1_spacer_55	virome_phage_2300	75.000	32	8	0	1	32	3733	3764	0.76	26.9
Serratia_GCF_008011725.1_spacer_55	virome_phage_2296	90.000	20	2	0	12	31	41727	41708	0.76	26.9
Serratia_GCF_008011725.1_spacer_55	total_phage_172	80.769	26	5	0	7	32	13466	13441	0.76	26.9
Serratia_GCF_008011725.1_spacer_56	virome_phage_783	86.364	22	3	0	9	30	26536	26557	0.76	26.9
Serratia_GCF_008011725.1_spacer_56	virome_phage_5	94.444	18	1	0	3	20	109464	109481	0.76	26.9
Serratia_GCF_008011725.1_spacer_56	virome_phage_2278	78.571	28	6	0	1	28	21259	21286	0.76	26.9
Serratia_GCF_008011725.1_spacer_57	virome_phage_2333	84.615	26	4	0	1	26	10067	10042	0.084	30.1
Serratia_GCF_008011725.1_spacer_57	virome_phage_932	79.310	29	6	0	4	32	9384	9356	0.25	28.5
Serratia_GCF_008011725.1_spacer_57	virome_phage_11	100.000	17	0	0	11	27	72921	72905	0.25	28.5
Serratia_GCF_008011725.1_spacer_57	virome_phage_11	100.000	16	0	0	11	26	69165	69150	0.76	26.9
Serratia_GCF_008011725.1_spacer_57	virome_phage_2255	90.000	20	2	0	3	22	13756	13737	0.76	26.9
Serratia_GCF_008011725.1_spacer_57	virome_phage_14	94.444	18	1	0	13	30	59507	59490	0.76	26.9
Serratia_GCF_008011725.1_spacer_57	total_phage_252	83.333	24	4	0	6	29	13274	13297	0.76	26.9
Serratia_GCF_008011725.1_spacer_58	virome_phage_2385	100.000	32	0	0	1	32	7993	8024	1.76e-08	52.3
Serratia_GCF_008011725.1_spacer_58	virome_phage_804	83.333	24	4	0	8	31	132	109	0.76	26.9
Serratia_GCF_008011725.1_spacer_58	virome_phage_753	90.000	20	2	0	13	32	25349	25368	0.76	26.9
Serratia_GCF_008011725.1_spacer_59	virome_phage_2282	79.310	29	6	0	1	29	36530	36502	0.25	28.5
Serratia_GCF_008011725.1_spacer_61	virome_phage_2398	86.957	23	3	0	2	24	1072	1094	0.25	28.5
Serratia_GCF_008011725.1_spacer_62	virome_phage_799	94.737	19	1	0	8	26	18482	18500	0.25	28.5
Serratia_GCF_008011725.1_spacer_62	virome_phage_796	94.444	18	1	0	11	28	12764	12781	0.76	26.9
Serratia_GCF_008011725.1_spacer_63	virome_phage_827	90.476	21	2	0	7	27	8234	8254	0.25	28.5
Serratia_GCF_008011725.1_spacer_63	virome_phage_811	84.000	25	4	0	3	27	17488	17512	0.25	28.5
Serratia_GCF_008011725.1_spacer_63	virome_phage_823	90.000	20	2	0	5	24	24818	24837	0.76	26.9
Serratia_GCF_008011725.1_spacer_63	virome_phage_751	90.000	20	2	0	7	26	19194	19213	0.76	26.9
Serratia_GCF_008011725.1_spacer_63	virome_phage_68	86.364	22	3	0	8	29	25999	26020	0.76	26.9
Serratia_GCF_008011725.1_spacer_63	virome_phage_2913	78.571	28	6	0	5	32	9842	9815	0.76	26.9
Serratia_GCF_008011725.1_spacer_63	total_phage_731	86.364	22	3	0	9	30	76943	76964	0.76	26.9
Serratia_GCF_008011725.1_spacer_64	virome_phage_2914	100.000	33	0	0	1	33	15469	15437	5.85e-09	53.9
Serratia_GCF_008011725.1_spacer_64	virome_phage_871	90.000	20	2	0	14	33	5369	5350	0.76	26.9
Serratia_GCF_008011725.1_spacer_64	virome_phage_772	80.769	26	5	0	1	26	25207	25182	0.76	26.9
Serratia_GCF_008011725.1_spacer_65	total_phage_497	87.500	24	3	0	6	29	3528	3505	0.084	30.1
Serratia_GCF_008011725.1_spacer_65	virome_phage_876	100.000	17	0	0	9	25	25425	25409	0.25	28.5
Serratia_GCF_008011725.1_spacer_65	virome_phage_829	100.000	17	0	0	9	25	18829	18813	0.25	28.5
Serratia_GCF_008011725.1_spacer_65	virome_phage_2235	86.957	23	3	0	11	33	6559	6537	0.25	28.5
Serratia_GCF_008011725.1_spacer_65	virome_phage_119	100.000	17	0	0	9	25	744	728	0.25	28.5
Serratia_GCF_008011725.1_spacer_65	virome_phage_782	78.571	28	6	0	6	33	38742	38769	0.76	26.9
Serratia_GCF_008011725.1_spacer_65	virome_phage_2382	94.444	18	1	0	2	19	17140	17123	0.76	26.9
Serratia_GCF_008011725.1_spacer_65	total_phage_243	75.000	32	8	0	2	33	21540	21571	0.76	26.9
Serratia_GCF_008011725.1_spacer_65	total_phage_125	75.000	32	8	0	2	33	6319	6288	0.76	26.9
Serratia_GCF_008011725.1_spacer_66	virome_phage_741	90.000	20	2	0	10	29	39902	39921	0.76	26.9
Serratia_GCF_008011725.1_spacer_66	virome_phage_32	80.769	26	5	0	6	31	3262	3237	0.76	26.9
Serratia_GCF_008011725.1_spacer_67	virome_phage_2385	100.000	33	0	0	1	33	8846	8814	5.85e-09	53.9
Serratia_GCF_008011725.1_spacer_67	virome_phage_24	79.310	29	6	0	4	32	9922	9894	0.25	28.5
Serratia_GCF_008011725.1_spacer_67	virome_phage_838	83.333	24	4	0	5	28	906	883	0.76	26.9
Serratia_GCF_008011725.1_spacer_67	virome_phage_50	75.000	32	8	0	1	32	17450	17419	0.76	26.9
Serratia_GCF_008011725.1_spacer_67	virome_phage_2330	94.444	18	1	0	14	31	31043	31026	0.76	26.9
Serratia_GCF_008011725.1_spacer_67	virome_phage_2290	86.364	22	3	0	1	22	12912	12891	0.76	26.9
Serratia_GCF_008011725.1_spacer_67	virome_phage_2274	78.571	28	6	0	2	29	54933	54906	0.76	26.9
Serratia_GCF_008011725.1_spacer_67	virome_phage_799	76.667	30	7	0	1	30	6422	6451	0.76	26.9
Serratia_GCF_008011725.1_spacer_67	virome_phage_772	78.571	28	6	0	1	28	30988	31015	0.76	26.9
Serratia_GCF_008011725.1_spacer_67	virome_phage_753	100.000	16	0	0	15	30	32479	32494	0.76	26.9
Serratia_GCF_008011725.1_spacer_67	total_phage_790	76.667	30	7	0	4	33	60140	60169	0.76	26.9
Serratia_GCF_008011725.1_spacer_68	virome_phage_63	82.143	28	5	0	3	30	21946	21973	0.084	30.1
Serratia_GCF_008011725.1_spacer_68	total_phage_95	94.737	19	1	0	4	22	74217	74235	0.25	28.5
Serratia_GCF_008011725.1_spacer_70	virome_phage_78	80.769	26	5	0	4	29	9944	9919	0.76	26.9
Serratia_GCF_008011725.1_spacer_70	virome_phage_19	94.444	18	1	0	11	28	48732	48749	0.76	26.9
Serratia_GCF_008011725.1_spacer_70	total_phage_2	80.769	26	5	0	3	28	10377	10352	0.76	26.9
